/*--------------------------------*- C++ -*----------------------------------*\
| =========                 |                                                 |
| \\      /  F ield         | foam-extend: Open Source CFD                    |
|  \\    /   O peration     | Version:     4.1                                |
|   \\  /    A nd           | Web:         http://www.foam-extend.org         |
|    \\/     M anipulation  |                                                 |
\*---------------------------------------------------------------------------*/
FoamFile
{
    version     2.0;
    format      ascii;
    class       volScalarField;
    location    "0.8";
    object      p;
}
// * * * * * * * * * * * * * * * * * * * * * * * * * * * * * * * * * * * * * //

dimensions      [0 2 -2 0 0 0 0];

internalField   nonuniform List<scalar> 
4242
(
-9075.9707
-8873.528
-8562.7965
-8204.1957
-7788.9265
-7314.4303
-6777.5413
-6178.0043
-5519.4478
-4811.1213
-4068.4973
-3312.7821
-2570.7563
-1877.5474
-1261.6868
-658.30909
-11921.461
-11675.072
-11271.878
-10813.822
-10299.548
-9730.4231
-9107.171
-8432.8659
-7712.447
-6953.2491
-6165.2718
-5361.2494
-4557.2189
-3776.1403
-3047.0279
-2365.6835
-15267.089
-15010.07
-14560.454
-14049.639
-13472.818
-12828.896
-12117.633
-11342.071
-10508.419
-9626.3242
-8708.4365
-7769.7006
-6826.4212
-5896.7278
-5001.7412
-4171.7031
-18609.296
-18351.884
-17861.67
-17295.431
-16654.479
-15934.918
-15135.901
-14260.111
-13313.655
-12306.382
-11251.731
-10166.582
-9070.2089
-7983.0885
-6924.0776
-5924.1952
-20445.903
-20218.857
-19741.269
-19173.462
-18532.553
-17811.92
-17008.696
-16123.626
-15160.455
-14126.799
-13034.429
-11899.098
-10739.323
-9575.2111
-8423.7886
-7287.8253
-20286.868
-20129.542
-19739.526
-19242.253
-18678.573
-18045.479
-17339.237
-16558.908
-15705.004
-14780.368
-13791.099
-12746.853
-11660.122
-10546.037
-9421.679
-8300.5935
-18457.736
-18383.989
-18154.249
-17804.983
-17386.409
-16910.95
-16379.193
-15790.059
-15140.747
-14428.043
-13649.962
-12807.08
-11902.876
-10944.005
-9940.8836
-8903.2392
-16161.578
-16135.989
-16051.167
-15881.033
-15644.574
-15351.247
-15006.086
-14613.723
-14174.48
-13683.3
-13132.546
-12513.705
-11819.373
-11045.141
-10191.674
-9268.2961
-14828.945
-14824.527
-14812.617
-14773.375
-14643.934
-14447.713
-14223.035
-13956.669
-13639.627
-13274.6
-12860.129
-12384.289
-11830.635
-11183.048
-10431.999
-9579.1575
-14448.935
-14444.745
-14426.256
-14392.683
-14357.874
-14299.688
-14136.796
-13891.664
-13641.448
-13380.691
-13073.289
-12691.266
-12208.707
-11596.204
-10842.123
-9962.5566
-14657.053
-14646.967
-14617.54
-14568.04
-14504.657
-14438.568
-14395.301
-14365.806
-14274.724
-14122.842
-13926.557
-13626.374
-13152.154
-12433.208
-11477.249
-10335.268
-15139.729
-15116.864
-15076.807
-15037.73
-15007.29
-14988.275
-14984.471
-15006.278
-15089.23
-15209.398
-15316.068
-15373.521
-14877.85
-13827.638
-12434.913
-10791.699
-1138.7265
-974.29247
-722.56242
-443.80999
-135.67481
200.20113
559.58175
936.23682
1321.7837
1705.8727
2076.5606
2420.6732
2722.6504
2965.4011
3150.1744
3329.4
3457.7316
3563.0728
3725.351
3904.2537
4098.5774
4306.0051
4521.7519
4739.0373
4948.8395
5140.0454
5300.0744
5415.7522
5473.5727
5459.0241
5363.5733
5214.6191
7773.8536
7830.207
7917.26
8010.1229
8105.0142
8198.0531
8283.1759
8352.4201
8395.9103
8402.2272
8359.2928
8255.3416
8078.9542
7818.9922
7476.5817
7099.0596
11223.09
11242.136
11270.656
11295.22
11310.641
11311.551
11290.732
11239.209
11146.393
11000.628
10790.175
10503.95
10130.894
9661.1132
9103.0814
8518.1137
13438.437
13436.97
13431.523
13414.993
13381.693
13325.184
13237.399
13108.681
12928.069
12683.981
12365.216
11961.323
11461.752
10859.887
10183.602
9542.2476
-14472.846
-14197.413
-13714.836
-13167.64
-12549.945
-11860.477
-11098.871
-10268.794
-9377.1587
-8434.8278
-7456.9108
-6461.7002
-5469.6257
-4503.52
-3589.566
-2758.8113
14077.16
14067.839
14049.109
14016.976
13966.307
13890.704
13782.33
13631.937
13429.106
13162.83
12822.494
12399.023
11885.503
11279.167
10587.496
9842.8869
14031.112
14023.032
14006.26
13976.184
13927.341
13853.009
13744.959
13593.546
13388.054
13117.423
12771.327
12341.355
11822.242
11214.257
10530.86
9812.874
13409.689
13405.206
13394.462
13371.31
13330.078
13264.097
13165.083
13023.227
12827.577
12566.817
12230.296
11808.429
11292.218
10679.432
10004.652
9370.9567
11259.858
11272.441
11290.307
11302.005
11302.134
11284.984
11243.106
11167.403
11047.371
10871.77
10629.629
10310.506
9902.3956
9394.1981
8805.2435
8244.1313
7798.8786
7845.3138
7916.8784
7991.7583
8065.8132
8134.98
8193.1855
8232.5726
8243.5489
8215.2394
8136.3986
7995.6868
7778.8216
7469.3824
7085.8459
6764.7005
3362.5065
3455.1093
3598.2235
3755.8439
3926.4782
4108.151
4296.5976
4485.6264
4666.8024
4829.4996
4961.4464
5049.2475
5077.5024
5029.6856
4904.3918
4732.1974
-1458.3594
-1307.3308
-1075.3923
-816.66493
-528.9226
-212.98956
127.59447
486.9516
856.45654
1224.7911
1578.472
1902.3873
2178.5702
2385.8644
2526.7171
2672.4474
-5280.5008
-5288.4039
-5300.5587
-5291.0202
-5233.0486
-5113.2171
-4925.6272
-4666.5902
-4378.874
-4102.5509
-3903.7032
-3887.6477
-4430.298
-5007.3486
-5340.8644
-5496.5103
-5230.5598
-5240.0249
-5254.1069
-5263.1819
-5249.6192
-5200.0866
-5150.1086
-5057.2453
-4825.6388
-4448.1505
-4119.8368
-4064.4498
-4274.9292
-4578.9474
-4863.632
-5114.7158
-6263.9799
-6261.5365
-6255.4654
-6243.5143
-6239.9226
-6225.2223
-6104.9909
-5896.304
-5655.7632
-5438.201
-5241.8901
-5097.9081
-5033.1017
-5041.488
-5088.6177
-5140.5799
-7503.3518
-7482.0894
-7451.6417
-7411.1599
-7302.6163
-7126.9482
-6926.7788
-6722.7017
-6509.8981
-6297.1134
-6093.7533
-5905.331
-5731.7171
-5566.498
-5396.8302
-5203.0763
-9508.1417
-9468.4182
-9380.3292
-9227.6156
-9030.0724
-8799.8109
-8545.8328
-8277.2235
-7996.2429
-7699.8763
-7382.788
-7040.6318
-6671.4042
-6275.1747
-5854.2507
-5408.198
-12853.297
-12776.611
-12562.396
-12246.823
-11880.647
-11479.221
-11043.942
-10573.687
-10065.889
-9517.8771
-8929.0408
-8302.3313
-7644.3237
-6963.8492
-6271.992
-5572.996
-16120.568
-15972.606
-15587.402
-15101.697
-14562.643
-13966.976
-13310.364
-12592.523
-11815.331
-10983.815
-10106.346
-9194.9279
-8264.3487
-7330.8141
-6411.5071
-5514.1502
-17704.98
-17476.265
-16984.955
-16405.167
-15756.099
-15031.11
-14227.987
-13348.698
-12398.666
-11387.773
-10330.243
-9244.6422
-8152.3872
-7075.7448
-6033.4174
-5026.0591
-16879.422
-16615.035
-16105.522
-15520.285
-14858.977
-14117.449
-13294.855
-12394.732
-11424.422
-10395.822
-9325.3317
-8232.9682
-7141.276
-6074.1769
-5054.1708
-4107.5267
-11711.169
-11455.199
-11027.966
-10539.723
-9987.387
-9371.7541
-8692.4032
-7951.9463
-7155.7267
-6312.7188
-5436.0306
-4542.8383
-3654.571
-2800.3082
-2013.6051
-1285.2206
-9344.8637
-9124.3321
-8780.1959
-8378.3829
-7909.0963
-7369.1362
-6754.309
-6064.7079
-5305.9363
-4490.6549
-3639.0856
-2777.9615
-1939.745
-1164.1164
-480.41532
175.53238
-16751.029
-16712.17
-16648.988
-16586.474
-16534.304
-16498.819
-16488.31
-16511.897
-16577.679
-16690.766
-16840.942
-16856.654
-16083.909
-14685.561
-12925.709
-10953.436
-15800.329
-15767.287
-15727.602
-15702.103
-15697.326
-15719.379
-15774.041
-15864.247
-15991.25
-16154.611
-16304.98
-16222.884
-15634.588
-14440.296
-12735.882
-10641.82
-13331.524
-13327.233
-13332.335
-13356.51
-13404.12
-13479.872
-13587.685
-13728.875
-13902.334
-14102.889
-14289.958
-14331.459
-13998.454
-13132.495
-11719.404
-9900.2947
-10523.735
-10535.673
-10559.605
-10600.205
-10662.738
-10752.47
-10873.977
-11030.095
-11219.372
-11430.051
-11635.26
-11771.961
-11721.17
-11350.383
-10558.93
-9358.5146
-8899.6029
-8909.962
-8930.6222
-8964.5548
-9015.4256
-9087.8051
-9186.7865
-9317.183
-9481.684
-9676.8457
-9885.8397
-10073.601
-10179.506
-10119.839
-9805.5229
-9236.4023
-8558.4113
-8566.5212
-8581.7394
-8606.3266
-8643.4355
-8696.7717
-8770.4311
-8868.526
-8994.2164
-9147.9993
-9325.1612
-9512.4066
-9683.8202
-9796.8539
-9805.5573
-9713.9434
-9304.4805
-9297.6808
-9286.1548
-9275.2226
-9268.1425
-9268.0078
-9278.7536
-9305.1149
-9352.3615
-9425.7213
-9529.4518
-9665.7163
-9832.6392
-10022.694
-10225.098
-10455.813
-10052.746
-10030.151
-9989.3797
-9941.9606
-9891.8342
-9840.8495
-9792.4053
-9751.294
-9723.8863
-9718.2673
-9744.2644
-9813.5703
-9939.9982
-10138.262
-10422.075
-10804.552
-10138.525
-10111.527
-10056.333
-9988.607
-9914.6895
-9835.0566
-9751.7106
-9668.7448
-9592.4835
-9532.1459
-9500.6858
-9515.946
-9602.6349
-9795.3468
-10139.241
-10666.343
-9338.149
-9320.0531
-9274.1809
-9210.1054
-9136.9769
-9055.6768
-8965.9046
-8869.0546
-8768.7488
-8671.9525
-8590.7248
-8544.3026
-8561.7137
-8684.7207
-8960.487
-9452.7495
-8033.0346
-8022.2778
-7997.3576
-7950.1404
-7881.356
-7791.9672
-7681.79
-7551.5184
-7403.6561
-7243.6748
-7082.4145
-6939.1592
-6845.524
-6894.6542
-7249.6143
-7805.2416
-6994.5441
-6992.1017
-6980.6451
-6947.3551
-6873.0539
-6752.5646
-6588.9902
-6387.5178
-6155.2353
-5903.0446
-5648.2631
-5416.4728
-5137.8326
-5105.3498
-5392.0841
-5988.6749
-5039.3256
-4743.5172
-4550.7637
-4200.9926
-3791.1138
-3338.4537
-2848.9768
-2328.084
-1786.4146
-1238.6584
-702.0634
-198.20128
242.85189
610.71989
1003.7453
-4984.4905
-4655.9167
-4447.1812
-4061.0974
-3611.3295
-3114.3761
-2575.2085
-1999.3809
-1398.1964
-787.97146
-188.05615
378.04417
878.96482
1309.2739
1742.9649
-6262.9581
-6262.719
-6273.9955
-6145.8922
-5934.8183
-5683.1507
-5390.4416
-5097.2997
-4813.3277
-4546.1205
-4636.3238
-4833.6507
-4864.183
-5028.7464
-5358.7602
-15836.776
-15716.816
-15710.577
-15712.515
-15717.909
-15741.157
-15795.726
-15895.013
-16059.51
-16282.351
-16523.8
-15544.129
-14148.484
-12537.237
-10656.215
-5465.366
-5475.3458
-6160.2427
-15968.332
-6029.2797
-637.10301
4299.6983
-662.91986
-8980.7641
-793.63709
1975.5626
1327.9711
1846.6755
1207.1363
1838.1914
-325.96862
2645.4035
-1836.1754
1303.8284
-5523.6352
755.11321
-5368.9799
-5504.1608
-427.6334
-8402.7293
2736.4384
1905.5895
1528.8678
2438.375
-1386.8499
-1002.2709
-1473.8592
-1015.9725
-2529.7412
-1421.8804
2080.0582
-359.4954
-1618.4989
2705.7997
-735.40782
-639.25149
2622.2658
835.225
-38.416627
-1710.4608
-429.70925
1306.3374
-1033.4242
1829.0903
4394.7139
-910.16537
2300.2324
1197.4698
1733.0562
-7030.7914
6805.1433
2906.662
1582.0214
-4415.056
-1725.681
575.60155
1122.0538
2004.1011
-1106.9994
-1080.2452
1188.0521
1715.9782
941.03504
-5103.5153
224.69973
405.81901
-875.84611
-342.49219
-895.24485
-1629.3692
-5517.5682
-443.1699
-150.8813
-68.03234
1918.8091
-5173.1166
-1796.1817
-163.9237
644.75538
-778.03673
-6569.0915
-2568.3421
-928.30166
548.03021
-1088.8913
2064.3204
86.199304
-4921.4452
-57.388981
-1289.5289
399.31726
4937.2564
568.97854
2060.8393
3011.8101
60.622493
4596.7934
-5986.0632
2508.6739
-143.84455
-725.4222
401.8746
-567.40792
-807.86164
-1912.4036
-646.30358
-108.56924
-65.861047
-996.77508
-5027.1074
2973.4335
-353.94946
-1048.9202
-674.02717
-160.95009
3284.6497
361.08184
-224.33101
3452.3595
3101.7986
1461.2957
-13145.68
-321.88308
-9170.9621
-8478.8605
1078.9055
-9064.5951
-7546.4087
2725.976
352.75067
-1641.8879
-192.94595
-441.21014
156.85641
-386.18772
4144.2737
137.05193
-5724.0604
-753.44944
2413.2553
-709.64572
-8934.9799
-5201.3626
-39.656142
-23.449228
-1282.3935
-6069.7438
-643.83719
1107.6865
1651.9684
-635.06207
-1634.1468
3598.8481
-326.74251
2336.2636
-6454.7579
1169.4513
-259.60171
89.926442
-8193.1288
-4896.4911
2166.3158
3273.5638
497.75971
-276.09153
-652.27382
1743.0866
-1673.6668
-271.87663
-3737.6934
4772.0915
-2265.7581
-177.73531
-562.00909
2533.9026
519.40058
-250.58325
-1013.9608
-687.34976
1241.6525
-1417.3061
-1094.4971
-1238.6906
-2362.6703
1398.1522
2123.2028
-1826.0699
-2553.5035
-1430.8317
-75.169784
-793.63667
-1778.7294
-11401.259
880.60506
1578.3976
-226.69513
334.40213
1018.4644
4973.2189
1233.0368
-2255.9986
-4034.1506
745.68645
3069.0819
1574.7682
2499.9292
-252.37531
3769.2481
165.53772
-970.19216
-757.25044
1238.3615
1587.0267
-56.720809
-379.89408
-135.86309
2314.376
2315.8671
-1733.4581
-475.92234
-479.01547
1247.7919
6.4004645
1123.8571
-9137.149
3447.7692
25.161262
-206.52449
-1370.869
-11534.675
3701.9372
-173.21532
924.20264
-1851.3514
-1112.3369
-116.10515
2028.1247
-1137.7102
-66.687299
-1193.3314
-64.044476
-267.19559
-832.49768
3931.0675
430.24506
-1540.9936
2031.7397
208.05911
-245.71334
1484.8297
4695.162
174.27436
-435.07427
-5436.8096
-118.67895
3077.6753
-2027.9949
-125.40395
-1067.5306
-715.16037
-126.24363
-277.41016
-387.47056
160.07554
-801.61297
-931.63939
-931.21335
218.34279
773.47793
966.19357
936.98067
1145.3266
2606.1516
-3530.0276
-811.06452
3749.2407
3015.2648
-1032.7025
-267.92758
-9430.7386
-1243.3944
-675.42084
-2513.0607
-4310.6958
-8149.4265
-1144.8051
397.73719
-2992.4348
-1093.7127
1278.4098
-4491.3318
-1064.9936
39.567986
3411.3433
1267.567
-1075.9324
2420.6861
-229.96383
-538.68566
-1080.3169
-607.98446
-1160.8342
4149.5823
4675.5988
172.93901
-262.09659
655.66706
-784.98432
2217.3671
-4542.567
-1166.2609
358.03614
-829.54482
565.92273
-846.03342
-2104.3781
-607.274
5374.7707
-1532.9005
44.615705
2432.2946
18.96966
-42.519669
-128.74367
1243.0979
-1242.293
286.73639
362.78232
-190.64421
6657.6623
-1254.7586
1026.4844
2234.1288
-1276.8829
-1146.0287
1299.7961
85.407319
-171.0662
-820.0734
-1835.0323
-57.940597
-970.87602
3718.9661
149.19311
-335.45078
-433.905
-803.84973
-169.32133
-158.08095
-98.522483
-5704.1893
-1154.7842
1244.3633
-3218.9728
-2761.6316
-571.74998
-1547.9913
-9516.7736
1960.0835
-1727.644
2494.146
-359.33569
-9767.3014
4019.0831
2333.204
-1922.2277
-3846.2068
272.99262
2711.1859
-1316.756
-1978.8143
4945.6355
1227.2879
1620.0365
-1798.0441
-6548.0911
-539.17609
-713.26678
253.23851
-376.7335
2949.2444
2338.0209
-2224.2857
503.84517
384.92201
-6937.6865
-198.7556
1641.6261
-3823.0356
-132.06963
-1940.1084
-2075.7028
60.955028
396.41883
-1095.2036
-1297.2912
-355.69749
6339.045
-934.56221
-126.33955
-6483.0189
-545.20837
-2305.3144
1808.5031
-7292.2324
-585.45707
-139.3071
2078.4232
-1006.3217
1317.4161
2064.685
-119.64069
-1063.1015
1292.6284
1644.4409
1107.7178
110.55448
-1155.7402
-12.714405
-1650.1172
-1338.7857
-1058.4778
1940.8192
2952.5961
4102.6226
-2209.1053
-199.50284
2732.5511
-1169.5079
1160.1681
1688.1376
-46.834566
-674.81565
-8874.541
1579.8445
330.37018
-1703.5316
-383.05857
46.670448
-4316.1658
-6294.999
120.59954
-680.24208
-2040.4599
-1018.147
-4.2661986
-199.94634
-1056.6564
2229.5853
134.76503
-3286.79
-695.66242
-407.37207
103.92292
-2035.8938
1613.2884
396.92205
-360.99043
1714.8885
1194.6507
3113.6215
-579.78703
473.44984
1032.4112
2139.9783
1466.0171
2507.9659
2549.791
-2009.8629
-7513.4655
-781.19797
3558.5215
-1251.8304
-836.21903
-678.80487
-147.3874
-160.44142
6917.7972
-1094.6228
-1148.6387
-3876.2494
-1631.8563
-119.81942
-1234.8117
-2901.7588
-1232.0655
2444.7382
1404.9524
-4057.0876
-4723.4287
-157.24529
-1245.1784
-1132.2246
-1332.2895
-8446.7816
547.9682
-2595.6638
-386.60406
-1016.3421
-2184.916
1019.86
4480.7526
1084.182
1656.1349
-1096.8117
-7567.6571
-1174.7058
-233.09551
-5440.0263
-180.52587
-126.47756
-1099.3987
-1107.9264
-4099.5998
-4599.9127
-844.14368
1990.5689
1835.1783
1655.5504
-197.71028
995.44155
-1175.5302
-169.91793
-2448.3843
-517.69377
-3762.3476
-1237.2652
-5107.9906
2874.4734
1137.1236
-4612.035
2992.2026
51.551282
-5420.1084
2663.8695
1775.1931
1239.7394
2049.1258
1986.6668
-7948.9768
-970.37175
-1910.1523
64.303806
-517.25485
-12759.044
2152.8437
1692.7126
-2159.6712
81.895786
-22.262997
477.6249
-203.3929
2810.624
-46.589122
435.38137
-576.88094
-4728.6323
3739.0124
-8317.3075
-612.27609
1558.3032
-8666.3504
-937.86499
-140.06174
-4923.4426
-4209.8217
-2896.8306
2028.97
1557.7365
226.62042
-1333.674
-4410.1005
2714.5816
3917.0692
3447.2174
2213.8986
-1009.056
2196.5839
2480.2295
3750.2402
2099.0253
4661.1468
-197.99841
1950.2954
2832.3519
-366.11295
-693.43829
-1050.8458
1910.6595
2835.5772
2027.3413
-3531.1135
1529.9528
-948.40842
6857.3254
2037.3966
49.855981
6652.202
2801.3968
-1878.3667
-632.59029
-5328.1935
6811.6655
-1442.8158
-7117.7434
2361.4214
-1135.0722
4355.3115
2393.3447
2731.7711
-434.44028
-70.633114
-7126.9787
2782.9862
7158.4533
1802.9081
-1079.7529
1713.9871
-1549.9686
-9949.0456
-48.737032
-3499.7356
6921.5212
-4883.5903
-4.4751623
-116.23837
4177.6619
4115.3581
-6122.9172
-2037.9756
-818.35021
2657.9187
-7223.7621
-1765.7798
-726.63053
-1197.2769
1119.795
1665.4014
-1234.3749
-1004.4593
358.09138
-2427.9829
-1147.6367
-2594.7475
1898.7769
-48.127722
-873.17677
-390.05342
5818.3568
-448.77623
1819.5054
39.494083
191.16678
1495.0845
-2416.6452
6659.4307
-692.69267
70.426796
1932.6425
-204.75488
-2525.4478
-96.859662
-1678.3665
301.79461
583.3151
-2403.936
-1765.3095
3691.4855
-7503.5906
1343.3741
1999.4649
749.65301
3785.0819
-163.11963
3800.7562
-1269.4301
7802.464
-8702.9932
727.56023
-1077.0746
5798.2927
-7128.252
25.939528
-604.83038
1676.3565
752.33927
-5875.748
1674.9866
1784.0182
-4251.8919
-3330.9653
-449.28729
-5791.6239
-41.095355
-5113.6936
-2172.623
-201.29823
-275.65162
62.613728
-167.55743
2603.4602
-315.38635
-4445.0979
1852.3128
50.014888
118.72875
759.37013
-1211.033
-827.17316
-5135.6234
996.78563
-13176.699
-1014.8598
4348.2509
-4290.2539
-577.65289
-721.81161
-2447.0832
1589.9198
2746.9864
122.1393
-2042.2066
-72.078717
3350.7161
2192.6322
-1889.9967
1846.1466
223.54735
4.2269238
-3677.6578
-7679.0065
1503.8826
-7918.1357
-11907.925
-163.75935
-5714.4997
1982.9541
571.7937
-1396.6442
-195.71416
-949.04091
-1567.5951
-169.38001
-3240.1907
-712.16513
42.9225
90.402281
-559.14855
-665.91747
-2715.2665
1101.3771
1064.6326
-6602.11
-1298.4386
-90.960348
-1449.8822
-1339.9217
3897.3646
529.39881
1298.2713
-575.57599
1358.6443
-2925.7224
-1188.8574
-5240.4314
-4802.9111
-188.24161
1078.5024
682.87486
899.97007
-1016.3221
785.21521
-1041.7535
2411.0597
-1083.4082
-332.69348
2535.6689
2476.242
-377.33046
3939.5894
-1265.9384
9082.8183
-9679.543
-1954.5588
-647.55288
-347.1089
-475.63979
2973.2787
-1230.687
269.12084
102.1813
-269.12592
-3080.5822
-1096.7444
115.85075
-181.77465
-138.20375
3903.4825
-28.389117
2231.9495
2927.8842
2935.0042
2484.2707
2134.1478
2022.1642
-434.77849
-1012.4661
-3491.9017
-1000.6429
-53.113541
1360.2123
3975.2689
-1483.507
-2188.1474
-701.71612
2872.2421
-883.20303
3018.4963
1669.5286
725.74403
5092.005
767.09074
443.73586
-1169.3358
220.91015
-83.316419
-301.80001
-173.22508
6957.4672
1632.1635
130.73417
2654.8768
1464.3507
1502.0543
362.24684
41.127142
3266.1664
-90.687245
981.00448
-1336.0511
2747.9297
-979.32551
1833.1201
318.31442
56.803461
-632.36107
-4708.7329
2356.0558
-1299.5453
-1723.0336
225.65591
-216.3551
-4376.0163
2129.9982
-1226.8657
801.30731
6374.8528
-1034.4488
6759.2417
-5594.5559
-67.344227
941.16993
-643.38736
1629.3391
-105.54555
3614.7742
-601.24929
2399.0831
-925.57383
-1355.938
-5969.987
-3319.1597
1348.7789
-99.512472
-1039.7346
2813.8865
221.32578
-9193.6948
-1552.727
974.1183
2316.9584
2556.4057
-696.25779
1112.4268
1082.83
-1730.7616
901.85632
8928.6075
-3460.6189
-691.68055
507.66562
5730.1013
2268.8517
-6387.5299
280.18249
161.9122
738.17442
-625.6607
-2778.413
-1131.6154
1494.1047
-1395.7682
1641.6193
-8467.2169
518.9808
-246.71571
-1111.1995
-1199.2266
-5.3212868
178.16779
2039.3271
-75.974952
1356.516
265.70806
2830.6184
2579.0622
3819.9845
2878.7897
-3770.5834
-1942.4222
-901.1383
-1508.8584
-246.70937
-3032.9479
-3005.7553
567.20196
-192.62011
63.228469
2727.132
-4019.505
175.01702
-1490.3347
451.83326
-12008.153
489.64318
-26.803023
423.18538
-4868.0498
-1206.8576
-26.254115
-8.0555945
1413.4929
2497.7007
1276.2045
8191.5239
-6.8983891
-410.70834
1376.5729
-1175.8455
-3214.5738
-2793.3111
-4024.4332
-2905.2008
312.74824
3745.6362
5255.5593
-5224.8634
-237.12694
2935.9769
-5823.8658
-958.22982
-2890.3642
-1703.7486
-5943.4479
1832.3767
906.11765
1563.8403
-177.06747
-4705.1177
-1444.5975
2531.4105
4514.474
-561.77674
2157.3972
4728.9596
1325.4022
-680.07654
-322.3317
3336.8915
-1067.8781
-838.86535
197.20103
-203.54142
1173.841
-7619.5452
7561.4811
-344.28084
-6943.2299
-193.93666
-0.088800591
5522.4086
-2539.3533
-9640.6594
-564.6827
-670.02959
-188.91559
-1312.0112
1764.7031
-1283.0111
426.74603
-3668.033
-868.93173
2221.6139
4155.7229
-1052.1018
-3236.5622
2700.9451
1757.7179
860.00838
-642.47036
-4048.9263
-1755.0336
-638.61985
793.19414
-1512.5223
-285.15773
1550.693
3384.07
2128.0047
-3239.7063
-170.85859
589.3216
-353.36154
488.87944
4831.4741
-10441.348
-409.62757
2760.6277
-1271.7958
2914.3463
560.22255
888.47578
1846.9806
5638.5646
-7801.2163
-3990.3712
-92.15121
-1342.7502
148.21029
-4839.0908
-166.39799
2140.0557
-2854.8702
-30.380519
2252.4679
-1205.8806
-948.94737
-4621.4964
-3808.5343
-562.32895
-2249.5685
1129.638
-868.46819
3675.543
-3629.2975
-1065.7021
-10642.284
-460.16011
-6866.0642
-96.946415
-1500.5316
2055.8342
-995.12538
1569.2612
1007.2452
-3179.7152
-1055.2097
-2759.1871
-211.21729
312.41087
-4379.5155
-2347.3138
155.72153
-685.5399
-693.73288
-5045.9019
-697.21948
6235.0556
-3005.1519
3784.5138
40.320272
-193.01968
3619.7181
-1109.7403
-888.12607
-6978.4073
-477.22888
7576.1303
1549.2666
-2739.9727
-2277.7859
1635.3785
-4357.1268
-1246.8381
1768.0076
4564.5337
-1409.3587
-468.64832
-198.00646
3226.5529
255.70298
16.449199
-245.208
-1849.1263
-68.09389
1859.5371
-568.53866
-213.0804
1004.0169
-89.196108
-1367.4959
9077.7414
712.84593
-10306.75
-2858.714
-3774.2862
1367.7177
-1624.4239
6542.8674
-3.9230591
-6454.2223
-10355.046
-1348.9457
-12166.136
-3603.1549
-897.18499
81.261838
-2118.4306
-252.4729
-160.54401
-976.32496
1578.9873
-2145.8024
-4576.3205
8065.5295
-3131.5474
2448.7238
-1923.8954
2790.803
1955.5657
-1182.3805
4466.3297
-10780.846
-1702.6413
2758.388
-295.49194
-289.49571
2081.0197
-1115.2652
-265.32966
-5331.6133
-3389.8966
-96.362471
-693.86476
-622.01336
237.90646
-1537.4638
-176.89595
-503.86689
-3883.7121
-1020.7999
-188.43015
-1280.8062
-30.712487
-742.44039
-1452.3681
384.40114
150.43148
1859.9624
-7168.0379
2999.9535
-432.04829
-4630.0434
2758.0851
-906.01857
-4613.8052
-782.25599
-1607.4195
-2691.6231
1881.624
-242.27342
-6199.943
16.902909
3876.4916
-2697.572
1251.7806
31.578921
717.1804
-3836.7674
-11457.578
-493.60869
-5981.9739
-230.83579
-680.83023
-3238.2326
2286.1262
-6933.0993
-298.34198
2402.6437
-69.410197
-2690.6173
-1702.7816
-643.31096
-464.28081
-400.97747
-510.84574
-976.68856
8677.3627
-410.32182
5316.6703
-2165.4997
5911.3016
-2893.1532
-6037.9825
-1345.9576
1371.9482
1382.7892
3971.862
-1838.9594
197.76407
3486.3481
1981.9742
-180.16406
-3179.4988
-355.70543
3666.152
1720.5336
-98.319633
-808.34693
-576.01877
-994.53492
1021.541
1835.2004
-12646.417
-10871.273
1757.5626
-7977.8121
2320.2622
-3255.7407
-1058.6525
-1095.5277
1970.6559
1.8019004
6229.9721
1466.6767
-1300.5483
-85.400807
3448.2035
4288.4932
-6849.3875
77.93892
-166.4164
-9584.0319
7964.7086
181.26446
969.6658
2048.1379
-144.40676
-194.86984
-1741.5644
-7508.2601
2763.4737
-164.65623
-666.09349
-3948.7818
1667.9944
111.61077
-1532.2628
-259.34902
-110.57751
-502.31446
-1177.4294
-10525.173
-3996.8171
-35.874665
-240.71173
1725.501
751.20593
3178.1502
-7663.8134
-2156.2079
-4782.1788
-49.707037
2349.5609
372.86252
-2153.3004
-3858.6088
108.6142
-12331.724
-3597.2633
-5120.4738
-4734.663
-349.55694
2383.1172
2313.2936
-204.34941
-4580.8525
196.86761
-1227.2196
-12379.544
3398.9908
-7478.5336
2381.9513
3532.2703
-138.1563
5022.0809
7648.946
1737.9836
571.95863
-1233.0415
-7549.2206
-881.97901
3814.6302
1443.4838
-706.77104
-898.83125
4546.9109
4276.2071
-286.4228
-31.942488
-4148.2448
115.72739
4338.3805
1035.8454
1189.9538
-2754.8417
-1630.6837
-381.10369
3861.3591
-8753.8694
-585.00685
10.609052
488.38267
5327.9013
49.03604
-569.23879
-286.45853
2553.961
-649.85007
185.53527
-4862.679
-157.29043
10.202067
-2933.2713
-405.09098
-5438.2875
77.126252
-7940.3462
202.44963
-448.10611
2060.4834
-8073.5865
-206.55574
-120.54194
-1306.304
63.942407
-148.94079
1815.1282
-452.66715
1318.2183
1723.9428
-2362.7425
-3283.4684
-2898.1751
394.33157
-131.1346
-153.02452
-1557.3753
-505.36668
1715.1837
-1986.3353
200.23825
-4090.5139
3239.9453
1177.4167
4823.6307
-1132.5881
-190.67346
-8221.9327
2968.6773
-8703.4019
3155.052
-163.68219
-761.63372
-220.61209
109.2267
-856.343
-5371.9935
-907.09653
1636.1182
-140.11449
2483.5071
-23.574001
512.34615
35.204751
-224.08509
3950.7701
366.59905
-293.68939
-150.12188
2280.8381
-482.62802
-469.18186
-158.79902
-239.52767
-1226.4287
6313.7981
-1664.0978
-92.875101
-1174.2611
3078.1616
-2590.9499
-1027.369
-2885.4327
2492.3744
-5009.1638
-21.17114
21.01135
3015.0623
-41.7922
1780.9946
-169.53807
-1550.1847
-1258.7605
2656.9539
-952.84673
6601.9578
-5836.4612
-1896.5364
-1821.362
-3578.0598
-2140.3968
6416.4021
2714.7574
-11330.183
-4584.3231
-860.4268
-167.78095
3525.5659
-42.333293
2748.2637
4498.6145
-86.156972
-1596.0143
3830.7556
-5693.2124
1134.0986
-863.41733
1395.7704
-11931.738
-1267.3808
177.00847
1467.0278
878.59804
-3166.3406
-3225.6272
84.989676
-1258.5817
-4363.7249
-851.10767
-101.58738
-306.2917
-8630.0542
-2045.385
-281.60502
-1098.0812
-23.54947
-348.01638
1076.0544
-1934.9647
-5328.0273
23.340036
7986.8864
3127.261
1003.2091
1563.1305
-4881.9885
232.6522
-1485.0069
-2032.8888
-3138.7746
1342.7581
1860.2565
-5732.6155
-2231.1937
-1372.7684
2225.8255
-2452.2433
-10146.241
6479.1021
5015.5796
1319.3532
8622.4968
-12780.691
-1752.987
-144.14246
-5281.8453
7769.7192
2017.7584
-3205.6937
-3408.6156
1344.9252
-56.246105
235.269
2876.0698
7125.1469
-1152.3864
-3508.2588
-922.45331
-1648.7205
121.84053
2075.8731
-2568.734
-1400.7819
-4215.3652
2282.266
-596.01278
-3892.921
-272.00008
897.42016
-401.52307
-747.20397
-4283.4952
1703.7285
1575.6845
-7104.9135
1903.736
-11375.25
-2640.9088
-1152.3755
-1185.7285
43.746227
2927.1902
2580.6368
-2758.8999
2165.553
8078.1089
-7142.7552
528.10664
2479.7441
-242.87078
2686.0248
5944.3228
-578.50419
-3147.0894
-510.47096
-6219.1141
-2480.5836
2112.5007
-290.3939
-132.91975
1612.4592
-3009.819
-1395.5379
5373.4272
-7395.7363
-1809.5987
620.47497
-1035.4142
-370.78514
-160.89132
1230.1407
-5373.2673
2883.4536
-580.06211
3568.2495
-3266.7633
-236.96707
3996.3876
-6701.4318
-7564.7641
2195.1798
-4306.621
-8186.1723
-3946.5011
-6390.7255
-4113.3278
4285.9866
-2999.1819
-3553.2736
-1446.2374
-147.62454
-389.18564
895.0763
-1198.111
-3834.6465
-354.93492
-2169.941
149.60606
414.91195
-3141.4327
-1425.568
3867.6184
78.945976
3087.8931
1269.3246
154.5857
2949.3144
-942.88435
-9124.1634
-7686.9003
68.781201
-5183.4927
-967.3503
62.337221
-2940.3757
-703.14845
866.32482
1439.7257
3454.0924
203.85123
-1671.4998
2139.4074
503.53844
-768.24086
-1183.3055
-2481.2936
5001.9004
590.58497
-399.47128
57.150751
-360.10107
59.15366
-727.74449
8145.7225
439.71207
-8735.1863
-5343.2644
5936.3418
-1068.0367
-574.59677
1199.8918
2211.7312
4170.1218
-486.05834
229.1498
-2630.4521
2852.1224
1982.066
2137.7571
-500.02819
-76.141397
3122.0713
-2397.1982
-1225.9662
-932.05826
-818.79261
-422.90047
452.0971
5982.0408
-675.26423
-264.51801
-10297.245
821.41924
-4465.5918
-77.518061
-3906.2322
-6313.7898
0.50188195
-3250.417
-6632.4388
-1847.2499
661.07056
-5489.0167
7656.1982
-669.83206
-1267.7244
-192.53471
424.29499
-295.94562
207.30669
-2572.1861
2773.2287
46.433686
-1370.6893
2485.1173
-108.87929
2491.4295
-5211.1526
2112.2897
-1801.4289
123.17376
3016.1134
-7394.0586
2356.5372
-9370.6469
-143.80754
2557.4219
92.765067
202.89473
1955.4359
-138.57618
1912.1685
-4090.1034
-1546.4432
428.54649
-1145.7909
-9472.5229
479.79107
-549.58929
1531.3839
-643.27909
-1293.6639
2099.0593
-335.82451
-864.48821
3702.762
113.28542
-54.811695
7055.9337
4477.0954
308.40293
-420.34881
-803.49077
586.07877
-1446.1284
2928.3613
-1237.2002
-526.75971
-131.29992
-420.57985
550.14762
3034.197
1446.5933
-2859.5526
2639.9463
-1089.312
40.561718
29.222961
-1377.4324
-10267.576
167.73799
-2971.3836
-1610.0193
2232.7821
7567.2876
-180.46188
-88.2492
207.18535
-7610.9714
-74.622482
-5343.8252
-409.15902
110.66236
-1482.84
-4181.9449
-9764.557
-1816.5822
-47.029092
623.20105
-886.54439
-5223.2923
4814.3143
-53.10076
2706.0704
1741.2335
3275.7258
3316.3104
1075.1267
-2363.3181
3126.9043
-948.87022
-83.489832
-11655.308
3508.2559
2163.1281
-4477.5254
785.28401
-8440.0247
3117.0528
-978.51495
199.84343
398.14414
2094.9575
-186.97182
-73.837429
2416.8985
2044.3238
2613.5733
-182.39326
-160.0624
1462.5352
2139.3154
-653.96527
25.522345
-1083.7098
-830.61016
-2592.9805
49.50237
-2976.5223
1029.5433
-166.0579
1637.0722
-154.29147
5473.7051
2638.0853
-739.86371
-9588.0824
2042.9826
4749.8876
-1993.1475
-1129.2021
-974.72546
-3187.4961
-172.60831
-1543.5972
1600.5266
-7287.2218
-5416.6159
179.02785
-147.48659
-102.88144
-101.00395
5319.7498
-7592.133
-60.169737
-9378.5664
294.34808
-530.79929
-350.76806
-1997.5723
5593.8306
2707.8232
-471.05142
-1114.4045
-4154.5281
-113.57644
-1107.3453
52.368692
83.237704
-590.80511
-1084.6951
-1489.3726
1489.4594
-1376.595
2526.4855
2648.7488
896.42536
1466.9813
-181.91002
-2584.8373
-11883.369
-6568.2775
3623.0451
-1339.3205
958.77346
1515.2435
3580.3106
732.73562
7.2948652
-1639.3601
-473.4796
-4927.6526
10.62219
-242.83186
-8708.9367
-378.84757
-6483.9793
-574.90653
-2234.1812
-1233.0635
-188.22582
-3467.2225
-137.35764
210.14393
-1399.2442
4103.6217
-1556.1382
-2388.3258
5937.6262
156.54293
-187.3726
1805.6371
-202.31211
-289.11195
2764.9406
-1585.9564
3289.5887
-9759.32
-5103.9479
-801.36393
-675.27202
-648.1253
-254.90322
-1147.4425
-336.57692
-2649.9918
-1875.8919
853.37771
-1080.9813
539.07453
-6409.4915
1844.3956
7152.529
-121.99691
1864.6356
-96.931434
-2006.5076
-1310.6294
-1294.7626
-234.94415
-1051.3201
1689.3104
3051.2149
1508.3693
-11150.27
-1373.5592
-626.52272
-669.59033
-179.73252
462.87966
-1331.2196
-7714.2505
2698.5008
-59.301594
2733.5322
-958.65456
-1274.311
-77.865497
281.74185
2590.4649
3310.6248
149.24654
29.018097
-4473.5019
-8167.4982
362.4765
-197.75898
-665.21032
-2007.507
4.0030661
-348.6127
5528.1505
-138.46365
-940.23193
1943.2479
-3993.7556
1820.5044
-785.59776
-1126.7055
380.15067
-2107.0241
-1391.2522
-93.464957
-193.5965
-2562.0888
-45.910425
-776.04426
2778.3666
-5135.2895
-4117.2699
-1917.8609
920.19929
3338.0845
-6030.0422
534.36371
223.73607
-2214.8286
-188.19423
-716.01848
-343.29742
3036.2892
-120.47366
-9261.2365
-6685.002
-1584.6624
-2737.5541
-3699.5556
-6031.4327
4088.7729
-1880.2073
3844.0407
-1038.6694
2624.6066
593.96099
-597.36482
-158.37298
-1837.7139
1701.9675
-941.97654
-16.367616
-737.75588
-523.67807
-648.48285
-2113.3613
-1892.9716
1343.4695
-1027.659
-29.713005
2647.6409
-448.64104
1113.8608
-170.94062
-7955.0773
19.132297
-510.05557
1733.6441
-590.99927
-3677.9027
-664.31477
-1219.84
-369.57044
1975.3973
-213.99907
-252.55113
204.78524
-2951.3662
-7098.6112
-640.75271
3107.6932
1450.224
404.35471
2709.4804
-331.81044
-12041.115
-691.98298
-9083.4349
2611.2393
224.08668
-7733.8162
-487.351
51.431568
-1068.2028
-7128.5764
-745.28527
-581.95052
10.470557
-243.08621
-6488.1979
-1415.3605
-1549.4425
1997.2837
-1354.2834
-4037.3154
-8266.3274
-251.68119
-1125.0019
-13100.374
5485.0475
182.01701
-1002.2173
158.3982
-224.75243
-1419.5999
-217.57431
2814.7626
-1298.9011
1600.5404
-2108.7854
2565.7151
1157.5239
470.54599
2793.4729
483.38357
-341.43611
-108.91151
-1088.2914
-8741.5429
84.24411
-580.76217
-151.88182
-175.68486
806.54348
111.85978
-236.94002
2104.19
2282.205
4.5664648
6.1503835
-93.851354
-4953.5177
-12684.049
-110.82806
-7635.5416
1509.7957
3508.0438
-5932.1639
267.4763
2715.2349
-16.687813
3222.4704
-49.891972
170.65078
-1916.3952
-426.20298
-448.34337
972.59379
-853.14447
-185.74754
-2489.1606
-123.92783
3425.9421
46.156036
-344.68662
-80.942077
-145.04566
-2353.9386
811.17918
-1394.8537
2823.4884
-3188.1274
-827.68574
-218.24592
-8187.6372
-108.47493
3210.1468
-1047.1367
334.50425
-205.7307
-2358.5922
6183.8942
2701.9815
3566.7777
2323.7973
724.43696
-987.0008
-14.565385
-851.74885
232.1329
908.96514
-1733.7494
-1083.5165
-896.49927
-6849.8387
3273.8049
-179.17087
-1979.0221
-1593.3454
-2511.3528
-256.82702
502.8386
-210.4168
-765.25337
112.52912
3315.0919
1220.8758
-7316.2968
123.08333
1316.4121
2498.6271
-536.36863
-564.92868
-1978.2395
-12277.853
-55.00836
-174.153
2815.1773
1342.5077
2929.1732
1366.8902
-528.59711
48.708987
3109.554
-528.25132
1184.8286
2203.5555
6.5495517
2107.6126
-2759.8685
-4873.6749
-4968.7003
-268.83077
2643.8646
-215.49011
299.16462
-980.65493
363.04877
2458.8255
-1295.8059
-1289.1466
1936.8263
3249.7167
-687.06238
300.02454
-1082.2607
-700.85779
-2328.2684
-179.51718
1929.0534
176.31795
-833.82615
1928.2208
-599.19962
138.13098
-3316.3615
2600.5272
-135.73461
710.35759
-12476.934
4990.9142
-1270.9591
-2498.052
-474.77347
-2180.3539
-10200.122
704.02706
-3185.1633
-1689.5203
-2643.0208
-640.27659
-5524.4374
-8490.9085
-3230.8336
1850.5882
306.41021
2402.5375
-1569.6198
-2693.1489
2949.4404
2531.4739
-7930.4755
-1809.2691
3578.5785
-316.30475
-2156.8193
-1309.1865
49.015916
-1708.7387
-6611.9753
3013.7994
3532.0148
-147.82291
-252.09632
1305.1855
-347.05919
237.29469
-219.00273
5504.5145
-598.68959
5335.1398
-2385.7688
-606.59615
2906.9049
603.58711
-2006.2451
-495.6668
-145.265
1846.2997
-6842.9156
-206.23122
-1199.7406
4434.8425
1460.5489
-5231.4453
3380.537
-3447.2742
4716.6418
2645.7773
3529.2246
-3636.2453
-6509.2021
-21.384746
-2227.1061
-1843.2509
-1526.8856
61.753263
-1313.8922
1738.3764
-545.35958
-7506.6732
3002.3586
-1220.5402
-11650.927
38.935538
-1417.2422
-439.59484
-1654.3291
-7941.6261
75.48715
248.53788
1241.5279
-1360.3624
14.098085
-310.59271
-345.89808
-4591.8694
-1459.8951
-383.64814
-2328.9374
-101.23679
-376.3239
-11241.645
164.74147
306.44199
636.06847
-441.59949
-429.34493
-1242.3104
-164.51166
-2378.6649
-1484.6621
-3.1994668
4282.2566
-175.88147
-808.39349
-2379.8799
-1028.4069
4939.6619
-981.33084
2600.7752
1518.8824
3249.0083
4516.765
2062.1775
870.80144
-7863.0189
1495.8668
-1639.8198
-315.01027
5951.809
50.176616
-562.24102
46.668003
3605.1259
-72.290746
-2431.3695
-1071.9581
4972.2748
5714.4908
-2312.6092
-6194.3446
-872.04286
3671.0496
-534.87182
-571.92269
1313.766
-1282.1184
-3838.1584
2.6912658
-114.13423
5362.2512
-1634.5153
2380.1801
-166.64369
-2846.9653
4308.4935
-338.68412
-3300.5255
2841.1152
3318.926
3290.7686
-2926.1092
1070.2585
1634.4688
2290.6534
-6380.3267
5041.1959
-40.666477
-2164.0132
-4.0619167
-4849.2395
-4716.2631
-1349.4018
-373.74483
-2456.0121
-1296.1619
-598.02099
-812.46221
904.49207
3388.8218
-7959.7028
320.52855
-205.95817
-1436.841
-843.60284
822.9159
-3507.3871
2376.4634
-2744.9233
-3907.8996
128.42947
-327.75667
-6298.9337
-7068.5538
2921.6256
-1205.8364
2376.2811
-411.65244
-538.68735
-1517.0325
170.77935
474.77153
-1699.906
-1832.9513
-5246.3037
-2689.2648
-3850.4141
-1971.7023
3430.5818
850.25355
-2161.4032
529.27441
4669.4262
-528.67871
-155.40155
-220.35708
-194.17519
2526.5994
113.39547
-2111.7511
-180.83191
-113.90006
3534.2433
1012.0048
1261.1776
1784.627
-138.6259
13.050844
-865.97927
6559.1297
82.14211
1829.6704
-1458.7067
-90.868052
-1543.5199
-782.00305
-2103.0992
-1260.8663
-3315.9649
504.25159
-5682.4425
-468.64022
-3972.1385
3061.8448
1541.5044
2259.2693
-158.54767
-64.084914
-688.46615
1320.3598
1839.2398
-6019.7011
5338.9428
-154.61105
-3572.6801
1.9567348
-4366.9658
-1220.083
285.88952
-6415.1348
231.10113
-2196.2193
-587.5505
3405.6927
2374.4304
-3153.2728
-3061.951
1912.6745
-214.7215
-736.65223
-782.48552
-764.0188
117.16859
-1685.1157
-1210.7651
-857.28089
-1497.0615
3408.7018
1342.1522
121.35035
-1984.0384
2306.3913
-600.55014
238.60366
-509.21665
-8251.6847
-711.99908
2556.0145
-781.91991
-79.801204
-129.61935
224.44467
-380.85863
-1614.2985
-991.0728
1482.5907
3649.7087
-29.33662
1662.4709
2492.178
-1003.0778
-2133.3611
1197.7574
-12294.97
-1243.1661
-40.714681
2949.5412
-55.738423
4474.0665
-95.295587
4410.2895
-3880.3175
-3863.2746
-428.61419
-1227.5989
327.83599
251.8045
-2635.3804
-176.90058
-5423.113
2.0502234
-969.43204
-940.84673
-6121.7102
-2880.9859
5544.6836
-10036.49
-260.13675
-2407.1838
-1257.8365
-1070.4232
1750.5526
293.8041
220.87875
151.52464
3390.3465
2631.8203
966.60718
1537.0097
-1668.7135
-173.5159
-394.2909
1893.9548
-591.16566
-5607.3423
-269.61013
1732.9171
-147.12252
-5355.6942
-1947.2585
-1849.8518
-2348.7407
-4985.6005
3326.1052
1560.5673
-276.28183
-177.77572
1132.088
-6417.9596
-119.91781
-560.30493
4171.1408
-914.6171
518.32095
-153.59587
2513.1457
3847.6009
1756.1489
2093.3298
23.499293
2419.8496
-3396.477
-3022.6881
1794.8349
-1132.036
3317.4497
-6274.1101
-375.44886
-107.94484
-1850.1796
-469.56038
-334.58974
2642.4213
-4578.5957
-55.86317
3412.3017
-2188.2518
-241.8916
-869.12682
-418.19367
2571.8336
-216.73211
-1049.0716
-913.19329
-1282.4262
955.19053
2773.7657
-2190.2769
2127.2278
-1777.8303
-87.946969
-4270.4201
3039.7089
-3219.5109
1535.6029
-5068.5187
-11534.147
-1263.3762
-1611.2949
-4956.6985
-9915.3425
-1936.8526
-2199.1364
5494.6363
-2574.4174
2808.9007
2278.4099
-3096.2925
228.81517
-1464.2757
4308.6815
-173.59122
-7398.8542
-167.95986
5394.2902
-180.78846
-3099.3266
223.61989
6137.4222
-1419.4768
89.815791
-516.94824
3939.5793
-327.4542
-1812.2392
67.117898
4883.2459
-125.25538
-948.76184
-144.59606
-374.75452
-117.03239
27.822792
-6255.7182
4013.6615
-158.07457
-5.9434527
-1288.8098
593.32445
340.37963
1124.6597
-7272.1188
-252.40558
-44.207401
-2797.9005
-676.53594
2520.3401
-1360.1995
-779.66723
-2898.8853
-1979.497
-3718.2844
-18.071086
-4898.5471
-643.87712
-1310.7395
-1107.2296
-1051.9386
-150.84026
-4153.789
1271.9424
-4874.0477
-9408.6817
2356.1536
1539.9126
-161.26774
-515.46157
-1073.3762
657.37088
210.10525
1902.4239
-971.96777
-257.92767
-2350.6111
2448.3912
-114.44547
-3889.6591
-371.10525
-1252.631
3771.3147
-17.084287
-1806.4195
-2908.4883
-149.48925
-160.78023
-311.53218
2232.2017
-174.16169
1400.6103
-75.037179
26.859442
-197.17839
-1490.1832
-9438.7671
964.25691
1533.1233
4488.6621
-1820.469
-1267.4132
1630.2675
1619.9611
-5558.2742
581.95
-361.30033
-6835.7782
1921.3167
-7457.1948
-607.36904
-1264.0516
29.517749
329.71283
-3554.677
2848.307
831.75722
1411.4154
-745.67697
2842.8178
-1935.1724
4226.4485
-10373.512
-1078.7593
-827.81696
2031.7525
-6189.6034
3381.7534
4120.6127
144.16578
5415.0802
-246.09874
-178.41082
-3372.7338
-463.1929
2892.3028
-2146.0233
-96.253812
-8851.9056
-6622.4223
1493.2588
-4213.1493
-34.468866
-199.40044
1078.0647
5532.4792
-1843.0312
-1227.605
593.46494
69.042173
2582.7854
-2548.7008
-174.87872
-720.87117
-686.20948
-5872.0298
-2998.3995
-520.81719
-757.61805
-525.91029
-86.87322
-1325.3645
-303.72565
3275.1643
-3005.3248
-3518.4957
-1238.4739
274.3147
-3642.5971
-259.34859
675.57017
-1991.2638
441.27791
-546.24254
-544.26101
-185.07662
3397.5297
-188.21358
-6163.747
-2488.103
-1193.1299
2577.7046
2912.7813
-6510.1856
-11185.581
-4445.4646
2004.7124
-234.29915
-854.15556
-94.138199
-7851.2321
2693.2109
2729.4737
-1117.66
-1410.3318
-159.48449
-936.01188
-5574.9136
-1376.5027
-102.66493
8855.7148
1369.2005
-4195.5075
-6345.7985
-527.01905
-796.10552
-553.71992
5938.8816
2692.5839
-1175.6582
-5.2841407
1796.6652
662.93862
-5849.4358
-807.75443
-6478.58
-90.148323
1424.0453
-513.91191
-1878.4054
-202.69662
-1282.4148
-1033.6067
-402.26147
2880.2178
-10176.317
-5357.009
-208.20786
-1663.0761
1393.8019
-5977.9597
-1441.4998
-1169.7299
1864.753
1377.0422
1893.2218
1346.2652
1810.8571
-1150.9439
3206.5666
-1291.9519
1882.069
1415.753
4102.767
2124.9679
328.09954
-1561.9061
1890.1403
1362.7678
754.66443
1880.3081
1373.3602
-217.8603
-2060.8629
-3416.1318
2075.1942
-79.132227
-481.64753
3319.1374
1876.0229
-3952.5651
-1089.9687
-1756.6514
2706.4661
-1507.2944
-1068.5483
-763.75219
-1907.3565
9035.466
-450.89742
2301.8633
-6721.0193
-1512.8044
4492.6718
-1736.5504
-188.34162
2465.0051
4110.0236
-572.51083
2665.3557
2785.6502
549.09594
-473.64359
-845.63388
-714.42586
-2845.9621
4033.9484
-96.486803
-197.96945
-794.09076
1363.0495
2953.7891
2782.6257
-610.1059
-775.5444
-2274.2503
113.96316
-2457.4921
-342.44111
12.476606
2701.2346
2808.8498
-9772.0144
1769.4229
1252.6161
3018.4514
-612.06639
-6323.7247
-7791.8912
-9155.436
5264.933
-1106.0315
-929.09135
648.9786
-234.52866
-149.32958
-875.77615
-671.40711
-1187.8102
-1494.778
-2042.7252
14.915973
-2580.5514
-182.82186
-1211.0482
-375.3257
2610.496
-1638.0317
-502.99063
-17.578666
3509.8838
-2297.5643
226.2616
2748.2851
1199.2191
-2013.5968
-752.43359
19.191568
-59.862821
-451.61123
-364.61651
-95.998008
-850.02461
-301.86352
-292.32607
-330.60861
-1595.3215
3124.6741
-1851.8244
-29.216901
1700.3253
-1216.8547
-449.26677
4438.1164
-5019.7351
107.82239
-1478.7367
-12463.972
-228.1887
290.23587
932.04922
2129.4759
-2262.9589
-293.81889
-434.91089
4840.4815
2674.9625
2547.0605
-4416.2215
-52.909647
-1649.5118
-1424.2956
-108.16
-194.321
-892.01507
-313.95471
-281.26168
-601.19582
-68.698312
-409.46765
-675.49435
-6159.323
2326.6054
50.070374
-469.02072
334.26521
-1854.8796
127.81624
4324.9284
2790.2691
-54.866631
3283.5595
2925.1743
-475.00212
320.22143
-10.945325
-2623.6937
-1114.5225
-598.28724
-291.68903
-557.67196
3126.7591
2764.4604
1271.4927
-982.49968
-887.26939
-1961.3933
-1577.839
-13.24144
2780.596
-1933.5744
-198.96969
-84.736755
-1388.4213
2028.545
-209.82606
5930.6949
-1717.8238
458.99863
-4480.3806
-354.63363
467.85717
-2354.5019
-5567.7499
3548.8474
4281.133
-896.99702
-2084.8733
2892.2516
4657.0011
-641.19359
-274.49987
123.84599
2289.3895
480.15732
-129.74618
3859.8721
331.97194
481.44547
2809.0476
-59.230779
-4785.0305
-2125.4986
-112.94418
-2606.2295
2521.3503
-285.45607
-2051.8773
1973.9272
-622.64914
-1695.1258
-7447.1772
-1153.1065
-3065.7809
2333.5749
-5808.7085
-2644.3207
5040.8897
-429.1207
-1689.538
2335.3245
-398.07077
-1782.5419
3803.4446
-8501.6043
-6121.5973
2436.8123
-1340.384
2785.7402
-1566.7356
1636.9689
-1352.0468
-1709.7097
2677.8297
70.960243
-273.67207
3221.0001
3184.0429
-1711.0804
2313.4709
-1140.4624
-344.15223
-587.38247
176.08212
-207.43961
-6751.4779
-2529.9438
-541.24294
367.7923
-1491.6239
-286.83832
4979.7934
1868.9113
135.97444
-316.72431
3967.8025
-117.4422
166.76534
91.682832
-346.37644
-5731.9155
2249.1185
-701.36589
-1511.0156
2629.964
-8007.6258
2641.1549
375.00508
-2499.322
-180.06194
-984.97595
468.16229
1298.4701
2239.9745
-168.32494
-6946.7538
3023.3118
1513.4443
34.316258
2293.4929
691.47893
-3584.0725
-10446.653
3244.7998
1556.9511
515.65976
-1852.1252
-183.74758
1793.6569
2025.7579
-3203.9573
-395.76854
-3747.0043
668.30455
-6777.5812
-511.31013
281.0436
-1302.5981
3020.0732
288.07304
-1445.031
2801.6269
-1314.6533
2909.9221
14.774194
-1399.3043
-1197.3875
-1404.5366
2501.1668
-3248.5611
271.93646
-5313.5629
-10863.929
-319.84671
-150.04651
-1511.5712
-2545.0245
-96.937251
3202.5794
6.6238629
2487.3018
-680.20392
-641.91303
-4528.1655
-168.4868
-1031.0257
-950.6327
-786.84253
-539.87543
2060.8672
-1264.6933
-292.34464
2693.3155
-110.76452
4637.6239
4615.8431
-378.24433
-398.96849
-3730.74
131.48752
-110.01607
-2472.9258
2550.82
-1985.1864
103.08427
-5934.21
-1351.3379
-675.03385
-1562.7889
-6554.324
-1756.3522
-366.73641
306.09581
-1827.6477
1438.835
-222.22422
-539.84348
5435.9356
2340.6042
-7226.0995
-11301.23
194.48766
-713.90117
-6308.0804
1951.8651
-415.61189
-7599.4571
-4397.1852
-1360.2473
2987.6955
1882.0243
-495.04207
3767.9813
-82.673587
-1189.0085
-2133.5039
-1137.1879
-1970.9974
-784.31607
2233.5981
-221.27799
807.12398
-760.30251
-467.37986
-475.27403
-683.65507
5833.1113
-276.14324
1663.6608
-541.17919
-2387.6022
-2038.0708
-81.730072
-84.724407
-247.13872
-6772.5167
-10875.175
249.60299
1984.0356
3667.8451
-11868.939
-1325.5162
2234.9979
1093.9541
1640.904
1326.2623
2890.3869
-7081.6759
2846.4325
2558.7567
288.75958
-2283.797
3169.6059
-925.71392
2298.3441
-6876.5204
-295.94964
-6623.2428
-4674.4645
-6954.9026
-235.00649
-201.90512
-6337.7433
-2693.3327
-862.40336
-840.97258
-869.1578
-370.98043
396.01736
4107.2478
5003.5824
2152.2054
2098.5027
-1285.0126
-439.26331
-5731.9698
-1548.3377
3029.5631
-328.71716
2946.3198
446.86907
-3916.1171
-453.62244
-7223.8298
-14.775549
3164.675
-408.596
-514.14576
189.96341
931.6988
1865.848
-986.52622
2967.5053
2967.3774
2360.5171
3612.3933
-2114.8637
1811.3889
231.80362
-6315.9441
-418.38284
-706.04811
-573.66665
1005.557
527.1956
-365.72883
-6401.2776
-927.59468
-0.70335978
3709.4378
-4656.9157
-576.21243
2750.0814
-176.71133
-1074.6481
246.13706
1000.9746
-887.6115
5113.786
-385.77845
-5685.9349
-3.1460106
69.037837
1916.6457
-714.2584
-3992.333
-7514.2999
-2976.5997
2934.8606
-1085.3941
1779.0334
-411.09215
-343.33503
-4718.2298
4897.2171
2272.5623
-810.30511
-744.16055
-5959.626
-301.8069
-1091.57
2382.8254
2442.9469
-2177.9799
-384.57062
-1998.6897
-7966.5217
-6486.2372
-474.95505
3195.9316
-368.15112
-197.27722
4732.388
3037.2415
-263.17254
-3355.9129
-1421.3908
-815.35432
-45.215291
-213.46875
-1387.7507
-826.60207
813.91344
-357.8132
1397.5821
2188.9688
412.47703
-1282.5214
3302.7526
2338.9822
2779.1407
-316.55884
-249.93734
2143.5384
-36.314654
-2340.5362
-1067.1273
2311.2084
10.044147
4.5802342
-246.88869
-3131.3853
-1810.3512
-2096.0074
-538.03162
-511.68277
47.586908
-306.75081
4030.5627
-156.54413
-354.25526
-1625.3058
1936.6997
-5512.9992
-155.94415
-5458.5425
-743.96379
-6204.4662
-573.62838
-1646.361
1997.7602
-2653.1836
2086.2563
-325.34218
-1824.3126
-3668.131
-1949.7637
-1344.4899
-1968.6983
-4355.8599
-3821.3286
-1288.7834
-1830.8479
3271.0095
3448.2287
514.1589
645.06909
-7421.7574
-6013.6496
-202.49085
2691.2218
3322.9772
)
;

boundaryField
{
    back
    {
        type            empty;
    }
    out
    {
        type            totalPressure;
        rho             none;
        psi             none;
        gamma           1;
        p0              uniform 0;
        value           uniform 0;
    }
    bottom
    {
        type            zeroGradient;
    }
    in
    {
        type            zeroGradient;
    }
    top
    {
        type            zeroGradient;
    }
    wall
    {
        type            zeroGradient;
    }
    front
    {
        type            empty;
    }
}


// ************************************************************************* //
