/*--------------------------------*- C++ -*----------------------------------*\
| =========                 |                                                 |
| \\      /  F ield         | foam-extend: Open Source CFD                    |
|  \\    /   O peration     | Version:     4.1                                |
|   \\  /    A nd           | Web:         http://www.foam-extend.org         |
|    \\/     M anipulation  |                                                 |
\*---------------------------------------------------------------------------*/
FoamFile
{
    version     2.0;
    format      ascii;
    class       surfaceScalarField;
    location    "0.8";
    object      phi;
}
// * * * * * * * * * * * * * * * * * * * * * * * * * * * * * * * * * * * * * //

dimensions      [0 3 -1 0 0 0 0];

internalField   nonuniform List<scalar> 
6703
(
0.00036756215
0.013043886
-0.013411448
-0.0020930059
0.024379697
-0.021919129
-0.0056320361
0.030655976
-0.027116945
-0.0097321427
0.036563715
-0.032463609
-0.014438634
0.043335658
-0.038629167
-0.01980705
0.051254396
-0.04588598
-0.025895592
0.060505022
-0.054416479
-0.032767315
0.071293216
-0.064421493
-0.040497469
0.083848059
-0.076117904
-0.049180464
0.09843091
-0.089747916
-0.058936835
0.11534335
-0.10558698
-0.069917957
0.13493783
-0.12395671
-0.082307796
0.15763953
-0.14524969
-0.0963245
0.18397379
-0.16995708
-0.11232049
0.21464186
-0.19864587
0.25061608
-0.23259957
-0.13033699
-0.0002930407
0.013336927
-0.0018894079
0.025976064
-0.0043404515
0.033107019
-0.0072919457
0.03951521
-0.010802914
0.046846626
-0.014977898
0.05542938
-0.019934192
0.065461316
-0.025799376
0.077158399
-0.03271814
0.090766823
-0.040857227
0.10657
-0.050415173
0.12490129
-0.061637675
0.14616033
-0.074834707
0.17083656
-0.09039876
0.19953784
-0.10871271
0.23295581
0.27196181
-0.13005844
0.00042788709
0.01290904
0.00012200043
0.026281951
-0.0010986282
0.034327648
-0.0028405507
0.041257132
-0.0049951044
0.04900118
-0.0076081268
0.058042402
-0.010772349
0.068625538
-0.014584472
0.080970523
-0.019170992
0.095353343
-0.024693324
0.11209233
-0.031343851
0.13155182
-0.039349961
0.15416644
-0.048982705
0.18046931
-0.060574125
0.21112926
-0.0745437
0.24692538
0.28862878
-0.09121067
0.0012729778
0.011636062
0.0023494231
0.025205505
0.0025670377
0.034110033
0.0021863566
0.041637813
0.0014943349
0.049693202
0.00056149409
0.058975243
-0.00064465606
0.069831688
-0.0022108179
0.082536685
-0.0042649581
0.097407483
-0.0069496512
0.11477702
-0.010429789
0.13503196
-0.014900118
0.15863677
-0.02058378
0.18615297
-0.027725523
0.218271
-0.036584554
0.25578441
0.29925183
-0.047207603
0.0025083669
0.0091276951
0.0057314917
0.021982381
0.0081540678
0.031687457
0.0097308809
0.040061
0.010819062
0.048605021
0.011656937
0.058137367
0.012341203
0.069147422
0.01287599
0.082001898
0.013218312
0.097065161
0.013273651
0.11472168
0.012905542
0.13540007
0.011945576
0.15959673
0.010199741
0.1878988
0.0074536193
0.22101712
0.0034492561
0.25978877
0.30502285
-0.0023217644
0.0048483714
0.0042793237
0.010648356
0.016182396
0.016066537
0.026269276
0.020561201
0.035566336
0.024251205
0.044915017
0.027398175
0.054990397
0.030232872
0.066312725
0.032907535
0.079327235
0.03550117
0.094471526
0.03802035
0.1122025
0.0404083
0.13301212
0.04255854
0.15744649
0.044329212
0.18612813
0.045559586
0.21978675
0.046089473
0.25925889
0.30533238
0.045779947
0.0055094677
-0.001230144
0.015167634
0.0065242301
0.024198042
0.017238868
0.03260387
0.027160507
0.040205367
0.037313519
0.046982191
0.048213573
0.053035313
0.060259604
0.058532195
0.073830353
0.063652851
0.08935087
0.068554134
0.10730122
0.07334331
0.12822294
0.078068162
0.15272164
0.082724979
0.18147131
0.087283266
0.21522846
0.091706028
0.25483612
0.30117166
0.095866741
0.0016518122
-0.0028819562
0.010693629
-0.0025175862
0.025414556
0.0025179405
0.039565484
0.01300958
0.052191456
0.024687548
0.063901168
0.036503861
0.074718377
0.049442394
0.084625738
0.063922992
0.093673274
0.080303334
0.10199556
0.098978929
0.10977044
0.12044807
0.11719574
0.14529634
0.12446916
0.17419789
0.13178841
0.20790922
0.13935962
0.24726491
0.29312995
0.14740134
-0.00097784481
-0.0019041114
0.0009449776
-0.0044404086
0.0093948123
-0.0059318942
0.024894655
-0.0024902628
0.045273953
0.0043082494
0.064738185
0.017039629
0.082319072
0.031861507
0.09880303
0.047439035
0.11424544
0.064860923
0.12854945
0.084674918
0.14167313
0.1073244
0.15370432
0.13326514
0.16487472
0.16302749
0.17559662
0.19718732
0.18646843
0.2363931
0.28142259
0.19817578
-0.0011862059
-0.00071790548
-0.0022688353
-0.0033577792
-0.002244905
-0.0059558244
0.0030975219
-0.0078326896
0.015546058
-0.0081402867
0.035620348
-0.0030346608
0.061725851
0.0057560042
0.088635207
0.020529679
0.11367738
0.039818751
0.13699828
0.06135402
0.15846279
0.085859878
0.17784407
0.11388386
0.19515829
0.14571328
0.21099116
0.18135445
0.22649956
0.2208847
0.26457679
0.24334537
0.00028438373
-0.0010022892
0.0011564528
-0.0042298482
0.002205717
-0.0070050885
0.0034106981
-0.0090376707
0.0056668622
-0.010396451
0.013712455
-0.011080254
0.029888287
-0.010419827
0.054845479
-0.0044275139
0.087437009
0.0072272218
0.12058269
0.028208337
0.15117451
0.055268064
0.17888449
0.086173876
0.20306294
0.12153484
0.22489574
0.15952165
0.2458879
0.19989253
0.24228762
0.26817706
0.0022084695
-0.0032107587
0.0058353531
-0.0078567317
0.0093274755
-0.010497211
0.01253148
-0.012241675
0.01567721
-0.013542181
0.019062577
-0.01446562
0.023430529
-0.01478778
0.033040466
-0.01403745
0.051649088
-0.0113814
0.083835681
-0.003978257
0.12072647
0.018377273
0.14233011
0.064570235
0.16226044
0.10160451
0.18111568
0.14066641
0.19901644
0.18199177
0.22425885
0.21704522
-0.0016152277
-0.011797767
0.013412995
-0.0038550826
-0.020014732
0.022254587
-0.0066867424
-0.024701617
0.027533276
-0.010223942
-0.029420838
0.032958038
-0.014486207
-0.034896304
0.039158568
-0.019586045
-0.041312184
0.046412022
-0.025659379
-0.048813618
0.054886952
-0.032858884
-0.057557079
0.064756584
-0.041336508
-0.067716095
0.076193718
-0.051234467
-0.079483954
0.089381913
-0.062683096
-0.093077767
0.1045264
-0.075798358
-0.10874629
0.12186155
-0.090689375
-0.12678438
0.1416754
-0.10749101
-0.14757861
0.16438024
-0.12667903
-0.17150559
0.19069361
-0.19906229
0.22167427
-0.14929101
-0.0016816982
-0.010116069
-0.0048689384
-0.016827492
-0.0088959901
-0.020674565
-0.013728009
-0.024588818
-0.019487936
-0.029136378
-0.026334322
-0.034465798
-0.034452331
-0.04069561
-0.044054608
-0.047954801
-0.055384574
-0.056386128
-0.06872031
-0.066148218
-0.084378702
-0.077419375
-0.10272084
-0.090404151
-0.12416203
-0.10534319
-0.1491863
-0.12255434
-0.178302
-0.14238989
-0.16540415
-0.21196014
-0.0021149636
-0.0080011051
-0.0057599781
-0.013182478
-0.010281953
-0.01615259
-0.015683212
-0.01918756
-0.02210471
-0.02271488
-0.029723664
-0.026846843
-0.038745136
-0.031674137
-0.049404221
-0.037295717
-0.061969142
-0.043821207
-0.07674502
-0.05137234
-0.094078914
-0.060085481
-0.11436711
-0.070115951
-0.13806555
-0.081644745
-0.16571659
-0.094903309
-0.19795633
-0.11015016
-0.12757691
-0.23578356
-0.0024099736
-0.0055911315
-0.0063453531
-0.0092470981
-0.011198177
-0.011299766
-0.017002392
-0.013383344
-0.023911643
-0.015805629
-0.032114764
-0.018643722
-0.041829721
-0.02195918
-0.053305386
-0.025820052
-0.066823905
-0.030302688
-0.082703271
-0.035492974
-0.10130053
-0.041488224
-0.12301736
-0.048399116
-0.14831078
-0.05635133
-0.17769746
-0.065516629
-0.21173544
-0.076112178
-0.08866232
-0.25065003
-0.002723329
-0.0028678025
-0.0069126015
-0.0050578256
-0.012034733
-0.0061776346
-0.018150081
-0.0072679961
-0.025420956
-0.0085347543
-0.034046947
-0.010017731
-0.044260191
-0.011745936
-0.056327346
-0.013752898
-0.07055278
-0.016077254
-0.087282858
-0.018762895
-0.1069118
-0.021859281
-0.12988767
-0.025423246
-0.15671682
-0.029522177
-0.18799144
-0.034242017
-0.22456011
-0.039543505
-0.045047374
-0.26817505
0.00059857331
0.012534663
-0.013133237
0.00053876046
0.026132098
-0.026072285
-0.00041165893
0.034252272
-0.033301852
-0.0018323018
0.041184277
-0.039763634
-0.0036002827
0.048908623
-0.047140642
-0.0057508806
0.057928113
-0.055777515
-0.0083635411
0.068494775
-0.065882115
-0.011537807
0.080852419
-0.077678153
-0.015388225
0.095267703
-0.091417285
-0.02004813
0.11204783
-0.10738793
-0.025697279
0.13157774
-0.12592859
-0.032556865
0.15430766
-0.14744807
-0.040908581
0.18081824
-0.17246652
-0.051114554
0.21190141
-0.20169544
-0.063571876
0.2486595
-0.23620218
0.29245769
-0.27723654
-0.078793024
-0.0027012755
-0.00016652697
-0.0074228167
-0.00033628447
-0.013131171
-0.00046927987
-0.019787964
-0.00061120412
-0.027555276
-0.00076744217
-0.036630524
-0.00094248254
-0.047236814
-0.0011396457
-0.059628427
-0.0013612856
-0.074096411
-0.0016092702
-0.090973871
-0.0018854349
-0.11064104
-0.0021921161
-0.13353148
-0.0025328011
-0.16014074
-0.0029129213
-0.19104192
-0.0033408371
-0.22669891
-0.0038865119
-0.0045087936
-0.26723749
-0.0026213653
0.0024548383
-0.0073079363
0.0043502865
-0.013032919
0.005255703
-0.019759046
0.0061149229
-0.027648366
0.0071218776
-0.036899337
0.0083084887
-0.047735643
0.0096966605
-0.060409391
0.011312462
-0.075204342
0.01318568
-0.092438833
0.015349057
-0.11246878
0.017837829
-0.13569167
0.020690089
-0.16255375
0.023949157
-0.19351667
0.027622085
-0.22905834
0.031655157
0.035823678
-0.26939081
-0.0027941236
0.0052489619
-0.0071040159
0.0086601788
-0.012378085
0.010529772
-0.01868274
0.012419578
-0.02618022
0.014619357
-0.035067856
0.017196125
-0.045573108
0.020201912
-0.057954361
0.023693715
-0.07250305
0.027734369
-0.089546723
0.032392729
-0.10945312
0.037744224
-0.13263465
0.043871621
-0.15955182
0.050866325
-0.19074567
0.058815941
-0.22696542
0.067874907
0.078348104
-0.26948985
-0.0024675088
0.0077164707
-0.0064723128
0.012664983
-0.011410079
0.015467539
-0.017316175
0.018325673
-0.024342698
0.021645881
-0.032675412
0.025528839
-0.042527315
0.030053815
-0.054139707
0.035306107
-0.067784064
0.041378726
-0.083764699
0.048373364
-0.10242306
0.056402584
-0.12414605
0.065594614
-0.14938348
0.076103753
-0.17868962
0.088122083
-0.21266507
0.10185035
0.11731961
-0.25163658
-0.0021715279
0.0098879986
-0.0058684006
0.016361856
-0.010448409
0.020047547
-0.01591917
0.023796434
-0.022421276
0.028147987
-0.030130685
0.033238248
-0.039250637
0.039173767
-0.050013803
0.046069273
-0.062685799
0.054050722
-0.077570259
0.063257824
-0.095017072
0.073849397
-0.11543567
0.086013215
-0.13931119
0.099979266
-0.16719732
0.11600822
-0.19994433
0.13459736
0.15670156
-0.23932627
-0.001792009
0.011680008
-0.0050794512
0.019649298
-0.0092124761
0.024180572
-0.014173965
0.028757923
-0.020088657
0.034062679
-0.027115824
0.040265416
-0.035441177
0.04749912
-0.045278898
0.055906994
-0.056877404
0.065649228
-0.070527092
0.076907513
-0.086570331
0.089892636
-0.10541503
0.10485791
-0.12755746
0.1221217
-0.15359595
0.14204671
-0.18409042
0.16509183
0.19164774
-0.2190366
-0.0018981702
0.013578178
-0.004335669
0.022086796
-0.0073657165
0.02721062
-0.011107347
0.032499553
-0.015591176
0.038546508
-0.020931735
0.045605975
-0.027263153
0.053830538
-0.034737761
0.063381601
-0.04351328
0.074424747
-0.053747387
0.08714162
-0.065594048
0.1017393
-0.079198116
0.11846198
-0.094691541
0.13761512
-0.11224013
0.1595953
-0.13198389
0.18483559
0.21432285
-0.154659
-0.0022235908
0.00050626518
0.0017173256
-0.0055324635
0.0019674906
0.0013413821
-0.010357241
0.0040435154
0.0007812622
-0.013369625
0.0066951827
-0.0036827991
-0.015222486
0.0099360515
-0.0080831897
-0.016335231
0.013314479
-0.012201734
-0.017267312
0.016974312
-0.01604223
-0.01212263
0.014326229
-0.019470911
0.0012869532
0.0090587139
-0.022468297
0.027367974
-0.0013829999
-0.024698021
0.070133368
-0.018364516
-0.024400878
0.12930922
-0.041876665
-0.01729919
0.17899731
-0.071689318
0.022001232
0.22390671
-0.10685195
0.061942552
0.26536112
-0.1473845
0.1059301
-0.19435886
0.15718176
0.30253821
-0.0028053049
0.0033115701
-0.0067521477
0.0059143335
-0.01055717
0.0078485374
-0.014042775
0.010180788
-0.016854738
0.012748015
-0.013726034
0.010185775
-0.0021590006
0.0054072779
0.020413914
-0.0082466859
0.053907865
-0.024435237
0.095947066
-0.0434222
0.14180094
-0.064218387
0.18814596
-0.088221686
0.23285007
-0.11639343
0.27574639
-0.14974827
0.31752683
-0.18916495
-0.23589115
0.35905912
-0.00084563779
0.0041572079
-0.0027612994
0.0078299951
-0.0046828748
0.0097701128
-0.001738871
0.007236784
0.008779481
0.0022296628
0.027338919
-0.0083736634
0.054388481
-0.021642284
0.082908539
-0.036766744
0.11191146
-0.053438159
0.14064258
-0.072153314
0.16970667
-0.093282485
0.19884132
-0.11735633
0.22765453
-0.14520664
0.25584878
-0.17794252
0.2835909
-0.21690707
-0.2637161
0.31141585
-0.0008800911
0.005037299
0.00054347618
0.0064064278
0.0082158505
0.0020977385
0.022257645
-0.0068050106
0.04263155
-0.018144242
0.064275649
-0.030017762
0.085491828
-0.042858463
0.10580838
-0.057083299
0.12533118
-0.072960957
0.14404567
-0.090867802
0.16206882
-0.11130563
0.17964696
-0.13493447
0.19704539
-0.16260508
0.21450214
-0.19539926
0.23225097
-0.2346559
-0.28187429
0.25040916
0.0012902103
0.0037470887
0.010331902
-0.0026352634
0.025588814
-0.013159174
0.042098636
-0.023314832
0.057548657
-0.033594264
0.072006004
-0.044475109
0.085455447
-0.056307905
0.097858187
-0.069486039
0.10934485
-0.084447618
0.1201729
-0.10169585
0.13067946
-0.12181219
0.1412151
-0.14547012
0.15207431
-0.17346428
0.16343993
-0.20676489
0.17536919
-0.24658516
-0.29427152
0.18776641
0.0058482902
-0.0021012015
0.017219131
-0.014006104
0.028289652
-0.024229695
0.038559161
-0.033584341
0.047843299
-0.042878402
0.056124398
-0.052756208
0.063577623
-0.063761131
0.070462791
-0.076371207
0.077059941
-0.091044768
0.083623142
-0.10825905
0.090349781
-0.12853883
0.097350519
-0.15247085
0.10464381
-0.18075757
0.11216869
-0.21428977
0.11979364
-0.25421011
-0.30174716
0.12726928
0.0058383153
-0.0079395168
0.012720282
-0.020888071
0.019202201
-0.030711615
0.024684904
-0.039067044
0.029296076
-0.047489574
0.033363788
-0.056823919
0.037190113
-0.067587456
0.040990763
-0.080171856
0.044886236
-0.094940241
0.048911447
-0.11228426
0.053035325
-0.13266271
0.05716475
-0.15660028
0.061159125
-0.18475195
0.064845366
-0.21797601
0.068030032
-0.25739477
-0.30432483
0.070607705
0.0030270259
-0.010966543
0.0067878969
-0.024648942
0.0097357415
-0.033659459
0.011840268
-0.04117157
0.013501126
-0.049150433
0.015007076
-0.058329869
0.016491538
-0.069071918
0.017984463
-0.081664782
0.019452763
-0.096408541
0.020821233
-0.11365273
0.021973953
-0.13381543
0.022743546
-0.15736987
0.022928019
-0.18493642
0.022295286
-0.21734328
0.02057737
-0.25567686
-0.30112366
0.017376195
0.0015681206
0.0030512771
0.0036440892
0.0036567965
0.0034149865
0.0030132298
0.0024360877
0.0016237252
0.00048288717
-0.0011220143
-0.0033597068
-0.0064219234
-0.01054011
-0.015981977
-0.022999327
-0.031665296
-0.00019494643
-0.01293829
-0.0017156496
-0.024551582
-0.0040796303
-0.030937872
-0.0069088988
-0.036934366
-0.0102454
-0.043804141
-0.014175347
-0.051847567
-0.018796969
-0.061260494
-0.024218873
-0.072256249
-0.030564181
-0.085071977
-0.037978379
-0.09997373
-0.0466438
-0.11726317
-0.056802649
-0.13728922
-0.068789035
-0.16048013
-0.083042099
-0.18744237
-0.10011325
-0.21913103
-0.25691452
-0.12043527
0.00030624812
-0.013244538
-0.0021586791
-0.022086655
-0.0056528544
-0.027443696
-0.009661748
-0.032925472
-0.014221782
-0.039244107
-0.019378346
-0.046691003
-0.025177423
-0.055461416
-0.031668874
-0.065764798
-0.038919164
-0.077821687
-0.047019893
-0.091873001
-0.056093933
-0.10818913
-0.066303768
-0.12707939
-0.077863176
-0.14892073
-0.091084127
-0.17422142
-0.10631343
-0.20390173
-0.23947511
-0.12375284
0.0015924159
-0.0048645739
0.003272158
0.0033168085
-0.0097157171
0.0079913245
0.0050087516
-0.012344607
0.010652664
0.0066904295
-0.014116549
0.012434871
0.0085309672
-0.015635442
0.013794904
0.010690065
-0.016969194
0.014810097
0.013279019
-0.017876289
0.015287335
0.016402749
-0.017938315
0.014814584
0.020167954
-0.016449853
0.012684649
0.024764871
-0.012371651
0.0077747335
0.037369541
-0.0055554975
-0.007049172
0.063175225
0.025245094
-0.051050777
0.089594337
0.061324686
-0.087743798
0.11442252
0.10031791
-0.12514609
0.13918205
0.13891363
-0.16367316
0.17545652
-0.20313524
0.16686076
0.0013878316
-0.0062524054
0.0021871461
-0.010515032
0.0022540725
-0.012411533
0.0019503039
-0.01381278
0.0013545731
-0.015039711
0.0004162613
-0.016030882
-0.00092367617
-0.016536351
-0.0027177369
-0.016144254
-0.0050614653
-0.014106125
-0.0083628921
-0.0090702241
-0.014566687
0.00064829807
-0.0060187892
0.016697196
0.013889522
0.041416374
0.041625651
0.07258178
0.074715535
0.10582374
0.1378757
0.11229636
-0.00067574144
-0.005576664
-0.0029220874
-0.0082686856
-0.0064574421
-0.0088761787
-0.011025606
-0.0092446163
-0.016564311
-0.009501006
-0.02311323
-0.0094819627
-0.030714129
-0.008935452
-0.039313244
-0.0075451392
-0.048582571
-0.0048367968
-0.057541526
-0.00011126973
-0.06442735
0.0075341226
-0.067229569
0.019499415
-0.063082722
0.037269528
-0.051324281
0.06082334
-0.033547534
0.088046997
0.11549957
-0.011171404
-0.0032388301
-0.0023378338
-0.0084318462
-0.0030756694
-0.014455044
-0.0028529807
-0.02127699
-0.0024226699
-0.028989075
-0.001788921
-0.037646199
-0.00082483859
-0.047243811
0.00066215967
-0.057729045
0.0029400955
-0.068931005
0.0063651635
-0.080478091
0.011435816
-0.091946732
0.019002764
-0.10234437
0.029897055
-0.10998778
0.044912941
-0.11357637
0.064411922
-0.11336187
0.087832505
0.11347926
-0.11134156
-0.0032453426
0.0009075089
-0.0082565572
0.0019355452
-0.013960314
0.002850776
-0.020366676
0.0039836924
-0.027614737
0.0054591402
-0.035845363
0.0074057872
-0.045175287
0.0099920836
-0.055686303
0.013451112
-0.067424473
0.018103334
-0.080368919
0.024380263
-0.094218115
0.03285196
-0.10848743
0.044166369
-0.12252316
0.058948673
-0.13592949
0.077818255
-0.14847827
0.10038128
0.12651469
-0.16151369
-0.0019160355
0.0028235445
-0.005277486
0.0052969959
-0.0094971305
0.0070704206
-0.014495058
0.0089816204
-0.020334888
0.01129897
-0.027110746
0.014181646
-0.03491727
0.017798608
-0.043831324
0.022365165
-0.053893817
0.028165827
-0.065076851
0.035563298
-0.077225984
0.045001093
-0.090041241
0.056981626
-0.10308018
0.071987615
-0.11581832
0.090556398
-0.12786308
0.11242603
0.13650798
-0.13785636
-0.00072439412
0.0035479386
-0.0026041245
0.0071767264
-0.0052804751
0.0097467712
-0.0085518193
0.012252965
-0.012397593
0.015144744
-0.016873895
0.018657948
-0.022037949
0.022962662
-0.027930314
0.02825753
-0.03455161
0.034787123
-0.041835159
0.042846847
-0.049606556
0.05277249
-0.057533307
0.064908378
-0.065083183
0.07953749
-0.07129175
0.096764965
-0.075369167
0.11650345
0.1358358
-0.074696995
0.00035333616
0.0031946025
8.9743666e-05
0.007440319
-0.00082527125
0.010661786
-0.0021829318
0.013610625
-0.0038681334
0.016829945
-0.0058419307
0.020631745
-0.0080934472
0.025214179
-0.010598184
0.030762267
-0.013289726
0.037478665
-0.016027944
0.045585066
-0.018559516
0.055304061
-0.020462664
0.066811526
-0.021083421
0.080158247
-0.019432738
0.095114282
-0.013621378
0.11069209
0.12069914
0.00151529
0.0014681384
0.0017264641
0.0029772162
0.0059312413
0.0039922137
0.0096467888
0.0045598494
0.01304299
0.0048764105
0.016513385
0.0051310485
0.020377107
0.0054729993
0.024872228
0.0060441335
0.030191133
0.0070251415
0.036497657
0.0086873418
0.043922865
0.011456577
0.052534826
0.015999232
0.062268871
0.023360253
0.072797227
0.035278304
0.083196231
0.05526171
0.090708681
0.085410582
0.090550264
0.0025270132
-0.00080054908
0.0057179137
0.0027403409
0.0087061207
0.0066585818
0.011294438
0.010454672
0.013520385
0.014287438
0.015596992
0.018300501
0.017808687
0.022660533
0.020478855
0.027520965
0.023988223
0.03298829
0.028824135
0.039086954
0.035660527
0.045698434
0.045474236
0.052455163
0.059708029
0.058563434
0.080421558
0.062482701
0.11391283
0.057217408
0.031207995
0.16811542
0.0014997561
-0.0023003052
0.0053729096
-0.0011328125
0.0095616155
0.0024698759
0.013426069
0.0065902192
0.016807621
0.010905885
0.019905645
0.015202478
0.023073673
0.019492505
0.026746416
0.023848222
0.031453935
0.028280771
0.037861671
0.032679217
0.046862197
0.036697909
0.059810846
0.039506514
0.08108073
0.037293549
0.11961681
0.023946622
0.18151832
-0.0046841029
-0.051599384
0.2643257
-0.00058358318
-0.001716722
-0.00034406176
-0.0013723339
0.0027692197
-0.0006434055
0.0054851405
0.0038742985
0.008008261
0.0083827645
0.010606523
0.012604216
0.013536305
0.016562723
0.017151967
0.02023256
0.02186542
0.023567318
0.028172467
0.02637217
0.036408957
0.028461418
0.047236763
0.028678708
0.084021387
0.00050892581
0.14081328
-0.032845269
0.20753236
-0.07140319
-0.11735251
0.27328549
0.00033439697
-0.00016672944
0.00042807143
0.00046401591
0.00038135649
0.00010135101
-0.00048459024
-0.0015244817
-0.0032176394
-0.0058239352
-0.0096716142
-0.015166341
-0.022800908
-0.033162696
-0.046972981
-0.065249705
0.00033638855
-0.00016845636
0.00042596862
0.00045853406
0.00037299523
9.4014123e-05
-0.00048044981
-0.0014886638
-0.0031166325
-0.0056077207
-0.0092704511
-0.01448829
-0.021733614
-0.031574789
-0.044782911
-0.062583749
-3.0348144e-05
-6.0362989e-07
0.00010750859
0.00029900802
0.00059858277
0.0010010645
0.0015215572
0.0022832066
0.0033822271
0.0050563763
0.009116917
0.020496435
0.043006593
0.072103875
0.10663078
0.14646003
0.0001959921
-6.1399283e-05
0.00035144523
0.00054464107
0.0007973641
0.0011418407
0.0016413958
0.0024185302
0.0037217792
0.0075182558
0.018846357
0.032365815
0.046226523
0.061746846
0.080065451
0.10118907
0.23080162
-0.67817404
0.44737242
1.3344575
-1.3800941
0.045636594
0.17027792
-0.478142
0.30786408
1.3344575
-0.36064684
0.16153089
0.19911595
-1.4257818
0.78276594
0.64301583
-0.18923687
0.6661068
-0.47686993
1.1656137
0.43987435
-1.605488
1.2125098
0.30090644
-1.5134162
0.18480043
-0.25005013
-0.28739489
0.22481114
0.59571812
1.0886612
-1.6843793
-0.54147215
-0.57576239
1.1172345
-1.1951988
0.47867164
0.71652713
-0.24236618
0.59652831
-0.35416213
0.69050982
-0.10302685
-0.58748297
1.1325858
-1.1477933
0.01520749
0.061359298
0.28060699
-0.34196629
0.18902769
-0.25532131
0.066293626
0.95688485
-0.32042522
-0.63645963
-0.26643461
-0.094212222
-1.1527215
0.61124936
-1.4220348
1.4086185
0.013416247
0.10745961
1.2793194
-1.386779
0.014790987
-0.85378986
0.83899887
0.87313024
0.16835747
-1.0414877
-0.64077412
-0.99370215
1.6344763
0.95280302
-0.29719306
-0.65560997
0.2329748
1.0252153
-1.2581902
-0.36239009
0.83404226
-0.47165217
1.1800954
-0.30696519
0.29851674
-0.22136173
-0.07715501
-0.018448539
1.3033533
-1.2849048
1.0281841
-0.03385381
-0.9943303
0.16445738
-0.92225885
0.75780147
1.3911982
-1.1736151
-0.21758303
1.0999369
-1.1504064
0.050469536
-0.71476001
0.87921739
0.84833895
-0.51513588
-0.33320307
-1.2990785
0.24126135
1.0578171
0.35851613
-0.16603814
-0.19247799
1.1865251
-0.55935093
-0.62717416
1.1656137
-0.3923421
0.86553357
-0.47319147
1.2125098
-0.13440454
0.55511386
-0.42070932
-0.3086572
1.0917421
-0.78308487
-1.4705091
0.6299525
0.84055664
-1.1656137
1.7515571
-0.58594337
-1.2125098
1.7672206
-0.55471084
0.51929578
-0.12989775
-0.38939803
-0.57673435
0.24864696
0.32808739
0.20919462
-0.39423666
0.18504204
0.1309685
0.18935994
-0.32032844
-0.52657744
0.87015845
-0.34358101
0.16825155
0.84065385
-1.0089054
0.13768491
-0.28042757
0.14274266
-0.82121055
0.52688219
0.29432836
-1.5779652
0.17085137
1.4071138
1.3986348
-0.46644015
-0.93219466
1.3190665
0.079568359
0.83457434
0.61246888
-1.4470432
0.78337554
0.65064329
-1.4340188
-0.34463218
0.76306997
-0.41843779
-0.00092173432
-0.62220444
0.62312618
-0.99171883
1.0425037
-0.050784896
0.68949943
-0.97068229
0.28118286
0.68924656
0.33404571
-1.0232923
-0.17253062
0.94791474
-0.77538412
-1.4963231
1.1876659
-0.54754339
1.0222814
-0.47473801
0.36914319
0.32136664
-0.37615259
0.30141275
0.07473984
0.79788717
1.0158828
-1.8137699
1.396413
-1.2912455
-0.10516753
0.077965214
-0.54579667
0.92406317
-0.3782665
1.0279805
-0.38597122
-0.64200923
1.5892706
-1.4233603
-0.1659103
1.1601184
-1.037535
-0.1225834
0.42084421
-0.52948986
0.10864565
-0.35213491
0.12042417
0.23171074
0.17317742
-0.53556752
-1.9432728
1.3802002
0.56307261
0.38093679
0.75164906
0.40316379
-1.4112787
1.0081149
-0.69021974
1.1424115
-0.45219172
-0.19495283
-0.95219807
1.1471509
0.48379876
-0.27003728
-0.21376147
0.079354843
1.3170582
0.95138207
-0.07365443
-0.87772764
-1.0905587
0.5160638
0.57449492
0.089674933
0.5390779
-0.62875283
0.45988256
0.38845639
0.65693996
0.36760843
-1.0245484
0.68861198
-0.27803259
-0.41057939
-0.65788991
-0.807845
0.45451876
-0.28424085
-0.026461895
-0.36153897
0.38800087
-0.4332769
0.84433138
-0.41105448
-0.49519917
1.2930863
-0.90621323
1.1998684
-0.29365518
-0.82039435
-0.27016436
-0.050507561
1.1504444
1.303248
-1.2116729
-0.091575122
-0.75653194
-0.43866683
-1.7131358
1.1438589
0.56927684
-1.9190306
1.3901168
0.5289138
0.8589889
-0.37607937
-0.48290953
0.15786783
-0.55020992
0.25302691
-0.77960434
0.0071760076
0.62947988
-0.63665588
0.45689861
-0.62942923
0.22314479
0.13537134
0.24928051
0.70760434
1.0627681
0.52650246
0.57502447
-0.56784847
0.35703477
0.84518014
-1.2022149
1.6593236
-0.97265502
-0.68666859
-0.3431637
0.72260496
-0.37944126
-0.0099183584
0.21911298
0.29938727
-0.16841876
-0.066050677
0.15808296
-0.092032279
1.7049993
-1.7234479
0.14314049
0.066185163
-0.20932565
0.17774136
-0.33925505
-1.1514809
1.215864
-0.064383137
-0.33581418
0.22767759
0.10813658
0.78846954
-0.7114076
-0.077061939
-0.84007908
0.76632823
0.073750855
0.27954019
-0.14185528
-0.41951933
0.54478292
-0.12526359
-0.82620206
1.3806738
-0.55447171
0.32742603
0.85909906
1.0898634
-0.400364
0.49952632
0.35946257
-0.52977307
0.39536852
0.9953982
-1.190351
-0.48079741
0.45433552
0.89612607
0.40712195
0.79388408
-1.6225507
0.82866661
0.48498492
0.36138167
-0.19985078
-0.61827245
0.84907407
1.2564126
-1.2564126
-0.35084361
-0.16123477
1.1126168
0.16759896
-0.71339563
-0.068937643
1.0355686
-0.96663092
-0.61172588
1.4463002
-0.63834101
1.4217165
1.323775
-0.76987026
-0.55390479
0.48043707
0.44381511
-0.78697881
0.98657034
-1.2399357
0.25336534
0.89058274
-0.87579175
0.16716087
-0.095774741
-1.028537
1.1243117
1.5477884
0.26942927
-1.8172176
-0.62097659
0.97801136
-0.5706332
0.71803454
-0.56880389
0.7565703
-0.059710531
0.71665049
0.02847687
0.53995763
-0.5684345
-0.86014095
-0.051720064
0.91186101
0.50096481
-1.3271669
-1.4507006
1.381763
0.91895064
0.39390491
-1.3128555
-0.083873972
-0.58310309
0.66697706
-0.60902993
1.204748
-1.044207
0.37148289
0.67272414
0.56918398
-0.47950904
0.12229098
-0.68321953
0.56092856
0.92893552
-1.1287808
0.19984528
0.90085183
0.42292322
-1.514996
0.80023596
0.064844684
1.0952737
1.0502937
0.79405066
-1.4348248
-0.07652658
0.49737079
-1.0553053
0.82977084
0.22553446
-1.1337081
1.0498341
0.62973277
0.74743854
-1.3771713
0.87416136
0.14812004
-0.63622159
0.75851257
-0.31632557
-0.73897972
-0.17535366
-0.33055757
0.50591123
0.35920481
-0.77168121
0.4124764
-0.050024075
0.61806619
-0.56804211
-1.0728276
0.2159674
0.8568602
0.17605941
1.2432501
-1.4193095
-0.98698716
-0.58642128
1.5734084
0.22009516
0.73270787
-0.12331668
-0.05893068
0.18224736
-0.97929792
-0.16849542
1.1989926
-1.0915329
1.1257357
-0.19680018
-0.58664431
-0.20972639
0.79637071
-0.67956954
-0.30466049
0.98423003
-0.12438392
0.47124699
-0.34686307
-0.059430703
0.88920154
-0.5366426
-0.47213705
1.0087796
0.53822816
0.053753641
-0.5919818
-0.78711147
0.7279009
0.05921057
-0.99787497
0.55021724
0.44765773
-0.88768777
0.5713622
0.57600387
-1.1517663
1.5477884
0.19047215
0.37933983
-0.56981198
1.4526249
-1.1116701
-0.34095485
-1.1492222
1.2224687
-0.53322213
-0.88009943
-0.27138145
0.032885372
-0.83593644
0.80305107
-1.1073202
1.2833797
0.65166004
-1.1762998
0.52463974
0.58465399
0.78247521
-1.3671292
-0.67662506
0.5281558
-0.70350947
0.015465427
-0.43498475
-1.1944246
-0.51871118
1.0482368
-0.10032204
1.0877917
-0.91252141
-0.17527029
0.90264022
0.75529742
-1.6579376
0.17535747
-0.69049334
-0.050092353
0.019502187
0.030590167
-0.40012807
0.59060022
-0.54190499
1.4445452
-1.4032866
1.4254658
-0.022179186
0.30745976
0.23732316
-0.033979459
-0.08933722
0.36852903
-0.38075343
0.012224404
0.2735371
-1.4313313
1.1577942
-0.47552877
-0.012042293
0.48757106
-0.16407135
-0.68256551
0.84663685
0.47207328
0.40208808
0.274901
1.1069202
-1.3818212
-0.61658814
0.28603057
1.1047138
0.22249114
-1.3272049
0.027973468
1.2152766
0.59437872
0.5857167
1.055022
-0.15533568
-0.89968631
-0.23606083
-0.14009176
-1.1654338
0.3643939
0.80103987
0.13036927
-0.59428753
0.46391827
-0.80880683
0.81652053
-0.0077136998
-0.15939295
1.1875771
1.1623788
-1.7332383
0.57085947
0.70569792
0.1890251
-0.89472303
-0.44759805
-0.031509582
0.47910763
-0.13448821
-0.34947453
0.48396274
0.43072995
0.11420556
1.3384194
-0.419247
1.070907
0.31651948
-0.12749179
0.71208362
0.31248217
-1.0245658
0.47377826
-0.44530139
-0.93924432
0.40260172
1.6005368
-0.14973611
1.3604562
-1.2107201
0.12308575
-1.2967009
-1.3941425
0.6951741
0.69896837
1.4875351
-0.40395153
-0.83598415
-1.0969575
-0.20212095
-0.82238538
1.1564311
-0.71667835
-0.70910341
1.2526944
-1.0197196
-1.0270321
1.0123386
0.014693523
-0.87123183
0.88643932
-0.39662367
-0.3904878
0.097346112
0.99044558
-0.02939575
-0.81068333
-0.70372148
-0.34048555
-0.24207433
1.3944613
-1.152387
-0.46901756
0.59938682
-0.89258695
0.92575357
-0.033166621
0.0036069642
-1.320894
1.317287
0.87246393
-0.32665846
-0.54580547
0.66892588
-0.70715447
0.038228593
1.1580105
-1.3246824
0.16667191
-0.13360274
1.0548617
-0.92125898
0.73264944
-0.58980683
-0.14284261
0.098636589
0.080010023
-0.17864661
0.011297421
-0.27773204
0.12229963
-1.1092868
-0.077894462
-0.91382436
-1.1083586
1.408668
-1.405061
-0.57135502
-0.24985553
-0.13936942
-0.16675098
0.3061204
0.75753086
-0.59669739
-0.16083348
0.024186225
-0.84845224
0.82426601
0.0027051245
0.3658239
-0.42381798
-0.051710786
0.75781021
-0.28573693
-0.67660475
-0.94594594
0.44109847
-0.13968572
0.32490522
-1.7049993
1.3800941
1.0403595
-0.44631662
-0.59404293
-0.17669416
-0.6838194
0.86051356
-0.64913754
0.35194449
-0.62353561
0.51490743
0.10862818
-0.32675936
0.012124922
0.31463444
-0.41563559
-0.031962458
0.30919716
0.1319013
-0.090204643
-0.7699363
0.84433979
0.051786273
-0.48037909
-0.59508113
1.0754602
0.40389679
0.067990975
-0.47188777
-1.1051358
1.4382015
-0.3330657
0.96343604
-0.44737224
1.6718313
-1.0765715
-0.59525979
-0.86052689
-1.3034492
0.71702791
-1.0504124
0.29845061
0.75196177
-0.99736948
0.86376675
0.14690947
-0.47366883
-0.52376976
-0.54905784
0.55653078
-0.41531169
-0.14121909
0.85731121
-0.88670696
-0.80466186
0.82884808
-0.18034009
1.2491888
-1.0688487
-0.76025814
0.46929768
0.29096046
-0.78620569
0.82816192
-0.041956231
0.52243144
-0.3988473
-0.12358414
1.1245213
-0.41882341
0.79169145
0.17174459
0.71483069
0.86290332
-1.577734
-0.12204326
-0.21089117
0.33293443
-0.25350371
0.36907809
-0.11557438
-0.32724453
0.046816961
-1.7824228
1.1057978
0.34722007
-1.1009013
0.75368125
0.017885155
-0.5716083
0.55372314
0.53170308
-0.64348651
0.11178344
0.74455005
0.045887763
-0.79043781
-1.3920457
0.36009319
1.0319525
-0.88986621
-0.10750328
0.40221924
0.1202122
-1.226599
-0.17668763
0.096211445
0.68655449
0.45732529
-0.34786069
-0.10946459
0.59053128
1.0141735
-1.6047048
0.5795405
0.29292343
0.4093825
0.14714828
0.31929538
0.72106417
-0.58629587
0.26587065
0.88955525
0.16546674
-0.86919739
0.2482208
-0.47035875
0.10881978
0.31105618
0.075333911
-0.38639009
-0.63898985
1.0278918
-0.69374216
-0.33414964
0.58484082
0.14780861
-0.9973883
1.3222935
0.94233371
-0.5831289
0.31000125
-1.290178
1.0483249
0.24185316
-0.49345149
0.4397031
0.053748395
0.58680246
-0.63962693
0.052824475
-0.13805896
1.2267202
-0.11876896
-0.73675902
0.36395863
0.37280039
0.79760068
0.0016864695
-1.0520989
-0.9450076
0.67220814
0.27279946
-0.20034614
-0.82668596
-0.28309108
-0.86963043
0.60115708
0.15637379
0.61891611
-0.33361874
-0.28529737
-0.32308052
0.44506916
-0.12198864
-0.25778326
-0.06946127
-1.3090848
0.23955012
1.0695347
-0.18599419
-0.3074573
0.72037983
-0.35892532
-0.36145452
-0.16343866
0.66296499
0.65188805
-0.35534459
-0.29654346
0.75392324
-0.29923236
-0.45469089
0.89231326
0.53315256
-0.73764364
1.0438137
-0.30617009
-1.0055119
0.11880493
-0.015166724
-0.23833698
-0.20559889
0.66548145
-1.174852
0.9560685
1.62895
-0.91411928
0.95183601
0.74870668
-0.56259016
-0.18611652
1.0754368
0.20062284
-1.2760596
0.37254135
0.7831662
-0.57347841
-0.20968779
1.2348545
-1.1629257
-0.071928776
0.43251401
0.32140923
0.95497765
1.1581148
-0.61568032
-0.54243448
-0.22550521
0.24629905
-0.020793844
-0.2565852
-0.32014915
0.86207088
0.80976045
-0.32200736
1.034091
0.20372996
0.2791292
-0.48285916
0.011987125
1.0428746
0.047921307
-0.55296726
0.50504595
-0.85669688
0.53262183
0.32407506
-0.50767764
1.6387045
-0.13014622
-1.5085583
-0.64891932
0.92382031
0.95282498
0.20955386
-0.21190251
-1.0915467
-0.88198043
-1.2114236
-0.52181466
-1.1365553
-1.1960512
-0.12484278
-0.43123551
-0.5973015
0.36731845
-1.5717423
1.2044238
0.3206068
-1.5862763
1.2656695
-1.0651606
1.6556919
-0.92796206
1.1504532
-0.12464734
0.66504987
0.19213671
-0.85718658
1.2319694
-0.073854618
-0.65200535
-1.0347073
1.6867127
-1.6315413
0.62979579
1.0017456
0.28404394
-1.1766309
-0.92360766
0.32932012
0.94464697
-0.79008969
-0.15455729
1.396159
-0.32072225
1.2686774
0.080453222
-1.3491306
1.320372
-0.99976524
-0.94176634
0.3059724
1.0468173
-1.3527897
0.48883454
0.52661506
-1.0154496
0.31993653
-0.14219517
-1.1999431
0.36400665
-0.56902925
1.3607207
0.75387818
-0.097991049
-0.65588713
0.77339155
-0.12273898
-0.65065257
-0.10594439
1.5039741
-1.3980297
0.4898239
0.38033455
-0.59566077
0.43747942
0.15818135
0.44044116
0.92306101
0.65034742
1.2652347
0.15864013
1.0762144
-1.0455577
-0.34858476
-1.6457075
-0.75831805
-1.0241048
1.0227763
-0.85103173
-0.60173308
0.0280561
0.57367698
-1.2590885
1.1210296
0.30068037
-0.88011026
0.57942989
-0.53387705
0.83232766
-0.12520044
-0.040691609
0.16589205
1.180857
0.5243715
-1.7052285
1.5595394
-0.68471409
-0.87482531
-0.92109898
-0.97380745
-0.82974619
0.32058135
0.50916484
0.58534451
-0.27614735
-0.87793959
1.2588764
-1.1227942
0.44322463
-0.93927243
-0.04596018
0.98523261
0.50127086
0.77804856
-0.68632937
-0.18210154
-0.2588258
0.44092734
1.2482268
-0.69394954
-0.55427731
-0.11377396
-0.22548108
-0.55248653
1.2695144
0.83026221
-0.29335836
-0.53690384
0.1400002
1.3195492
-1.4595494
-1.1892731
0.034240564
1.1550325
0.067287392
-1.4794928
1.2037147
0.27577815
1.6690097
-1.4683868
-0.12195055
0.37059751
0.30995227
0.84805821
0.26899002
-1.3741258
-0.063504923
1.0793056
-0.91105405
-0.75981075
-0.75661111
-0.37709697
0.69119965
1.3211893
-1.1528318
0.091172636
-0.70661772
0.61544508
-0.72957261
1.2308435
-0.25528759
0.80561241
-0.55032482
-0.18003161
0.2786682
-1.6685459
1.4014965
0.26704936
0.1204763
0.80329175
-0.92376805
0.11099656
0.70470009
0.29303418
-0.37009612
-1.1100073
-0.20323632
0.63792683
-0.4346905
-1.403296
0.14420749
0.34224467
0.97682178
0.28441158
-0.4876479
1.1211379
0.50556254
-1.6267005
-0.12544326
-0.19583485
0.32127811
0.22056175
1.0998103
-0.96039298
-1.0618738
1.1823501
-0.61404501
0.043411805
1.0414241
-0.036404124
-1.00502
-0.69668384
-0.97186206
-0.20537182
0.066002399
0.35048247
0.4679562
-0.81843867
1.0939693
-1.1849962
0.091026893
1.3724354
-1.5011475
0.34039187
-0.65708702
0.088283132
-1.3373911
1.0953167
-0.088384304
-0.4159151
0.5042994
-0.44120886
1.3085448
-0.86733597
-1.2059557
0.49495884
-0.56419787
-0.48484963
1.0490475
-0.21142348
1.3009952
-1.0895717
-0.25884075
0.84152583
-0.58268508
1.2074287
0.43127581
-0.45768873
0.51144237
-1.0105145
0.46628364
0.017515111
-0.2154007
0.82665006
-0.90223242
0.54078968
-0.81082696
-0.33799879
-0.65987618
-0.5719954
-0.014648913
-0.48171915
0.33305133
-1.0405723
-0.33735304
0.37831094
0.3397236
-0.60394779
1.2336806
-0.56964321
-1.034623
-0.12830275
-0.59593045
-0.089086217
0.023035542
1.3153516
-0.62311484
-0.26457293
-0.53891276
-0.14430678
0.96199601
-0.29564157
-0.66635445
0.53412277
0.50838095
-0.052698328
-0.76769603
0.99488897
0.72667908
-1.721568
-0.43886863
1.0156798
-0.57681115
0.72690114
-0.44645276
-0.28044839
0.9037973
-0.15214824
-0.76446123
0.77644836
0.33670223
0.41986806
0.83354249
-0.0032802873
-0.1715646
0.23774977
-0.70853515
0.065764017
0.73244957
-0.79821359
0.056112987
0.78458447
-0.76669931
1.6586105
-0.56464113
-0.49920351
-0.12300093
0.76782025
-0.46971467
-0.29810558
0.35721283
0.67067897
-1.2167757
0.023443182
1.1933325
1.3093507
-0.68691168
-0.62243898
-0.7201872
0.23727767
0.71533784
-0.41944757
-0.29589028
-0.074298504
0.61482909
-0.54053058
0.30655121
-0.47979255
-0.015393851
0.59041832
0.39756559
0.26288791
0.77018149
-1.0330694
-0.95076009
0.26054035
0.52192186
0.32240951
-0.4095434
0.39414955
0.80789111
-1.2882702
0.070048062
0.34973011
-0.41977817
-0.5672294
1.3011662
-0.73393683
-0.22442749
0.34088545
0.34772653
-0.460201
0.81068347
-0.9966308
1.4037528
1.0048314
-0.74194348
-0.39965917
-0.45703772
0.047359176
0.5821207
0.093672654
0.10010905
-0.19378171
-0.43473382
-0.063594846
0.49832866
-0.94602388
0.63078572
0.31523815
0.17166162
1.1456254
-0.36864889
0.24660563
0.2662019
-0.48306795
0.21686605
-1.5496864
1.0077814
-0.49059944
0.78788964
-1.0709807
0.70241609
0.54581076
1.5345698
-1.4672824
0.20246481
-0.12245478
-0.19983032
-0.15254719
0.35237751
-0.76192418
0.079358675
0.27789447
-0.42950802
0.49140872
0.91725924
0.3928724
-0.32282433
0.34605426
0.65780698
0.84219302
-0.94241149
-0.66012147
-0.0071057008
0.20957051
0.82980877
0.3653916
-0.30166146
-0.063730141
-1.4886415
0.54687513
-0.57915231
0.4446641
1.0984302
-0.92008157
-0.1783486
0.44669449
-0.24757855
1.5593119
-0.84881826
-0.71049365
0.64580559
0.045394063
-0.0425812
0.37066859
0.30579072
-0.69261377
1.4479112
0.78851876
-1.1970627
0.40854391
-0.15961734
-0.14638784
-0.10600197
0.25238982
-0.32135127
-0.2743095
0.7415111
-0.6935898
-0.0066510154
-0.93780921
1.0182624
-0.25869862
-0.03804042
0.29673904
0.6768452
0.027854897
1.4525446
-0.90318006
-0.5493645
1.1224759
-0.64773335
-0.47474255
1.1398312
1.1288796
0.3896969
-1.0053772
-0.47816204
0.40163546
1.180857
0.04802091
0.13474151
-0.18276242
-0.45972335
-0.2911093
-0.39356037
0.68466967
-0.032254211
0.56487604
1.7234479
-1.4174755
1.4237055
-0.33196345
0.13097069
-0.16873629
0.31564576
0.2634196
0.12836916
-0.39178876
-0.6588302
1.0527351
-0.525537
-1.0241494
-0.51665214
-0.055343271
0.82718901
0.48216164
-1.1471899
1.0080271
0.13916281
0.40765672
-0.45023792
0.19602531
1.0038431
0.45107668
-1.1527956
0.70171895
-0.41956333
0.78717176
1.9055363
-0.23652661
0.5498818
-0.14766256
1.1153101
0.088404616
-0.029690827
0.87034468
-1.280201
1.0798548
-1.157799
0.27985937
0.59803809
-0.64806217
0.14569463
-0.36367686
0.13140677
0.23227009
0.31245188
-0.23712965
-0.075322223
-0.32400334
1.0765484
-0.75254505
0.48358126
0.29567604
0.13226339
-0.42793943
0.3292667
-0.30748676
-0.021779932
-0.94405307
-0.44799264
-0.47785689
-0.25890213
-0.25431716
-0.27517271
-0.24389361
-0.0077429698
0.21810135
0.45082453
-0.0733157
1.3765132
-1.3031975
0.57628303
-0.16690053
0.40779499
-0.12960804
-0.27818695
-0.34711239
0.08841377
-0.39737556
0.7933376
0.12972341
0.24024854
-0.14657588
-0.31950789
1.11688
-0.79737207
0.26784548
0.18649004
-0.84433972
0.22122488
-0.078698982
0.34490088
0.045290107
0.11943639
-0.16472649
0.53289272
-0.56455801
1.103025
-0.30968743
0.4594574
0.26092243
-1.0193677
0.83902758
0.49948864
-0.54669624
-0.098703165
0.14672408
0.716177
-0.76440853
0.080589134
-0.011846642
-0.11168169
0.54725946
-0.43557777
0.057927978
-0.92755841
-1.1614472
0.32132271
0.84012445
-0.18798107
-0.45773469
0.64571577
-0.44031661
-1.0381185
0.93217409
0.83788209
-1.495772
-1.0730737
-0.03693361
0.97691041
-1.3099761
0.84859676
-0.043928093
0.5033855
1.1211379
-0.16954612
0.32762908
-0.63328771
-0.51806791
1.1513556
-0.29009823
0.16465497
0.2824317
0.46627498
0.71087724
0.51159145
-0.80060549
0.28179067
0.50137553
0.75778369
-0.12888652
-0.861242
0.99012852
0.51509655
-1.3229416
0.0021344916
-0.69608403
0.0079898225
0.1974936
0.1317731
1.4751156
-0.37472537
-1.1003902
-1.10707
0.098164627
0.13277831
-0.82768888
0.69491057
1.2214455
-1.2285788
0.0071333932
-0.23944824
0.6798894
-0.057198055
0.11322097
0.49599582
-0.28345391
0.22452323
0.67370693
-1.2409363
0.72782722
-0.47480031
-0.31810785
1.125999
-1.004029
0.34929838
0.70053573
-1.3793939
1.1679704
-0.89673337
-0.59958971
-0.329487
0.99453687
1.1621012
0.49650928
-0.11183339
0.18971754
-0.077884144
-0.10984673
-0.72738974
0.83723647
-0.38475083
-1.5906976
0.1354277
0.36459167
-0.50001937
1.0581114
-0.16885481
-0.97833505
0.70706054
-1.0436811
0.2409196
0.012490534
-0.25341014
0.1285577
-0.78444483
0.15197912
-0.80263168
-0.20271373
0.51376991
0.36586478
0.35155194
-0.45764419
0.10609225
0.54562024
-0.75534663
0.4097647
-1.4095299
1.2369537
-0.30707742
1.005231
-0.69815355
-0.0029005769
1.007732
-0.081234021
0.45037721
-0.56977859
0.49548009
0.39786475
1.2753896
-0.26208743
-1.0133022
0.11963566
0.39838315
-0.5180188
-0.17697276
0.6719316
0.78997928
-1.1263787
0.088843665
1.200454
0.17198144
1.0882028
0.41179718
-0.23362382
-1.1714372
0.44823639
0.65478863
-0.434939
0.42051866
0.014420348
-1.4268187
0.84683424
0.57998446
1.213636
-0.084676685
-0.44937811
0.5340548
1.0967369
-0.24672639
-0.020511099
0.37873419
-0.49988802
0.12115383
-0.62839838
-0.074469538
1.4782223
0.90792447
0.65161493
-0.50560313
-0.038058469
0.5436616
-1.0451469
1.4247571
-0.44784672
-0.17041976
-1.1097812
0.93384603
-0.94569268
0.51502065
-0.52966957
-0.41399417
0.69865481
-0.28466065
-0.055720392
-0.76666499
1.2820898
-0.48584672
-0.7962431
-1.5451933
1.5084742
0.036719071
1.7676868
-0.90478346
0.11902323
-0.59881578
1.2491888
0.84208518
0.6330304
-0.25725725
0.92152291
0.073669883
-0.9951928
-0.37564644
-1.0511723
0.39443697
-0.79409614
0.53498138
-0.9871731
1.266996
-0.93956998
0.28332591
-0.207992
-0.21018315
0.86259697
-0.65241382
1.132224
-1.8368167
0.8944052
-1.3328143
1.008811
-0.67097793
0.58630125
0.12357649
0.97485367
0.76433957
0.1803074
0.62489652
-0.57350573
-0.051390793
0.27803615
1.3802002
0.70581493
-1.1782903
0.49137867
0.70770172
0.055368246
-1.3664563
1.0469484
1.3420283
-0.24169676
-1.1003316
-0.69844305
1.053147
-0.35470392
1.2710829
0.067886772
-1.3389697
-1.1965938
-0.6402229
-0.03465717
0.85731874
-0.82266157
0.42743136
-0.53911305
0.2078264
0.36061506
-0.29485104
-1.4097884
0.37166992
-0.43883949
0.028467402
0.41037208
-0.7274634
1.0914701
0.34207128
1.1940604
0.80554329
-0.67816066
0.70587395
0.47436851
0.75760091
0.2354722
-0.44563566
0.21016346
-1.2069959
-0.77787417
-0.067760046
-0.81954994
-0.77114769
1.3620012
-1.2322778
0.54146891
-0.585397
0.014470234
1.0737326
0.50400655
-0.48854112
0.87854484
-0.90823567
0.32479619
0.89664927
0.86097582
-0.36992722
-0.49104861
-0.87865482
0.26155827
0.61709655
-0.36836205
0.51953922
-0.15117717
-0.44793896
1.2181205
-1.3145435
0.9395408
0.37500275
-0.42324029
0.254504
-0.55373936
-0.85753933
0.31455086
-0.25319156
1.064463
-0.10246696
0.68315406
0.41665623
0.67719585
-1.9425282
1.2653323
-0.37466167
0.9267757
0.37439053
-0.55679452
0.087776966
-0.55851071
0.87780609
0.13163919
0.71519505
1.0408163
-0.86915465
-0.97732484
0.60049583
0.38322844
0.16665336
1.3901168
-0.074368565
0.80523714
-1.3820483
0.60815573
0.16408809
-0.1445859
0.42390515
0.37710221
-0.80100736
-0.039153965
0.97372437
-0.095086412
0.33055861
-1.0743809
0.51587024
0.7940513
-1.0987118
-1.2818183
1.0197309
0.41791952
0.15836352
-0.42650021
0.17977382
0.44911523
-0.70440282
0.56364638
0.48459039
-0.53971029
0.92143356
-0.38172327
-0.0074347605
-0.46110514
0.092743089
-0.11444086
-0.37806051
0.49250137
0.64043311
0.61844327
0.8662251
0.66439476
-0.77424149
0.47125356
1.0758847
-0.086431979
-0.98945276
0.93004334
-1.5524823
0.48498752
0.1733163
0.64091485
-0.26218066
0.24605536
-0.78576565
-1.3537683
1.406835
-0.053066777
1.1554531
0.34829078
-0.010917725
0.25158134
-0.24066362
-0.10356499
1.3746479
-0.97492252
0.2125708
-0.6245554
0.4119846
0.17894865
0.86107612
-0.70288018
0.066224295
0.73539809
-0.64422545
0.30376943
0.3368845
0.58463841
-0.8761652
0.17244372
0.47582375
-0.7346645
0.17178837
0.19728972
-0.52699284
-0.39308873
-0.24523749
0.83902621
-0.34515939
-0.49386682
0.69573749
-1.036223
-0.050675675
0.75837739
0.26329985
0.79451728
-0.2856155
-1.1790624
1.0501759
0.55763711
0.74223751
0.33011996
-1.0723575
-0.8054392
-0.34657492
1.1520141
-1.3403137
1.0986169
-0.17992568
0.090839458
-0.60608587
0.81865666
0.9940913
-0.41959638
-0.32422083
-0.45538352
0.49679507
1.3916714
-0.71796452
0.36839061
-0.85423733
0.98199972
-0.57890909
-0.060717846
0.33472129
-0.24982647
-0.17667374
0.45209724
0.40887858
-0.58116981
-0.82212619
-0.035664774
-0.84443465
-1.072035
1.2120352
0.40429239
-0.23494915
0.62915304
-0.39420389
-0.65394737
0.1842327
0.26418827
0.51901847
-0.78320674
-0.85622349
-0.023886776
0.39087027
-0.86872716
-0.15736361
-0.31630521
-0.61338636
0.29223068
0.32115568
-1.3326679
0.75149808
-0.70201558
-0.00086460023
1.0348866
0.28956424
-0.70355841
-0.46367718
0.51148416
-0.074487527
-0.43699663
-1.2639031
0.097888378
-0.86782468
-0.7995837
1.2817453
-0.28683038
1.2817193
0.64506878
0.20400529
0.022575869
0.70151935
-0.72409522
-0.65615029
0.22603257
-0.47577986
0.043099889
-0.32543224
0.28233236
0.15378162
-0.31114523
0.94633495
0.10398192
-0.60958505
1.212377
-1.2470342
0.49022257
-0.78358093
-1.0718238
0.3733808
1.8324296
-0.64476371
0.28843507
0.50793563
0.063491148
0.27441146
-0.12077104
0.36737667
-0.33431779
0.48146607
0.11319882
0.25876768
-0.3719665
-1.5451933
-0.49742792
0.16311013
-0.47503618
0.15955338
0.3154828
0.52939042
0.18208017
0.31045591
-0.38020744
0.94308602
-0.56287857
0.62199594
0.035580224
-0.99597321
1.3475881
-1.3250122
-0.57901708
0.073656164
0.50536092
-0.51901651
-0.42599109
0.60798847
1.0633596
0.43664036
-1.1469977
0.76990075
0.37413016
-0.34607406
-0.29321775
0.37089724
-0.077679489
-0.10523247
-0.27513718
0.38036965
-1.1548723
0.042270131
1.1126021
-0.55050246
0.36252139
-0.33345043
0.45366264
1.681039
-0.10999513
0.38923916
-0.27924403
0.27386639
0.3488121
-0.72901955
-0.63960649
0.86083137
-0.13820303
-0.91582925
-0.32266022
0.77177545
0.48645307
0.42506206
-0.066289976
0.3961002
-0.32981023
-0.11079068
0.29287084
0.94336386
0.32363216
-0.638758
1.296565
0.61591263
-0.77714739
-0.58295877
0.65670962
0.092579056
-0.67159614
-0.95129162
0.7827962
-0.86620771
-0.39769534
-0.34447692
-0.51817827
0.050081612
-0.13098027
0.08089866
-0.10868006
-1.0763162
-0.47795637
0.14450594
1.1481681
-0.40593061
-0.52981774
1.1757853
0.35356137
-1.5293467
-0.1364204
0.5374401
-0.40101969
0.075944688
0.4977323
1.1719234
-0.80353283
0.84462256
-1.158467
-0.060083018
0.36379441
-0.3037114
0.78205458
-0.61409731
1.3111983
0.042619271
-1.3538176
-0.69074203
-0.080939176
0.19000074
0.40652757
-0.1484568
-0.20925488
0.5130243
-0.20395706
0.067310704
-0.638919
0.14549759
-0.25628827
-0.6975618
1.0463739
-0.10619279
0.79941738
-0.25215793
0.47334196
-0.16588219
-0.64884235
-0.21801725
-0.24565993
0.20393467
1.2177819
0.22662512
1.2196751
-0.49440091
-0.52889135
-0.75828659
0.46717728
-0.85105493
0.29783538
0.48139159
0.95652266
-0.2045609
0.75773275
1.4575433
-1.4507006
0.60559555
-0.32316385
-0.022012928
-1.1328593
-0.50035601
0.050118088
0.64025355
-0.35846288
-0.051244634
0.2772772
-0.24952113
-0.22625874
1.5620868
-1.0537399
-0.50834681
0.10380356
0.35352173
0.80136099
-1.1055957
-0.10607718
-0.60651604
0.088337774
1.4269835
-0.12363023
0.10740135
0.49636644
0.057524435
-0.61049169
0.40846706
-0.65092372
0.12110598
-0.806869
0.63914981
0.16771919
0.28287145
-0.37125576
0.07141593
0.38310283
-0.97340923
1.4538463
-0.29614385
0.52247195
1.0396148
-0.42840517
0.74898652
1.0255059
-0.38507278
0.99079147
0.18113197
0.26462346
0.72795854
-0.992582
-0.33268409
0.80850784
-1.5029755
0.84285399
-0.74229394
0.42959523
1.0518186
0.23575633
-0.62624413
0.4798468
0.90082698
-0.068571332
-0.15693387
-0.089616994
-0.48705612
-0.51697289
-0.003389293
-0.11484169
0.48897185
0.052866893
-0.0027852789
-0.4794866
-0.90763043
0.4227808
0.16563615
-0.46729761
0.0056493624
1.1012708
-0.030405536
-0.02679252
-0.10411905
0.10072976
0.56974408
-0.066301678
0.119562
0.52624359
-0.41301431
1.2227748
-1.6837031
0.74674941
0.93695371
-1.7080963
0.35432802
-1.5766103
0.073634843
-1.3041368
0.67084907
-0.23596836
-0.021814906
0.51654736
-0.51486089
-0.80116725
-0.077487571
-0.31752034
0.073626737
0.7988258
-0.55226769
-0.24655811
-0.37864324
-0.77312302
0.13350743
0.54333777
-0.54417761
0.10533813
0.40129442
-0.53771482
-0.17246647
1.1805814
-0.71633149
0.29562217
0.21817385
-0.3840882
-0.085981838
-0.34895717
-0.49571928
0.17143297
1.1571059
-1.3285389
0.38952661
0.13001261
-1.0124688
0.82828583
0.062639157
-0.89092499
0.112419
0.38706964
0.13571534
0.39717738
0.815111
0.20504293
-1.0201539
0.47410167
0.47230391
-0.94640557
0.70289717
0.3094414
-0.485869
0.67800572
1.5084742
0.2005535
1.1106448
0.15714036
0.0095351844
-1.1010819
1.1751216
-0.90641087
-0.7101268
1.5345698
0.27062822
0.49054267
-0.67592404
0.18538136
-0.92075609
1.3614156
-0.49811338
-0.86330222
-0.5607361
-0.83815398
0.25519522
0.02554857
1.0236069
-1.0491554
-0.088008439
-0.14536847
0.23337691
-0.61969313
0.36086733
-0.28474364
-0.58031602
0.84197479
1.1878756
-0.33646808
-0.85140756
0.18921062
-0.58277099
-1.0240082
0.70590037
1.1741511
-0.34586528
-0.51969941
0.60803719
-0.7861011
-0.83747636
-0.7810058
0.11002787
-0.23649737
-0.74183768
-0.36596511
0.10759583
0.25836928
0.80488482
0.63966039
-1.3432339
1.3432339
-0.53350093
0.65460691
-0.03442808
0.74903793
-0.72348936
-0.19567576
-0.059645553
-1.6267685
0.7757136
0.82340551
-0.15901075
1.0778299
-0.072317692
-0.13305412
-1.3051089
1.4765418
0.10613753
-0.81275525
0.44048743
-0.92341239
0.48292496
-0.53901555
0.044459591
0.49455596
-0.022803795
0.72499048
-0.70218669
-0.41607217
-0.79722489
1.2132971
0.87861221
0.1732064
0.80673077
-0.83879899
0.032068216
-0.72609017
-0.26312334
0.24261224
-1.2092893
0.8053378
0.04471074
0.42653625
0.017278347
0.17646484
-0.43305004
0.25981025
0.33445256
0.9825362
0.337013
1.4532941
-0.41589157
-1.0374025
-1.5077329
0.77816033
-0.3613229
0.21493506
0.92324004
-0.92110555
1.4102341
-0.88472125
-0.52551289
-0.77710334
0.25979125
-1.3866412
0.15948672
-0.27132011
-0.12170322
-1.1834057
-0.41166764
0.10418088
-1.197279
-0.49217969
0.68285414
0.038210032
1.5096702
-1.1492222
-0.1303489
-0.10561945
0.067806906
-0.23735302
0.28079646
0.16589804
0.64105547
-0.50827716
0.23641979
-0.36631754
0.8919126
-0.87598543
-0.015927169
-0.44508075
0.32770796
0.11737279
-0.49228265
0.029644007
0.46263865
-0.69072986
-0.42760924
0.47070912
-1.1101091
-0.54782852
-0.43866904
-0.051930405
-1.1696323
0.15716351
-1.263272
0.16581044
0.42909928
-0.036226886
-0.12370683
0.244131
-1.4058157
1.4058157
0.63970376
-0.15325069
-0.20669574
0.1025767
-0.31438017
-0.72279879
0.99583706
-0.27303826
0.62477056
-0.041712211
-0.94133377
-0.22514089
-1.1442541
1.369395
1.1945546
-0.0066789813
0.17540622
-0.24191115
0.066504926
-0.79534668
-0.27563404
1.4038091
-1.4575433
0.17606165
0.45697952
-0.63304116
1.293916
0.36177588
0.66931234
-0.24540719
0.87869461
-0.61407115
0.03433362
-1.2976057
-1.0566992
-0.1525901
-0.63336648
-0.48846526
0.27910147
0.20936379
0.51166904
-0.61242941
-0.063825708
-1.0804284
-0.21928328
0.76950051
0.091770392
-0.1782471
0.012208963
0.34859797
-0.72230652
-0.39601081
-0.087057145
-0.017974407
-0.42847835
0.52923043
0.25303857
-0.46510743
0.21206887
-0.68830491
-0.15165729
0.17720502
-0.025547729
0.39611404
0.46437196
-0.86048599
0.4093647
0.024081228
0.57348396
-0.59756518
0.36305719
0.67981741
-0.43772302
-0.41600013
-1.1291931
-0.81358915
0.62872352
0.18486562
0.80942898
0.60080516
0.76831291
0.34430393
-0.25600725
0.32381416
0.12806629
-0.7677865
0.63972021
-0.16734337
-0.14345862
0.31080198
0.3865462
-0.14011958
0.82430338
-0.6841838
-0.13007377
-1.2370554
-0.16196683
0.51169694
-0.081896567
-0.23562378
-1.1228448
-0.05544556
-0.72492536
0.30532898
-0.40888152
-0.0028747633
0.29590675
-0.29303199
0.0049952755
-0.42444284
-0.70986512
0.260487
0.28136711
-0.63084165
-0.28051236
-0.33876594
0.49495085
-0.15618491
0.19264579
-0.12789806
-0.35024394
0.54200607
-1.6489071
0.74249619
-0.88034358
0.15754478
0.021376859
0.47136786
0.039347305
0.59663575
-0.63598305
0.041351462
0.20494759
0.32405257
-0.56012756
0.41924057
0.14088699
-0.015766046
0.82249682
-0.43776255
-0.30549916
-0.38520794
-0.08982824
0.82267568
-0.49549465
0.47269085
-1.444682
0.15977728
-0.19353587
1.0878927
-0.89435685
1.2653323
0.49915207
-0.38673307
1.5732711
-1.2131779
-0.065232579
0.52422532
-0.38850998
0.10886749
-0.85081097
0.085896139
-1.0918054
1.0974547
-0.22511553
-1.0275137
0.82539275
0.24620425
-0.0019404856
0.7191344
-0.42817395
0.20721529
-0.76183537
-0.34643461
1.10827
0.069017343
-1.01471
0.54419326
0.21312642
-0.75731968
-0.25449228
-0.86835251
0.10675262
-0.66157337
0.33891315
-0.81683448
-1.6441197
1.1489205
-1.0967959
0.12338671
1.3971501
-1.1509458
-0.31425068
0.58370936
-0.26945868
-0.49585779
-0.55624106
0.4550484
-1.3062969
0.85124846
-0.19204218
-0.43551299
0.41393492
0.021578072
0.53462647
0.026835957
-0.56146243
-0.4128134
0.59678944
-0.18397604
0.74956656
0.55220984
-1.3017764
0.43875093
-0.20233114
0.35609469
-0.44207652
0.57648673
-0.37227919
1.1961917
-0.82391248
-0.63798467
-0.3523611
0.89655435
-0.69423838
0.65617992
0.49463909
0.058433756
-0.55307284
1.1215555
-0.59301878
0.11129963
1.3031505
-0.15752514
1.0540525
-0.96271305
-0.6512692
-0.018120597
-1.0416254
1.059746
-1.2884085
-0.47575876
-1.340718
0.27062838
1.0700896
0.92379621
0.58017785
1.3103576
-0.99990173
0.79135652
1.3090066
-0.95544523
-0.27422538
-1.0698525
0.30422202
-0.51511319
-1.2993808
1.0484526
0.25092819
-1.5860222
1.0459883
0.54003387
-1.2394895
0.029854081
1.2096354
-0.74762261
0.82129249
-0.48297112
0.74715939
-0.059560442
0.84414491
0.028212947
0.29949501
-0.034236649
-0.81955321
0.5871114
0.98270396
-0.82406383
1.0297182
-1.0478388
0.37994456
-0.039059108
1.0977749
-0.29223165
0.2048498
-0.3351987
-0.3774732
1.1270398
0.24685038
0.34757395
-1.1429206
0.26922253
-0.24676103
0.37188552
0.13959864
0.66067757
-0.18465611
-0.14564486
0.33030097
0.38004289
0.4061945
-0.32592964
-0.097310655
-0.50693761
-0.13332358
0.22387384
0.19696786
-0.53586253
0.33889467
-1.2668005
1.5425786
-0.60875929
-0.17821952
-1.0249247
-0.62398236
-0.57243075
2.0088615
-1.0330147
-0.9758468
-0.69455956
0.36187547
-0.24840385
0.63927412
0.1322296
-0.22023804
0.30024655
0.18371619
-1.1428518
-0.69882576
-0.80890718
-0.060817832
0.58288771
0.34357185
-0.92645956
0.74878494
-1.3328143
-1.3664563
-0.24684421
-0.82609393
-0.74891238
-0.57577001
0.11897845
-0.13835696
0.019378508
-1.0571084
-1.0803685
-0.74412739
1.8244959
0.15371158
0.03169449
0.70981661
-0.93288124
0.84129724
-0.42043874
-0.42085849
0.24035289
0.84951054
-1.0751735
1.0195858
0.69290068
0.087825311
-0.78072599
0.68913027
-0.11564631
0.49701685
-0.10286598
-0.39415087
0.28548011
0.55347438
1.2202144
0.045455172
1.1949256
0.0094982363
0.02246136
-0.22717732
-0.41561059
0.36677041
-0.38941274
1.2180347
-1.184191
1.4850975
-0.11025555
0.33959814
0.34507153
0.90143702
-0.14775577
0.82070499
0.67929501
0.81078177
-0.31441533
-0.19683605
-0.028044571
0.22488062
0.33643434
-0.48898153
0.57395396
-0.4907014
-0.083252562
0.19586311
0.085172742
-0.18027826
0.59819778
-0.3351131
-0.57587276
-0.017146017
-0.13869792
0.33994298
-0.20124506
0.087709726
-0.56457965
0.73772535
-0.1410896
-0.18962115
0.57284959
-0.70261695
-0.94001282
0.94313873
-0.36896425
-0.48893614
-0.51493867
0.69100032
-0.41754281
-0.21882598
0.48945421
-0.10989398
0.24569712
-0.13580314
-0.30234227
0.78592353
0.17455081
0.24957621
0.75815576
0.86342783
-0.1638729
-0.12352198
1.3480761
0.80445817
-0.32306658
-0.11338008
-0.5808583
0.21778082
-0.032980392
1.2620492
-1.2620492
1.1943925
-0.099075707
-0.14994108
0.18411953
0.011310948
-0.40070898
0.15735602
-0.78181056
0.23085937
0.94972201
0.77913302
0.34861765
-1.1277507
-0.79712578
1.0811697
0.88833724
-0.19259974
1.2801327
-0.45942772
-0.40182126
-0.36233145
0.22927733
0.63174306
0.74477011
0.27058611
-0.59553367
0.59570594
-0.00017227086
-0.32389117
-0.2667157
0.97759293
0.79873041
-0.44151758
-1.4672824
-0.23374675
-0.53580268
0.76954943
-0.79077468
0.90574345
-0.6459522
-0.72195348
-0.045351686
0.76730516
1.0766437
0.21644267
-0.24965108
0.11768483
0.13196626
0.031229494
-0.77306717
-0.43810722
0.2534511
0.30769155
0.26626241
-0.17565453
-0.0057694148
0.18142395
-0.79038574
-1.222915
0.029564758
-0.52182907
0.04392447
-1.1885724
0.17598822
-0.4195981
1.2248352
0.26449625
0.59054449
-0.73066407
0.16576244
-1.0250658
-0.096418932
-0.21249795
0.32569677
-0.21639717
0.040742639
0.58957033
0.16423482
-0.24385853
-0.60180044
0.84565897
-0.38474787
-0.41455357
-0.36067834
-0.35565315
-0.33288731
0.72900134
-0.33139004
-0.46087716
0.7922672
1.0994593
-0.29616759
-1.2666291
1.2666291
-0.46463824
0.5289012
-0.0056821878
-0.19961859
-0.79486607
0.99448465
-0.78283621
0.40664722
0.37618899
-0.082436616
-0.46983107
-0.34223956
0.37188356
-1.4174755
-0.10202496
-0.10897194
0.2109969
-0.11652053
0.27157561
-0.15505509
0.72782034
-0.03757243
-0.31678219
0.41743145
0.2234834
-0.66497054
0.7597341
-0.47043182
0.1774878
1.0169047
-0.66038532
1.0770415
-0.67482117
1.0168924
0.85744905
-0.72938276
0.73741793
-0.72272441
-0.37614072
0.04176535
-0.45726114
0.41549579
1.1959834
-0.040950935
0.60520801
0.60404893
-0.45624032
-0.2583943
-0.88171381
-0.45859989
0.4225839
-0.53596399
0.62162788
-0.84017215
-1.3695573
0.41735923
1.0969077
0.02556281
-0.45342998
0.27562312
-0.41194899
0.091799842
0.54821633
0.68546424
-1.437813
1.437813
-0.82315948
-0.45865887
-0.34042911
0.97038161
-0.30386257
1.5504189
-1.3498654
-0.53569782
-0.26693386
-0.48847259
0.96336705
-0.47489446
-0.95034163
0.53074353
-0.23686575
-0.61394522
-0.074875087
-0.9500496
-0.25967382
0.96548875
0.52590474
0.22489893
-0.75080367
-0.39015412
-0.55351453
-0.2309303
-0.1133647
1.3466425
-0.099044774
-0.021707617
0.6596886
-0.2076688
-0.22209598
0.17115101
-0.54176591
1.600113
-1.0583471
0.15549277
-0.014363784
-0.38160118
0.80418508
-0.49239087
-0.1642859
-0.46573814
-0.2101859
-0.19399486
-1.1672363
1.2128729
-0.33805246
0.094579001
0.65678199
-0.22426798
0.20795555
0.47193385
0.43581327
-0.8298589
0.39404563
-0.57012772
0.61458731
-0.61511135
0.019577684
0.67568597
-0.87014062
0.20284895
0.95494522
-0.58814616
-0.06800413
-0.064977872
-0.6552398
-0.11290474
-0.80820081
0.45684495
0.8815744
-0.089540975
0.064636987
-0.23198035
-0.33180517
0.34622552
-0.49057526
0.28290646
1.3401863
-0.039191044
0.8982366
-1.273883
0.19166056
-0.48568286
-0.026895444
-0.51505079
0.54194623
-0.51351731
0.0079658727
0.015722789
-0.023688661
0.03237861
0.62724885
-0.47087506
-0.41412029
0.43958543
0.75447494
-0.089639848
0.99049167
-0.49842977
0.85826844
0.29816266
-1.2096821
-1.217879
0.84315362
-1.0803685
-1.4973424
0.96070953
0.53663284
-0.19046131
0.64983662
-1.4204147
1.1796925
0.24072217
0.067256573
0.44765085
0.11224857
-0.22214255
0.76624038
0.78417848
-1.1566351
0.60727056
1.1460845
-0.50654569
0.28771971
-0.57911639
0.168537
-0.72554857
-0.7169532
-1.4751314
0.71532064
-0.74129671
-0.22235173
0.12032677
0.12855216
-0.24507269
0.4658431
-0.24468402
-1.0497461
0.32076696
0.72897917
-0.60144796
-0.29327507
-1.4979223
0.71182121
-0.59588885
-0.028720631
0.79022349
-0.57903389
-1.1272733
0.21621926
-1.1657483
0.50368478
0.13601899
0.27846674
0.16028419
-0.37442636
-0.076348685
0.60416732
-0.52781864
0.17034272
0.88842792
-0.9603567
-0.98653342
0.15029819
0.83623523
-0.73002553
-0.7168112
0.27195404
0.39997756
-0.90541617
-0.24158154
-0.2644569
-0.35800814
0.42526471
-0.48975963
-0.72163045
-0.3802749
-0.46439755
0.35916508
0.33405502
-1.0816776
-0.25893136
-0.80294244
-0.15887131
-0.3139812
0.20451661
-0.24541236
-0.21969508
-0.45941466
0.34941953
0.16654264
0.62582471
-0.88549853
0.73364865
-0.52164067
0.30125296
1.4940185
-1.5688936
0.11833265
0.25256459
-0.32997166
0.054834475
-0.99306239
0.05525318
1.1066926
0.3487053
-0.1438555
0.15505727
-0.76511365
-0.73280866
1.2752487
-0.42041413
0.97786029
-0.55744616
-0.68812242
-0.40707001
0.40784238
-0.22954723
-1.1924722
0.10290051
-0.12535849
0.40055101
1.5482285
-0.66553352
-0.88269503
0.081383714
-0.49729881
0.079300146
-0.57000155
-0.012937511
0.13191596
-0.1426621
-1.1242309
-0.37311148
0.47714018
-0.80853022
1.3106039
-1.2133098
-0.097294152
-0.96052026
0.37739136
0.050757646
0.59029782
-0.13001961
0.38878729
-0.64426612
-0.22495875
0.91931
-0.71426707
-1.050324
0.41371941
-0.021007069
0.43843852
1.0688487
-0.3211001
-0.49218888
0.18879168
0.30339719
1.5415679
-0.15980486
-1.381763
0.034815235
-0.25283248
0.61823312
-0.17853002
0.17884077
-0.43723507
1.3526003
-0.85695898
-0.49564129
0.10437072
0.59060909
-0.4041178
-0.18649129
0.23156166
-0.99868111
1.2303081
-0.42603172
-0.88150795
0.32215702
-0.040598068
-0.83232587
0.64213885
-0.58083969
-0.58879264
0.40254179
-0.37407439
0.09407794
0.92418449
0.55982904
0.52010441
0.29387471
0.60852731
-0.90240202
-0.26785355
0.43375159
-0.42568568
-0.020995175
-0.35975825
-0.24243966
0.52576557
-0.48751259
0.4754703
-0.22096898
-0.66101145
-0.21508063
0.16383599
0.033923543
-0.28344467
0.96502246
0.43450923
-1.3995317
0.86194894
1.5415679
0.5687201
-0.1305326
1.1291931
0.642236
-1.7714291
0.278839
0.020351534
-0.74230501
0.29474912
0.59155274
-0.25450118
0.85136948
0.096022775
-0.94739226
-0.62118433
-0.88331715
0.46449373
0.73766079
-0.52169339
0.1220019
-0.60016394
-0.86067093
0.4402568
0.91189335
-0.47726676
0.44575718
1.0606025
0.43939755
-1.2048269
0.78882679
0.43034143
0.88482949
-0.55077447
-0.052923033
0.30496713
0.16131651
0.46285158
0.58159763
1.1391779
1.4505724
-1.1811432
0.18749652
0.30745434
0.70278519
-0.90240377
0.2750547
0.53572707
-0.82041036
0.36852917
0.22207993
0.35533406
0.30144793
-0.23984487
-1.1845886
0.68647524
0.15113245
0.47275893
0.52259883
-1.1006534
0.29245263
0.70972962
-0.33262741
0.34110276
-1.3661686
0.97458184
-1.7335572
0.75897541
0.32124698
-0.54221596
0.15001239
-0.22769188
0.1305354
0.24983425
-0.17774434
0.45684581
0.46761287
0.67422555
-1.1344265
-0.28929088
-0.4680288
-0.77850835
0.15142161
0.23781756
0.036927848
0.32093761
0.5574874
0.75311651
0.92738808
0.12278779
0.24845384
-1.078806
0.85162873
1.1819707
-0.77796794
-0.12862105
-1.1776758
0.51827337
0.13790654
0.65142973
-0.38333852
-1.2156593
0.76828703
0.048753005
-0.040787129
-0.53429052
-0.25579916
-0.8183403
0.52506523
0.87341521
-0.30215846
0.3468692
-1.1365553
-0.86099493
0.57625129
-0.12665105
-0.12300003
0.66801513
0.10143846
1.1738103
-0.74755119
0.97841057
0.45001765
0.65195034
-0.31235221
0.23017272
0.02140862
-0.67499272
-0.93863439
0.12029409
1.2380048
-0.38940801
0.88169166
0.045696417
0.096501709
0.27538381
-0.75493988
0.28020187
-0.26118196
0.44489815
-0.74620548
0.28074773
0.46545775
-0.27252053
-0.1491755
0.45132637
-0.30215087
-0.12049224
-0.083828018
0.33446524
0.6431277
0.11457117
0.25359046
-0.36816163
-0.9758468
-0.13103877
-0.29281095
0.54312197
0.060880711
0.12040848
-0.18128919
-0.29163817
-0.43461552
-0.4611838
-0.51768347
1.1284565
-0.610773
0.38852629
0.17248067
0.30533709
0.76834754
-1.0736846
-0.14905702
0.54445795
-1.0791562
1.2511377
0.62444442
-1.1335379
-0.016868529
0.36574293
-0.39547064
-0.38736557
0.076876505
0.4125777
-1.192246
0.77635438
0.85197901
0.80913183
-0.50787888
0.99570862
-0.20104538
-0.43473541
1.0149133
-0.20464834
-0.28927814
0.49392647
-0.73639069
0.61589846
1.1678143
1.4690695
-0.71757568
0.41769871
0.29987697
0.81403289
1.1179604
0.18168071
1.2006553
0.048239012
0.47003436
-0.58614768
-0.073597593
-0.41859129
0.61102708
0.15475991
0.49775396
0.55129354
-0.24422427
0.31989533
0.29416427
0.067225509
-0.5125903
0.46723861
0.30595782
0.11252231
-0.41848013
-0.77206231
-0.38457274
-0.12919358
0.84498074
-0.082744705
-0.6212795
-0.84148599
0.55587049
0.63447272
-0.83139642
-0.029598512
0.42579033
0.56991829
-0.65288344
-0.5755772
0.18644199
0.0090605582
-0.19550255
-0.4044192
-0.32082193
-0.1820652
-0.2263587
-0.77824867
1.0046074
1.4173042
-1.146718
0.064567208
0.26306187
-0.33801283
0.85997354
0.021600864
0.97458184
0.68634302
1.6010761
-0.1505037
0.33844333
0.85081689
-1.1892602
-1.0693172
0.074124455
-0.16521963
-0.9876122
0.65185931
0.89556209
-0.55049056
-0.10863242
-1.1652506
0.54412575
0.32473463
1.0282531
-0.39651002
-0.5005796
1.6200721
-0.5434284
0.078710339
-0.29194616
0.57485262
-0.098586552
-0.039770402
-0.96129201
1.8418471
-0.80989458
0.15164688
-0.18350931
-0.14849342
-0.18147824
1.1775322
-1.1775322
0.19545385
0.72385615
-0.51634953
-0.15218028
1.1247911
-0.6213565
-0.50343459
-0.25970454
-0.25641221
0.51611675
-0.55284589
0.1173329
-0.030235049
0.26623186
-0.23599681
0.50495272
0.27789025
0.31781568
-0.31246053
0.12603983
0.69525266
0.87780646
-1.3643259
0.27599356
0.17585341
-0.88083008
0.86506403
1.5252935
-0.11442278
1.1743366
0.42673955
0.63503146
0.48271946
0.40211003
1.6042813
-0.4571304
0.82227047
-0.48780523
0.31246273
0.45484243
-0.12537125
-0.52398973
0.92565543
-1.0727598
0.72728517
-0.27225911
-0.45502607
0.56447415
1.273029
0.13380602
-0.33384192
1.0288597
0.59121238
-1.1175546
-0.14063557
1.6229884
-0.71043809
1.2626479
0.3485568
0.020269181
0.31616516
-0.42235305
-0.015369968
-0.035483102
0.25041816
-0.14587343
0.71601134
-1.463472
0.74746066
-0.21964403
0.2373262
0.034236167
0.5003903
1.0369907
-0.634389
0.045853969
-1.2565741
0.17353816
0.29592258
0.022186681
-0.31810926
0.21872605
-0.010867148
0.50550624
-0.63474719
-0.46590626
-0.73127619
0.4893877
0.87263665
-0.92570343
-0.58426944
1.0843387
-1.1681668
0.7221364
0.39293974
-0.46067663
-0.418833
-0.17168
0.031295336
0.22126926
0.11287864
-1.0524486
0.38747669
-0.38987289
0.37052503
1.4413228
0.052695676
0.88640188
-0.26628736
0.97686014
0.3824454
-0.44967899
-0.41923923
0.91615889
0.037990612
0.21559985
-0.81979371
0.93267235
-0.33191577
0.054552361
-0.46221112
0.77467385
0.22464024
-0.16980577
0.078850259
-0.31860713
0.23975687
-0.35879316
0.48983275
-0.50884986
0.027322882
-0.22110459
0.56259092
0.74902683
0.61200176
-0.36769148
-0.019317247
0.70226834
0.12676492
-0.82903326
0.63910018
-0.71275461
1.1792991
0.47075155
0.55750153
-0.68283858
-0.41824328
1.0194626
1.0070238
-0.47763338
0.52523179
0.023149028
-1.1813079
1.1581589
0.35444095
1.0910892
0.44909807
0.74423443
-0.061128255
1.0780329
0.15778547
0.082675583
0.15650942
-0.23918501
1.0198431
-1.0275872
-0.02039204
0.23878131
-0.11924518
1.0689672
0.39323932
0.73969932
-0.44724668
-0.35013299
-0.14975503
0.55733107
0.1699541
-0.41074618
-0.85271084
0.28043402
-0.6793471
-0.14674683
-1.0794538
-0.29217178
0.022560329
0.08444581
0.42932411
-0.14325639
0.25451423
-0.11125784
0.18019924
-0.69293011
0.61875999
0.07417012
-0.79580598
-0.38239853
0.81138151
-1.2222441
0.55619543
0.45410393
0.28774537
0.12493665
0.19634145
-0.90300927
-0.99483947
-0.19533303
-0.050326898
-0.36860531
-0.11682614
-0.32040893
0.39833469
-1.1744603
0.093002274
0.18427493
-0.18544294
-0.040815796
0.49928977
0.32690315
-0.82619292
0.70248164
-0.27669131
-0.1517262
-0.085403452
-1.4965632
-0.59883866
0.016500173
0.58233849
-1.5358322
-0.17513779
0.15003416
0.15608624
-0.54945269
-1.0674842
0.95885175
-0.11443826
0.51654829
-0.43695162
-0.13923567
-0.88154455
-0.73119601
0.043615288
0.55227144
-0.43026955
0.21016831
-0.47284348
0.81641533
0.60173355
0.4357157
-0.26709146
-0.042972932
-0.047638148
0.35103534
1.0157287
-0.62110597
-0.78843395
-0.053052037
0.61788952
-1.1246833
-1.4903598
0.70016894
0.80501345
0.19369503
-0.070934169
0.31540042
-0.74357436
0.86684179
0.14018202
0.12104828
1.0782672
-0.35825192
0.65828007
0.034143347
1.1322012
0.40936669
0.43860326
-0.85087065
0.41226739
-0.23561149
-0.75092193
-0.67190499
1.3879163
0.35123192
0.86209016
1.0124958
-0.45402371
-0.69640146
-0.40106699
-0.43209035
-0.16480442
0.24748
-0.25813354
-0.38945769
0.64759123
-0.29152241
-0.067310415
0.35883282
-1.19473
0.34691867
-0.16671943
0.81097577
-1.2398467
-0.2110197
-0.3040935
0.97570073
0.088052644
-1.0637534
0.76106392
-0.35175524
-0.40930867
0.20997836
-0.94076537
0.73078701
-0.66730184
-0.26291596
0.9302178
1.2235907
-1.1777367
-0.30013975
0.75510839
-0.36186906
0.16517222
-0.018712182
0.14554193
0.05567494
1.1552214
0.17922259
0.11020718
-0.28942977
-0.33724113
-1.0336356
0.97108032
-0.37298653
0.16095672
-0.79534573
0.82123939
-1.3790882
-0.031922538
0.20732702
-0.49884943
0.49620208
-0.89703428
1.1750704
0.27661903
0.26398075
1.1398312
1.1288796
0.14490685
-1.1690116
0.28180808
0.17368411
-1.2323882
0.93954657
1.0594889
-0.32265449
-0.87123877
-0.24654353
0.56194394
0.92790235
0.080124702
0.72323005
0.28137732
1.0780496
1.2578769
0.49559603
0.1620105
0.20198031
-0.95601966
0.57094688
-0.1620895
-0.4315384
0.099733226
-0.8439591
0.35982135
0.48413775
-0.10016911
0.80653819
0.23682717
-0.050385177
-0.71158875
-0.84501827
1.2836215
-0.80103908
-0.53366201
-0.2072824
0.47521623
0.53927721
-0.4548314
-0.51524414
0.048544269
0.26600659
-0.59313587
0.15844536
-0.241524
0.65922271
-0.092259992
-0.50620061
-0.086935257
0.94672391
0.36341953
1.0261703
1.3780663
-0.58923953
-0.75345344
-0.72546645
-0.010924241
-0.40014603
-0.0085748654
-0.37693588
-1.0785328
1.4554687
-0.13813203
-0.19812347
-1.2566322
0.67068883
-1.3022544
0.74754359
-0.2058551
-1.5719779
0.80591442
-1.0930298
-0.25975989
-0.83169939
0.25101875
-0.41690094
0.76033634
0.37536413
-0.89218061
0.39039654
0.40016921
-1.1257178
-0.091219961
-0.22738717
-0.066216053
0.28813078
-0.31836582
0.75913383
-0.71410322
0.28811213
-0.37756977
-0.064652902
-1.2835265
-0.095561741
-1.1867274
0.79731941
-0.038597514
0.18284306
-0.12951583
0.39572754
-0.27495404
-0.12077349
0.37702623
0.53751079
-0.91453703
-0.4126646
0.56980495
0.33142082
0.4296431
-0.099993424
-0.88142239
1.0716727
-0.29559685
-0.77607581
0.28355273
-0.0017446513
0.72224573
0.032862652
1.2390407
-0.088596267
-0.44991634
1.0102834
0.48971663
-0.011361331
-0.2540487
-0.7419104
0.13065288
0.30506282
1.1668961
-1.1858358
-1.0614168
-0.54328803
-0.38092942
0.75629355
-0.50822491
0.38963849
-0.88053098
-0.88151366
-0.23890975
0.14706789
0.42420411
-0.030987392
1.2683345
-0.94523095
0.12326909
0.64285927
-1.3983961
0.34023015
1.058166
-0.91559862
0.35718178
0.55841683
0.66698774
0.39643677
-0.47696661
-0.025915967
-0.19544577
-1.1215555
0.8415789
0.077852003
0.16239654
-0.19515321
-0.24093686
0.076132443
0.13746112
-1.69857
0.069541641
-0.61899433
-0.35158183
0.73013162
-0.26575966
-0.60703959
0.37055188
-0.94672391
0.92557458
0.017445333
-0.19873453
-0.81911723
-0.58041446
0.3707382
-1.2011181
0.30675951
0.82970527
-0.35256508
-0.14568658
0.037661461
-0.89879248
0.31456661
0.86106899
-0.39345612
1.0797424
-0.091770679
-0.15330201
-0.53552826
-0.36536517
0.21633738
-0.49328683
-0.39064555
0.88393238
-1.2935417
0.32298429
-0.095688196
-0.37492819
0.3067425
0.22572588
-0.17718161
-0.06251893
0.60179614
-0.67424205
0.0069402068
-0.19650396
-0.48065753
0.89879248
-1.2921014
-1.008811
0.11261009
-0.32510804
-0.017147241
-0.58169142
-1.0469484
1.0189812
0.10348091
-0.7580896
1.1764599
-0.77005061
-0.40640928
0.20924429
0.18303345
-0.27425341
-0.26018944
1.1322012
-0.14883757
-1.0638758
1.1533344
-0.089458652
-0.74654656
0.52271483
0.083623792
-0.10441764
-0.51997957
-0.27582641
-0.64744997
-0.13327602
-1.0847625
-1.5979592
0.95319547
1.1756071
-0.83910367
1.2235907
-0.1276406
0.40315473
-0.21633375
-0.18682098
1.0495252
-0.20794631
-0.6340199
0.23536842
-0.11768359
-0.24698934
0.85115666
0.60004507
0.65887966
-0.2047565
-0.14472491
-0.99026745
-0.0082116065
-0.31151578
0.13230919
-0.44870887
-0.4318575
-0.65307803
0.72261967
0.61869295
0.25629476
0.25982199
-0.44784504
0.89472677
0.15556691
0.18429051
-0.2991322
0.31052708
-0.17450809
-0.12338065
-0.36560089
-0.97025354
0.95572685
-0.52445103
0.52861175
-0.41858388
0.3742232
0.075070194
-0.46270543
0.11584236
-0.069116798
0.97590434
-0.90678754
0.74655887
-0.96984481
-0.26721062
-0.97108032
-0.37884195
0.057490686
0.60147657
-0.20149727
-1.0824662
1.1514835
-0.4866176
0.83576365
0.12638881
0.1089796
0.14578433
-0.94065039
0.018804653
0.62542127
-0.29383046
0.66089633
-0.020867438
-0.082919354
0.34440353
-0.62906418
-0.0097142689
0.43687144
-1.2355063
0.089928849
1.1455775
-0.4430678
-0.52927819
0.73328348
0.67637208
-0.33747741
-0.34567706
-0.35866841
0.4909776
-0.0070036749
-0.54718217
0.62615428
1.0878079
-1.0878079
0.79467893
-0.21794798
-0.57673095
-0.3187267
-0.76072708
0.34913909
0.11998559
-0.63578683
0.27711842
-0.90680402
-1.0762298
-0.23374632
-0.27865224
0.39598514
0.93424847
-0.83093335
0.45000393
0.90519529
0.86268873
-0.31567546
-0.32331439
-0.60391317
0.28859829
1.0084731
-0.15443095
0.85669929
1.2651303
1.2272801
0.00098798257
-0.10701702
-0.30988392
0.63931321
-0.48440584
0.35872715
0.12567868
-0.3483843
-0.32321184
-0.30910056
0.18677403
0.20201326
0.091916885
-0.58741154
1.02818
0.073295993
-0.21844853
0.14515254
0.4677582
0.47473506
0.35771759
-0.052654767
0.94553568
-0.51519425
0.85127429
-0.49409251
-0.032693079
-1.1777367
1.3011652
-0.34796977
-0.66622796
-0.60844386
0.22900695
0.095587789
0.34868726
-0.53160277
0.31698377
0.1729381
-0.85201935
0.22603956
0.6380259
-0.73010757
-0.88140094
0.96129201
-0.38449996
-0.90352659
-0.1128998
0.91336196
0.014173823
0.024906179
-0.68501645
-0.41197429
-0.6642555
-0.084184274
-0.13795828
-0.50870065
1.0202921
-0.64848063
1.0752202
-0.84132151
0.18331019
-1.0356878
0.19036602
-1.2100856
-0.060907062
-0.21682497
1.0816395
-0.53159953
-0.083511821
-0.96651632
0.015294933
-1.0029071
-0.7306527
-0.32311044
0.92526218
-0.18984394
1.1693952
1.2584362
0.1537283
0.057268593
-0.79700313
-0.88415884
0.88415884
-0.97095901
0.1026065
0.077206673
0.19812745
-0.08930767
-1.0322304
1.0322304
0.54868117
0.12185164
0.91336196
1.0147124
-0.47951317
-0.28715181
-0.42378512
1.1479616
-0.72417644
0.55965685
-0.046726112
-0.51293074
0.42223748
-0.063510323
-0.89930773
0.89930773
0.10548803
-0.8043138
-0.35142686
-0.76030197
-0.75311428
0.82935631
-0.72386827
-0.74688572
-0.77613173
-0.36922546
0.16976371
-0.81604317
0.78893346
0.6956862
0.58619445
-0.057582701
-0.25073217
0.079814781
0.75311428
-0.77613173
-0.343782
1.0156904
-1.0156904
0.46121133
-0.31484709
-0.2917659
-0.27040165
-0.5605317
0.83695552
-0.97304095
0.054006196
-1.2074819
0.51907665
0.68840526
-0.66587229
-0.091651054
0.24816048
-0.16939092
-0.86523605
-0.55350137
0.83941597
0.7457717
-0.11320443
0.2335312
0.63800788
-0.30112338
-0.42865964
0.34982917
0.6406625
0.61813349
0.70365829
-0.14001191
0.36732396
-1.1398935
-0.70685568
0.91866515
-0.2358043
-1.1372101
0.62850948
0.41847021
-0.50087974
-0.67734528
-0.16145371
-0.039907644
0.10640835
0.40990182
-0.037236636
0.40409842
-0.30247418
-0.070512345
0.54738225
-0.046991947
0.1080034
-0.05566463
1.2269146
0.64514662
-1.0571209
-0.77683088
-0.19621008
1.4156666
-0.77600619
-0.6734084
0.81617928
-0.92017452
0.79847131
0.65188626
0.63417779
-0.78860874
0.52682057
-0.021314334
0.11682245
0.0081141981
-0.037116933
-0.1582161
0.12032516
-0.019550891
0.68285792
0.27371111
0.69837569
-1.1221608
-1.0482049
0.69117028
0.35703458
0.56019283
0.24084704
0.53389041
-1.1052655
-0.075877658
-0.49059063
-0.61467487
0.80421212
-0.29504729
-0.46348259
0.52532953
-0.054620411
-0.032234239
-1.0762682
0.35209173
0.24311063
0.29201951
-0.52783919
0.29361049
0.017260966
-0.68361541
0.1156498
-0.68376658
1.3068955
-0.30449121
0.3054792
0.10590855
-0.6359591
-0.67202003
1.0378848
-0.020502174
-0.65684311
-0.39468775
-0.8845786
-1.2225957
0.51612099
-0.88529295
0.77661288
0.078160928
0.26610082
0.084708463
0.57187141
0.0075584784
-0.9254428
0.78911849
-1.1775246
-0.084529148
-0.15640771
-0.45719141
0.47676909
-0.0641505
1.1747953
-0.36502995
1.1124906
0.31798168
-0.5283872
-0.44775869
-0.23755992
-0.10434201
0.21766769
-0.11332568
0.77806738
0.054260281
-0.39074708
0.026041063
1.1155072
-1.1415483
-0.9739665
-0.46761624
-0.31814941
0.2025424
-0.1900648
0.93483492
0.15099021
0.44944729
0.76270911
-0.059050812
-0.62780698
-0.16588901
-0.060945349
-0.51104803
0.22091391
0.64588736
-0.80658879
0.5949341
0.11740989
0.44453405
-0.45478172
0.63508913
-0.86740165
-0.79673895
-0.30569733
-0.24024543
-0.22085971
-0.49568833
0.17791361
0.31777472
0.27088351
0.14170967
-0.23336072
-0.53248688
-0.21120415
0.90478799
-0.085483298
-0.59277307
-0.57932657
0.9191052
-0.053019884
0.58464851
-0.54966675
0.23481966
-0.92781919
0.91213732
0.075037794
0.93343526
-1.1469963
0.69923758
-0.57098858
0.38318746
-0.32245105
-0.68556422
0.71419317
-1.0349874
0.68912215
-0.38925688
-0.93144351
0.88005124
-1.0386477
-0.09480083
-0.15803165
-0.64196353
-0.34381715
0.29500403
-0.10851399
-0.11053117
0.26425947
0.36480794
-0.026243626
0.94534882
0.74680905
-0.42539982
0.57789308
-0.26332647
0.83774207
-0.034294029
-0.48504906
0.24217343
0.17032499
0.065078199
0.21094359
0.40040843
-0.36217984
0.52838572
0.11012837
-0.26518345
0.18123729
-0.20305219
-0.13081288
-0.28361946
0.30649304
0.54694593
-0.056438034
0.38113837
-0.90464522
0.74949067
0.16264665
0.94638937
0.52396119
0.36533161
-0.67208123
0.30674962
-0.89648347
0.70027339
0.32296074
0.75175158
-0.73449062
0.81723989
0.07653907
-0.36940236
-0.083091624
0.77834428
-0.45859101
-0.75814492
0.79021314
0.31296984
0.03562813
0.72543743
-0.11847977
-0.24188817
0.93101032
-0.20986338
0.16708326
0.41525523
-1.1018738
0.75805669
0.75931006
0.60879328
0.088208187
0.1294595
-0.82046303
0.059007217
-0.039118071
0.079768763
0.39930666
-0.64425485
0.14907074
0.059094968
0.3560239
0.43456704
-0.49528488
0.30442585
-0.15794785
0.0002697264
-1.1052447
0.38944588
-0.60065004
0.32755627
-0.035536765
-0.65812058
0.81888786
-0.33832877
-0.66638662
0.25707115
1.0402939
-0.71684648
0.23060397
-0.10421516
-0.97780074
1.4273285
-0.10819249
-1.0001807
0.094665975
-0.23484354
0.095982105
-1.1049851
-0.029615927
0.16456864
-0.047050445
0.18066389
0.13622929
-0.056460522
-0.21899797
0.14840659
0.51320925
0.055282688
-0.21323054
-0.087402391
0.15076373
-0.60795514
-0.0056960191
-0.39890302
-0.25462078
1.0387993
-0.50154679
0.21416797
-0.23076976
0.18683161
0.028799958
0.69419524
-0.29944419
0.74681661
-0.38311771
0.29337339
0.26063708
-0.73029159
-0.14943795
1.0419688
0.12941614
-0.7088377
-0.33200267
0.92773924
-0.094858465
-0.82274347
0.30728765
0.19655162
-0.11931332
-0.1214162
0.94354239
0.30163472
-0.42977498
0.11322605
-0.63934196
0.77952398
1.0645497
0.56721916
-0.40417116
-0.42216046
0.57905122
-1.0159227
-0.40754993
0.12893499
-0.80750187
0.18509085
-0.82443281
0.15745574
-0.056504253
0.4241244
0.88562658
0.30085071
0.49253785
0.43514751
0.0081554532
0.151717
-0.40471169
0.26609796
0.14132375
)
;

boundaryField
{
    back
    {
        type            empty;
    }
    out
    {
        type            calculated;
        value           nonuniform List<scalar> 
20
(
1.4657349
1.6072562
1.4549849
1.602533
1.6165377
1.6235775
1.6167117
1.5846315
1.2942296
1.2113901
1.6250761
1.1728837
1.6179059
1.6120415
1.1413086
1.5581746
1.6127406
1.6279801
1.6203026
1.3339998
)
;
    }
    bottom
    {
        type            calculated;
        value           uniform 0;
    }
    in
    {
        type            calculated;
        value           nonuniform List<scalar> 
20
(
-1.5
-1.5
-1.5
-1.5
-1.5
-1.5
-1.5
-1.5
-1.5
-1.5
-1.5
-1.5
-1.5
-1.5
-1.5
-1.5
-1.5
-1.5
-1.5
-1.5
)
;
    }
    top
    {
        type            calculated;
        value           uniform 0;
    }
    wall
    {
        type            calculated;
        value           uniform 0;
    }
    front
    {
        type            empty;
    }
}


// ************************************************************************* //
