/*--------------------------------*- C++ -*----------------------------------*\
| =========                 |                                                 |
| \\      /  F ield         | foam-extend: Open Source CFD                    |
|  \\    /   O peration     | Version:     4.1                                |
|   \\  /    A nd           | Web:         http://www.foam-extend.org         |
|    \\/     M anipulation  |                                                 |
\*---------------------------------------------------------------------------*/
FoamFile
{
    version     2.0;
    format      ascii;
    class       volScalarField;
    location    "0.9";
    object      rAU;
}
// * * * * * * * * * * * * * * * * * * * * * * * * * * * * * * * * * * * * * //

dimensions      [0 0 1 0 0 0 0];

internalField   nonuniform List<scalar> 
4393
(
0.00022764401
0.00022727021
0.00022690417
0.00022653029
0.00022614646
0.00022575124
0.00022534227
0.00022491834
0.00022447862
0.0002240229
0.00022355179
0.00022306678
0.00022257039
0.00022206614
0.00022155842
0.00022105337
0.00022055678
0.00022007564
0.0002196176
0.00021919023
0.00021880126
0.00021845839
0.0002181691
0.00021794059
0.00021777951
0.00021769177
0.00021768204
0.00021768204
0.00021775361
0.00021790759
0.00021814213
0.00021845226
0.00021882978
0.00021926363
0.00021974056
0.00022024605
0.00022076524
0.00022128397
0.0002217894
0.00022227053
0.00022271838
0.00022312601
0.00022348836
0.00022380198
0.00022406477
0.00022427573
0.00022443495
0.00022454295
0.00022458507
0.0002245116
0.00022419113
0.00022388558
0.00022357098
0.00022324457
0.00022290469
0.00022254913
0.00022217702
0.00022178796
0.00022138229
0.00022096131
0.00022052729
0.00022008359
0.00021963471
0.00021918594
0.00021874432
0.00021831644
0.00021790991
0.00021753279
0.00021719294
0.00021689822
0.0002166563
0.00021647461
0.00021636013
0.0002163192
0.00021635721
0.00021644389
0.0002164168
0.00021646001
0.0002165869
0.000216799
0.00021709475
0.00021746901
0.00021791302
0.00021841479
0.00021896005
0.00021953332
0.00022011908
0.00022070277
0.00022127144
0.00022181422
0.0002223224
0.00022278937
0.0002232104
0.00022358223
0.00022390274
0.00022417103
0.00022438861
0.00022454271
0.00022400624
0.00022369759
0.00022339746
0.00022308578
0.00022275981
0.00022241806
0.00022205851
0.0002216806
0.00022128432
0.00022087056
0.00022044123
0.00021999939
0.00021954928
0.00021909635
0.00021864693
0.00021820904
0.00021779016
0.00021739863
0.00021704306
0.00021673163
0.00021647237
0.00021627304
0.00021614102
0.00021608324
0.00021610586
0.00021621392
0.00021630071
0.00021618161
0.00021614334
0.00021619289
0.0002163352
0.00021657193
0.00021690052
0.00021731383
0.0002178003
0.00021834504
0.00021893109
0.00021954097
0.00022015791
0.00022076681
0.00022135486
0.00022191167
0.00022242934
0.00022290213
0.00022332603
0.00022369842
0.00022401821
0.00022428551
0.00022448062
0.00022365089
0.00022334763
0.00022304742
0.0002227326
0.00022240071
0.00022205044
0.00022167996
0.00022128891
0.00022087765
0.00022044749
0.00022000096
0.00021954183
0.00021907527
0.00021860776
0.00021814676
0.00021770145
0.00021728038
0.00021689281
0.00021654805
0.00021625476
0.00021602127
0.00021585554
0.00021576509
0.00021575697
0.00021583744
0.00021601154
0.0002160931
0.00021588794
0.00021576534
0.00021573583
0.00021580811
0.0002159874
0.00021627384
0.00021666168
0.00021713939
0.00021769083
0.00021829698
0.00021893782
0.00021959401
0.00022024809
0.0002208852
0.00022149337
0.00022206347
0.00022258894
0.00022306525
0.00022348959
0.00022386075
0.00022417775
0.00022442244
0.00022328901
0.0002229899
0.00022269001
0.00022237238
0.0002220347
0.00022167582
0.000221294
0.0002208891
0.00022046171
0.00022001354
0.00021954764
0.00021906852
0.00021858223
0.00021809635
0.00021761961
0.00021716245
0.00021673467
0.00021634658
0.00021600827
0.00021572893
0.00021551723
0.00021538133
0.00021532897
0.00021536747
0.00021550343
0.00021574224
0.00021582936
0.00021553372
0.00021532283
0.00021521126
0.0002152121
0.00021533467
0.00021558209
0.0002159499
0.00021642608
0.00021699253
0.00021762736
0.00021830737
0.00021901014
0.00021971553
0.00022040658
0.00022106974
0.00022169485
0.00022227466
0.00022280438
0.00022328117
0.00022370371
0.00022407085
0.00022436675
0.00022291133
0.0002226169
0.00022231839
0.00022199889
0.00022165621
0.00022128925
0.00022089634
0.00022047741
0.00022003326
0.00021956589
0.00021907881
0.0002185772
0.00021806804
0.00021756007
0.00021706337
0.00021658987
0.00021615082
0.0002157577
0.0002154215
0.00021515196
0.00021495806
0.00021484817
0.00021483031
0.00021491222
0.00021510112
0.00021540318
0.00021551097
0.00021511903
0.00021481424
0.00021461581
0.00021454212
0.00021460741
0.00021481829
0.00021517157
0.00021565411
0.00021624491
0.0002169182
0.00021764669
0.00021840428
0.00021916784
0.00021991815
0.00022064021
0.00022132296
0.00022195878
0.00022254285
0.00022307254
0.00022354675
0.00022396477
0.00022431252
0.00022251833
0.00022222927
0.00022193315
0.00022161279
0.00022126596
0.00022089153
0.00022048779
0.0002200547
0.00021959311
0.00021910524
0.00021859499
0.00021806814
0.00021753259
0.00021699831
0.00021647694
0.00021598214
0.00021552682
0.0002151239
0.00021478532
0.00021452137
0.00021434128
0.00021425356
0.00021426652
0.00021438844
0.00021462751
0.00021499117
0.00021513997
0.00021464445
0.00021423827
0.00021394613
0.00021379286
0.00021379892
0.00021397526
0.00021431993
0.00021481789
0.00021544399
0.00021616722
0.00021695512
0.00021777714
0.00021860671
0.00021942232
0.00022020757
0.00022095076
0.00022164419
0.0002222833
0.00022286595
0.00022339158
0.00022386031
0.0002242595
0.00022211202
0.00022182968
0.00022153713
0.00022121693
0.0002208668
0.00022048548
0.00022007116
0.00021962369
0.00021914387
0.00021863402
0.00021809829
0.00021754302
0.000216977
0.00021641155
0.00021586006
0.00021533825
0.00021486106
0.00021444308
0.00021409733
0.0002138346
0.00021366419
0.00021359465
0.00021363447
0.00021379262
0.00021407857
0.00021450163
0.00021471791
0.00021410988
0.00021359265
0.0002131974
0.00021295704
0.00021290014
0.00021304328
0.00021338584
0.00021390982
0.00021458415
0.00021537085
0.00021623085
0.00021712823
0.00021803261
0.00021892008
0.00021977308
0.00022057959
0.00022133216
0.00022202688
0.00022266239
0.00022323899
0.00022375787
0.00022420763
0.00022169409
0.00022141932
0.00022113144
0.00022081246
0.00022045995
0.00022007243
0.00021964787
0.00021918589
0.00021868711
0.00021815377
0.00021759013
0.00021700299
0.000216402
0.0002157999
0.00021521215
0.00021465692
0.00021415168
0.00021371304
0.0002133552
0.00021308932
0.00021292453
0.00021286912
0.00021293163
0.00021312176
0.00021345059
0.00021393003
0.0002142477
0.0002135164
0.00021287588
0.000212365
0.00021202693
0.00021190108
0.00021201169
0.0002123597
0.00021292253
0.0002136608
0.00021452715
0.00021547412
0.00021645937
0.00021744828
0.00021841464
0.00021933999
0.00022021245
0.00022102533
0.00022177575
0.00022246352
0.00022309014
0.00022365803
0.00022415708
0.00022126655
0.00022100124
0.00022071942
0.00022040287
0.000220049
0.00021965605
0.00021922168
0.00021874511
0.00021822662
0.00021766817
0.00021707397
0.00021645109
0.00021580998
0.00021516491
0.00021453368
0.00021393756
0.00021339719
0.00021293168
0.00021255658
0.00021228316
0.00021211997
0.00021207457
0.00021215527
0.00021237245
0.00021273916
0.00021327068
0.00021373272
0.0002128654
0.00021208636
0.00021144342
0.0002109929
0.00021078906
0.00021086698
0.00021122949
0.00021184711
0.00021266868
0.00021363422
0.00021468565
0.00021577301
0.00021685714
0.00021790971
0.00021891194
0.00021985268
0.00022072654
0.00022153223
0.00022227113
0.00022294626
0.0002235615
0.00022410811
0.00022083205
0.00022057678
0.00022030215
0.0002199892
0.00021963506
0.0002192376
0.00021879399
0.00021830294
0.00021776416
0.00021717908
0.00021655163
0.00021588892
0.00021520207
0.00021450691
0.000213824
0.00021317846
0.00021259505
0.00021209612
0.00021169867
0.00021141369
0.00021124847
0.00021120919
0.00021130342
0.00021154203
0.00021194031
0.00021251787
0.00021317829
0.00021216007
0.00021122374
0.00021042741
0.00020984416
0.00020954905
0.00020959301
0.00020998138
0.00021067412
0.00021160324
0.00021269179
0.00021386825
0.0002150738
0.00021626462
0.00021741081
0.00021849402
0.00021950467
0.00022043944
0.00022129919
0.00022208737
0.00022280883
0.00022346915
0.00022406111
0.00022039155
0.00022014888
0.0002198832
0.00021957537
0.00021922237
0.00021882161
0.0002183697
0.00021786461
0.00021730525
0.00021669224
0.00021602887
0.000215322
0.00021458316
0.00021382968
0.00021308534
0.00021238013
0.00021174435
0.00021120456
0.00021077945
0.00021047912
0.00021030855
0.00021027157
0.00021037429
0.00021062768
0.00021104948
0.00021166461
0.00021248477
0.00021140499
0.00021028886
0.00020931166
0.00020856791
0.00020816215
0.00020816932
0.00020859834
0.00020939275
0.00021046032
0.00021170111
0.00021302677
0.00021436852
0.00021567809
0.000216925
0.00021809253
0.00021917376
0.00022016834
0.00022107999
0.00022191471
0.00022267957
0.000223382
0.00022401652
0.00021995025
0.00021972028
0.0002194646
0.00021916323
0.00021881272
0.00021840994
0.00021795076
0.00021743224
0.00021685217
0.00021621003
0.00021550804
0.00021475238
0.0002139546
0.00021313337
0.00021231609
0.00021153906
0.0002108401
0.00021025162
0.00020979422
0.00020947609
0.0002092983
0.0002092609
0.00020936747
0.00020962843
0.00021006389
0.00021070511
0.00021159211
0.00021060818
0.00020928516
0.00020809191
0.0002071495
0.00020660466
0.00020656983
0.00020705955
0.00020799113
0.00020923702
0.00021066609
0.00021216928
0.00021366699
0.00021510751
0.00021646141
0.00021771529
0.00021886635
0.00021991828
0.00022087846
0.00022175595
0.00022256037
0.00022330124
0.00022397489
0.00021950686
0.00021929292
0.00021904945
0.00021875649
0.00021841043
0.0002180076
0.00021754302
0.0002170126
0.00021641272
0.00021574123
0.00021499875
0.0002141902
0.00021332651
0.00021242721
0.00021152358
0.00021066005
0.00020988499
0.00020923901
0.00020874498
0.00020840755
0.00020822151
0.00020818116
0.00020828628
0.00020854584
0.000208982
0.00020963334
0.00021055286
0.0002097814
0.00020821962
0.00020676579
0.00020557226
0.00020484615
0.00020476025
0.00020533894
0.00020645618
0.00020793253
0.00020959441
0.00021130794
0.00021298276
0.00021456584
0.0002160314
0.00021737171
0.00021858989
0.00021969501
0.00022069888
0.00022161418
0.00022245334
0.00022322813
0.00022393684
0.00021907213
0.0002188737
0.00021864347
0.0002183605
0.0002180207
0.00021761972
0.00021715156
0.00021661078
0.00021599194
0.00021529076
0.00021450556
0.00021363922
0.00021270121
0.00021171097
0.00021070364
0.00020973416
0.00020886607
0.00020815211
0.00020761804
0.00020726247
0.00020707026
0.00020702724
0.00020712775
0.00020737783
0.00020780052
0.0002084422
0.00020937167
0.00020894123
0.00020710449
0.00020533469
0.000203818
0.00020284706
0.00020269431
0.0002034035
0.00020477401
0.00020654971
0.00020849936
0.0002104606
0.00021233417
0.00021406963
0.0002156488
0.00021707279
0.00021835286
0.00021950485
0.00022054588
0.00022149267
0.0002223607
0.00022316406
0.000223903
0.00021863759
0.00021845865
0.00021824409
0.00021797334
0.00021764229
0.00021724595
0.00021677725
0.00021622916
0.00021559414
0.00021486513
0.00021403733
0.00021311055
0.0002120916
0.00021099827
0.00020986858
0.00020877078
0.00020779049
0.0002069987
0.00020642481
0.00020605704
0.00020586439
0.00020582031
0.00020591203
0.00020614117
0.00020652986
0.00020713266
0.00020803792
0.00020811334
0.00020596023
0.00020380688
0.00020186868
0.00020055559
0.00020030753
0.00020121085
0.00020293075
0.00020509773
0.00020740242
0.00020965269
0.00021174544
0.0002136395
0.00021533005
0.00021683106
0.00021816455
0.00021935457
0.00022042429
0.00022139481
0.00022228473
0.00022311043
0.00022387405
0.00021822609
0.00021806548
0.00021786769
0.00021761124
0.00021729161
0.00021690304
0.00021643726
0.00021588542
0.00021523742
0.00021448272
0.00021361223
0.0002126213
0.00021151249
0.0002102994
0.00020902038
0.00020775982
0.0002066364
0.00020574985
0.00020513474
0.00020476249
0.00020457742
0.0002045359
0.00020461737
0.00020481781
0.00020515469
0.00020568893
0.00020653125
0.00020732635
0.00020481645
0.00020220285
0.00019971117
0.00019790459
0.00019750709
0.00019870631
0.00020091465
0.00020359643
0.00020633726
0.00020891983
0.00021124799
0.00021330062
0.00021509412
0.00021666035
0.0002180348
0.00021925107
0.00022033893
0.00022132391
0.00022222763
0.0002230686
0.00022385066
0.00021781706
0.00021767901
0.00021750036
0.00021726049
0.00021695504
0.00021657764
0.00021611881
0.00021556779
0.00021491165
0.00021413581
0.00021322574
0.00021217072
0.00021096727
0.00020962147
0.00020816663
0.00020670477
0.0002054047
0.00020441264
0.00020377001
0.00020342042
0.00020326799
0.00020324415
0.0002033203
0.00020348542
0.00020374487
0.00020416151
0.00020487323
0.00020604005
0.00020373307
0.00020057023
0.00019735021
0.00019481279
0.00019415666
0.00019582039
0.00019872068
0.0002020836
0.00020535535
0.00020831099
0.00021088171
0.00021308276
0.00021496213
0.00021657518
0.00021797345
0.00021920101
0.00022029428
0.00022128299
0.00022219141
0.00022303983
0.00022383346
0.00021746816
0.00021735095
0.00021719282
0.00021697246
0.00021668534
0.00021632451
0.00021587927
0.0002153369
0.0002146814
0.00021389345
0.00021295142
0.00021183591
0.00021053464
0.00020904161
0.00020737449
0.00020564942
0.00020411182
0.00020298641
0.00020232351
0.00020202226
0.00020192132
0.0002019177
0.0002019801
0.00020209614
0.00020224977
0.0002024999
0.00020301703
0.00020404778
0.00020277715
0.00019900123
0.00019484858
0.00019121036
0.00019006017
0.0001924694
0.00019635927
0.00020062683
0.0002045343
0.00020789245
0.00021069594
0.00021301991
0.00021495648
0.00021658996
0.00021798969
0.00021921027
0.00022029416
0.00022127457
0.00022217775
0.00022302517
0.000223823
0.00021720051
0.00021710855
0.00021697487
0.00021677853
0.00021651534
0.00021617777
0.00021575401
0.0002152293
0.00021458445
0.00021379502
0.00021283102
0.00021166157
0.00021026302
0.00020861398
0.00020670098
0.00020463889
0.00020279058
0.00020152057
0.00020088649
0.00020071719
0.00020074081
0.00020080608
0.0002008903
0.00020099353
0.00020105243
0.00020109854
0.00020133216
0.00020206206
0.00020232357
0.00019782296
0.00019245196
0.00018712481
0.0001849592
0.00018857282
0.00019388279
0.00019934641
0.00020399067
0.00020775221
0.00021074966
0.00021314888
0.0002150992
0.0002167176
0.00021809107
0.00021928332
0.00022034132
0.0002213004
0.00022218781
0.00022302541
0.00022381968
0.00021725964
0.00021719579
0.00021709259
0.00021692805
0.00021669837
0.00021639576
0.00021600776
0.00021551828
0.00021490564
0.0002141409
0.00021318526
0.0002119928
0.00021052316
0.00020873584
0.00020656263
0.00020406858
0.00020178745
0.00020035074
0.00019980547
0.00019987907
0.00020010522
0.00020026555
0.00020036301
0.00020044914
0.00020036924
0.00020009267
0.00019988243
0.00020010161
0.00020118336
0.00019740083
0.00019066086
0.00018291664
0.00017861442
0.00018416408
0.0001914681
0.00019845296
0.00020389569
0.00020800289
0.0002111092
0.00021350601
0.00021540925
0.00021696768
0.00021828232
0.00021942248
0.00022043694
0.0002213612
0.00022222207
0.00022304091
0.00022382377
0.00021801701
0.00021798816
0.00021793005
0.00021781548
0.00021764067
0.00021739779
0.00021707429
0.00021665332
0.00021611108
0.00021541416
0.00021451398
0.00021334406
0.00021183688
0.00020993093
0.00020748656
0.00020441533
0.00020147793
0.00019988179
0.00019958087
0.0002001775
0.0002008216
0.00020120622
0.00020138375
0.00020158194
0.00020150144
0.00020093312
0.00020031531
0.00019986113
0.00020080792
0.00019976204
0.0001912969
0.00018002125
0.00017094781
0.00017965778
0.00018947923
0.0001982718
0.00020448868
0.00020878067
0.00021184197
0.00021412132
0.00021589856
0.00021734403
0.000218564
0.00021962724
0.00022058032
0.00022145641
0.00022228026
0.00022307161
0.00022383531
0.00022066384
0.00022071202
0.00022074187
0.0002207213
0.00022064846
0.00022051637
0.00022031376
0.0002200247
0.00021962544
0.00021908117
0.00021833801
0.00021731137
0.00021589832
0.00021401605
0.00021146402
0.0002077863
0.00020388369
0.00020236608
0.00020272473
0.00020450437
0.00020600915
0.00020690998
0.00020732183
0.00020797673
0.00020832138
0.00020732389
0.00020618923
0.00020432504
0.00020496008
0.00020348409
0.00019649993
0.00018118211
0.00016222061
0.00017630842
0.00018869752
0.00019949685
0.00020614902
0.0002102463
0.00021300398
0.00021500908
0.00021656672
0.00021784216
0.00021893128
0.00021989359
0.00022076855
0.00022158409
0.00022236122
0.00022311693
0.00022385412
0.00022642317
0.00022656634
0.00022672903
0.00022685667
0.00022694703
0.00022699521
0.00022699403
0.00022693265
0.00022679273
0.00022654459
0.00022613717
0.0002254726
0.00022438801
0.00022271864
0.00022022014
0.00021576646
0.000209566
0.00020824664
0.00020948507
0.00021348482
0.00021646258
0.00021835292
0.00021896571
0.00022040457
0.00022210325
9.3007684e-05
9.5433605e-05
9.7691746e-05
9.9882193e-05
0.00010288237
9.4463712e-05
8.6204529e-05
0.00010657298
0.00017933354
0.00019343345
0.00020412696
0.00020945431
0.0002125345
0.00021460543
0.00021615196
0.00021739465
0.00021844682
0.00021937309
0.00022021384
0.00022099643
0.00022174089
0.0002224629
0.0002231758
0.00022387979
0.00023924586
0.00023969349
0.00024019443
0.0002406806
0.0002411611
0.00024164004
0.00024212222
0.00024261139
0.00024310638
0.00024359643
0.00024404882
0.00024437081
0.00024434161
0.00024362509
0.00024200473
0.00023807303
0.00022682246
0.00022935476
0.00023549174
0.00025020936
0.00026144134
0.00027023364
0.00012828148
0.00016688177
0.00032275045
0.00046159607
0.00049956686
0.00049956686
0.00049956686
0.00049956686
0.00049956686
0.00045031239
0.0003364983
6.807527e-05
0.00021297377
0.00021346085
0.00021437875
0.00021549435
0.00021653641
0.00021748108
0.00021833983
0.00021913129
0.00021987229
0.00022057684
0.00022125672
0.00022192217
0.00022258249
0.00022324665
0.00022391165
0.00026426903
0.00026527748
0.0002664311
0.00026762752
0.00026888729
0.000270235
0.00027170479
0.00027333964
0.00027519273
0.00027733153
0.00027984246
0.0002828229
0.00028637412
0.00029054798
0.00029518012
0.00030233734
0.0002734579
0.00030500943
0.00035659582
0.00037254952
0.00027822195
0.00031972673
0.00049956686
0.00049956686
0.00049956686
0.00049956686
0.00049956686
0.00049956686
0.00049956686
0.00049956686
0.00041263398
0.00041826943
0.00010203822
0.0002665902
0.00023113993
0.00022209697
0.00021927524
0.00021853481
0.00021855424
0.00021888176
0.00021934144
0.00021986047
0.00022040742
0.00022096901
0.00022154068
0.00022212235
0.00022271653
0.00022332754
0.00022394887
0.00030195429
0.00030409667
0.00030622673
0.00030842913
0.00031077839
0.00031334733
0.00031622192
0.00031951542
0.00032338728
0.00032808111
0.00033399312
0.00034169906
0.00035173201
0.00036474691
0.000384922
0.00040158257
0.00025702343
0.00025319914
0.00026337851
0.00048921517
0.00047848994
0.00048855294
0.00047869855
0.00047372165
0.00047746534
0.00045865804
0.00045171927
0.00045351617
0.00044093607
0.00043652048
0.00010691828
0.00010767076
0.00021977634
0.00025235689
0.00023694824
0.0002274106
0.00022311576
0.000221219
0.00022044936
0.00022024469
0.00022033819
0.00022059791
0.00022095581
0.00022137582
0.00022183886
0.0002223353
0.00022286117
0.00022341624
0.00022399043
0.00028856537
0.00028908362
0.00028927353
0.00028946005
0.00028964527
0.00028986113
0.00029013364
0.00029049965
0.00029101214
0.0002917487
0.00029283147
0.0002938769
0.00029481601
0.00029557405
0.00029293203
0.00010292924
0.00037622856
0.00047082381
0.00047253649
0.00049383687
0.00048613823
0.0004824508
0.00012420999
0.00012127926
0.0001007701
0.00010005412
0.000100629
0.00010197281
0.00010292725
0.00010452161
0.00020120891
0.00020767814
0.00021808292
0.00023901575
0.00023963005
0.00023076138
0.00022595773
0.00022341695
0.00022210829
0.00022149278
0.0002212803
0.00022131148
0.00022149643
0.00022178331
0.00022214192
0.00022255481
0.00022301241
0.00022351037
0.00022403524
0.00022327515
0.00022310736
0.00022281899
0.00022254027
0.000222279
0.00022205231
0.00022187621
0.000221774
0.00022177803
0.00022193317
0.00022230436
0.00022209443
0.0002211631
0.00021941678
0.00021672861
0.00021314661
9.5859421e-05
9.9101846e-05
9.9869052e-05
9.9773877e-05
0.00010014961
0.00010017638
0.00021253988
0.00021081369
0.00020892985
0.00020554381
0.00020443536
0.00020387899
0.000202108
0.0002021262
0.00020330663
0.00020901279
0.00021823623
0.00023217545
0.00023802124
0.00023248194
0.00022785739
0.0002250894
0.00022347608
0.0002225792
0.00022213278
0.00022197622
0.00022201174
0.00022217921
0.00022244132
0.00022277501
0.00022316636
0.00022360756
0.00022408215
0.00021926613
0.00021934601
0.00021947237
0.00021960772
0.0002197633
0.00021995123
0.0002201841
0.00022047799
0.00022085218
0.00022132952
0.00022186415
0.00022156886
0.00022081342
0.00021957746
0.0002178036
0.00021498958
0.00021250685
0.00021402907
0.00021587929
0.00021421457
0.0002123815
0.00021121568
0.00021005904
0.0002083372
0.00020730338
0.00020568593
0.00020477975
0.00020420534
0.00020347951
0.00020394828
0.00020593226
0.00021088852
0.00021854828
0.00022810795
0.0002338315
0.00023318207
0.00022902061
0.00022628598
0.00022454834
0.00022348494
0.00022287573
0.00022257531
0.00022248863
0.00022255364
0.00022272979
0.00022299069
0.00022331942
0.00022370553
0.00022413005
0.00021788924
0.00021796881
0.00021809415
0.0002182329
0.00021838793
0.00021856679
0.00021877801
0.00021903268
0.00021934331
0.00021972363
0.00021997933
0.00021948728
0.00021872917
0.00021765481
0.00021622753
0.00021439194
0.00021326112
0.00021411271
0.00021527039
0.00021349511
0.0002119018
0.00021068265
0.00020952603
0.00020831101
0.00020735621
0.00020629723
0.00020564686
0.00020528626
0.0002052119
0.00020608762
0.00020833116
0.00021262022
0.00021875905
0.00022561453
0.00023029993
0.00023231267
0.00022962737
0.00022708137
0.0002253476
0.00022421039
0.00022350164
0.00022309951
0.00022291846
0.00022289936
0.00022300159
0.00022319749
0.00022346845
0.00022380224
0.00022417791
0.00021721096
0.00021733192
0.00021747164
0.00021762268
0.00021779098
0.00021798297
0.00021820482
0.00021846404
0.00021876766
0.00021912108
0.00021921493
0.00021877181
0.00021812025
0.00021723023
0.0002160814
0.00021482217
0.00021419532
0.00021469896
0.00021503891
0.0002134115
0.00021201397
0.00021086201
0.00020980449
0.00020882294
0.00020800286
0.00020726729
0.0002068487
0.00020673388
0.00020702998
0.000208123
0.00021033524
0.00021399238
0.00021887065
0.00022400942
0.000227863
0.00023021859
0.00022984662
0.00022755954
0.00022591087
0.00022476857
0.00022401224
0.00022354579
0.00022329666
0.00022321169
0.00022325256
0.00022339199
0.00022361084
0.00022389591
0.0002242248
0.00021692169
0.00021699478
0.00021711077
0.00021724594
0.00021739836
0.00021757157
0.00021776936
0.00021799663
0.00021825726
0.00021855274
0.00021852324
0.00021813376
0.00021760125
0.0002169141
0.00021608481
0.00021529067
0.00021497718
0.00021536545
0.00021499571
0.00021359461
0.0002123692
0.00021132266
0.00021038919
0.00020956877
0.0002088944
0.00020837623
0.00020813543
0.00020820837
0.00020871208
0.00020988764
0.00021195294
0.00021505061
0.00021895095
0.00022294341
0.00022613915
0.00022830374
0.00022930038
0.00022779413
0.00022627864
0.00022517897
0.00022441526
0.00022391579
0.00022362198
0.00022348822
0.00022348002
0.00022357172
0.00022374458
0.00022398509
0.00022426992
0.00021677906
0.00021689205
0.0002170176
0.0002171533
0.00021730315
0.00021747022
0.00021765621
0.00021786297
0.00021809057
0.00021833584
0.00021824908
0.00021790041
0.0002174482
0.00021689713
0.00021628726
0.00021577745
0.00021563499
0.00021596284
0.00021504852
0.0002138592
0.00021279599
0.00021186998
0.0002110608
0.00021037602
0.00020983851
0.00020948082
0.00020937825
0.00020958336
0.00021019753
0.00021137679
0.00021325704
0.00021588278
0.00021904251
0.00022223345
0.00022490813
0.00022685663
0.00022809006
0.00022785096
0.00022649049
0.00022546372
0.00022472193
0.00022421433
0.00022389567
0.00022372841
0.00022368263
0.00022373511
0.00022386821
0.00022406864
0.00022431264
0.00021670576
0.00021677589
0.00021688229
0.00021700556
0.00021714322
0.00021729638
0.00021746521
0.00021764993
0.00021784863
0.00021805584
0.00021796822
0.00021768305
0.00021732713
0.00021691357
0.00021649074
0.00021618352
0.00021615679
0.0002161816
0.00021514067
0.00021413964
0.00021322843
0.00021242681
0.00021173729
0.00021117321
0.00021075729
0.00021052508
0.00021053101
0.00021082766
0.00021149511
0.00021263501
0.00021432538
0.0002165599
0.00021915733
0.00022176453
0.00022402361
0.0002257603
0.00022694903
0.00022750553
0.00022658063
0.00022564457
0.00022494492
0.00022444812
0.00022412079
0.00022393314
0.0002238601
0.00022388135
0.00022398078
0.00022414577
0.00022435248
0.00021665249
0.00021674403
0.00021685084
0.00021696696
0.00021709396
0.00021723281
0.00021738262
0.00021754221
0.00021770822
0.00021787391
0.00021779685
0.00021755895
0.00021727655
0.00021696858
0.00021668275
0.00021651267
0.00021656368
0.00021610925
0.00021525403
0.00021441755
0.00021364665
0.00021296632
0.0002123904
0.0002119362
0.00021162718
0.00021149654
0.00021158717
0.00021194537
0.00021263126
0.00021370996
0.00021522098
0.00021713376
0.00021929939
0.00022146742
0.00022339231
0.00022493378
0.00022605193
0.0002267768
0.0002265792
0.00022574181
0.00022509709
0.0002246248
0.00022430146
0.00022410432
0.00022401304
0.00022401031
0.00022408184
0.00022421597
0.00022438911
0.00021662036
0.00021668704
0.000216782
0.00021688935
0.00021700691
0.00021713438
0.00021726988
0.00021741122
0.00021755406
0.00021769091
0.00021764808
0.00021746007
0.00021724618
0.00021702754
0.00021684691
0.00021677393
0.00021670987
0.00021608846
0.00021538616
0.00021469261
0.00021404932
0.00021348311
0.00021301306
0.00021265865
0.00021244317
0.00021239615
0.00021255249
0.00021295029
0.00021363311
0.00021464112
0.00021598947
0.00021763806
0.00021946704
0.00022129574
0.0002229492
0.00022431573
0.00022535205
0.0002260678
0.0002263797
0.00022577297
0.0002251906
0.00022475222
0.00022444244
0.00022424458
0.00022414266
0.00022412235
0.0002241713
0.00022427899
0.00022442233
0.00021659656
0.00021666898
0.0002167594
0.00021685795
0.00021696428
0.00021707802
0.00021719687
0.00021731815
0.00021743719
0.00021754664
0.00021753785
0.00021739149
0.00021723374
0.00021708556
0.00021698327
0.0002169515
0.00021664402
0.0002161097
0.00021553541
0.00021496623
0.00021443801
0.00021397713
0.00021360446
0.00021334013
0.00021320628
0.00021322865
0.00021343571
0.0002138575
0.00021452452
0.00021545994
0.00021666419
0.00021809542
0.00021965796
0.00022121883
0.00022264961
0.00022386154
0.0002248131
0.0002255025
0.00022595407
0.00022575332
0.00022523653
0.000224838
0.00022454867
0.00022435691
0.00022425061
0.00022421826
0.00022424942
0.00022433482
0.00022445204
0.00021658568
0.00021664581
0.00021672843
0.00021681955
0.00021691722
0.00021702047
0.00021712656
0.0002172325
0.00021733353
0.00021742265
0.000217449
0.00021733989
0.00021722939
0.00021713714
0.00021709328
0.0002169683
0.0002166005
0.00021616567
0.00021570009
0.00021523946
0.0002148144
0.00021444956
0.00021416564
0.00021398222
0.00021391965
0.00021399998
0.00021424622
0.00021468126
0.00021532562
0.00021619101
0.00021726944
0.00021852112
0.00021986971
0.00022121536
0.00022246158
0.00022353766
0.00022440598
0.00022505883
0.00022550994
0.00022566435
0.0002252446
0.00022488925
0.00022462505
0.00022444451
0.00022433886
0.00022429909
0.00022431667
0.00022438362
0.00022447828
0.00021658202
0.0002166407
0.00021671772
0.00021680105
0.00021688935
0.00021698162
0.00021707499
0.00021716645
0.00021725146
0.00021732369
0.00021736691
0.0002173009
0.00021722872
0.00021717978
0.00021711422
0.00021689989
0.00021659947
0.00021624935
0.00021587732
0.00021551194
0.00021517919
0.00021490135
0.00021469787
0.00021458699
0.00021458684
0.00021471602
0.00021499279
0.00021543405
0.00021605282
0.00021685316
0.00021782271
0.00021892532
0.00022009981
0.00022126984
0.0002223615
0.00022331828
0.00022410718
0.00022471779
0.00022515709
0.00022544323
0.00022522319
0.00022491239
0.00022467626
0.00022451062
0.00022440948
0.00022436611
0.00022437373
0.00022442567
0.00022450113
0.00021658686
0.00021663908
0.00021671028
0.0002167871
0.00021686771
0.00021695092
0.00021703384
0.00021711357
0.00021718595
0.00021724541
0.00021728489
0.00021726898
0.00021722796
0.00021717784
0.00021706198
0.00021687259
0.00021663155
0.00021635481
0.00021606423
0.00021578291
0.00021553281
0.00021533359
0.0002152029
0.00021515713
0.00021521202
0.00021538292
0.00021568401
0.00021612725
0.00021672009
0.00021746162
0.0002183375
0.0002193157
0.00022034684
0.00022137162
0.00022233256
0.0002231843
0.00022389851
0.00022446402
0.00022488368
0.00022517004
0.00022517963
0.00022491323
0.00022470671
0.0002245584
0.00022446464
0.00022442068
0.00022442139
0.00022446136
0.00022452074
0.00021659763
0.00021664658
0.00021671281
0.00021678337
0.00021685659
0.00021693136
0.00021700487
0.00021707446
0.00021713644
0.00021718609
0.00021721765
0.00021722443
0.00021719927
0.00021713534
0.00021702769
0.00021687682
0.00021668871
0.00021647641
0.00021625749
0.00021605084
0.00021587494
0.00021574686
0.00021568214
0.00021569506
0.00021579894
0.00021600613
0.00021632725
0.00021677026
0.00021733851
0.00021802789
0.00021882348
0.00021969725
0.00022060906
0.00022151217
0.00022236138
0.00022312018
0.00022376463
0.00022428391
0.00022467853
0.00022495724
0.00022509779
0.00022489672
0.0002247203
0.00022459079
0.00022450644
0.00022446422
0.00022446048
0.00022449112
0.00022453727
0.00021661379
0.00021665877
0.00021672051
0.0002167857
0.00021685261
0.00021692016
0.00021698572
0.00021704696
0.00021710071
0.00021714312
0.00021716964
0.00021717525
0.00021715483
0.00021710397
0.00021702007
0.00021690502
0.00021676449
0.00021660939
0.00021645415
0.0002163143
0.00021620536
0.00021614191
0.00021613726
0.00021620354
0.00021635164
0.00021659116
0.00021692964
0.00021737177
0.00021791787
0.00021856179
0.00021928881
0.00022007452
0.000220886
0.00022168603
0.00022243874
0.00022311472
0.00022369404
0.00022416694
0.00022453272
0.00022479769
0.00022497276
0.00022486757
0.00022472088
0.00022461077
0.00022453705
0.00022449819
0.00022449188
0.00022451536
0.00022455087
0.00021663415
0.00021667616
0.000216734
0.00021679435
0.00021685557
0.00021691672
0.00021697539
0.00021702962
0.00021707681
0.00021711391
0.00021713752
0.00021714404
0.0002171301
0.00021709318
0.00021703238
0.00021695056
0.00021685306
0.00021674923
0.00021665107
0.00021657146
0.00021652335
0.00021651897
0.00021656946
0.00021668477
0.00021687346
0.00021714259
0.000217497
0.00021793871
0.00021846573
0.00021907061
0.00021973921
0.00022045025
0.00022117654
0.00022188817
0.00022255653
0.00022315802
0.00022367633
0.00022410314
0.00022443739
0.00022468388
0.00022485145
0.00022482913
0.00022471128
0.00022462059
0.00022455817
0.00022452377
0.00022451631
0.00022453437
0.00022456161
0.00021665749
0.00021669699
0.00021675155
0.00021680776
0.00021686406
0.00021691967
0.00021697245
0.00021702084
0.0002170628
0.00021709608
0.00021711829
0.00021712711
0.00021712063
0.00021709782
0.00021705911
0.00021700802
0.00021694965
0.00021689213
0.00021684562
0.00021682081
0.00021682842
0.00021687855
0.00021698023
0.00021714127
0.00021736802
0.00021766518
0.0002180352
0.00021847787
0.00021898935
0.00021956136
0.00022018044
0.00022082796
0.0002214813
0.00022211627
0.00022271003
0.00022324383
0.00022370465
0.00022408579
0.00022438645
0.00022461064
0.00022476579
0.00022478572
0.00022469524
0.00022462331
0.00022457215
0.00022454263
0.00022453473
0.00022454842
0.00022456939
0.00021668295
0.00021672062
0.00021677248
0.00021682511
0.00021687707
0.00021692781
0.00021697547
0.00021701888
0.00021705658
0.00021708704
0.0002171088
0.00021712066
0.00021712195
0.00021711291
0.00021709497
0.0002170722
0.00021704951
0.00021703412
0.00021703473
0.00021706022
0.00021711939
0.00021722036
0.00021737017
0.00021757458
0.0002178378
0.00021816236
0.00021854855
0.00021899417
0.00021949389
0.00022003879
0.00022061604
0.00022120923
0.00022179939
0.00022236691
0.00022289368
0.00022336506
0.00022377104
0.00022410673
0.00022437199
0.00022457059
0.00022470914
0.0002247386
0.00022467376
0.00022461957
0.00022457924
0.00022455473
0.00022454688
0.00022455684
0.00022457341
0.00021670838
0.00021674546
0.00021679533
0.00021684495
0.00021689311
0.00021693953
0.00021698267
0.00021702004
0.00021704696
0.00021706981
0.00021708928
0.00021710677
0.00021712445
0.00021713393
0.00021713527
0.0002171385
0.00021714842
0.00021717162
0.00021721559
0.00021728774
0.00021739517
0.0002175442
0.00021773998
0.00021798632
0.0002182854
0.00021863767
0.0002190414
0.00021949259
0.00021998459
0.00022050789
0.00022105019
0.00022159682
0.00022213179
0.00022263924
0.00022310502
0.00022351807
0.00022387124
0.00022416155
0.00022438982
0.00022456004
0.00022467844
0.00022469202
0.00022465085
0.00022461305
0.00022458264
0.00022456264
0.00022455461
0.00022456022
0.00022457256
0.00021675256
0.00021678353
0.000216828
0.00021687121
0.00021691189
0.00021694991
0.00021698414
0.00021701273
0.00021703189
0.00021704914
0.00021706664
0.00021708749
0.00021711577
0.00021714499
0.00021717689
0.00021721017
0.00021724952
0.00021730783
0.00021739169
0.00021750724
0.0002176601
0.00021785492
0.0002180951
0.00021838253
0.00021871746
0.00021909833
0.00021952149
0.0002199812
0.00022046949
0.00022097623
0.00022148942
0.00022199578
0.00022248171
0.0002229345
0.00022334341
0.00022370066
0.00022400184
0.000224246
0.00022443522
0.00022457403
0.00022464632
0.00022464747
0.00022462726
0.00022460352
0.00022458107
0.00022456398
0.00022455487
0.00022455496
0.00022456056
0.00021932754
0.00021931126
0.0002193007
0.00021928701
0.00021926981
0.00021924931
0.00021922466
0.00021919607
0.00021916393
0.00021912917
0.00021909339
0.00021905899
0.00021902926
0.00021900838
0.00021900121
0.00021900141
0.0002190141
0.00021905229
0.00021912208
0.00021922865
0.00021937634
0.00021956825
0.00021980597
0.00022008946
0.00022041682
0.00022078428
0.00022118596
0.00022161404
0.0002220588
0.00022250897
0.00022295226
0.00022337612
0.00022376873
0.00022411993
0.00022442209
0.0002246706
0.00022486393
0.00022500354
0.00022509325
0.00022513868
0.00022512419
0.00022507878
0.00022501718
0.00022494561
0.00022486961
0.0002247942
0.00022472351
0.00022465886
0.00022458783
0.00031732927
0.00021991858
0.00019316796
0.0001863407
0.00019246762
0.00021485686
0.00025702343
0.00022288507
0.00018931376
0.00015983123
0.00041786459
0.00026337851
0.00023434684
0.00023639083
0.00025780874
0.00030363919
0.00038136008
0.00022059132
0.00015770794
0.00012853093
0.00045428284
0.00029543282
0.00025621755
0.00025382605
0.00027204425
0.00031307051
0.00034786621
0.00020204538
0.00014886489
0.00012369669
0.00045124477
0.00031360252
0.00027279455
0.00026660945
0.00028048195
0.00031301656
0.00029531703
0.00018305314
0.0001395623
0.00011810245
0.00044448994
0.00032537071
0.00028467205
0.00027971932
0.00029331262
0.00032578684
0.00025253601
0.00016703287
0.00013161544
0.00011337894
0.00041438776
0.00031993323
0.00028125149
0.00028215634
0.00030522919
0.00037254952
0.00022059247
0.00015463537
0.0001254417
0.00010989542
0.00040538574
0.00033044846
0.00029025425
0.00028912558
0.00031232268
0.0003620907
0.0001972561
0.00014503344
0.00012050739
0.00010735259
0.00040538326
0.00032983483
0.00028542115
0.00027822195
0.00029371516
0.00028297379
0.00017698758
0.00013566124
0.00011530294
0.00010422353
0.00030588409
0.00021596044
0.00014194569
0.00011436526
0.00010137981
9.46991e-05
9.1262224e-05
8.962672e-05
8.9008011e-05
8.8858998e-05
0.00037869889
0.00031071086
0.00027912199
0.00028624872
0.0003436096
0.00020646004
0.00014704371
0.00012082668
0.00010700008
9.9353717e-05
0.00037133939
0.00031972673
0.00029448004
0.00030814602
0.00032474904
0.0001826267
0.00013701965
0.00011527924
0.00010355935
9.7002855e-05
0.00037134504
0.00031886925
0.00029077408
0.00029323019
0.00025053969
0.00016335817
0.00012800638
0.0001103153
0.00010065656
9.5310573e-05
0.000352442
0.00030301751
0.00029859347
0.00033990831
0.00021100909
0.0001470374
0.00012005797
0.00010595973
9.8126394e-05
9.3791996e-05
0.00032702844
0.00028919013
0.00029642963
0.00033028591
0.0001858921
0.00013705454
0.00011463912
0.00010273199
9.6152248e-05
9.2534369e-05
0.00032703186
0.00030148906
0.00031581485
0.0002660778
0.00016606859
0.00012828148
0.00010981826
9.9913448e-05
9.4524185e-05
9.1746771e-05
0.00032779951
0.00031025267
0.00034298384
0.00021451444
0.0001476935
0.00011955279
0.00010513764
9.7266199e-05
9.2998012e-05
9.0817144e-05
0.00031369314
0.00029983037
0.00034038925
0.00018728732
0.00013614696
0.00011343389
0.00010162112
9.5200858e-05
9.1791868e-05
9.0092016e-05
0.00031369692
0.00030264249
0.00028009467
0.00016688177
0.00012729889
0.00010862693
9.8828191e-05
9.3574862e-05
9.0891701e-05
8.9701678e-05
0.00032419741
0.00030714953
0.0002254002
0.00014883239
0.00011885227
0.00010415196
9.6352964e-05
9.2213263e-05
9.0167064e-05
8.928566e-05
0.0003373274
0.00035122379
0.00019241255
0.00013595716
0.00011257467
0.00010080741
9.4539398e-05
9.1256121e-05
8.968791e-05
8.9022158e-05
0.00030768285
0.00032275045
0.00017443004
0.00012885424
0.00010894749
9.8823149e-05
9.3467719e-05
9.072149e-05
8.9472159e-05
8.9013435e-05
0.00030587405
0.00026892685
0.00015946409
0.00012250132
0.00010562445
9.6985392e-05
9.2463212e-05
9.0205559e-05
8.9239827e-05
8.8933777e-05
0.00040831402
0.00033717583
0.00030076106
0.00029824858
0.00031714001
0.00023857261
0.00015931311
0.00012711489
0.00011051843
0.00010117479
0.00031016484
0.00022122586
0.00022579786
0.00024471366
0.0002788095
0.00034374865
0.00046671529
0.00031166991
0.00020983719
0.00015965886
0.000372714
0.00024052381
0.0002182659
0.00022286984
0.00024473688
0.00028949866
0.00037668184
0.00023790659
0.00016723203
0.00013448152
0.00031016899
0.00021835691
0.00022132725
0.00023007658
0.00024940847
0.00029115978
0.00035332831
0.00025961921
0.00019940069
0.0001623538
0.0003110738
0.00021669352
0.00021261462
0.00022569802
0.00025319914
0.00030597126
0.00039576521
0.00027230801
0.00018907275
0.0001481729
0.00033338475
0.00022352153
0.00021018738
0.00021829567
0.00024148537
0.00028680322
0.00037376111
0.00025414737
0.00017691153
0.00013992266
0.00015493584
0.00011781509
0.00010203822
9.4447909e-05
9.0978725e-05
8.9960581e-05
9.0584971e-05
9.2417454e-05
9.5212601e-05
9.8860145e-05
0.00013133868
0.00012140661
0.0001127886
0.00010684955
0.00010315567
0.00010121144
0.0001006488
0.00010120817
0.00010271228
0.00010506844
0.00034938208
0.00018226431
0.00012893513
0.00010803958
9.8091725e-05
9.3007684e-05
9.0461809e-05
8.9326135e-05
8.8976694e-05
8.8938847e-05
0.00035731853
0.00016622902
0.000122679
0.00010496848
9.6522462e-05
9.2228645e-05
9.0110911e-05
8.9198195e-05
8.8947944e-05
8.8927435e-05
0.00030384865
0.00015622343
0.00011917128
0.00010353732
9.6004423e-05
9.2140483e-05
9.0225258e-05
8.9397587e-05
8.9170661e-05
8.9149796e-05
0.00026457049
0.00014570117
0.00011520965
0.00010193068
9.5433605e-05
9.2042254e-05
9.0337423e-05
8.9588526e-05
8.9364349e-05
8.9278368e-05
0.00023673814
0.000137844
0.0001119382
0.00010046142
9.4824568e-05
9.1855598e-05
9.0358427e-05
8.9711827e-05
8.9542489e-05
8.9496769e-05
0.0002155616
0.00013121708
0.00010904299
9.9044489e-05
9.412265e-05
9.1519266e-05
9.0214326e-05
8.9674786e-05
8.9568518e-05
8.9537624e-05
0.00019884833
0.00012562607
0.00010646464
9.7691746e-05
9.3369732e-05
9.1082549e-05
8.9948072e-05
8.9504983e-05
8.9456409e-05
8.945873e-05
0.00018523142
0.00012080413
0.00010412739
9.6383457e-05
9.2568726e-05
9.0560543e-05
8.9583773e-05
8.9229803e-05
8.9202521e-05
8.910436e-05
0.00017375927
0.00011652239
0.00010193135
9.5072525e-05
9.1701061e-05
8.9955664e-05
8.9150011e-05
8.893313e-05
8.904544e-05
8.9145984e-05
0.00016390061
0.00011270453
9.9882193e-05
9.3789587e-05
9.0800492e-05
8.9289225e-05
8.8635651e-05
8.8527834e-05
8.8714877e-05
8.8845036e-05
0.0001551537
0.00010916851
9.7872356e-05
9.2467935e-05
8.9829299e-05
8.8549801e-05
8.8062249e-05
8.8087175e-05
8.8380769e-05
8.8586501e-05
0.00014736066
0.00010596821
9.5993843e-05
9.1205382e-05
8.8878897e-05
8.7815666e-05
8.7494553e-05
8.7667393e-05
8.8108836e-05
8.8458757e-05
0.00014016112
0.00010288237
9.4057491e-05
8.9835352e-05
8.7800916e-05
8.6948435e-05
8.6793768e-05
8.7108766e-05
8.7683386e-05
8.8181212e-05
0.00013344296
9.9973812e-05
9.2173869e-05
8.8498057e-05
8.6763679e-05
8.6144646e-05
8.6191358e-05
8.6681436e-05
8.7383809e-05
8.7862385e-05
0.00012706651
9.7183999e-05
9.0304325e-05
8.7164999e-05
8.5748581e-05
8.5394733e-05
8.5697906e-05
8.6458327e-05
8.7485848e-05
8.8427988e-05
0.00012090076
9.4463712e-05
8.8411245e-05
8.5800788e-05
8.472629e-05
8.4667681e-05
8.5259874e-05
8.6298507e-05
8.7562528e-05
8.8606101e-05
0.00011466942
9.1639343e-05
8.6368299e-05
8.4325298e-05
8.3681493e-05
8.4022196e-05
8.5028413e-05
8.6501951e-05
8.8233085e-05
8.978758e-05
0.00010820948
8.8754521e-05
8.435219e-05
8.3010745e-05
8.2969983e-05
8.38761e-05
8.5451235e-05
8.7497037e-05
8.9800633e-05
9.1944274e-05
0.00010171004
8.6204529e-05
8.2888687e-05
8.2428482e-05
8.3182278e-05
8.4847234e-05
8.7202757e-05
9.0057969e-05
9.3154717e-05
9.5904439e-05
9.5396126e-05
8.4277102e-05
8.2288759e-05
8.2919593e-05
8.4789449e-05
8.7663564e-05
9.1389153e-05
9.5802715e-05
0.00010066412
0.00010549043
8.8390199e-05
8.2335536e-05
8.2707727e-05
8.5799002e-05
9.0536669e-05
9.66927e-05
0.00010408243
0.00011214225
0.00011768015
0.0001203581
8.3130434e-05
8.7517189e-05
9.7481131e-05
0.00010470508
0.00010657298
0.00010849086
0.00011089173
0.00011390063
0.00011744288
0.00012117371
7.9926926e-05
7.3837873e-05
6.8996746e-05
6.7084055e-05
6.7147534e-05
6.8551502e-05
7.0940572e-05
7.41012e-05
7.7882689e-05
8.2163306e-05
0.00010306693
7.4908584e-05
6.5877568e-05
6.2704566e-05
6.2195337e-05
6.3212142e-05
6.5254946e-05
6.807527e-05
7.1537462e-05
7.5584618e-05
6.4921209e-05
9.1375195e-05
0.00011219351
0.00013473343
0.00016741795
0.0002190665
0.00023770409
0.00025813344
0.00024627007
9.2786526e-05
9.7624615e-05
0.00010308661
0.00011464095
0.00013355001
0.00016356222
0.00019666456
0.0002414097
0.00030709154
0.00012156362
0.00011752208
0.00011299087
0.00010954898
0.00010708915
0.000105537
0.00010482817
0.00010489761
0.00010568476
0.00010712159
0.00011637823
0.00011387334
0.00011120683
0.00010925287
0.00010780126
0.00010687099
0.00010646671
0.00010658118
0.00010719838
0.00010825143
0.00011344628
0.00011127184
0.00010964087
0.00010853691
0.00010767076
0.00010713565
0.00010694981
0.00010710534
0.00010756507
0.00010820333
0.00011166906
0.00010920408
0.00010816292
0.00010756039
0.00010704531
0.00010675833
0.00010670393
0.00010685992
0.0001071423
0.00010732868
0.0001105703
0.00010757912
0.00010691828
0.00010663911
0.00010637388
0.00010630244
0.00010641669
0.00010671095
0.00010713722
0.00010756795
0.00010994833
0.00010634156
0.00010594805
0.00010587485
0.00010577242
0.00010584768
0.00010607089
0.0001064356
0.00010687208
0.00010726048
0.0001096317
0.00010531383
0.00010508737
0.00010512414
0.0001051072
0.00010525188
0.00010550118
0.00010584234
0.00010616867
0.0001062958
0.00010953063
0.00010446205
0.00010434906
0.00010444609
0.00010448172
0.00010467048
0.00010493555
0.00010527193
0.00010556667
0.0001056621
0.00010951512
0.00010370391
0.0001037378
0.00010388305
0.00010397365
0.00010421607
0.00010452161
0.00010489953
0.00010523917
0.00010541189
0.00010956947
0.00010306645
0.00010331668
0.00010349358
0.00010362209
0.0001038942
0.00010421206
0.00010459352
0.00010491289
0.00010503257
0.00010980308
0.00010254462
0.00010287856
0.00010306257
0.0001032148
0.0001035009
0.00010381421
0.00010417643
0.00010444253
0.00010445449
0.00011012269
0.00010214309
0.00010256743
0.00010275419
0.00010292725
0.00010322599
0.00010354464
0.00010391873
0.00010420552
0.00010430047
0.00011054975
0.00010173179
0.00010219087
0.0001024572
0.0001026486
0.0001029555
0.00010327391
0.00010364449
0.00010390577
0.00010391874
0.00011104289
0.00010136693
0.00010185758
0.00010223055
0.00010243474
0.00010274099
0.00010305061
0.00010340954
0.00010364843
0.00010364998
0.00011161184
0.00010109502
0.00010153091
0.00010197281
0.00010222142
0.00010252082
0.00010281906
0.0001031665
0.00010338679
0.00010337458
0.00011223735
0.00010090323
0.00010119956
0.0001016865
0.00010202993
0.00010232392
0.00010261388
0.00010295086
0.00010315203
0.00010311627
0.00011289847
0.00010074226
0.00010088878
0.00010142185
0.00010188172
0.00010218747
0.00010246698
0.0001027902
0.00010296898
0.00010289122
0.00011361539
0.00010063902
0.000100629
0.00010108918
0.0001016448
0.00010204245
0.00010231118
0.00010262418
0.00010279627
0.00010272703
0.0001143763
0.00010058513
0.00010041951
0.00010081299
0.00010137882
0.00010182693
0.00010211709
0.00010241007
0.00010255408
0.00010245246
0.0001151743
0.00010062619
0.00010033469
0.0001006916
0.00010124428
0.00010167311
0.0001019642
0.00010225861
0.00010239525
0.00010227668
0.00011592828
0.00010053201
0.00010005412
0.00010035051
0.0001008823
0.00010139916
0.0001018716
0.00010222896
0.00010234112
0.00010222985
0.00011682008
0.00010063671
0.00010000047
0.00010023881
0.00010073396
0.0001011976
0.00010162301
0.00010194322
0.00010202367
0.00010186473
0.00011766216
0.00010068636
9.9893441e-05
0.00010009527
0.00010058098
0.00010102129
0.00010148097
0.00010183909
0.00010191703
0.00010176659
0.00011853296
0.0001007701
9.9814837e-05
9.9976814e-05
0.00010045005
0.00010086574
0.00010130718
0.00010169233
0.00010179424
0.00010157286
0.00011940901
0.00010084635
9.9716122e-05
9.9836545e-05
0.00010029809
0.0001006918
0.00010111766
0.00010154915
0.00010174249
0.00010160504
0.00012031945
0.00010093488
9.961361e-05
9.9682365e-05
0.00010012316
0.00010048757
0.00010089168
0.00010129783
0.00010153811
0.00010145524
0.00012127926
0.00010109631
9.9597844e-05
9.9624717e-05
0.00010004938
0.00010038719
0.00010076976
0.0001011468
0.00010135387
0.0001012789
0.00012222311
0.00010123437
9.9552734e-05
9.9544374e-05
9.9964213e-05
0.00010029014
0.00010066776
0.00010103563
0.00010123865
0.00010120768
0.00012319109
0.00010136811
9.9484323e-05
9.9426764e-05
9.9829987e-05
0.00010013441
0.00010049685
0.00010084385
0.00010102717
0.00010097209
0.00012420999
0.00010158194
9.9515168e-05
9.9418032e-05
9.9806913e-05
0.00010008867
0.0001004318
0.00010075143
0.0001009042
0.00010077737
0.00012519488
0.00010176939
9.9521757e-05
9.9397997e-05
9.9791189e-05
0.00010007263
0.00010042171
0.00010074451
0.0001009093
0.00010083401
0.00012617916
0.00010191398
9.9456084e-05
9.9287799e-05
9.9673856e-05
9.9947867e-05
0.00010029665
0.00010061422
0.0001007754
0.0001006797
0.00012723214
0.00010212311
9.945728e-05
9.9236278e-05
9.9600413e-05
9.9849059e-05
0.00010017638
0.00010046597
0.00010060119
0.00010047075
0.00012829526
0.00010240335
9.9564638e-05
9.9321552e-05
9.9690228e-05
9.9937763e-05
0.00010026727
0.00010055411
0.00010069078
0.00010057825
0.00012926495
0.00010252101
9.9467481e-05
9.9183137e-05
9.9552375e-05
9.980357e-05
0.00010014265
0.00010043331
0.00010057263
0.0001004424
0.00013036144
0.00010280421
9.9557561e-05
9.9230816e-05
9.9586801e-05
9.9822079e-05
0.00010014961
0.00010042549
0.00010055745
0.00010042865
0.00013137401
0.00010300263
9.956274e-05
9.9208635e-05
9.957442e-05
9.9820445e-05
0.00010016385
0.00010045161
0.00010059827
0.0001004996
0.00013240915
0.00010319296
9.9541156e-05
9.9140084e-05
9.9497422e-05
9.9737474e-05
0.00010007972
0.00010036121
0.00010050313
0.00010035732
0.00013348569
0.00010346068
9.9620195e-05
9.9184453e-05
9.9538532e-05
9.9773877e-05
0.00010011442
0.00010038917
0.0001005273
0.00010040189
0.00013448834
0.00010365137
9.9624063e-05
9.9158121e-05
9.9517413e-05
9.9759136e-05
0.00010010943
0.00010038901
0.00010053538
0.00010041304
0.00013550497
0.00010390849
9.9721782e-05
9.9238125e-05
9.9608056e-05
9.9857572e-05
0.00010021794
0.00010050165
0.0001006544
0.00010053401
0.00013640246
0.00010405237
9.9711503e-05
9.9214609e-05
9.9602568e-05
9.9869052e-05
0.00010024814
0.00010054229
0.00010068023
0.0001005459
0.00013729599
0.00010426514
9.9815353e-05
9.9321459e-05
9.9706664e-05
9.9883281e-05
0.00010014657
0.00010036544
0.00010049487
0.00010039566
0.00013801293
0.00010439209
9.9895767e-05
9.9276472e-05
9.9478574e-05
9.9613012e-05
9.9924607e-05
0.00010019498
0.00010038499
0.00010031477
0.00013847268
0.00010427668
9.9427463e-05
9.8677777e-05
9.8917328e-05
9.9101846e-05
9.9474673e-05
9.98045e-05
0.00010005342
0.00010004913
0.00013676429
0.00010293187
9.8214842e-05
9.7579705e-05
9.7946941e-05
9.8283837e-05
9.8820315e-05
9.9311334e-05
9.9722542e-05
9.9868661e-05
0.00013217311
0.00010068877
9.6499811e-05
9.6195315e-05
9.6835877e-05
9.7441694e-05
9.8232735e-05
9.895385e-05
9.9570812e-05
9.9867124e-05
0.00012202764
9.6607666e-05
9.3595084e-05
9.3853985e-05
9.4871896e-05
9.5859421e-05
9.6981304e-05
9.7984221e-05
9.8845289e-05
9.9355131e-05
0.00010398416
3.2755098e-05
3.0772857e-05
2.973084e-05
2.9572008e-05
3.0246362e-05
3.1706441e-05
3.3864892e-05
3.6627155e-05
3.9941379e-05
5.7915547e-05
6.3296235e-05
6.6870679e-05
7.1344017e-05
7.731626e-05
8.4867163e-05
9.3598927e-05
0.00010292924
0.00011175416
2.4560359e-05
2.945595e-05
3.3579495e-05
3.790319e-05
4.254635e-05
4.7548614e-05
5.2855354e-05
5.8426593e-05
6.4210705e-05
1.9883866e-05
2.6774176e-05
3.288806e-05
3.8960518e-05
4.5085292e-05
5.1425828e-05
5.7943011e-05
6.4682736e-05
7.1601471e-05
2.057633e-05
3.1182252e-05
4.1700174e-05
5.2403771e-05
6.3119804e-05
7.3996017e-05
8.484794e-05
9.5694056e-05
0.00010632633
6.8517535e-05
9.1325462e-05
9.158255e-05
0.00012314
5.8615219e-05
4.9805487e-05
7.7749956e-05
6.5240471e-05
6.5844119e-05
0.00016336611
5.4592076e-05
4.5186067e-05
6.6724716e-05
6.8801105e-05
8.0796078e-05
6.3317479e-05
8.0513881e-05
8.5462077e-05
0.00021672861
2.8331387e-05
0.00022682246
0.00021326112
6.3130589e-05
5.8178059e-05
9.5920463e-05
6.8820965e-05
7.8474393e-05
7.0201451e-05
7.0030023e-05
7.7920335e-05
6.9597216e-05
0.00010148948
8.1502343e-05
7.9488765e-05
0.00011531548
6.8228712e-05
5.9336161e-05
8.3045899e-05
7.7866898e-05
7.3077361e-05
7.3138055e-05
7.7314487e-05
8.5577324e-05
0.0002274106
6.8058098e-05
6.8565108e-05
0.00029293203
6.0959325e-05
6.9223087e-05
7.4126249e-05
9.6099985e-05
7.6123099e-05
7.2730887e-05
6.3581007e-05
8.0350293e-05
7.4032343e-05
7.7771736e-05
5.3377822e-05
4.890559e-05
5.8507711e-05
6.004287e-05
5.8720004e-05
5.776175e-05
0.00010127839
7.8470454e-05
8.099535e-05
6.0246066e-05
5.8287725e-05
8.1289863e-05
9.0604802e-05
6.3735294e-05
7.9354836e-05
0.00011333346
6.0921008e-05
5.7930885e-05
7.7353667e-05
0.00010119561
6.7161888e-05
7.6017542e-05
6.7104793e-05
7.9244005e-05
7.0316622e-05
6.9787391e-05
0.00010551421
7.2897702e-05
6.197728e-05
6.2818012e-05
0.00010691432
8.6381511e-05
7.3188602e-05
7.4245848e-05
6.2659196e-05
6.0589365e-05
9.3567444e-05
0.0001009148
5.9183748e-05
5.6235919e-05
0.00015128736
0.00011876167
8.9808773e-05
2.9687534e-05
5.7562027e-05
5.9423585e-05
5.8236906e-05
6.1845249e-05
7.1704871e-05
7.3067087e-05
0.00019949685
8.8248943e-05
0.00022209697
0.00010263196
6.060604e-05
6.2886813e-05
5.7690554e-05
5.9499857e-05
6.6986354e-05
5.9121529e-05
6.5093516e-05
9.7728253e-05
5.4650285e-05
5.950851e-05
9.9074877e-05
8.2523677e-05
5.0886372e-05
5.8893446e-05
6.0643626e-05
6.1373522e-05
0.00029518012
0.00021498958
5.7418918e-05
5.8739706e-05
7.4343921e-05
5.8278581e-05
6.6801402e-05
5.8553891e-05
6.4276592e-05
6.5457845e-05
8.2339121e-05
8.9463457e-05
3.6770358e-05
8.0362318e-05
6.0014456e-05
5.476604e-05
5.6399304e-05
6.0613899e-05
6.0366212e-05
5.0722314e-05
5.2572722e-05
6.5361863e-05
7.3329434e-05
3.8280702e-05
5.7352871e-05
5.9637753e-05
0.00010485141
8.6620488e-05
0.0002274106
5.7908377e-05
4.7517209e-05
6.7907505e-05
6.2734974e-05
8.5405996e-05
7.9451056e-05
0.0001073397
8.4200719e-05
7.1536005e-05
6.2964695e-05
5.5730635e-05
5.0690757e-05
6.5641127e-05
8.9813456e-05
6.1729246e-05
6.455186e-05
0.0001914681
6.4610598e-05
7.1433022e-05
6.1889762e-05
6.5108494e-05
0.00020412696
6.0431421e-05
6.2354451e-05
0.00017454874
0.00011974991
0.00023963005
5.5408813e-05
4.9505049e-05
5.1694504e-05
4.9907637e-05
7.4375876e-05
6.68834e-05
9.0371174e-05
5.1703119e-05
5.8230363e-05
0.00021346085
6.2168121e-05
5.2219508e-05
6.7167644e-05
5.6016081e-05
7.3864276e-05
6.9576139e-05
6.7443816e-05
6.3729904e-05
0.0002068487
0.00020009267
0.0002178036
0.0002001775
0.00021201397
8.9940777e-05
6.0785047e-05
6.54164e-05
0.00011979101
9.4645913e-05
6.2739606e-05
6.7667052e-05
9.5767278e-05
6.2914418e-05
5.8177275e-05
8.9605842e-05
0.000384922
6.5186742e-05
7.7366519e-05
7.1859668e-05
8.7209828e-05
8.2451398e-05
7.3874e-05
0.00012575595
0.00013507922
0.00010344098
6.2157895e-05
7.2587348e-05
6.155258e-05
6.530266e-05
5.8346034e-05
5.6201824e-05
6.7927902e-05
6.6473437e-05
9.2306227e-05
8.2044894e-05
6.6209311e-05
7.3040733e-05
5.9842373e-05
6.2986485e-05
0.00021201397
0.00020450437
0.00011946134
9.7342822e-05
8.7508261e-05
7.119515e-05
8.0425368e-05
0.00013718245
6.1791038e-05
6.4496335e-05
5.9990142e-05
6.4063058e-05
5.567997e-05
5.3891488e-05
0.00020206206
0.0002052119
9.6407073e-05
7.0998417e-05
6.0208087e-05
5.623887e-05
5.2651779e-05
0.00023807303
0.00021326112
7.0101842e-05
7.455081e-05
6.0288448e-05
6.323421e-05
5.8819755e-05
6.0387477e-05
6.9654706e-05
8.1141005e-05
4.7792666e-05
5.975386e-05
5.5313122e-05
6.9034715e-05
7.8341549e-05
7.6347565e-05
0.0001025863
9.38964e-05
8.7961194e-05
8.6279852e-05
5.8561612e-05
6.1580232e-05
6.6274432e-05
7.7038033e-05
0.00020036924
0.00020800286
6.3759447e-05
6.6947027e-05
0.0002068487
0.00020009267
6.6567908e-05
5.9467888e-05
4.9782823e-05
4.7964736e-05
0.0001982718
0.00012192669
0.00026998161
5.8087594e-05
6.6531099e-05
6.59886e-05
5.9774862e-05
7.9973809e-05
7.3609952e-05
5.9328968e-05
5.621069e-05
7.0664472e-05
5.8029308e-05
9.170759e-05
7.9792598e-05
6.7539518e-05
6.0652735e-05
7.1065489e-05
6.6590495e-05
5.6964826e-05
5.9775667e-05
6.0634474e-05
7.0081345e-05
0.00013203322
9.4400238e-05
8.001476e-05
6.0469229e-05
6.2950755e-05
8.9927879e-05
5.7971089e-05
4.7334364e-05
5.0210469e-05
6.0844612e-05
5.1752576e-05
7.2959564e-05
6.3187515e-05
6.1039008e-05
0.00010024726
9.3758943e-05
6.6675672e-05
6.3144625e-05
6.4408247e-05
6.3104961e-05
5.3917837e-05
5.977473e-05
6.3314584e-05
7.4079784e-05
6.1144322e-05
6.3739548e-05
5.8846482e-05
6.0937051e-05
7.0131611e-05
5.1080793e-05
8.8547033e-05
7.8413966e-05
0.0001145498
9.4178659e-05
0.0002068487
0.00020009267
6.1216002e-05
6.1627303e-05
6.4682931e-05
7.3672885e-05
5.8337143e-05
6.4001564e-05
4.9013188e-05
5.8175843e-05
0.00020608762
0.00020232357
6.119109e-05
5.9613394e-05
9.7984545e-05
8.7516275e-05
0.00018416408
0.00023802124
9.8244034e-05
8.8650174e-05
0.0001914681
5.3593946e-05
6.0045071e-05
5.5921289e-05
6.6298697e-05
0.00020833116
0.00019782296
0.00023076138
8.2832219e-05
8.7960355e-05
5.5172639e-05
5.9141174e-05
5.6261767e-05
6.8261615e-05
0.00019245196
0.00021262022
7.9106446e-05
9.5473582e-05
0.0001982718
0.00020824664
0.00021503891
6.794107e-05
7.3437155e-05
6.9363437e-05
7.4415871e-05
8.1758698e-05
9.1614948e-05
0.00019245196
0.00021088852
6.4314892e-05
6.0000526e-05
6.1572323e-05
6.3904844e-05
9.834324e-05
8.4917964e-05
0.00030233734
0.00021439194
8.0245725e-05
8.5001491e-05
6.0204286e-05
4.9971981e-05
6.6171485e-05
6.058251e-05
0.00010080906
8.4080635e-05
7.3026077e-05
8.3424038e-05
6.0089377e-05
6.101662e-05
5.5018463e-05
5.1328833e-05
0.00011318146
0.00015005046
7.0293779e-05
6.7595719e-05
7.0735269e-05
5.137831e-05
6.5637319e-05
6.4608878e-05
5.7082102e-05
4.8840338e-05
6.9470057e-05
5.7546162e-05
9.1018064e-05
7.9332996e-05
7.5056247e-05
7.4015661e-05
7.1008015e-05
0.00011663291
7.8689271e-05
7.030058e-05
0.0002274106
7.6067963e-05
7.2606928e-05
7.9398661e-05
6.7640597e-05
7.4246872e-05
0.00023802124
5.5246685e-05
6.7949827e-05
0.00018416408
6.6505608e-05
6.8841289e-05
6.4673263e-05
6.8020693e-05
5.759937e-05
8.4983976e-05
6.5366911e-05
6.306562e-05
0.00012477982
0.00017524644
5.1939867e-05
6.1289641e-05
8.1656019e-05
7.9220709e-05
6.1366663e-05
6.2788067e-05
6.2270567e-05
6.9270259e-05
7.0230785e-05
0.00014698602
6.193092e-05
6.2461303e-05
7.2796537e-05
7.5060255e-05
7.8619444e-05
6.3268826e-05
5.3472141e-05
8.6703294e-05
6.0430198e-05
6.2398051e-05
0.00011510734
9.4603068e-05
0.00013241242
0.00020236608
0.00021503891
8.3151325e-05
7.7025272e-05
6.7345345e-05
7.1439e-05
0.00018712481
0.00021854828
0.00010042772
9.6076316e-05
7.7219279e-05
7.1250213e-05
0.00018857282
0.00023217545
6.2786601e-05
5.8258583e-05
8.5499344e-05
7.345867e-05
0.00020673388
0.00019988243
7.5333591e-05
7.471292e-05
6.1313329e-05
5.036634e-05
6.1310677e-05
6.084637e-05
6.0852282e-05
6.4312203e-05
6.0365199e-05
6.595877e-05
8.4206111e-05
8.3502625e-05
0.00010158786
6.8030224e-05
6.3367279e-05
9.077124e-05
0.00010350298
8.5684922e-05
7.8773772e-05
9.0325775e-05
0.00012662925
0.00010039323
8.3494345e-05
6.2206865e-05
6.4121022e-05
8.8779443e-05
8.288899e-05
7.8467165e-05
0.00020980449
0.00020120622
0.00020980449
0.00020138375
6.2764765e-05
6.9544511e-05
0.00021086201
0.0002008216
0.00021086201
0.00020120622
0.00020882294
0.00020036301
0.00020882294
0.00020036301
6.5272824e-05
6.1601895e-05
5.4802884e-05
6.5904866e-05
0.00020044914
0.00020800286
0.0002008216
0.00021086201
8.03701e-05
0.00010408427
0.00020412696
8.790631e-05
8.972511e-05
8.682959e-05
9.055496e-05
6.0726619e-05
5.0995971e-05
0.00020094766
0.00011160347
0.00012468953
6.1453028e-05
5.8193486e-05
6.5346366e-05
6.7531017e-05
5.1159279e-05
5.9714488e-05
0.00013770074
6.3721529e-05
5.4154765e-05
5.6959262e-05
5.4715823e-05
8.3722018e-05
5.4829475e-05
6.5991493e-05
7.0226982e-05
4.3992277e-05
6.1432593e-05
5.6329726e-05
6.4944735e-05
6.9378394e-05
7.2676078e-05
7.1940728e-05
0.00019949685
7.7111009e-05
7.4226829e-05
0.00011250083
0.00016435189
5.7515e-05
6.710105e-05
7.5406585e-05
7.4922133e-05
0.00010017361
6.1341292e-05
7.586682e-05
7.228906e-05
0.00029293203
0.0001352934
7.4396124e-05
0.00010392245
0.00021672861
6.5798845e-05
6.8214884e-05
7.30186e-05
6.0630751e-05
5.3210748e-05
0.00010485523
6.4567612e-05
8.5767979e-05
6.5771402e-05
5.9953346e-05
5.5677997e-05
5.9106944e-05
9.6124243e-05
7.0415742e-05
9.6760751e-05
7.7071258e-05
0.0001982718
0.00012180153
8.5653514e-05
8.7553098e-05
0.00023807303
0.00021326112
2.3848801e-05
0.00010713852
7.3832163e-05
8.5070596e-05
6.9793512e-05
0.00022209697
4.0939358e-05
0.000384922
0.0002178036
7.8719974e-05
6.3675879e-05
3.2640657e-05
0.00018712481
0.00021854828
6.1196372e-05
7.4675639e-05
9.3080917e-05
5.0579129e-05
0.00020528626
0.00019988243
6.4459673e-05
2.004697e-05
0.0002178036
2.9996144e-05
7.6758243e-05
2.1375649e-05
9.0818573e-05
7.1907717e-05
9.9008233e-05
8.1721737e-05
0.000384922
0.00020824664
0.00021469896
0.00017121913
0.0001679531
0.00016421441
4.4306192e-05
9.2455299e-06
0.00020036924
0.00020726729
3.79982e-05
0.00020450437
0.0002134115
4.0376577e-05
6.0590535e-05
1.5024586e-05
5.1718455e-05
4.8485061e-05
5.4592593e-05
4.7545858e-05
5.1143658e-05
5.9149596e-05
7.2757079e-05
5.5435827e-05
4.2117846e-05
5.8849785e-05
6.3355787e-05
9.9461993e-05
8.2547847e-05
7.0564799e-05
4.8763762e-05
4.5527854e-05
5.7614361e-05
4.9356147e-05
5.5307915e-05
5.525795e-05
5.5595527e-05
4.8937227e-05
5.8317862e-05
5.5405175e-05
5.9300711e-05
0.000209566
0.00021419532
6.5941382e-05
5.0980145e-05
5.6230974e-05
5.2572832e-05
5.4548092e-05
5.641829e-05
0.00020036924
0.00020726729
0.00020009267
0.00020726729
6.0156941e-05
5.5382137e-05
6.0339997e-05
5.1485698e-05
5.8015134e-05
5.2541104e-05
0.0002134115
0.00020272473
4.5547343e-05
6.7217323e-05
5.1863803e-05
5.734906e-05
0.00020206206
0.0002052119
8.7196428e-05
4.0832618e-05
4.2195265e-05
4.6971175e-05
4.4651189e-05
6.7698005e-05
5.8173897e-05
7.2151747e-05
9.405677e-05
0.0002134115
0.00020272473
5.051852e-05
4.570303e-05
0.00020206206
0.0002052119
0.00020608762
0.00020232357
0.00020232357
0.00020608762
0.00019782296
0.00020833116
0.00019782296
0.00020833116
3.2515113e-05
4.1215215e-05
0.00018712481
0.00021088852
5.9048373e-05
4.9877491e-05
5.7039313e-05
5.2254746e-05
4.0804632e-05
4.2768936e-05
0.00019245196
0.00021088852
5.5398278e-05
0.00019988243
0.00020673388
5.4081056e-05
3.5438363e-05
3.2625147e-05
0.000209566
0.00021469896
6.1325357e-05
5.5385163e-05
0.0001849592
0.00022810795
4.6523623e-05
4.3023482e-05
5.2882887e-05
5.678451e-05
4.7180443e-05
4.8082459e-05
3.7825527e-05
4.1013171e-05
7.9506308e-05
3.4828526e-05
3.8545192e-05
5.7097096e-05
9.0585166e-05
3.4025101e-05
3.62663e-05
3.9724292e-05
3.8677434e-05
0.0001849592
0.00022810795
4.3489197e-05
4.3163966e-05
3.3840516e-05
3.3827409e-05
4.634225e-05
4.7662084e-05
4.4475047e-05
4.7350537e-05
4.1366793e-05
4.2436498e-05
4.0974025e-05
4.3146181e-05
3.2727861e-05
4.3357535e-05
4.242422e-05
4.277885e-05
2.1004091e-05
3.5903116e-05
3.951986e-05
3.9330244e-05
4.2899428e-05
4.0954545e-05
5.1751787e-05
3.8021913e-05
4.139107e-05
3.4718684e-05
3.7225366e-05
5.7617455e-05
4.6848049e-05
5.6293807e-05
4.9275952e-05
4.4510033e-05
0.00021346085
3.6835322e-05
4.5941145e-05
3.5676434e-05
4.7099339e-05
0.00023076138
3.8254543e-05
3.8171176e-05
5.1043015e-05
4.627645e-05
0.0001914681
3.399323e-05
4.321346e-05
6.4068755e-05
5.1393845e-05
0.00020236608
0.00021503891
6.1850981e-05
5.0606506e-05
3.4568753e-05
3.8349601e-05
2.8680451e-05
5.5671881e-05
5.5441558e-05
4.6727019e-05
5.0908316e-05
6.527638e-05
5.5402264e-05
0.000209566
0.00021469896
5.1953923e-05
5.559197e-05
1.4182901e-05
3.915494e-05
4.2682643e-05
5.2986588e-05
5.5924335e-05
5.0408927e-05
5.6154618e-05
5.5301427e-05
5.7587398e-05
0.00020980449
0.00020120622
0.00020882294
0.00020036301
0.0002008216
0.00021086201
0.00020044914
0.00020800286
0.00021201397
0.0002001775
0.0001849592
0.00021854828
0.00018416408
0.00023802124
3.6804267e-05
4.3830409e-05
4.4076253e-05
4.9845349e-05
0.00021439194
0.00023807303
7.6545109e-05
5.0000173e-05
3.3252992e-05
3.6730156e-05
4.080471e-05
3.5537846e-05
3.7092339e-05
4.24249e-05
6.4450765e-05
9.5098151e-05
5.4961753e-05
5.7859886e-05
5.5173711e-05
4.8109133e-05
5.4144908e-05
4.0850154e-05
4.6177887e-05
7.3200463e-05
5.0752455e-05
4.6698812e-05
8.0097475e-05
)
;

boundaryField
{
    oversetFaces
    {
        type            overset;
        coupledFringe   false;
        conservativeCorrection false;
        setHoleCellValue false;
        holeCellValue   0;
        value           nonuniform 0();
    }
    back
    {
        type            empty;
    }
    out
    {
        type            zeroGradient;
    }
    bottom
    {
        type            zeroGradient;
    }
    in
    {
        type            zeroGradient;
    }
    top
    {
        type            zeroGradient;
    }
    front
    {
        type            empty;
    }
    wall
    {
        type            zeroGradient;
    }
    cylinder
    {
        type            zeroGradient;
    }
    defaultFaces
    {
        type            zeroGradient;
    }
}


// ************************************************************************* //
