/*--------------------------------*- C++ -*----------------------------------*\
| =========                 |                                                 |
| \\      /  F ield         | foam-extend: Open Source CFD                    |
|  \\    /   O peration     | Version:     4.1                                |
|   \\  /    A nd           | Web:         http://www.foam-extend.org         |
|    \\/     M anipulation  |                                                 |
\*---------------------------------------------------------------------------*/
FoamFile
{
    version     2.0;
    format      ascii;
    class       volScalarField;
    location    "1.3";
    object      rAU;
}
// * * * * * * * * * * * * * * * * * * * * * * * * * * * * * * * * * * * * * //

dimensions      [0 0 1 0 0 0 0];

internalField   nonuniform List<scalar> 
4393
(
0.00022765344
0.00022728104
0.00022691633
0.0002265437
0.00022616102
0.00022576687
0.00022535886
0.00022493579
0.00022449679
0.00022404165
0.00022357096
0.00022308621
0.00022258986
0.00022208545
0.00022157734
0.00022107165
0.00022057418
0.00022009193
0.00021963254
0.00021920364
0.000218813
0.00021846835
0.00021817725
0.00021794693
0.0002177841
0.00021769473
0.00021768352
0.00021768352
0.00021775377
0.00021790662
0.00021814025
0.00021844967
0.00021882666
0.00021926019
0.00021973695
0.0002202424
0.00022076169
0.00022128061
0.00022178631
0.00022226776
0.00022271597
0.00022312397
0.00022348669
0.00022380068
0.0002240638
0.00022427507
0.00022443454
0.00022454273
0.000224585
0.00022452202
0.00022420285
0.00022389854
0.00022358509
0.00022325974
0.00022292083
0.00022256613
0.00022219477
0.00022180631
0.0002214011
0.0002209804
0.00022054647
0.00022010267
0.00021965344
0.00021920408
0.00021876162
0.00021833265
0.00021792479
0.00021754615
0.00021720461
0.00021690807
0.00021666429
0.00021648074
0.00021636447
0.00021632186
0.00021635835
0.00021644664
0.00021641938
0.0002164611
0.0002165867
0.0002167977
0.00021709257
0.00021746616
0.00021790969
0.00021841116
0.00021895629
0.00021952957
0.00022011545
0.00022069936
0.00022126832
0.00022181144
0.00022231999
0.00022278735
0.00022320876
0.00022358097
0.00022390181
0.00022417042
0.00022438826
0.00022454256
0.00022401864
0.00022371117
0.00022341215
0.00022310149
0.00022277645
0.00022243554
0.00022207672
0.00022169941
0.00022130359
0.00022089013
0.00022046092
0.000220019
0.00021956858
0.0002191151
0.00021866487
0.0002182259
0.00021780568
0.00021741258
0.00021705523
0.00021674189
0.00021648064
0.0002162793
0.00021614534
0.00021608574
0.00021610671
0.00021621334
0.0002163063
0.00021618536
0.00021614538
0.00021619343
0.00021633443
0.00021657009
0.00021689784
0.00021731052
0.00021779657
0.00021834108
0.00021892706
0.00021953701
0.00022015412
0.0002207633
0.00022135168
0.00022190887
0.00022242695
0.00022290014
0.00022332446
0.00022369724
0.0002240174
0.00022428502
0.0002244804
0.000223665
0.00022336284
0.00022306366
0.00022274979
0.00022241875
0.00022206924
0.00022169939
0.00022130886
0.00022089795
0.00022046799
0.00022002145
0.00021956209
0.00021909506
0.00021862681
0.00021816479
0.00021771816
0.00021729551
0.0002169061
0.00021655929
0.00021626383
0.00021602813
0.00021586021
0.00021576769
0.00021575768
0.00021583649
0.00021600921
0.00021610005
0.00021589281
0.00021576827
0.00021573702
0.00021580779
0.00021598581
0.00021627123
0.00021665831
0.00021713548
0.0002176866
0.00021829261
0.00021893348
0.00021958982
0.00022024416
0.0002208816
0.00022149016
0.00022206069
0.0002225866
0.00022306336
0.00022348815
0.00022385973
0.00022417711
0.00022442214
0.00022330483
0.00022300676
0.00022270784
0.00022239109
0.0002220542
0.000221696
0.00022131476
0.00022091029
0.00022048316
0.00022003508
0.00021956906
0.00021908958
0.00021860267
0.00021811588
0.00021763791
0.0002171792
0.00021674957
0.00021635935
0.0002160187
0.0002157369
0.00021552272
0.0002153844
0.0002153298
0.00021536631
0.00021550058
0.00021573804
0.00021583767
0.00021553967
0.00021532658
0.00021521302
0.00021521213
0.00021533324
0.00021557947
0.00021594638
0.00021642191
0.00021698796
0.0002176226
0.0002183026
0.0002190055
0.00021971115
0.00022040254
0.00022106611
0.00022169167
0.00022227197
0.00022280218
0.00022327946
0.00022370249
0.00022407008
0.00022436638
0.00022292894
0.00022263549
0.00022233788
0.0002220192
0.00022167726
0.00022131092
0.00022091851
0.00022049995
0.00022005598
0.00021958861
0.00021910131
0.00021859923
0.00021808931
0.00021758025
0.00021708212
0.00021660684
0.00021616564
0.00021577009
0.00021543122
0.00021515888
0.00021496218
0.00021484962
0.00021482931
0.0002149091
0.00021509626
0.00021539699
0.00021552063
0.00021512603
0.00021481875
0.00021461806
0.00021454239
0.00021460602
0.00021481556
0.0002151678
0.0002156496
0.00021623993
0.00021691298
0.00021764144
0.00021839916
0.00021916297
0.00021991364
0.00022063614
0.00022131937
0.00022195571
0.00022254032
0.00022307056
0.00022354533
0.00022396385
0.00022431208
0.0002225378
0.00022224966
0.00022195439
0.00022163479
0.00022128865
0.00022091478
0.00022051149
0.0002200787
0.00021961723
0.00021912929
0.00021861873
0.0002180913
0.00021755485
0.00021701934
0.00021649634
0.0002159995
0.00021554175
0.00021513604
0.00021479441
0.00021452728
0.00021434403
0.00021425332
0.00021426358
0.00021438323
0.0002146205
0.00021498284
0.00021515099
0.00021465246
0.00021424347
0.00021394878
0.00021379328
0.00021379746
0.00021397229
0.0002143158
0.00021481293
0.0002154385
0.00021616147
0.00021694933
0.00021777147
0.00021860132
0.00021941732
0.00022020304
0.00022094676
0.00022164075
0.00022228045
0.0002228637
0.00022338994
0.00022385925
0.00022425898
0.00022213343
0.00022185195
0.0002215602
0.00022124071
0.00022089121
0.00022051041
0.00022009649
0.00021964926
0.00021916951
0.00021865953
0.00021812341
0.00021756747
0.00021700045
0.00021643361
0.00021588031
0.00021535621
0.00021487628
0.00021445513
0.0002141059
0.00021383954
0.00021366554
0.00021359262
0.00021362946
0.00021378515
0.00021406921
0.00021449097
0.00021473029
0.00021411886
0.00021359845
0.00021320032
0.00021295747
0.00021289848
0.00021303994
0.00021338123
0.00021390431
0.00021457808
0.00021536449
0.00021622445
0.00021712198
0.00021802666
0.00021891456
0.00021976807
0.00022057515
0.00022132833
0.00022202369
0.00022265986
0.00022323714
0.00022375666
0.00022420704
0.00022171751
0.00022144355
0.00022115641
0.0002208381
0.00022048618
0.00022009914
0.00021967493
0.00021921315
0.0002187144
0.00021818087
0.0002176168
0.00021702892
0.00021642683
0.00021582322
0.00021523348
0.00021467572
0.0002141674
0.00021372516
0.00021336335
0.00021309331
0.00021292442
0.00021286519
0.00021292437
0.00021311181
0.00021343865
0.00021391681
0.00021426146
0.0002135263
0.00021288218
0.00021236808
0.00021202722
0.00021189906
0.00021200784
0.00021235447
0.00021291634
0.00021365402
0.00021452009
0.00021546705
0.00021645248
0.00021744174
0.00021840857
0.00021933448
0.00022020757
0.00022102111
0.00022177222
0.00022246071
0.00022308807
0.00022365667
0.00022415641
0.00022129205
0.00022102749
0.00022074638
0.00022043045
0.00022007712
0.00021968463
0.00021925057
0.00021877418
0.00021825568
0.00021769701
0.00021710234
0.00021647867
0.0002158364
0.00021518972
0.00021455634
0.00021395745
0.00021341364
0.00021294407
0.00021256443
0.00021228623
0.00021211832
0.00021206857
0.00021214554
0.00021235977
0.00021272437
0.00021325464
0.00021374785
0.00021287615
0.00021209305
0.00021144651
0.0002109929
0.00021078652
0.00021086245
0.00021122349
0.00021184012
0.00021266109
0.00021362639
0.00021467784
0.00021576544
0.00021684997
0.00021790307
0.00021890591
0.00021984733
0.00022072192
0.00022152836
0.00022226804
0.00022294398
0.00022355999
0.00022410737
0.00022085968
0.00022060512
0.00022033114
0.00022001878
0.00021966516
0.00021926812
0.00021882481
0.00021833391
0.00021779511
0.0002172098
0.00021658186
0.00021591834
0.0002152303
0.00021453345
0.00021384828
0.00021319973
0.00021261252
0.00021210899
0.00021170632
0.00021141583
0.00021124517
0.00021120091
0.00021129092
0.00021152627
0.00021192234
0.0002124987
0.00021319367
0.00021217158
0.00021123068
0.00021043033
0.00020984367
0.0002095458
0.00020958762
0.00020997445
0.00021066617
0.00021159473
0.00021268308
0.00021385962
0.00021506549
0.00021625679
0.00021740357
0.00021848746
0.00021949886
0.00022043442
0.00022129498
0.000222084
0.00022280634
0.00022346749
0.00022406028
0.00022042134
0.00022017933
0.00021991425
0.00021960698
0.00021925446
0.0002188541
0.00021840247
0.00021789753
0.00021733814
0.0002167249
0.00021606105
0.00021535338
0.00021461333
0.00021385816
0.00021311147
0.00021240307
0.00021176309
0.0002112181
0.00021078699
0.00021048026
0.00021030337
0.00021026063
0.00021035855
0.00021060835
0.00021102783
0.00021164184
0.00021247987
0.00021141711
0.00021029587
0.00020931421
0.00020856671
0.00020815795
0.00020816285
0.00020859028
0.00020938369
0.00021045076
0.00021169143
0.00021301728
0.00021435943
0.00021566956
0.00021691715
0.00021808543
0.00021916748
0.00022016291
0.00022107544
0.00022191106
0.00022267686
0.0002233802
0.00022401562
0.00021998229
0.00021975292
0.00021949781
0.00021919698
0.00021884693
0.00021844454
0.00021798564
0.00021746727
0.00021688719
0.00021624485
0.00021554242
0.00021478601
0.00021398708
0.0002131642
0.00021234457
0.00021156421
0.00021086069
0.00021026634
0.000209802
0.00020947639
0.00020929122
0.00020924714
0.00020934823
0.00020960523
0.00021003829
0.00021067854
0.0002115658
0.00021062082
0.00020929206
0.00020809386
0.00020714735
0.00020659928
0.00020656206
0.00020705016
0.00020798079
0.00020922628
0.00021065534
0.00021215884
0.00021365707
0.00021509826
0.00021645294
0.00021770766
0.0002188596
0.00021991246
0.00022087357
0.00022175202
0.00022255745
0.00022329929
0.00022397392
0.00021954122
0.00021932784
0.00021908491
0.00021879246
0.00021844686
0.00021804442
0.00021758012
0.00021704987
0.00021645
0.00021577835
0.00021503548
0.00021422626
0.00021336153
0.00021246069
0.00021155479
0.0002106879
0.00020990792
0.00020925531
0.00020875321
0.00020840697
0.00020821223
0.00020816406
0.00020826291
0.0002085181
0.00020895182
0.00020960241
0.00021052256
0.00020979439
0.00020822617
0.00020676686
0.00020556886
0.00020483929
0.00020475091
0.000205328
0.00020644439
0.00020792048
0.00020958251
0.0002112965
0.00021297198
0.00021455585
0.00021602229
0.00021736354
0.00021858269
0.00021968879
0.00022069366
0.00022160998
0.00022245022
0.00022322605
0.00022393578
0.00021910883
0.00021891092
0.00021868119
0.00021839871
0.00021805937
0.00021765877
0.00021719091
0.00021665031
0.00021603154
0.00021533026
0.00021454477
0.00021367788
0.00021273898
0.00021174741
0.00021073804
0.00020976532
0.00020889205
0.00020817059
0.00020762706
0.00020726104
0.0002070585
0.00020700626
0.00020709953
0.00020734481
0.0002077651
0.00020840638
0.00020933699
0.00020895433
0.00020711039
0.00020533455
0.00020381303
0.00020283841
0.0002026831
0.00020339076
0.00020476058
0.00020653621
0.00020848622
0.00021044811
0.00021232251
0.0002140589
0.00021563907
0.00021706409
0.00021834521
0.00021949826
0.00022054035
0.00022148822
0.00022235739
0.00022316184
0.00022390187
0.00021867667
0.00021849821
0.00021828413
0.00021801386
0.00021768327
0.00021728732
0.00021681894
0.00021627108
0.00021563616
0.00021490712
0.00021407914
0.00021315196
0.00021213234
0.00021103797
0.00020990665
0.00020880595
0.00020782035
0.00020702009
0.00020643499
0.00020605468
0.00020584967
0.00020579467
0.00020587802
0.00020610193
0.00020648841
0.00020709137
0.00020799844
0.00020812626
0.00020596513
0.00020380518
0.00020186176
0.0002005448
0.00020029414
0.00020119604
0.00020291547
0.00020508265
0.00020738797
0.00020963912
0.0002117329
0.00021362805
0.00021531972
0.00021682186
0.00021815648
0.00021934762
0.00022041847
0.00022139012
0.00022228123
0.00022310807
0.00022387286
0.00021826753
0.00021810735
0.00021791002
0.00021765404
0.00021733485
0.00021694669
0.00021648125
0.00021592967
0.00021528183
0.00021452718
0.00021365663
0.00021266551
0.0002115563
0.0002103426
0.00020906262
0.0002077999
0.00020667137
0.00020577532
0.00020514677
0.00020475932
0.00020455938
0.0002045048
0.00020457648
0.00020477124
0.00020510633
0.00020564154
0.00020648656
0.0002073387
0.00020481992
0.00020219915
0.00019970192
0.00019789129
0.00019749116
0.00019868912
0.00020089733
0.00020357966
0.00020632145
0.00020890517
0.00021123458
0.00021328847
0.00021508322
0.00021665068
0.00021802633
0.0002192438
0.00022033284
0.00022131899
0.00022222396
0.00022306612
0.0002238494
0.0002178607
0.00021772305
0.00021754485
0.00021730545
0.00021700046
0.0002166235
0.00021616504
0.00021561432
0.00021495839
0.00021418268
0.00021327269
0.00021221768
0.00021101415
0.00020966824
0.00020821333
0.00020675056
0.00020544606
0.00020444333
0.00020378424
0.00020341587
0.00020324538
0.00020320582
0.00020327045
0.00020342953
0.00020368804
0.00020410699
0.00020482258
0.00020602174
0.00020373447
0.00020056403
0.0001973382
0.0001947966
0.00019413782
0.00019580052
0.0001987011
0.00020206504
0.00020533814
0.00020829525
0.00021086746
0.00021306996
0.00021495072
0.0002165651
0.00021796464
0.00021919345
0.00022028794
0.00022127788
0.00022218759
0.00022303724
0.00022383215
0.00021751399
0.00021739713
0.00021723942
0.00021701952
0.00021673288
0.00021637248
0.00021592764
0.0002153856
0.00021473035
0.00021394259
0.00021300075
0.00021188549
0.0002105845
0.00020909195
0.00020742603
0.00020570221
0.00020416186
0.00020302479
0.00020234141
0.00020201662
0.00020189392
0.00020187135
0.00020192011
0.00020202981
0.00020218392
0.00020243836
0.00020296073
0.00020399774
0.00020277601
0.000198992
0.00019483339
0.00019119094
0.00019003807
0.00019244649
0.00019633724
0.00020060642
0.00020451572
0.00020787571
0.00021068095
0.00021300655
0.00021494463
0.00021657952
0.00021798059
0.00021920246
0.00022028762
0.00022126929
0.00022217379
0.00022302249
0.00022382163
0.00021724799
0.00021715637
0.00021702312
0.00021682725
0.00021656454
0.00021622744
0.00021580409
0.00021527974
0.00021463517
0.00021384596
0.00021288224
0.00021171325
0.00021031532
0.00020866728
0.00020675694
0.00020469929
0.00020285144
0.00020156904
0.00020090854
0.00020070865
0.00020070602
0.00020074814
0.00020081582
0.00020091254
0.00020097439
0.0002010284
0.00020126908
0.00020200688
0.000202319
0.0001978101
0.00019243327
0.00018710199
0.00018493361
0.00018854655
0.00019385815
0.00019932415
0.0002039708
0.00020773457
0.00021073403
0.00021313506
0.000215087
0.00021670689
0.00021808175
0.00021927532
0.00022033461
0.00022129498
0.00022218374
0.00022302264
0.00022381826
0.00021730846
0.00021724486
0.00021714198
0.00021697782
0.00021674852
0.00021644628
0.0002160586
0.00021556938
0.00021495691
0.00021419226
0.00021323678
0.00021204477
0.00021057591
0.00020878985
0.00020662072
0.00020413598
0.0002018615
0.00020041277
0.00019983244
0.00019986429
0.00020005978
0.00020019215
0.00020026945
0.00020034954
0.00020027658
0.00020001442
0.000199813
0.00020004163
0.00020115454
0.0001973838
0.00019063848
0.00018289066
0.0001785855
0.00018413421
0.00019144079
0.00019842894
0.0002038747
0.00020798454
0.00021109311
0.00021349186
0.00021539682
0.00021695678
0.00021827285
0.00021941436
0.00022043012
0.00022135567
0.00022221792
0.00022303808
0.00022382231
0.0002180657
0.00021803698
0.00021797895
0.00021786451
0.00021768984
0.00021744709
0.00021712367
0.0002167027
0.00021616032
0.00021546313
0.0002145627
0.00021339292
0.00021188652
0.00020998177
0.00020754244
0.00020448733
0.00020156769
0.00019996155
0.00019961246
0.00020014709
0.00020075863
0.00020110992
0.0002012611
0.00020145462
0.00020138616
0.00020084567
0.00020023771
0.00019979477
0.00020075569
0.0001997399
0.00019127086
0.00017999302
0.00017091639
0.00017962438
0.00018944933
0.00019824627
0.00020446689
0.0002087619
0.00021182565
0.00021410704
0.00021588603
0.00021733306
0.00021855446
0.00021961904
0.00022057343
0.00022145082
0.00022227605
0.00022306873
0.00022383383
0.00022071367
0.00022076134
0.00022079034
0.00022076892
0.0002206952
0.00022056222
0.00022035865
0.00022006851
0.00021966799
0.0002191222
0.00021837735
0.00021734936
0.00021593579
0.00021405282
0.00021150362
0.00020784957
0.00020398574
0.0002024635
0.00020275656
0.00020442951
0.00020590696
0.00020676648
0.00020713795
0.0002077977
0.0002081612
0.00020722725
0.00020610096
0.00020425127
0.00020490875
0.0002034555
0.00019647146
0.0001811535
0.00016218807
0.0001762715
0.00018866583
0.00019947062
0.00020612701
0.00021022752
0.00021298772
0.00021499487
0.00021655426
0.00021783123
0.00021892176
0.0002198854
0.00022076165
0.00022157847
0.00022235697
0.00022311402
0.00022385262
0.00022646795
0.00022660881
0.00022676832
0.00022689279
0.00022698
0.00022702505
0.00022702068
0.00022695593
0.00022681224
0.00022655969
0.00022614704
0.00022547674
0.00022438704
0.00022271166
0.00022020902
0.00021578777
0.00020967699
0.0002083615
0.00020951602
0.00021328118
0.0002162617
0.00021811039
0.00021865476
0.00022013317
0.00022184804
9.2934543e-05
9.5424928e-05
9.7674308e-05
9.9860274e-05
0.00010286255
9.4451742e-05
8.6191531e-05
0.00010657577
0.00017929446
0.00019340268
0.00020410164
0.00020943295
0.00021251621
0.00021458955
0.00021613804
0.0002173824
0.00021843605
0.00021936368
0.00022020571
0.00022098956
0.00022173529
0.00022245865
0.00022317288
0.00022387827
0.00023927375
0.00023971179
0.0002402009
0.00024067501
0.00024114326
0.00024160971
0.00024207889
0.00024255414
0.00024303374
0.00024350616
0.00024393788
0.00024423582
0.00024418064
0.00024343437
0.00024177604
0.00023784686
0.00022680846
0.00022926895
0.00023526119
0.00024917785
0.00026057408
0.00026927802
0.00012792853
0.00016604308
0.00032006941
0.00046058669
0.00049956686
0.00049956686
0.00049956686
0.00049956686
0.00049956686
0.00045031169
0.00033648448
6.8071618e-05
0.00021294487
0.00021343709
0.00021435869
0.000215477
0.00021652121
0.00021746766
0.00021832795
0.00021912079
0.00021986307
0.00022056885
0.00022124994
0.00022191662
0.00022257827
0.00022324374
0.00022391014
0.0002643348
0.00026531505
0.00026643807
0.00026760366
0.00026883231
0.00027014835
0.00027158531
0.00027318535
0.00027500032
0.00027709571
0.00027955493
0.00028247035
0.00028593456
0.00028997498
0.00029435436
0.00030118372
0.00027313324
0.00030384017
0.00035476344
0.00037245818
0.00027894613
0.00032407941
0.00049956686
0.00049956686
0.00049956686
0.00049956686
0.00049956686
0.00049956686
0.00049956686
0.00049956686
0.00041265367
0.00041830213
0.00010204675
0.00026656257
0.00023111578
0.00022207625
0.00021925712
0.00021851879
0.00021853998
0.00021886902
0.00021933007
0.00021985035
0.00022039847
0.00022096122
0.00022153404
0.00022211689
0.00022271237
0.00022332466
0.00022394736
0.0003021384
0.00030423747
0.00030633028
0.00030849828
0.00031081601
0.00031335606
0.00031620424
0.00031947362
0.00032332338
0.00032799672
0.00033389025
0.00034158418
0.00035169587
0.00036473672
0.00038497815
0.00040311899
0.00025492691
0.00025632167
0.00026456937
0.00049183713
0.00047809201
0.00048795355
0.00047870062
0.000473724
0.00047746643
0.00045866216
0.00045172473
0.00045352182
0.00044094596
0.00043653586
0.00010693187
0.00010768288
0.00021982367
0.00025237468
0.00023693098
0.00022739357
0.00022309996
0.00022120456
0.00022043622
0.00022023277
0.00022032742
0.00022058825
0.00022094721
0.00022136829
0.0002218324
0.00022232997
0.00022285709
0.0002234134
0.00022398894
0.00028883867
0.00028937243
0.00028958999
0.00028980323
0.00029001304
0.00029025038
0.00029054092
0.00029092145
0.00029144503
0.00029218967
0.00029327725
0.00029436787
0.00029537168
0.00029614479
0.0002935765
0.0001031843
0.00037653477
0.00047142122
0.00047289486
0.00049382101
0.00048613065
0.00048244691
0.00012422067
0.00012128788
0.0001007766
0.00010006133
0.00010063719
0.00010198149
0.00010293584
0.00010453034
0.00020122772
0.00020770233
0.00021811833
0.0002390576
0.00023961764
0.00023074774
0.00022594428
0.00022340418
0.00022209637
0.00022148178
0.00022127022
0.00022130234
0.00022148823
0.00022177608
0.00022213569
0.00022254964
0.00022300844
0.00022350759
0.00022403378
0.00022330128
0.00022313334
0.00022284363
0.00022256203
0.00022229637
0.00022206387
0.00022188059
0.00022176988
0.00022176399
0.00022190756
0.00022226487
0.0002221063
0.00022118535
0.00021945807
0.00021680466
0.00021326447
9.598373e-05
9.9159227e-05
9.9872327e-05
9.9778735e-05
0.00010015404
0.00010018097
0.00021254475
0.00021081724
0.00020893229
0.00020554649
0.00020443894
0.0002038842
0.00020211597
0.00020213743
0.00020332235
0.00020903473
0.00021826561
0.00023220905
0.0002380318
0.00023247138
0.00022784618
0.0002250783
0.00022346543
0.00022256916
0.00022212345
0.00022196766
0.000222004
0.00022217232
0.00022243535
0.00022277003
0.00022316251
0.00022360486
0.00022408073
0.00021922454
0.00021930238
0.00021942645
0.00021955979
0.00021971351
0.00021989962
0.00022013055
0.00022042215
0.00022079344
0.00022126685
0.00022182726
0.00022156726
0.0002208204
0.00021959639
0.00021783756
0.00021505168
0.00021260849
0.0002141098
0.00021594182
0.0002142059
0.00021237701
0.00021121311
0.00021005909
0.00020833715
0.00020730426
0.00020568818
0.00020478342
0.0002042108
0.00020348738
0.00020395912
0.00020594695
0.0002109083
0.00021857325
0.00022813587
0.00023385961
0.00023317389
0.0002290114
0.00022627646
0.00022453893
0.00022347588
0.00022286718
0.00022256736
0.00022248137
0.00022254713
0.00022272411
0.00022298593
0.00022331572
0.00022370293
0.00022412868
0.00021784034
0.00021791873
0.00021804254
0.0002181799
0.00021833364
0.00021851124
0.00021872106
0.00021897401
0.00021928239
0.00021965964
0.00021997242
0.00021948699
0.00021873909
0.00021767751
0.00021626495
0.00021445026
0.0002133376
0.00021417987
0.00021528552
0.00021347971
0.00021189206
0.0002106764
0.00020952267
0.00020830927
0.00020735618
0.0002062989
0.00020565023
0.00020529158
0.00020521958
0.00020609809
0.00020834504
0.00021263817
0.00021878083
0.0002256386
0.00023032444
0.00023232037
0.00022961994
0.00022707331
0.00022533938
0.0002242023
0.00022349387
0.00022309219
0.0002229117
0.00022289325
0.00022299622
0.00022319296
0.00022346491
0.00022379975
0.00022417659
0.00021716332
0.00021728242
0.00021742043
0.00021756994
0.00021773681
0.00021792737
0.00021814769
0.00021840511
0.00021870649
0.00021905704
0.00021920671
0.00021876967
0.00021812675
0.00021724741
0.00021611181
0.00021486883
0.00021425325
0.000214754
0.00021500898
0.0002133919
0.00021200083
0.00021085325
0.000209799
0.00020881983
0.00020800191
0.00020726832
0.00020685168
0.00020673895
0.00020703737
0.00020813303
0.00021034827
0.00021400868
0.00021888986
0.00022403043
0.00022788451
0.0002302395
0.00022984067
0.00022755278
0.00022590376
0.00022476141
0.00022400523
0.0002235391
0.00022329042
0.000223206
0.00022324752
0.00022338771
0.00022360749
0.00022389353
0.00022422353
0.00021687435
0.0002169464
0.00021706114
0.00021719506
0.00021734628
0.00021751827
0.00021771476
0.00021794051
0.0002181993
0.0002184925
0.00021851726
0.00021813378
0.00021760897
0.0002169308
0.00021611215
0.00021532954
0.0002150234
0.00021541122
0.0002149645
0.00021357276
0.00021235396
0.00021131223
0.00021038239
0.00020956478
0.00020889284
0.00020837686
0.00020813814
0.00020821322
0.00020871919
0.00020989719
0.00021196513
0.00021506547
0.00021896812
0.00022296207
0.00022615834
0.00022832261
0.00022930637
0.00022778856
0.00022627256
0.00022517269
0.000224409
0.00022390973
0.00022361625
0.00022348296
0.00022347532
0.00022356771
0.00022374142
0.00022398284
0.00022426871
0.00021673362
0.00021684505
0.0002169692
0.00021710361
0.00021725222
0.00021741807
0.00021760278
0.00021780816
0.00021803418
0.00021827763
0.00021824282
0.00021789991
0.00021745471
0.00021691163
0.00021631071
0.0002158097
0.0002156728
0.00021596399
0.00021501768
0.00021383662
0.00021277973
0.00021185858
0.00021105319
0.00021037144
0.00020983653
0.00020948115
0.00020938075
0.00020958799
0.00021020434
0.00021138584
0.00021326839
0.00021589637
0.00021905797
0.00022225014
0.00022492533
0.00022687365
0.00022810638
0.00022784641
0.00022648534
0.00022545826
0.00022471639
0.00022420888
0.00022389047
0.00022372357
0.00022367828
0.00022373137
0.00022386524
0.00022406652
0.0002243115
0.00021666155
0.00021673076
0.00021683612
0.00021695834
0.00021709496
0.00021724706
0.00021741479
0.00021759831
0.00021779568
0.00021800141
0.00021796274
0.00021768282
0.00021733302
0.00021692629
0.00021651077
0.00021621035
0.00021618807
0.0002161434
0.00021511097
0.00021411719
0.00021321186
0.00021241495
0.00021172923
0.00021116828
0.00021075503
0.00021052519
0.00021053331
0.00021083206
0.00021150158
0.00021264354
0.00021433594
0.00021657235
0.00021917135
0.00022177961
0.00022403916
0.00022577578
0.00022696399
0.0002275103
0.00022657634
0.00022563989
0.00022494006
0.00022444327
0.00022411609
0.00022392873
0.00022385611
0.00022387789
0.00022397803
0.00022414379
0.00022435142
0.00021661005
0.00021670042
0.00021680619
0.00021692133
0.00021704738
0.0002171853
0.00021733418
0.00021749281
0.00021765781
0.00021782245
0.00021779129
0.00021755827
0.00021728137
0.00021697934
0.00021669962
0.00021653502
0.00021658977
0.00021607409
0.00021522591
0.00021439575
0.00021363022
0.00021295437
0.00021238217
0.00021193109
0.00021162476
0.00021149649
0.00021158929
0.00021194953
0.00021263738
0.00021371797
0.00021523079
0.0002171452
0.00021931216
0.00022148109
0.00022340642
0.00022494786
0.00022606562
0.00022678979
0.00022657568
0.00022573784
0.00022509289
0.00022462053
0.00022429727
0.00022410034
0.0002240094
0.00022400713
0.0002240793
0.00022421413
0.00022438812
0.00021657931
0.0002166452
0.00021673934
0.00021684588
0.00021696264
0.00021708933
0.00021722405
0.00021736461
0.00021750666
0.00021764276
0.00021764243
0.00021745886
0.00021724985
0.00021703637
0.00021686089
0.00021679245
0.00021670363
0.00021605619
0.00021535982
0.0002146718
0.00021403338
0.00021347136
0.00021300487
0.00021265351
0.00021244067
0.000212396
0.00021255446
0.00021295422
0.00021363888
0.00021464864
0.00021599859
0.0002176486
0.00021947873
0.00022130822
0.00022296207
0.00022432861
0.00022536462
0.00022607979
0.00022638353
0.00022576968
0.00022518701
0.0002247485
0.00022443873
0.00022424102
0.00022413937
0.00022411946
0.00022416897
0.0002242773
0.0002244214
0.00021655701
0.00021662863
0.00021671831
0.00021681617
0.00021692184
0.00021703497
0.00021715322
0.00021727394
0.00021739247
0.00021750148
0.00021753178
0.00021738948
0.00021723609
0.00021709243
0.00021699455
0.00021694148
0.0002166095
0.00021608013
0.00021551094
0.00021494661
0.00021442279
0.00021396579
0.00021359649
0.00021333509
0.00021320381
0.00021322846
0.00021343757
0.00021386123
0.00021452998
0.000215467
0.00021667269
0.00021810517
0.0002196687
0.00022123025
0.00022266138
0.00022387334
0.00022482463
0.00022551354
0.00022596443
0.00022575066
0.00022523352
0.00022483482
0.00022454544
0.00022435376
0.00022424768
0.00022421565
0.0002242473
0.00022433327
0.0002244512
0.00021654745
0.00021660699
0.00021668903
0.00021677959
0.00021687674
0.00021697952
0.00021708518
0.00021719074
0.00021729147
0.0002173804
0.00021743325
0.00021733696
0.00021723037
0.0002171421
0.00021709656
0.00021693326
0.00021656921
0.00021613863
0.00021567748
0.00021522115
0.00021480006
0.00021443879
0.00021415804
0.00021397741
0.00021391729
0.00021399981
0.000214248
0.00021468483
0.0002153308
0.00021619765
0.00021727738
0.00021853017
0.00021987962
0.00022122586
0.00022247238
0.00022354848
0.00022441658
0.000225069
0.0002255195
0.00022566741
0.00022524215
0.00022488658
0.00022462229
0.00022444178
0.00022433627
0.00022429677
0.00022431477
0.00022438222
0.00022447751
0.00021654512
0.00021660328
0.00021667983
0.00021676274
0.00021685067
0.00021694262
0.00021703572
0.000217127
0.00021721192
0.00021728419
0.00021733542
0.00021729694
0.00021722827
0.00021718002
0.00021709613
0.00021686819
0.00021657109
0.00021622471
0.00021585658
0.00021549502
0.00021516586
0.00021489129
0.00021469076
0.0002145825
0.00021458469
0.00021471594
0.00021499457
0.0002154375
0.00021605776
0.00021685944
0.00021783015
0.00021893374
0.00022010898
0.00022127952
0.00022237144
0.00022332823
0.00022411692
0.00022472713
0.00022516589
0.00022545137
0.00022522127
0.00022491021
0.00022467395
0.00022450829
0.00022440723
0.00022436407
0.00022437205
0.00022442442
0.00022450044
0.00021655117
0.00021660301
0.00021667387
0.0002167504
0.00021683077
0.0002169138
0.00021699662
0.00021707634
0.00021714881
0.00021720852
0.00021724843
0.00021724956
0.00021721078
0.00021716022
0.00021703076
0.0002168439
0.00021660585
0.00021633244
0.00021604532
0.00021576741
0.00021552056
0.00021532435
0.00021519639
0.00021515306
0.00021521014
0.000215383
0.00021568583
0.00021613062
0.00021672484
0.00021746759
0.00021834451
0.00021932357
0.00022035536
0.00022138057
0.00022234172
0.00022319346
0.00022390747
0.00022447261
0.00022489176
0.00022517752
0.00022517821
0.00022491153
0.00022470483
0.00022455645
0.00022446273
0.00022441893
0.00022441993
0.00022446026
0.00022452012
0.0002165631
0.00021661178
0.00021667778
0.00021674817
0.0002168213
0.00021689604
0.0002169696
0.00021703934
0.00021710159
0.00021715166
0.00021718382
0.00021719146
0.00021716747
0.00021710507
0.00021699937
0.00021685087
0.0002166655
0.00021645618
0.00021624036
0.00021603678
0.00021586383
0.00021573851
0.0002156763
0.00021569149
0.00021579741
0.00021600642
0.00021632916
0.00021677361
0.00021734313
0.0002180336
0.00021883012
0.00021970464
0.000220617
0.00022152048
0.00022236985
0.00022312862
0.00022377286
0.0002242918
0.00022468595
0.0002249641
0.00022510018
0.00022489548
0.00022471885
0.00022458924
0.00022450488
0.00022446275
0.00022445923
0.00022449016
0.00022453673
0.00021658032
0.00021662515
0.00021668678
0.00021675193
0.00021681887
0.00021688652
0.00021695228
0.00021701382
0.000217068
0.00021711099
0.00021713827
0.00021714486
0.00021712571
0.00021707642
0.00021699442
0.00021688161
0.0002167436
0.00021659122
0.00021643878
0.00021630171
0.00021619545
0.00021613451
0.00021613217
0.00021620055
0.00021635053
0.00021659174
0.00021693171
0.00021737516
0.0002179224
0.0002185673
0.00021929514
0.00022008149
0.00022089344
0.00022169376
0.00022244658
0.0002231225
0.00022370161
0.00022417417
0.00022453951
0.00022480394
0.00022497842
0.00022486678
0.00022471985
0.00022460959
0.00022453582
0.00022449699
0.00022449084
0.00022451455
0.00022455041
0.00021660167
0.00021664363
0.00021670147
0.00021676191
0.00021682328
0.00021688467
0.00021694368
0.00021699836
0.00021704611
0.00021708394
0.00021710844
0.00021711607
0.00021710346
0.00021706814
0.00021700921
0.00021692952
0.00021683436
0.00021673302
0.00021663742
0.00021656033
0.00021651466
0.00021651257
0.00021656519
0.00021668242
0.00021687284
0.00021714351
0.00021749928
0.00021794219
0.00021847023
0.00021907598
0.00021974528
0.00022045686
0.00022118353
0.00022189538
0.0002225638
0.0002231652
0.00022368329
0.00022410976
0.00022444358
0.00022468956
0.00022485657
0.00022482879
0.00022471066
0.00022461978
0.00022455726
0.00022452285
0.00022451548
0.00022453371
0.00022456123
0.00021662592
0.00021666547
0.00021672015
0.00021677656
0.00021683313
0.00021688911
0.00021694237
0.00021699134
0.00021703401
0.00021706814
0.00021709137
0.00021710139
0.00021709631
0.00021707513
0.00021703826
0.00021698921
0.00021693304
0.00021687783
0.00021683366
0.00021681115
0.00021682099
0.00021687321
0.00021697682
0.00021713962
0.00021736794
0.0002176665
0.00021803776
0.00021848149
0.00021899388
0.00021956664
0.00022018632
0.00022083428
0.00022148791
0.00022212302
0.00022271679
0.00022325047
0.00022371104
0.00022409183
0.00022439207
0.00022461577
0.00022477039
0.0002247858
0.00022469503
0.00022462288
0.00022457157
0.00022454198
0.00022453411
0.00022454791
0.00022456908
0.0002166522
0.00021669002
0.00021674211
0.00021679505
0.00021684741
0.00021689864
0.0002169469
0.00021699103
0.00021702957
0.000217061
0.0002170839
0.00021709705
0.00021709981
0.00021709242
0.00021707631
0.00021705551
0.0002170349
0.00021702166
0.00021702443
0.00021705204
0.00021711324
0.00021721611
0.00021736768
0.00021757368
0.00021783833
0.00021816415
0.00021855144
0.00021899799
0.00021949849
0.00022004402
0.00022062177
0.0002212153
0.00022180566
0.00022237326
0.00022289998
0.00022337119
0.0002237769
0.00022411224
0.00022437707
0.0002245752
0.00022471324
0.00022473912
0.00022467394
0.0002246195
0.00022457898
0.00022455436
0.00022454647
0.00022455648
0.00022457319
0.00021667836
0.0002167157
0.0002167659
0.00021681594
0.00021686462
0.00021691166
0.00021695552
0.00021699544
0.00021702435
0.00021704854
0.0002170695
0.00021708858
0.00021710798
0.00021711553
0.00021711869
0.00021712383
0.00021713575
0.00021716096
0.00021720694
0.00021728104
0.00021739034
0.00021754109
0.00021773847
0.00021798624
0.00021828659
0.00021863997
0.00021904466
0.00021949666
0.00021998932
0.00022051314
0.00022105581
0.00022160269
0.00022213778
0.00022264523
0.0002231109
0.00022352374
0.00022387661
0.00022416654
0.00022439439
0.00022456414
0.00022468205
0.00022469296
0.00022465144
0.00022461334
0.0002245827
0.00022456253
0.00022455442
0.00022456
0.00022457241
0.00021672303
0.00021675488
0.00021679988
0.00021684372
0.00021688514
0.00021692402
0.00021695923
0.00021699064
0.00021701204
0.0002170309
0.00021705013
0.00021707279
0.00021710297
0.00021713039
0.00021716416
0.00021719744
0.00021723872
0.00021729895
0.00021738469
0.00021750204
0.0002176566
0.00021785299
0.0002180946
0.00021838331
0.00021871936
0.0002191012
0.00021952518
0.00021998557
0.0002204744
0.00022098154
0.00022149499
0.0002220015
0.00022248746
0.00022294017
0.0002233489
0.00022370589
0.00022400674
0.00022425051
0.0002244393
0.00022457765
0.00022464901
0.00022464884
0.00022462825
0.00022460418
0.00022458145
0.00022456414
0.00022455489
0.00022455489
0.00022456048
0.00021929748
0.00021928221
0.0002192723
0.00021925939
0.00021924307
0.00021922358
0.00021920007
0.00021917274
0.00021914199
0.00021910875
0.00021907461
0.00021904195
0.00021901405
0.00021899507
0.00021898982
0.00021899003
0.00021900465
0.00021904475
0.00021911638
0.00021922469
0.000219374
0.00021956738
0.00021980642
0.00022009108
0.00022041944
0.00022078776
0.00022119015
0.00022161879
0.00022206397
0.00022251444
0.00022295788
0.0002233818
0.00022377433
0.00022412538
0.00022442729
0.00022467548
0.00022486844
0.00022500762
0.00022509688
0.00022514185
0.00022512643
0.00022508058
0.00022501858
0.00022494663
0.00022487031
0.00022479463
0.00022472374
0.00022465893
0.00022458783
0.00031904062
0.00022141257
0.00019461244
0.00018783643
0.00019411709
0.0002170244
0.00025492691
0.00022180936
0.00018878022
0.00015980333
0.0004193935
0.00026456937
0.00023642124
0.00023902089
0.0002611083
0.00030792736
0.0003767012
0.00021674486
0.00015619148
0.00012787424
0.00046151346
0.00029597516
0.00025762277
0.00025553901
0.00027370989
0.00031393026
0.00033653236
0.00019858881
0.00014750645
0.00012309115
0.00044843395
0.00031236657
0.0002738113
0.00026814426
0.00028226725
0.00031470176
0.00028664467
0.00018028582
0.00013841129
0.00011758519
0.00043612465
0.00032327548
0.00028497163
0.00028234113
0.00029821912
0.00033493403
0.00024655657
0.00016498498
0.00013072777
0.0001129801
0.00041095241
0.00032010127
0.00028211301
0.00028301005
0.00030606317
0.00037245818
0.00021707012
0.00015329796
0.00012480025
0.00010958633
0.00040647851
0.0003330056
0.00029166609
0.0002890761
0.00031120896
0.00034962398
0.00019437042
0.0001438573
0.00011993127
0.00010706886
0.00040647606
0.00033069415
0.00028614382
0.00027894613
0.00029402113
0.00027632575
0.00017456909
0.00013459687
0.00011478948
0.00010397997
0.00030430702
0.00021420539
0.00014130088
0.00011402658
0.000101185
9.4584594e-05
9.1196317e-05
8.9591115e-05
8.8991239e-05
8.8853222e-05
0.00037566362
0.00031027983
0.00027958841
0.00028702435
0.00034379415
0.00020401719
0.00014612795
0.00012037447
0.00010677012
9.9251705e-05
0.00037367473
0.00032407941
0.00029983084
0.0003111508
0.00031728727
0.00018075968
0.00013623694
0.00011489217
0.00010337193
9.6930009e-05
0.0003736803
0.00031970352
0.00029095467
0.00029225744
0.000246635
0.00016172461
0.00012726321
0.00010996016
0.00010049642
9.5258413e-05
0.00034965074
0.00029952547
0.00029656608
0.00034083119
0.00020868847
0.00014609273
0.00011960334
0.00010573928
9.8034559e-05
9.3775029e-05
0.00032266129
0.00028662599
0.00029657842
0.00032877656
0.00018457585
0.00013653392
0.00011439491
0.00010262171
9.6118438e-05
9.2545751e-05
0.00032266475
0.0002999895
0.00031765516
0.00026232577
0.00016522575
0.00012792853
0.00010965323
9.9846118e-05
9.4514109e-05
9.1770767e-05
0.00032263017
0.00030732106
0.00034687163
0.0002123871
0.00014688782
0.00011920267
0.00010497952
9.7204785e-05
9.2990267e-05
9.083918e-05
0.00031010162
0.00029940688
0.000341725
0.00018606662
0.00013569428
0.0001132098
0.00010150976
9.5155359e-05
9.1786467e-05
9.0109579e-05
0.00031010542
0.00029949498
0.00027588592
0.00016604308
0.00012691664
0.00010842533
9.8724063e-05
9.3529568e-05
9.0882923e-05
8.9714262e-05
0.00032254162
0.00030891768
0.00022373444
0.00014805545
0.00011848033
0.00010396132
9.625694e-05
9.2171779e-05
9.0158123e-05
8.9295346e-05
0.00033282044
0.00035019744
0.00019158567
0.0001356418
0.00011240186
0.00010070838
9.4486603e-05
9.123348e-05
8.9684624e-05
8.9030124e-05
0.00030432893
0.00032006941
0.00017394192
0.00012864208
0.00010882552
9.8749789e-05
9.342591e-05
9.0701153e-05
8.9466209e-05
8.9016169e-05
0.00030429695
0.00026764744
0.0001588162
0.00012218515
0.00010544567
9.6880159e-05
9.2402349e-05
9.0172871e-05
8.9225099e-05
8.8929605e-05
0.00040226941
0.00033119905
0.00029688103
0.00030028691
0.0003256007
0.00023430246
0.00015779984
0.00012640631
0.00011016682
0.00010101606
0.00031099092
0.00022278118
0.00022750546
0.00024687678
0.00028180487
0.00034876518
0.00047409204
0.00030619724
0.00020698873
0.00015832605
0.00037327007
0.0002425946
0.0002206726
0.00022585673
0.00024876222
0.00029562134
0.00038282725
0.00023395608
0.00016547459
0.00013371455
0.00031099506
0.00021965459
0.00022290345
0.00023200234
0.00025184564
0.00029477157
0.0003512824
0.00025570455
0.00019757306
0.00016191065
0.00031223428
0.00021838877
0.00021441533
0.00022793665
0.00025632167
0.00031097745
0.00040281292
0.00026810151
0.00018677931
0.00014711046
0.00033462852
0.00022545398
0.0002122687
0.00022078684
0.00024474872
0.00029151872
0.00038176973
0.00025036954
0.00017493344
0.00013903999
0.00015498752
0.00011783419
0.00010204675
9.4451828e-05
9.0980229e-05
8.9960683e-05
9.058421e-05
9.2416164e-05
9.5210991e-05
9.8858389e-05
0.00013136894
0.00012143113
0.00011280538
0.00010686055
0.00010316282
0.00010121611
0.00010065188
0.00010121025
0.00010271376
0.00010506951
0.00034928904
0.0001814992
0.0001285571
0.00010782772
9.7967155e-05
9.2934543e-05
9.0420676e-05
8.9305065e-05
8.8967936e-05
8.8936864e-05
0.00035621361
0.00016586486
0.00012252731
0.00010488716
9.6477422e-05
9.2204706e-05
9.0099948e-05
8.9195129e-05
8.8949442e-05
8.8930837e-05
0.00030263848
0.00015591688
0.0001190566
0.00010348994
9.5987036e-05
9.2137163e-05
9.0228691e-05
8.9403974e-05
8.9177911e-05
8.915623e-05
0.0002637926
0.00014547663
0.00011512259
0.000101897
9.5424928e-05
9.2044963e-05
9.0344981e-05
8.9597583e-05
8.9373153e-05
8.9285632e-05
0.00023621945
0.00013767738
0.00011187236
0.00010043614
9.4818841e-05
9.1858873e-05
9.0365481e-05
8.9719917e-05
8.9550102e-05
8.9502718e-05
0.00021520963
0.00013109283
0.00010899214
9.9024077e-05
9.4117259e-05
9.1520938e-05
9.0219044e-05
8.9680416e-05
8.9573803e-05
8.9541522e-05
0.00019860683
0.00012553255
0.00010642457
9.7674308e-05
9.3363682e-05
9.1082008e-05
8.995001e-05
8.9507793e-05
8.9459102e-05
8.9460423e-05
0.00018506507
0.00012073323
0.0001040952
9.6367923e-05
9.2561726e-05
9.0557816e-05
8.958306e-05
8.9229909e-05
8.9202667e-05
8.9103806e-05
0.00017364513
0.00011646833
0.00010190502
9.5058311e-05
9.1693154e-05
8.9951052e-05
8.9147027e-05
8.8930909e-05
8.9043398e-05
8.9143507e-05
0.00016382321
0.00011266305
9.9860274e-05
9.3776353e-05
9.0791844e-05
8.9283089e-05
8.863082e-05
8.8523702e-05
8.8711044e-05
8.8841033e-05
0.0001551024
0.00010913647
9.7853753e-05
9.2455428e-05
8.9820046e-05
8.8542428e-05
8.8055897e-05
8.8081425e-05
8.8375359e-05
8.8581104e-05
0.00014732791
0.0001059432
9.5977723e-05
9.1193421e-05
8.8869167e-05
8.780731e-05
8.748698e-05
8.7660326e-05
8.8102115e-05
8.8452084e-05
0.00014014146
0.00010286255
9.4043161e-05
8.9823726e-05
8.7790736e-05
8.6939216e-05
8.678513e-05
8.7100548e-05
8.7675564e-05
8.8173688e-05
0.00013343235
9.9957716e-05
9.2160761e-05
8.8486578e-05
8.6753048e-05
8.6134635e-05
8.6181748e-05
8.6672135e-05
8.7374859e-05
8.7853686e-05
0.00012706189
9.717046e-05
9.0291962e-05
8.7153473e-05
8.5737451e-05
8.5383949e-05
8.5687376e-05
8.6448024e-05
8.7475911e-05
8.8418386e-05
0.00012089976
9.4451742e-05
8.8399165e-05
8.5788962e-05
8.4714517e-05
8.4656033e-05
8.5248363e-05
8.6287157e-05
8.7551535e-05
8.8595454e-05
0.00011467005
9.1628046e-05
8.6356016e-05
8.4312843e-05
8.3668831e-05
8.4009479e-05
8.5015737e-05
8.6489397e-05
8.8220975e-05
8.9776042e-05
0.00010821
8.8742991e-05
8.4339083e-05
8.2997117e-05
8.2955923e-05
8.3861819e-05
8.5436896e-05
8.7482753e-05
8.9786801e-05
9.193103e-05
0.0001017086
8.6191531e-05
8.2873822e-05
8.2412878e-05
8.316609e-05
8.4830692e-05
8.7186069e-05
9.0041283e-05
9.3138518e-05
9.5888834e-05
9.539103e-05
8.4261495e-05
8.227116e-05
8.2900997e-05
8.4769978e-05
8.7643425e-05
9.1368571e-05
9.5781933e-05
0.00010064389
0.00010547108
8.837935e-05
8.2315443e-05
8.2685108e-05
8.5774393e-05
9.050989e-05
9.6663874e-05
0.00010405186
0.00011212332
0.00011767409
0.00012035204
8.3109447e-05
8.7485018e-05
9.7461682e-05
0.00010470562
0.00010657577
0.00010849453
0.00011089557
0.00011390426
0.00011744636
0.00012117695
7.9906607e-05
7.3835421e-05
6.8997516e-05
6.7085243e-05
6.7148639e-05
6.8552432e-05
7.0941342e-05
7.4101857e-05
7.7883289e-05
8.2163875e-05
0.0001030389
7.48931e-05
6.5867111e-05
6.2696759e-05
6.2189157e-05
6.3207062e-05
6.525067e-05
6.8071618e-05
7.1534321e-05
7.5581921e-05
6.5857726e-05
9.2672174e-05
0.00011385182
0.0001367941
0.00017014306
0.00022121235
0.00023928122
0.00026036982
0.00024512675
9.3988129e-05
9.8991818e-05
0.00010455912
0.00011631822
0.00013557048
0.00016615968
0.00019909629
0.00024460764
0.00030882457
0.00012158697
0.00011754487
0.00011300978
0.00010956372
0.00010710049
0.00010554583
0.00010483523
0.00010490349
0.00010568988
0.00010712623
0.00011639741
0.00011389274
0.00011122415
0.0001092675
0.00010781353
0.00010688137
0.00010647562
0.00010658897
0.00010720524
0.00010825732
0.00011346255
0.00011128875
0.00010965657
0.00010855073
0.00010768288
0.00010714636
0.00010695937
0.00010711393
0.00010757275
0.00010820998
0.00011168333
0.00010921933
0.00010817748
0.00010757354
0.00010705715
0.00010676904
0.00010671368
0.00010686879
0.00010715023
0.0001073354
0.00011058314
0.00010759309
0.00010693187
0.00010665162
0.00010638536
0.000106313
0.00010642645
0.00010671994
0.00010714535
0.00010757502
0.00010996006
0.00010635447
0.00010596076
0.0001058867
0.00010578345
0.00010585796
0.00010608048
0.0001064445
0.00010688015
0.00010726747
0.00010964254
0.00010532584
0.00010509929
0.00010513536
0.00010511773
0.00010526176
0.00010551045
0.00010585095
0.00010617641
0.00010630242
0.00010954078
0.00010447331
0.00010436029
0.00010445674
0.00010449179
0.00010468
0.00010494453
0.00010528031
0.00010557428
0.00010566874
0.00010952527
0.00010371497
0.00010374845
0.00010389321
0.00010398332
0.00010422527
0.00010453034
0.00010490773
0.00010524664
0.00010541842
0.00010957907
0.00010307686
0.00010332682
0.0001035033
0.0001036314
0.00010390308
0.00010422053
0.00010460149
0.00010492019
0.00010503904
0.00010981224
0.00010255446
0.00010288824
0.00010307189
0.00010322374
0.00010350946
0.00010382241
0.00010418415
0.00010444961
0.00010446074
0.00011013147
0.00010215244
0.00010257669
0.00010276312
0.00010293584
0.00010323423
0.00010355253
0.00010392617
0.00010421234
0.00010430652
0.00011055823
0.00010174132
0.0001022003
0.00010246577
0.00010265685
0.00010296342
0.0001032815
0.00010365164
0.00010391232
0.00010392454
0.0001110511
0.00010137599
0.00010186658
0.00010223878
0.00010244267
0.0001027486
0.0001030579
0.0001034164
0.00010365469
0.00010365552
0.00011161983
0.00010110365
0.00010154035
0.00010198149
0.00010222904
0.00010252814
0.00010282607
0.00010317309
0.0001033928
0.0001033799
0.00011224514
0.00010091149
0.00010120855
0.0001016948
0.00010203727
0.00010233097
0.00010262063
0.0001029572
0.00010315779
0.00010312136
0.0001129061
0.00010075018
0.00010089736
0.00010143075
0.00010188965
0.00010219428
0.00010247349
0.00010279629
0.00010297451
0.00010289611
0.00011362289
0.00010064663
0.00010063719
0.00010109766
0.00010165242
0.00010204904
0.00010231748
0.00010263007
0.0001028016
0.00010273173
0.00011438369
0.00010059247
0.00010042735
0.00010082108
0.00010138709
0.0001018342
0.0001021232
0.00010241578
0.00010255923
0.00010245701
0.00011518164
0.00010063328
0.00010034221
0.00010069933
0.00010125215
0.00010168011
0.00010197016
0.00010226418
0.00010240026
0.00010228107
0.0001159356
0.00010053889
0.00010006133
0.00010035789
0.00010088978
0.00010140675
0.00010187824
0.00010223447
0.00010234609
0.00010223426
0.00011682744
0.00010064342
0.0001000074
0.00010024587
0.00010074109
0.0001012048
0.00010162944
0.0001019487
0.00010202863
0.00010186911
0.00011766961
0.00010069294
9.9900138e-05
0.00010010204
0.00010058778
0.00010102813
0.0001014878
0.00010184512
0.00010192204
0.00010177108
0.00011854057
0.0001007766
9.9821329e-05
9.9983332e-05
0.00010045657
0.00010087225
0.00010131365
0.00010169822
0.00010179933
0.00010157739
0.00011941686
0.00010085282
9.9722442e-05
9.9842833e-05
0.00010030432
0.000100698
0.00010112378
0.00010155509
0.00010174791
0.00010160986
0.00012032763
0.00010094137
9.9619797e-05
9.9688456e-05
0.00010012915
0.00010049349
0.00010089748
0.00010130342
0.00010154336
0.00010146018
0.00012128788
0.00010110289
9.9603945e-05
9.9630651e-05
0.00010005517
0.00010039286
0.00010077527
0.00010115208
0.00010135879
0.00010128384
0.00012223228
0.00010124111
9.9558795e-05
9.9550191e-05
9.9969833e-05
0.0001002956
0.00010067302
0.00010104062
0.00010124323
0.0001012118
0.00012320095
0.00010137507
9.9490395e-05
9.9432506e-05
9.9835477e-05
0.0001001397
0.0001005019
0.0001008486
0.00010103153
0.00010097604
0.00012422067
0.00010158923
9.9521311e-05
9.9423748e-05
9.9812318e-05
0.00010009382
0.00010043668
0.00010075598
0.00010090832
0.00010078101
0.00012520656
0.00010177708
9.9528024e-05
9.9403727e-05
9.9796542e-05
0.00010007768
0.00010042644
0.00010074885
0.00010091316
0.00010083734
0.00012619201
0.00010192216
9.9462538e-05
9.9293594e-05
9.9679205e-05
9.9952865e-05
0.00010030128
0.00010061843
0.00010077914
0.00010068299
0.00012724639
0.0001021319
9.9463993e-05
9.9242195e-05
9.960581e-05
9.9854057e-05
0.00010018097
0.0001004701
0.00010060484
0.00010047389
0.00012831114
0.00010241287
9.9571677e-05
9.9327634e-05
9.9695702e-05
9.9942777e-05
0.00010027182
0.00010055817
0.00010069432
0.0001005813
0.00012928271
0.00010253138
9.9474899e-05
9.918941e-05
9.9557937e-05
9.9808602e-05
0.00010014714
0.00010043725
0.00010057601
0.0001004452
0.00013038143
0.00010281558
9.956543e-05
9.9237312e-05
9.959246e-05
9.9827125e-05
0.00010015404
0.0001004293
0.00010056068
0.00010043133
0.00013139662
0.00010301517
9.9571129e-05
9.9215378e-05
9.9580171e-05
9.9825479e-05
0.00010016817
0.00010045523
0.00010060122
0.0001005019
0.00013243488
0.00010320688
9.9550144e-05
9.914709e-05
9.9503247e-05
9.9742453e-05
0.00010008385
0.00010036453
0.0001005057
0.00010035918
0.00013351518
0.00010347625
9.9629877e-05
9.9191732e-05
9.9544393e-05
9.9778735e-05
0.00010011829
0.00010039209
0.00010052938
0.0001004032
0.00013452239
0.00010366893
9.963453e-05
9.9165659e-05
9.9523233e-05
9.9763761e-05
0.00010011287
0.00010039136
0.00010053677
0.00010041358
0.00013554464
0.00010392843
9.9733105e-05
9.9245831e-05
9.961366e-05
9.9861738e-05
0.00010022071
0.00010050316
0.00010065487
0.00010054689
0.00013644913
0.00010407517
9.9723659e-05
9.9222233e-05
9.9607602e-05
9.9872327e-05
0.00010024976
0.00010054247
0.00010069549
0.00010057493
0.00013735172
0.00010429145
9.982791e-05
9.932824e-05
9.9728646e-05
9.9920846e-05
0.00010018381
0.0001004019
0.0001005302
0.00010042958
0.00013808069
0.00010441985
9.9914761e-05
9.9310692e-05
9.9524889e-05
9.965913e-05
9.9969943e-05
0.00010023901
0.00010042733
0.00010035535
0.00013860157
0.0001043525
9.948955e-05
9.8736547e-05
9.897563e-05
9.9159227e-05
9.9530371e-05
9.9857806e-05
0.00010010382
0.00010009652
0.00013694499
0.00010302804
9.8294942e-05
9.7655829e-05
9.8021919e-05
9.8356445e-05
9.8889491e-05
9.9376161e-05
9.9782501e-05
9.9923862e-05
0.00013242544
0.00010081804
9.6609326e-05
9.6298978e-05
9.6936088e-05
9.7536108e-05
9.8320054e-05
9.9033138e-05
9.9641896e-05
9.9930704e-05
0.00012236802
9.6792544e-05
9.3755599e-05
9.4003278e-05
9.501026e-05
9.598373e-05
9.7090916e-05
9.8079144e-05
9.892658e-05
9.9424397e-05
0.00010505638
3.2906691e-05
3.0921579e-05
2.9871549e-05
2.9701694e-05
3.0362523e-05
3.180799e-05
3.3950767e-05
3.6696258e-05
3.9997756e-05
5.836265e-05
6.3733772e-05
6.7283241e-05
7.1729542e-05
7.7673631e-05
8.5195223e-05
9.3885096e-05
0.0001031843
0.00011197492
2.4631521e-05
2.9515417e-05
3.3628312e-05
3.7939894e-05
4.2569873e-05
4.7559491e-05
5.2855429e-05
5.8418709e-05
6.4198245e-05
1.9921989e-05
2.6804335e-05
3.2909092e-05
3.8971842e-05
4.5086139e-05
5.141652e-05
5.7924465e-05
6.4656377e-05
7.1568983e-05
2.0605544e-05
3.1201804e-05
4.1706632e-05
5.2395012e-05
6.3094618e-05
7.3955438e-05
8.4794512e-05
9.5631538e-05
0.00010625925
6.8509751e-05
9.134121e-05
9.1560063e-05
0.00012314462
5.8621116e-05
4.9795774e-05
7.774058e-05
6.5244893e-05
6.5833778e-05
0.0001636412
5.4597595e-05
4.5176456e-05
6.6695155e-05
6.8805173e-05
8.0792512e-05
6.3308579e-05
8.0527426e-05
8.5465875e-05
0.00021680466
2.8319311e-05
0.00022680846
0.0002133376
6.3135901e-05
5.8163077e-05
9.5926121e-05
6.8829861e-05
7.8502057e-05
7.0198231e-05
7.00325e-05
7.7844478e-05
6.9599642e-05
0.00010139885
8.1519017e-05
7.9459037e-05
0.00011530883
6.823468e-05
5.9328554e-05
8.3048115e-05
7.7870828e-05
7.308111e-05
7.3095842e-05
7.7292356e-05
8.5584333e-05
0.00022739357
6.8063425e-05
6.8565955e-05
0.0002935765
6.0951028e-05
6.9231905e-05
7.4112816e-05
9.6112795e-05
7.6130865e-05
7.2724572e-05
6.356812e-05
8.0360514e-05
7.4030297e-05
7.777997e-05
5.3315277e-05
4.8909201e-05
5.8489987e-05
6.0046083e-05
5.8723265e-05
5.7751299e-05
0.00010128058
7.8477118e-05
8.1003877e-05
6.0249533e-05
5.8264322e-05
8.1267754e-05
9.0611886e-05
6.372393e-05
7.9364263e-05
0.00011333186
6.092513e-05
5.790869e-05
7.7361731e-05
0.00010101033
6.7150903e-05
7.6022389e-05
6.7098256e-05
7.9251714e-05
7.0323792e-05
6.9795424e-05
0.00010552656
7.2887118e-05
6.1969755e-05
6.2821667e-05
0.00010692566
8.6366828e-05
7.3192467e-05
7.4205457e-05
6.2637433e-05
6.0593693e-05
9.3573674e-05
0.00010075034
5.9156086e-05
5.624052e-05
0.00015129956
0.00011877567
8.9794408e-05
2.9683489e-05
5.7558439e-05
5.9427163e-05
5.8241309e-05
6.1806314e-05
7.1708862e-05
7.303095e-05
0.00019947062
8.8231868e-05
0.00022207625
0.00010264085
6.0610897e-05
6.2868438e-05
5.7668898e-05
5.950314e-05
6.7003555e-05
5.912954e-05
6.5082927e-05
9.7746583e-05
5.4655812e-05
5.9467716e-05
9.9089942e-05
8.2547543e-05
5.0892901e-05
5.8885838e-05
6.0646957e-05
6.1431631e-05
0.00029435436
0.00021505168
5.7399512e-05
5.8742933e-05
7.4353312e-05
5.8268381e-05
6.6807376e-05
5.8543311e-05
6.427404e-05
6.5461655e-05
8.2332325e-05
8.9366333e-05
3.6764846e-05
8.0373538e-05
6.0004048e-05
5.4769644e-05
5.637673e-05
6.0601784e-05
6.036991e-05
5.0710002e-05
5.2575515e-05
6.5349113e-05
7.3335346e-05
3.827154e-05
5.733347e-05
5.9641294e-05
0.00010485636
8.6607906e-05
0.00022739357
5.7915046e-05
4.7507284e-05
6.7837931e-05
6.273925e-05
8.5308265e-05
7.9456789e-05
0.00010720466
8.4212482e-05
7.1520695e-05
6.2974986e-05
5.5734967e-05
5.067845e-05
6.5630696e-05
8.9827149e-05
6.1734801e-05
6.4532268e-05
0.00019144079
6.4597437e-05
7.1438904e-05
6.1866749e-05
6.5112707e-05
0.00020410164
6.041925e-05
6.2357789e-05
0.00017455185
0.00011976664
0.00023961764
5.541377e-05
4.9489343e-05
5.169762e-05
4.9887725e-05
7.4382197e-05
6.6871564e-05
9.0360682e-05
5.1709707e-05
5.8183283e-05
0.00021343709
6.208906e-05
5.2229167e-05
6.7172034e-05
5.6013874e-05
7.3869478e-05
6.9552389e-05
6.7423739e-05
6.3735367e-05
0.00020685168
0.00020001442
0.00021783756
0.00020014709
0.00021200083
8.9933942e-05
6.0790809e-05
6.5386762e-05
0.00011982533
9.4688328e-05
6.2744756e-05
6.761341e-05
9.5759285e-05
6.2918918e-05
5.8160634e-05
8.9597966e-05
0.00038497815
6.5171332e-05
7.7374457e-05
7.184458e-05
8.7219038e-05
8.2457545e-05
7.3857684e-05
0.00012576831
0.00013509537
0.00010342281
6.2143321e-05
7.2594208e-05
6.1558193e-05
6.5296412e-05
5.8349166e-05
5.6190285e-05
6.7935249e-05
6.6538028e-05
9.231129e-05
8.2038231e-05
6.6216306e-05
7.299539e-05
5.9849746e-05
6.3003314e-05
0.00021200083
0.00020442951
0.00011946057
9.7203786e-05
8.7528622e-05
7.118432e-05
8.043226e-05
0.00013718799
6.1767445e-05
6.4500286e-05
5.9995874e-05
6.4057343e-05
5.5680573e-05
5.3895913e-05
0.00020200688
0.00020521958
9.6618537e-05
7.1005273e-05
6.0195077e-05
5.6194778e-05
5.2655551e-05
0.00023784686
0.0002133376
7.0110332e-05
7.4572913e-05
6.0268249e-05
6.3238364e-05
5.8795795e-05
6.0391607e-05
6.9643335e-05
8.1148996e-05
4.7783037e-05
5.9760642e-05
5.5302152e-05
6.9042956e-05
7.834602e-05
7.6310953e-05
0.0001025923
9.3896727e-05
8.7966635e-05
8.6238929e-05
5.8539683e-05
6.1584026e-05
6.6266341e-05
7.7048587e-05
0.00020027658
0.00020800191
6.3764537e-05
6.6921725e-05
0.00020685168
0.00020001442
6.6538583e-05
5.9475938e-05
4.9786067e-05
4.7945295e-05
0.00019824627
0.00012191131
0.00027028901
5.8070949e-05
6.645224e-05
6.5994585e-05
5.9780971e-05
7.9979955e-05
7.358667e-05
5.9335118e-05
5.6196377e-05
7.0674975e-05
5.8020562e-05
9.1579786e-05
7.9795453e-05
6.7455329e-05
6.0658326e-05
7.1072933e-05
6.6576265e-05
5.6944739e-05
5.9779607e-05
6.0641206e-05
6.9934774e-05
0.00013204089
9.4203368e-05
8.0030353e-05
6.0462515e-05
6.2954204e-05
8.9913191e-05
5.796093e-05
4.7321626e-05
5.0216291e-05
6.0852927e-05
5.1743959e-05
7.2966354e-05
6.3190952e-05
6.1014049e-05
0.00010025302
9.3732708e-05
6.6699092e-05
6.315219e-05
6.4411534e-05
6.3080666e-05
5.390114e-05
5.9779928e-05
6.3324086e-05
7.3966723e-05
6.1121096e-05
6.3743519e-05
5.8821795e-05
6.094048e-05
7.0142344e-05
5.1072156e-05
8.837741e-05
7.8425994e-05
0.00011422334
9.4196348e-05
0.00020685168
0.00020001442
6.1219486e-05
6.1607594e-05
6.468929e-05
7.3530072e-05
5.834324e-05
6.3959831e-05
4.9001876e-05
5.8181464e-05
0.00020609809
0.000202319
6.1194698e-05
5.960958e-05
9.7953462e-05
8.7529981e-05
0.00018413421
0.0002380318
9.8251554e-05
8.8647193e-05
0.00019144079
5.3599732e-05
5.9974492e-05
5.590999e-05
6.6305281e-05
0.00020834504
0.0001978101
0.00023074774
8.2804146e-05
8.7965222e-05
5.5155571e-05
5.9144923e-05
5.6250179e-05
6.826901e-05
0.00019243327
0.00021263817
7.9095407e-05
9.5483257e-05
0.00019824627
0.0002083615
0.00021500898
6.7920842e-05
7.3442661e-05
6.9344447e-05
7.4420134e-05
8.1764959e-05
9.1477204e-05
0.00019243327
0.0002109083
6.4318424e-05
6.0000638e-05
6.1554563e-05
6.3908357e-05
9.8350952e-05
8.4901351e-05
0.00030118372
0.00021445026
8.025181e-05
8.49347e-05
6.0213593e-05
4.996404e-05
6.6114991e-05
6.058834e-05
0.00010059555
8.4098689e-05
7.3037167e-05
8.340678e-05
6.0068373e-05
6.1019884e-05
5.5022544e-05
5.1311401e-05
0.00011316475
0.00015008032
7.0297913e-05
6.7568583e-05
7.0747107e-05
5.1368763e-05
6.5640651e-05
6.4581618e-05
5.7090732e-05
4.8832483e-05
6.9477964e-05
5.7535337e-05
9.102726e-05
7.933618e-05
7.5069479e-05
7.4021972e-05
7.1057755e-05
0.00011661758
7.8599922e-05
7.0307632e-05
0.00022739357
7.6053902e-05
7.2593647e-05
7.9403488e-05
6.7622563e-05
7.4253201e-05
0.0002380318
5.5235502e-05
6.7957542e-05
0.00018413421
6.650913e-05
6.8863268e-05
6.4681012e-05
6.8024519e-05
5.7589373e-05
8.4995637e-05
6.5370274e-05
6.3057972e-05
0.00012479708
0.00017524655
5.1931565e-05
6.1297848e-05
8.1658472e-05
7.9230204e-05
6.1361504e-05
6.2791547e-05
6.2245882e-05
6.9270507e-05
7.0235396e-05
0.00014726685
6.1899832e-05
6.2464598e-05
7.2814576e-05
7.5064647e-05
7.8607118e-05
6.3255695e-05
5.3482021e-05
8.6712021e-05
6.0425289e-05
6.2402064e-05
0.0001150683
9.4629028e-05
0.00013240089
0.0002024635
0.00021500898
8.3155919e-05
7.7002772e-05
6.735102e-05
7.1400663e-05
0.00018710199
0.00021857325
0.00010041713
9.6072606e-05
7.7224936e-05
7.1235847e-05
0.00018854655
0.00023220905
6.2763123e-05
5.8261804e-05
8.5505645e-05
7.3455675e-05
0.00020673895
0.000199813
7.5327335e-05
7.4718085e-05
6.13233e-05
5.0359393e-05
6.1314155e-05
6.0834665e-05
6.0857154e-05
6.4279496e-05
6.0369494e-05
6.5838712e-05
8.4169778e-05
8.3506957e-05
0.00010183782
6.8083598e-05
6.3360393e-05
9.0793166e-05
0.00010351245
8.5669553e-05
7.8767848e-05
9.031104e-05
0.00012664387
0.0001004021
8.3480014e-05
6.2178984e-05
6.4125023e-05
8.8770669e-05
8.289261e-05
7.8465406e-05
0.000209799
0.00020110992
0.000209799
0.0002012611
6.2769901e-05
6.9468509e-05
0.00021085325
0.00020075863
0.00021085325
0.00020110992
0.00020881983
0.00020026945
0.00020881983
0.00020026945
6.5277319e-05
6.1580026e-05
5.4808231e-05
6.5762079e-05
0.00020034954
0.00020800191
0.00020075863
0.00021085325
8.0362555e-05
0.00010409769
0.00020410164
8.7870347e-05
8.9729558e-05
8.6815353e-05
9.0559194e-05
6.0733427e-05
5.098519e-05
0.00020002081
0.00011158729
0.00012469179
6.1456542e-05
5.8172961e-05
6.5327171e-05
6.753445e-05
5.1147772e-05
5.9720266e-05
0.00013767342
6.3727764e-05
5.4143398e-05
5.6910977e-05
5.4718811e-05
8.3679606e-05
5.4889246e-05
6.6000177e-05
7.0216495e-05
4.3991636e-05
6.1439734e-05
5.6327696e-05
6.4922418e-05
6.9383509e-05
7.2682822e-05
7.1948303e-05
0.00019947062
7.7066327e-05
7.4231074e-05
0.00011248873
0.0001639073
5.7504403e-05
6.710765e-05
7.5413725e-05
7.4916829e-05
0.00010018686
6.1333932e-05
7.5874405e-05
7.2283966e-05
0.0002935765
0.00013529074
7.4385681e-05
0.00010392894
0.00021680466
6.5771186e-05
6.8218923e-05
7.2821839e-05
6.0637567e-05
5.3199897e-05
0.00010486419
6.4574658e-05
8.5753963e-05
6.5751747e-05
5.9960238e-05
5.5667048e-05
5.9111426e-05
9.5863872e-05
7.0415725e-05
9.6691637e-05
7.7086034e-05
0.00019824627
0.00012182233
8.5640241e-05
8.7544771e-05
0.00023784686
0.0002133376
2.38556e-05
0.0001071606
7.3821252e-05
8.5079981e-05
6.9784407e-05
0.00022207625
4.0921429e-05
0.00038497815
0.00021783756
7.8549477e-05
6.3689637e-05
3.265595e-05
0.00018710199
0.00021857325
6.1183569e-05
7.468436e-05
9.3273691e-05
5.0558556e-05
0.00020529158
0.000199813
6.4931724e-05
2.012654e-05
0.00021783756
3.0012864e-05
7.6757828e-05
2.1376161e-05
9.0824737e-05
7.189886e-05
9.9018736e-05
8.1707414e-05
0.00038497815
0.0002083615
0.000214754
0.00017123441
0.00016794841
0.00016420487
4.4794044e-05
9.2795547e-06
0.00020027658
0.00020726832
3.8015406e-05
0.00020442951
0.0002133919
4.0368982e-05
6.0600981e-05
1.5042438e-05
5.1713635e-05
4.8485939e-05
5.4562868e-05
4.7551562e-05
5.1133224e-05
5.915415e-05
7.260753e-05
5.544532e-05
4.2111276e-05
5.885957e-05
6.3348521e-05
9.9452287e-05
8.2556868e-05
7.0555898e-05
4.8819179e-05
4.5518395e-05
5.7621658e-05
4.9345762e-05
5.5312227e-05
5.5233561e-05
5.5598506e-05
4.8938601e-05
5.8207695e-05
5.5409066e-05
5.9209748e-05
0.00020967699
0.00021425325
6.5949128e-05
5.097136e-05
5.6234009e-05
5.2559857e-05
5.4521463e-05
5.6421278e-05
0.00020027658
0.00020726832
0.00020001442
0.00020726832
6.0047509e-05
5.5385536e-05
6.0344958e-05
5.147448e-05
5.801902e-05
5.2527287e-05
0.0002133919
0.00020275656
4.5539106e-05
6.7221749e-05
5.1852907e-05
5.7352666e-05
0.00020200688
0.00020521958
8.717834e-05
4.0839983e-05
4.2197777e-05
4.6931258e-05
4.4653724e-05
6.7628279e-05
5.8177758e-05
7.21409e-05
9.4060169e-05
0.0002133919
0.00020275656
5.0516846e-05
4.5706174e-05
0.00020200688
0.00020521958
0.00020609809
0.000202319
0.000202319
0.00020609809
0.0001978101
0.00020834504
0.0001978101
0.00020834504
3.2513292e-05
4.1223893e-05
0.00018710199
0.0002109083
5.9053296e-05
4.9871093e-05
5.7042673e-05
5.2241366e-05
4.0807155e-05
4.2739409e-05
0.00019243327
0.0002109083
5.5400734e-05
0.000199813
0.00020673895
5.4045727e-05
3.5440313e-05
3.262435e-05
0.00020967699
0.000214754
6.1210244e-05
5.5389118e-05
0.00018493361
0.00022813587
4.6526375e-05
4.3015253e-05
5.2865586e-05
5.6787563e-05
4.7185167e-05
4.8084019e-05
3.7828338e-05
4.0978739e-05
7.9507123e-05
3.4820265e-05
3.8547986e-05
5.7089476e-05
9.0807971e-05
3.4015681e-05
3.6268312e-05
3.9727546e-05
3.8690043e-05
0.00018493361
0.00022813587
4.3492196e-05
4.3162392e-05
3.3842737e-05
3.3813524e-05
4.6345257e-05
4.7640618e-05
4.4478708e-05
4.7309949e-05
4.136975e-05
4.242138e-05
4.0978964e-05
4.3149293e-05
3.2722045e-05
4.3364102e-05
4.2400133e-05
4.278141e-05
2.1008497e-05
3.5892161e-05
3.9522608e-05
3.9318255e-05
4.2903149e-05
4.0951005e-05
5.1758e-05
3.8009084e-05
4.1394588e-05
3.4706292e-05
3.7228228e-05
5.7793718e-05
4.6838494e-05
5.6299815e-05
4.9280184e-05
4.4496275e-05
0.00021343709
3.682736e-05
4.5946721e-05
3.5671242e-05
4.7106578e-05
0.00023074774
3.8256626e-05
3.8167789e-05
5.1020689e-05
4.6274913e-05
0.00019144079
3.3987447e-05
4.3218853e-05
6.407469e-05
5.1385214e-05
0.0002024635
0.00021500898
6.1856568e-05
5.059738e-05
3.4563802e-05
3.8352261e-05
2.8681008e-05
5.5638644e-05
5.5444617e-05
4.6727115e-05
5.0911718e-05
6.5139221e-05
5.5418258e-05
0.00020967699
0.000214754
5.1956607e-05
5.5594615e-05
1.4184229e-05
3.9141781e-05
4.2686247e-05
5.2975319e-05
5.5927464e-05
5.040424e-05
5.6157522e-05
5.5303879e-05
5.7495828e-05
0.000209799
0.00020110992
0.00020881983
0.00020026945
0.00020075863
0.00021085325
0.00020034954
0.00020800191
0.00021200083
0.00020014709
0.00018493361
0.00021857325
0.00018413421
0.0002380318
3.6795685e-05
4.383465e-05
4.4062898e-05
4.9849797e-05
0.00021445026
0.00023784686
7.6752277e-05
4.9987258e-05
3.3256161e-05
3.6701918e-05
4.0807482e-05
3.5533637e-05
3.7085083e-05
4.2428746e-05
6.4468595e-05
9.4955241e-05
5.4957702e-05
5.7853484e-05
5.5174203e-05
4.8096014e-05
5.414951e-05
4.0857838e-05
4.613018e-05
7.3210562e-05
5.075433e-05
4.6693008e-05
8.009635e-05
)
;

boundaryField
{
    oversetFaces
    {
        type            overset;
        coupledFringe   false;
        conservativeCorrection false;
        setHoleCellValue false;
        holeCellValue   0;
        value           nonuniform 0();
    }
    back
    {
        type            empty;
    }
    out
    {
        type            zeroGradient;
    }
    bottom
    {
        type            zeroGradient;
    }
    in
    {
        type            zeroGradient;
    }
    top
    {
        type            zeroGradient;
    }
    front
    {
        type            empty;
    }
    wall
    {
        type            zeroGradient;
    }
    cylinder
    {
        type            zeroGradient;
    }
    defaultFaces
    {
        type            zeroGradient;
    }
}


// ************************************************************************* //
