# Time	Cd	Cl	Cm
0.0005	253.96354	-1.5465985	0
0.001	287.28999	-1.6150629	0
0.0015	319.93636	-0.87339234	0
0.002	342.49717	-1.1685927	0
0.0025	371.708	-1.4331259	0
0.003	402.23873	-1.8358237	0
0.0035	439.22553	-2.1790232	0
0.004	488.84188	-1.4359179	0
0.0045	551.75346	-1.2234448	0
0.005	603.14388	-3.278368	0
0.0055	630.64403	-4.08008	0
0.006	664.80445	-4.7039631	0
0.0065	700.21165	-4.8573603	0
0.007	743.2413	-5.0163922	0
0.0075	765.06868	-7.4824628	0
0.008	767.28069	-8.9200889	0
0.0085	756.61346	-11.811818	0
0.009	741.93202	-13.552846	0
0.0095	725.0086	-14.315095	0
0.01	710.12373	-14.508746	0
0.0105	695.18363	-13.97983	0
0.011	680.9587	-12.585089	0
0.0115	667.76799	-11.060238	0
0.012	655.1218	-9.2885897	0
0.0125	642.94716	-7.6738581	0
0.013	633.26589	-6.1721437	0
0.0135	626.74492	-4.7527832	0
0.014	621.86296	-3.2788523	0
0.0145	617.66555	-1.846103	0
0.015	613.98669	-0.54198334	0
0.0155	609.72654	0.49644563	0
0.016	606.13524	1.2438419	0
0.0165	603.29537	1.6814708	0
0.017	600.95093	1.7256927	0
0.0175	598.73565	1.4017541	0
0.018	596.56636	0.72428465	0
0.0185	594.45095	-0.24025644	0
0.019	592.37408	-1.429135	0
0.0195	590.08813	-2.7982425	0
0.02	587.70434	-4.2589645	0
0.0205	585.26472	-5.8105325	0
0.021	582.74167	-7.3500358	0
0.0215	580.12997	-8.8091307	0
0.022	577.45972	-10.107077	0
0.0225	574.7741	-11.164087	0
0.023	572.15423	-11.900124	0
0.0235	569.65849	-12.237075	0
0.024	567.3086	-12.117962	0
0.0245	565.11062	-11.511794	0
0.025	563.03174	-10.402233	0
0.0255	561.04181	-8.8191024	0
0.026	559.108	-6.8148181	0
0.0265	557.18572	-4.462165	0
0.027	555.25985	-1.8512438	0
0.0275	553.33315	0.92212002	0
0.028	551.43344	3.7366148	0
0.0285	549.60612	6.4433532	0
0.029	547.88984	8.8900483	0
0.0295	546.31902	10.928152	0
0.03	544.90133	12.413702	0
0.0305	543.6013	13.227537	0
0.031	542.38485	13.279265	0
0.0315	541.19175	12.492685	0
0.032	539.98197	10.83316	0
0.0325	538.72888	8.3112616	0
0.033	537.41349	4.9827792	0
0.0335	536.04348	0.94999213	0
0.034	534.64986	-3.6547853	0
0.0345	533.24853	-8.665916	0
0.035	531.88698	-13.891109	0
0.0355	530.60765	-19.102712	0
0.036	529.43342	-24.059855	0
0.0365	528.41771	-28.489502	0
0.037	527.57902	-32.123008	0
0.0375	526.9046	-34.704685	0
0.038	526.3693	-36.019322	0
0.0385	525.88872	-35.875072	0
0.039	525.39617	-34.141329	0
0.0395	524.84274	-30.751196	0
0.04	524.1857	-25.70208	0
0.0405	523.39708	-19.074214	0
0.041	522.47426	-11.023062	0
0.0415	521.42719	-1.794872	0
0.042	520.28845	8.2896306	0
0.0425	519.10469	18.826045	0
0.043	517.96929	29.321771	0
0.0435	516.98512	39.257447	0
0.044	516.23329	48.124005	0
0.0445	515.80202	55.420813	0
0.045	515.75703	60.670788	0
0.0455	515.97161	63.438673	0
0.046	516.35801	63.37694	0
0.0465	516.78846	60.221018	0
0.047	517.07906	53.728401	0
0.0475	517.14211	44.393812	0
0.048	516.75716	31.963991	0
0.0485	515.84746	16.834607	0
0.049	514.56919	-0.45679299	0
0.0495	513.21953	-19.264763	0
0.05	511.84957	-38.867007	0
0.0505	510.60649	-58.435494	0
0.051	509.71525	-77.034989	0
0.0515	509.36278	-93.682015	0
0.052	509.64632	-107.44074	0
0.0525	510.56381	-117.4356	0
0.053	512.10797	-123.22021	0
0.0535	514.14317	-124.07884	0
0.054	516.48337	-119.62364	0
0.0545	518.85845	-109.58509	0
0.055	520.81161	-93.818322	0
0.0555	521.98298	-72.3617	0
0.056	522.461	-45.906369	0
0.0565	522.75774	-15.456271	0
0.057	522.82497	18.212504	0
0.0575	523.07361	53.724857	0
0.058	523.5498	89.556919	0
0.0585	524.36011	123.19428	0
0.059	525.83433	152.5136	0
0.0595	528.08209	175.72216	0
0.06	531.24489	191.15823	0
0.0605	535.50263	197.6192	0
0.061	540.66271	195.27551	0
0.0615	546.33872	184.07759	0
0.062	552.64447	164.11973	0
0.0625	558.95642	135.14313	0
0.063	564.46957	97.769706	0
0.0635	566.56394	53.830352	0
0.064	565.38528	3.8710247	0
0.0645	562.68858	-50.104943	0
0.065	559.98674	-104.62575	0
0.0655	559.08054	-156.7857	0
0.066	563.71707	-204.27952	0
0.0665	575.49067	-243.06822	0
0.067	595.15901	-267.12616	0
0.0675	619.36707	-272.00191	0
0.068	641.90031	-253.92002	0
0.0685	657.52388	-210.94935	0
0.069	662.71541	-147.16481	0
0.0695	659.15899	-63.967727	0
0.07	652.08424	35.222491	0
0.0705	645.44941	141.53084	0
0.071	644.29947	244.7236	0
0.0715	655.26495	336.629	0
0.072	680.25762	403.71716	0
0.0725	715.78096	436.43152	0
0.073	752.90159	429.32425	0
0.0735	783.01548	379.94451	0
0.074	797.60385	294.56689	0
0.0745	797.04328	178.11157	0
0.075	781.84097	37.710674	0
0.0755	752.55684	-113.02657	0
0.076	717.22099	-261.16206	0
0.0765	695.22571	-390.86276	0
0.077	700.26701	-492.34229	0
0.0775	728.96209	-548.94268	0
0.078	769.37693	-557.98531	0
0.0785	809.23539	-518.38087	0
0.079	836.09499	-433.38418	0
0.0795	843.25249	-308.21318	0
0.08	830.16061	-156.67005	0
0.0805	806.92225	12.608657	0
0.081	773.76986	179.81053	0
0.0815	740.79162	340.75953	0
0.082	723.51093	479.90108	0
0.0825	729.83261	571.79815	0
0.083	756.68408	612.27422	0
0.0835	795.45125	604.62999	0
0.084	831.02775	544.9182	0
0.0845	849.91884	442.90993	0
0.085	849.40381	298.38783	0
0.0855	838.36528	132.33236	0
0.086	816.4231	-45.43076	0
0.0865	780.97356	-221.96098	0
0.087	743.3782	-381.10947	0
0.0875	724.32466	-514.76755	0
0.088	732.67438	-599.07262	0
0.0885	759.90744	-634.25021	0
0.089	799.3965	-618.6898	0
0.0895	834.71956	-549.97529	0
0.09	853.45493	-438.43923	0
0.0905	853.54949	-287.52908	0
0.091	835.57204	-117.55518	0
0.0915	810.8542	65.141633	0
0.092	778.77163	244.42363	0
0.0925	749.52582	403.61473	0
0.093	735.01101	533.0394	0
0.0935	742.09585	608.73121	0
0.094	768.51869	634.98666	0
0.0945	805.96907	610.36881	0
0.095	839.24904	533.32202	0
0.0955	852.55263	416.52085	0
0.096	849.09362	261.8508	0
0.0965	835.34071	89.853404	0
0.097	811.40665	-94.675825	0
0.0975	775.30957	-267.20183	0
0.098	741.70133	-420.89649	0
0.0985	727.29388	-543.89311	0
0.099	739.36115	-617.22668	0
0.0995	768.0955	-639.60598	0
0.1	807.42125	-610.7353	0
0.1005	840.29895	-529.70428	0
0.101	854.41489	-409.06488	0
0.1015	849.90665	-252.47101	0
0.102	829.14945	-79.291004	0
0.1025	803.34499	108.32554	0
0.103	771.18076	281.89777	0
0.1035	745.41304	435.01277	0
0.104	734.81647	553.15425	0
0.1045	746.61942	618.46252	0
0.105	775.49191	634.35851	0
0.1055	813.72401	598.34352	0
0.106	845.36454	507.0228	0
0.1065	853.43251	384.35801	0
0.107	846.45818	225.68013	0
0.1075	831.37081	50.844976	0
0.108	804.16422	-133.32163	0
0.1085	766.61671	-300.15911	0
0.109	736.27078	-449.48029	0
0.1095	727.29088	-563.47022	0
0.11	744.12642	-625.08005	0
0.1105	775.75436	-637.41018	0
0.111	814.9085	-597.19292	0
0.1115	846.48977	-501.41131	0
0.112	856.15457	-374.30273	0
0.1125	846.52076	-214.93174	0
0.113	823.95065	-38.011051	0
0.1135	796.42725	148.50978	0
0.114	763.35251	314.84908	0
0.1145	740.62315	462.94313	0
0.115	735.07873	570.63763	0
0.1155	751.75751	625.46165	0
0.116	783.61756	631.10038	0
0.1165	821.12098	583.91154	0
0.117	847.5761	488.04128	0
0.1175	852.23871	354.59489	0
0.118	843.3288	191.64224	0
0.1185	826.10718	14.237939	0
0.119	795.84347	-169.06918	0
0.1195	757.88649	-330.13005	0
0.12	731.79399	-474.58823	0
0.1205	728.7739	-578.85103	0
0.121	750.00946	-630.00231	0
0.1215	784.13981	-632.27067	0
0.122	822.09168	-581.37587	0
0.1225	847.80664	-482.87032	0
0.123	854.2689	-345.00376	0
0.1235	841.9032	-181.34333	0
0.124	818.54701	-1.8780351	0
0.1245	789.79853	182.41387	0
0.125	757.75955	345.94845	0
0.1255	737.47056	488.06741	0
0.126	736.26348	584.67792	0
0.1265	757.21662	629.13134	0
0.127	791.45844	624.289	0
0.1275	827.55494	566.69457	0
0.128	849.04805	463.88242	0
0.1285	851.00577	322.67671	0
0.129	840.20537	155.87819	0
0.1295	820.68891	-22.921891	0
0.13	788.31109	-203.24153	0
0.1305	751.29608	-362.78816	0
0.131	728.52404	-500.0088	0
0.1315	731.44759	-593.09712	0
0.132	755.93789	-634.04459	0
0.1325	792.04016	-625.81708	0
0.133	828.8691	-564.51798	0
0.1335	850.30145	-458.34439	0
0.134	853.31334	-313.22205	0
0.1345	837.75459	-145.82131	0
0.135	813.69465	35.092014	0
0.1355	783.39238	216.22302	0
0.136	752.92233	377.66746	0
0.1365	735.33945	513.22221	0
0.137	738.8807	597.97659	0
0.1375	762.71188	631.99098	0
0.138	798.92488	616.40922	0
0.1385	833.79137	548.38456	0
0.139	850.45652	437.99747	0
0.1395	849.61061	289.37993	0
0.14	837.33798	119.7526	0
0.1405	815.4997	-61.930273	0
0.141	780.81603	-238.74904	0
0.1415	745.36299	-394.95042	0
0.142	727.24563	-525.6999	0
0.1425	735.01023	-606.6264	0
0.143	762.05303	-637.17971	0
0.1435	800.48123	-617.56075	0
0.144	835.14217	-545.52517	0
0.1445	852.61893	-431.34924	0
0.145	851.74435	-279.33296	0
0.1455	833.18097	-108.99068	0
0.146	808.38196	76.239244	0
0.1465	776.73965	253.91	0
0.147	748.55793	410.55731	0
0.1475	735.04732	537.14286	0
0.148	742.87021	609.91102	0
0.1485	769.82745	633.70352	0
0.149	807.2264	606.55595	0
0.1495	839.82422	527.21292	0
0.15	852.05814	409.23435	0
0.1505	847.91716	253.77764	0
0.151	834.11028	81.592551	0
0.1515	809.53931	-102.87976	0
0.152	773.08247	-274.38921	0
0.1525	740.17937	-427.05059	0
0.153	726.84875	-547.40537	0
0.1535	740.19067	-618.60538	0
0.154	769.64809	-638.86323	0
0.1545	809.03153	-607.51536	0
0.155	841.38056	-524.162	0
0.1555	854.63749	-401.89661	0
0.156	849.16261	-244.32767	0
0.1565	827.97813	-70.49982	0
0.157	801.90246	117.13198	0
0.1575	769.46218	289.59668	0
0.158	744.38669	441.62872	0
0.1585	734.69083	557.01506	0
0.159	747.71146	620.34228	0
0.1595	777.231	633.89925	0
0.16	815.37174	595.36338	0
0.1605	845.87149	502.83073	0
0.161	853.27884	377.37272	0
0.1615	845.65398	218.00253	0
0.162	830.28879	41.640502	0
0.1625	802.33369	-141.94288	0
0.163	764.34234	-307.0097	0
0.1635	734.92233	-455.26311	0
0.164	727.4657	-567.28476	0
0.1645	745.39205	-626.27089	0
0.165	777.63469	-636.35742	0
0.1655	816.6163	-593.61676	0
0.166	846.32296	-498.81096	0
0.1665	855.49917	-368.18263	0
0.167	845.4239	-207.6707	0
0.1675	822.65093	-30.083833	0
0.168	794.79137	156.26435	0
0.1685	761.90009	321.66861	0
0.169	739.79176	468.64811	0
0.1695	735.30776	574.10194	0
0.17	752.91383	626.3014	0
0.1705	785.40062	629.58388	0
0.171	822.6081	579.99338	0
0.1715	847.91438	482.62443	0
0.172	851.90438	347.32092	0
0.1725	842.58008	183.45075	0
0.173	824.9003	5.7003238	0
0.1735	794.08277	-176.93612	0
0.174	756.2206	-337.2662	0
0.1745	731.0182	-480.5552	0
0.175	729.22176	-582.16478	0
0.1755	751.45944	-631.04829	0
0.176	786.04141	-630.89132	0
0.1765	823.67045	-577.5517	0
0.177	848.39147	-477.40791	0
0.1775	854.01562	-337.76889	0
0.178	840.88263	-173.19603	0
0.1785	817.43071	6.739783	0
0.179	788.38627	190.33105	0
0.1795	756.62923	353.47053	0
0.18	736.59386	492.8429	0
0.1805	736.72384	586.79737	0
0.181	758.55441	629.65517	0
0.1815	793.69272	622.44689	0
0.182	829.30798	562.46588	0
0.1825	849.70327	458.07939	0
0.183	851.096	315.26332	0
0.1835	839.82865	147.77713	0
0.184	819.72253	-31.062985	0
0.1845	786.67245	-210.59625	0
0.185	749.85462	-369.67212	0
0.1855	728.16396	-506.11002	0
0.186	732.03547	-596.02122	0
0.1865	757.16454	-634.33118	0
0.187	793.66908	-623.60072	0
0.1875	830.10632	-559.92775	0
0.188	850.67895	-452.04098	0
0.1885	852.87574	-305.39049	0
0.189	836.6547	-137.31093	0
0.1895	812.45747	44.26157	0
0.19	781.77142	224.92589	0
0.1905	751.81291	385.39395	0
0.191	735.20891	519.16934	0
0.1915	739.68416	601.2732	0
0.192	764.203	632.72254	0
0.1925	800.70444	614.52617	0
0.193	835.05923	544.02532	0
0.1935	850.81155	431.81955	0
0.194	849.16515	281.54127	0
0.1945	836.59273	111.36019	0
0.195	814.16105	-71.446996	0
0.1955	779.13126	-247.0158	0
0.196	744.10005	-402.40136	0
0.1965	727.10303	-531.03989	0
0.197	736.11537	-609.49084	0
0.1975	763.67499	-637.87843	0
0.198	802.57121	-615.55774	0
0.1985	836.61169	-540.91386	0
0.199	853.1184	-424.88729	0
0.1995	851.22883	-271.41758	0
0.2	831.94736	-100.29941	0
0.2005	806.88118	85.935704	0
0.201	775.06141	262.41858	0
0.2015	747.56184	418.03084	0
0.202	734.92196	542.25349	0
0.2025	743.86751	612.53294	0
0.203	771.43235	634.07573	0
0.2035	809.32046	604.21602	0
0.204	841.36112	522.02638	0
0.2045	852.41577	402.37707	0
0.205	847.5938	245.65732	0
0.2055	833.48268	72.764174	0
0.206	808.13358	-111.85651	0
0.2065	771.31691	-282.21311	0
0.207	739.15425	-433.91605	0
0.2075	727.00691	-551.95808	0
0.208	741.43507	-620.55758	0
0.2085	771.57346	-638.46098	0
0.209	810.92702	-604.45679	0
0.2095	842.81379	-518.23426	0
0.21	855.06987	-394.24717	0
0.2105	848.49077	-235.78699	0
0.211	826.87231	-61.076978	0
0.2115	800.36994	126.32295	0
0.212	767.77721	297.46833	0
0.2125	743.3769	448.36402	0
0.213	734.66751	560.60896	0
0.2135	748.97851	622.01363	0
0.214	779.14209	633.28447	0
0.2145	817.09812	592.18497	0
0.215	846.12478	499.5551	0
0.2155	852.77685	371.21874	0
0.216	844.80407	210.63146	0
0.2165	828.99625	34.006254	0
0.217	800.41218	-149.86417	0
0.2175	762.45543	-313.98195	0
0.218	733.99328	-461.08948	0
0.2185	727.82022	-570.94518	0
0.219	746.71583	-627.45401	0
0.2195	779.51948	-635.28664	0
0.22	818.22815	-590.11106	0
0.2205	846.56887	-494.73366	0
0.221	854.99647	-361.51137	0
0.2215	844.45897	-199.97747	0
0.222	821.37411	-21.859987	0
0.2225	793.25812	163.9259	0
0.223	760.51653	328.44934	0
0.2235	739.0163	474.35773	0
0.224	735.56567	577.27029	0
0.2245	754.16014	627.086	0
0.225	787.21499	627.99263	0
0.2255	824.10568	576.03453	0
0.226	848.24204	477.10148	0
0.2265	851.56819	340.00457	0
0.227	841.79982	175.23717	0
0.2275	823.59192	-2.8627044	0
0.228	792.35293	-184.82044	0
0.2285	754.72598	-345.06716	0
0.229	730.28895	-486.5302	0
0.2295	729.68193	-585.5422	0
0.23	752.88653	-632.13266	0
0.2305	787.91539	-629.50442	0
0.231	825.21391	-573.71211	0
0.2315	849.00562	-471.84086	0
0.232	853.85312	-330.50101	0
0.2325	839.95	-165.01407	0
0.233	816.33866	15.305126	0
0.2335	786.88454	198.09261	0
0.234	755.49708	360.81269	0
0.2345	735.69243	497.69306	0
0.235	737.7661	590.80162	0
0.2355	759.53003	630.19394	0
0.236	795.45008	620.79756	0
0.2365	830.64339	558.28763	0
0.237	849.94012	452.16939	0
0.2375	850.76956	307.61555	0
0.238	839.08866	139.36652	0
0.2385	818.48007	-39.562612	0
0.239	784.94525	-218.16419	0
0.2395	748.38804	-376.90757	0
0.24	727.70897	-512.08295	0
0.2405	732.77063	-599.39255	0
0.241	758.59674	-635.38036	0
0.2415	795.48779	-622.0246	0
0.242	831.53121	-555.882	0
0.2425	851.21958	-446.10996	0
0.243	852.56168	-297.73894	0
0.2435	835.56819	-128.94662	0
0.244	811.27151	53.347937	0
0.2445	780.13027	233.34236	0
0.245	750.69521	392.83374	0
0.2455	735.04803	524.67553	0
0.246	740.51274	603.96165	0
0.2465	765.7623	633.03126	0
0.247	802.59333	612.22225	0
0.2475	836.41575	539.18361	0
0.248	851.19944	425.20685	0
0.2485	848.80334	273.29167	0
0.249	835.81087	102.62158	0
0.2495	812.81044	-80.996234	0
0.25	777.34605	-255.24412	0
0.2505	742.88385	-409.85512	0
0.251	727.00099	-536.2766	0
0.2515	737.30784	-612.74242	0
0.252	765.28245	-638.47683	0
0.2525	804.46997	-613.43664	0
0.253	838.01272	-536.18492	0
0.2535	853.52722	-418.31985	0
0.254	850.57373	-263.53038	0
0.2545	830.67764	-91.605671	0
0.255	805.33376	95.474712	0
0.2555	773.3822	270.73767	0
0.256	746.60455	425.31487	0
0.2565	734.83258	547.15697	0
0.257	744.95148	615.00316	0
0.2575	773.07057	634.28845	0
0.258	811.30714	601.8372	0
0.2585	842.85334	516.58449	0
0.259	852.75197	395.33452	0
0.2595	847.14611	237.53738	0
0.26	832.74628	63.83091	0
0.2605	806.59133	-120.84307	0
0.261	769.45477	-289.87684	0
0.2615	738.06167	-440.59975	0
0.262	727.19291	-557.10718	0
0.2625	742.57969	-622.60054	0
0.263	773.36351	-638.08761	0
0.2635	812.66246	-601.42557	0
0.264	844.21756	-511.78197	0
0.2645	855.39867	-386.31786	0
0.265	847.66297	-227.16897	0
0.2655	825.70219	-51.419386	0
0.266	798.79899	135.67834	0
0.2665	766.05089	305.22442	0
0.267	742.3144	454.94998	0
0.2675	734.88004	565.11093	0
0.268	750.14365	623.75142	0
0.2685	781.01083	632.66371	0
0.269	818.80679	588.94086	0
0.2695	846.68372	495.12118	0
0.27	852.45171	364.41378	0
0.2705	844.15233	202.75532	0
0.271	827.7177	25.830327	0
0.2715	798.43618	-157.95508	0
0.272	760.47373	-320.79202	0
0.2725	733.03042	-466.74184	0
0.273	728.21898	-574.3675	0
0.2735	748.09425	-628.5747	0
0.274	781.48247	-634.08423	0
0.2745	819.8681	-586.49676	0
0.275	847.06275	-489.96854	0
0.2755	854.69067	-354.65608	0
0.276	843.39073	-192.21376	0
0.2765	820.12804	-13.509426	0
0.277	791.75247	171.68127	0
0.2775	759.29472	335.61838	0
0.278	738.36226	480.20196	0
0.2785	735.84329	580.41517	0
0.279	755.43069	627.94712	0
0.2795	789.00795	626.44482	0
0.28	825.57188	572.12008	0
0.2805	848.55197	471.56761	0
0.281	851.28059	332.72725	0
0.2815	841.05095	167.07924	0
0.282	822.32564	-11.346686	0
0.2825	790.64098	-192.63558	0
0.283	753.25917	-352.65451	0
0.2835	729.37188	-491.35868	0
0.284	730.25897	-587.97794	0
0.2845	754.3225	-632.86587	0
0.285	790.05191	-627.78967	0
0.2855	826.91839	-569.64828	0
0.286	849.787	-466.11257	0
0.2865	853.86997	-323.26061	0
0.287	839.21556	-157.03471	0
0.2875	815.3611	23.37792	0
0.288	785.47075	205.27037	0
0.2885	754.37658	367.53915	0
0.289	735.51234	504.48282	0
0.2895	738.08122	593.83461	0
0.29	760.61527	630.70112	0
0.2905	796.702	618.65462	0
0.291	831.97468	553.93518	0
0.2915	850.03856	446.00439	0
0.292	850.19502	299.73774	0
0.2925	838.32499	130.92538	0
0.293	817.28341	-49.050618	0
0.2935	783.23272	-227.15366	0
0.294	747.12975	-384.80242	0
0.2945	727.5098	-518.15827	0
0.295	733.72152	-602.75506	0
0.2955	760.20558	-636.46225	0
0.296	797.50538	-620.43778	0
0.2965	833.05573	-551.80914	0
0.297	851.76106	-440.13491	0
0.2975	852.17213	-290.10512	0
0.298	834.50766	-120.64002	0
0.2985	810.07664	63.111722	0
0.299	778.59819	242.25763	0
0.2995	749.76836	400.49162	0
0.3	735.05135	530.22419	0
0.3005	741.48802	606.65682	0
0.301	767.43485	633.46862	0
0.3015	804.55257	610.00217	0
0.302	837.84894	534.3409	0
0.3025	851.61761	418.58619	0
0.303	848.50108	265.01529	0
0.3035	835.12246	93.735912	0
0.304	811.57434	-90.333605	0
0.3045	775.61947	-263.39176	0
0.305	741.74461	-417.22238	0
0.3055	726.97086	-541.29331	0
0.306	738.51444	-615.48494	0
0.3065	767.0236	-638.79773	0
0.307	806.37952	-611.06438	0
0.3075	839.43651	-531.22713	0
0.308	853.99784	-411.49032	0
0.3085	849.96696	-255.46059	0
0.309	829.54465	-82.696052	0
0.3095	803.87734	104.74061	0
0.31	771.73976	278.8601	0
0.3105	745.66725	432.37798	0
0.311	734.75554	551.57626	0
0.3115	746.11667	617.49173	0
0.312	774.79478	634.36694	0
0.3125	813.0726	599.30626	0
0.313	844.52504	510.12384	0
0.3135	853.15232	387.66719	0
0.314	846.63439	229.06664	0
0.3145	831.78785	54.542393	0
0.315	804.86879	-129.86164	0
0.3155	767.44847	-297.4325	0
0.316	736.80251	-447.17213	0
0.3165	727.27815	-561.90257	0
0.317	743.71165	-624.5271	0
0.3175	775.1181	-637.6896	0
0.318	814.3137	-598.40888	0
0.3185	846.14564	-503.67021	0
0.319	856.045	-377.42518	0
0.3195	846.89748	-218.0394	0
0.32	824.4805	-41.305725	0
0.3205	797.12786	145.27488	0
0.321	764.06538	312.37685	0
0.3215	741.09325	460.91129	0
0.322	735.0832	569.43381	0
0.3225	751.37269	625.17854	0
0.323	782.97203	631.67138	0
0.3235	820.5559	585.37399	0
0.324	847.38205	490.04196	0
0.3245	852.30448	357.26796	0
0.325	843.56029	194.63305	0
0.3255	826.51996	17.341496	0
0.326	796.51463	-166.1207	0
0.3265	758.51212	-327.56863	0
0.327	732.09092	-472.41515	0
0.3275	728.63595	-577.63024	0
0.328	749.51996	-629.61641	0
0.3285	783.47214	-632.75385	0
0.329	821.53133	-582.73575	0
0.3295	847.62813	-484.77916	0
0.33	854.39036	-347.57142	0
0.3305	842.29577	-184.23931	0
0.331	818.96068	-4.9764804	0
0.3315	790.29791	179.53381	0
0.332	758.16295	343.19263	0
0.3325	737.71892	486.03518	0
0.333	736.13409	583.56579	0
0.3335	756.72322	628.80499	0
0.334	790.79035	624.85365	0
0.3345	827.01839	568.12832	0
0.335	848.89282	465.91361	0
0.3355	851.05606	325.33121	0
0.336	840.41336	158.83397	0
0.3365	821.10374	-19.886266	0
0.337	788.93333	-200.46443	0
0.3375	751.81633	-360.15049	0
0.338	728.61092	-497.36989	0
0.3385	731.25634	-591.55872	0
0.339	755.54564	-633.66937	0
0.3395	791.49608	-626.3591	0
0.34	828.45177	-565.95918	0
0.3405	850.1869	-460.45241	0
0.341	853.47607	-315.93243	0
0.3415	838.15338	-148.84033	0
0.342	814.14956	31.761558	0
0.3425	783.97271	212.98981	0
0.343	753.315	374.78953	0
0.3435	735.3573	510.87988	0
0.344	738.60119	596.63353	0
0.3445	762.20005	631.65984	0
0.345	798.30821	617.03027	0
0.3455	833.31879	549.91576	0
0.346	850.34799	440.2011	0
0.3465	849.78979	292.19066	0
0.347	837.62812	122.77042	0
0.3475	815.98916	-58.454973	0
0.348	781.43626	-235.67734	0
0.3485	745.80367	-392.2321	0
0.349	727.27381	-523.68288	0
0.3495	734.62006	-605.58178	0
0.35	761.54678	-637.04204	0
0.3505	799.63616	-618.32695	0
0.351	834.57976	-547.22908	0
0.3515	852.3936	-433.74441	0
0.352	851.86953	-282.25064	0
0.3525	833.5516	-112.165	0
0.353	808.86754	72.684022	0
0.3535	777.28102	250.77322	0
0.354	748.88772	407.84176	0
0.3545	735.05805	535.31837	0
0.355	742.49343	609.05178	0
0.3555	769.16184	633.65522	0
0.356	806.49539	607.50537	0
0.3565	839.28415	529.17744	0
0.357	851.94505	411.78627	0
0.3575	848.0713	256.81191	0
0.358	834.3805	84.873531	0
0.3585	810.09264	-99.531454	0
0.359	773.7735	-271.4521	0
0.3595	740.59976	-424.44116	0
0.36	726.89068	-545.8623	0
0.3605	739.7327	-617.84463	0
0.361	768.93774	-638.91064	0
0.3615	808.32608	-608.51656	0
0.362	840.84711	-526.1409	0
0.3625	854.46342	-404.53077	0
0.363	849.38633	-247.3418	0
0.3635	828.39575	-73.795177	0
0.364	802.44141	113.86873	0
0.3645	770.08197	286.77004	0
0.365	744.73234	439.204	0
0.3655	734.70493	555.63072	0
0.366	747.28002	619.69343	0
0.3665	776.56775	634.10316	0
0.367	814.75481	596.49778	0
0.3675	846.0062	503.33196	0
0.368	853.56698	379.28557	0
0.3685	845.99454	220.44261	0
0.369	830.67642	44.516195	0
0.3695	802.96362	-139.04243	0
0.37	765.04768	-304.49471	0
0.3705	735.29544	-453.14969	0
0.371	727.36241	-565.92359	0
0.3715	744.93289	-625.83342	0
0.372	776.96724	-636.73339	0
0.3725	816.03072	-594.88826	0
0.373	846.34986	-499.92346	0
0.3735	855.74851	-370.42335	0
0.374	845.81607	-210.31855	0
0.3745	823.1275	-32.970027	0
0.375	795.37556	153.50275	0
0.3755	762.4158	319.21367	0
0.376	740.075	466.56679	0
0.3765	735.21382	572.84854	0
0.377	752.48897	625.991	0
0.3775	784.75893	630.12793	0
0.378	822.07843	581.4026	0
0.3785	847.80034	484.58553	0
0.379	852.03825	349.9463	0
0.3795	842.87285	186.40492	0
0.38	825.35102	8.7862762	0
0.3805	794.71562	-174.0946	0
0.381	756.79835	-334.59557	0
0.3815	731.28101	-478.35631	0
0.382	729.04777	-580.92929	0
0.3825	750.92514	-630.63668	0
0.383	785.35066	-631.36492	0
0.3835	823.09714	-578.91411	0
0.384	848.16869	-479.38406	0
0.3845	854.08587	-340.37612	0
0.385	841.22807	-176.13855	0
0.3855	817.82134	3.6290222	0
0.386	788.91712	187.5	0
0.3865	757.03251	350.78249	0
0.387	736.94122	491.2687	0
0.3875	736.52552	586.38528	0
0.388	758.14798	629.60368	0
0.3885	792.70052	623.20073	0
0.389	828.56566	564.08104	0
0.3895	849.37007	460.23895	0
0.39	850.96121	317.96054	0
0.3905	839.86922	150.66204	0
0.391	819.9885	-28.237198	0
0.3915	787.20935	-208.05475	0
0.392	750.35488	-367.32706	0
0.3925	728.29787	-504.15897	0
0.393	731.8196	-595.27144	0
0.3935	756.72065	-634.48586	0
0.394	793.07537	-624.65617	0
0.3945	829.66526	-561.8213	0
0.395	850.5438	-454.51931	0
0.3955	853.049	-308.3784	0
0.396	837.06577	-140.47889	0
0.3965	812.90345	40.909271	0
0.397	782.35656	221.78243	0
0.3975	752.21585	382.6077	0
0.398	735.26465	517.05182	0
0.3985	739.38563	600.11348	0
0.399	763.65069	632.45304	0
0.3995	800.04668	615.20135	0
0.4	834.60255	545.59423	0
0.4005	850.68472	434.04135	0
0.401	849.32465	284.3653	0
0.4015	836.85604	114.39307	0
0.402	814.63989	-68.052777	0
0.4025	779.72873	-244.06741	0
0.403	744.55409	-399.71122	0
0.4035	727.1584	-529.13575	0
0.404	735.72886	-608.40164	0
0.4045	763.07321	-637.61348	0
0.405	801.83988	-616.28637	0
0.4055	836.07295	-542.59022	0
0.406	852.94967	-427.22441	0
0.4065	851.43896	-274.25478	0
0.407	832.40628	-103.4294	0
0.4075	807.43093	82.443771	0
0.408	775.66902	259.36147	0
0.4085	747.90717	415.34643	0
0.409	734.9529	540.4248	0
0.4095	743.48847	611.5987	0
0.41	770.89422	633.97136	0
0.4105	808.5183	605.08908	0
0.411	840.78457	523.92587	0
0.4115	852.25999	404.90294	0
0.412	847.68016	248.6218	0
0.4125	833.66599	75.976084	0
0.413	808.60855	-108.61885	0
0.4135	771.92251	-279.40008	0
0.414	739.49675	-431.46748	0
0.4145	726.91127	-550.33394	0
0.415	740.96737	-619.9043	0
0.4155	770.86207	-638.67494	0
0.416	810.23174	-605.64279	0
0.4165	842.30727	-520.48477	0
0.417	854.92907	-397.1129	0
0.4175	848.76577	-238.93834	0
0.418	827.27941	-64.582909	0
0.4185	800.93813	122.93018	0
0.419	768.40011	294.57927	0
0.4195	743.76418	445.88514	0
0.42	734.67661	559.32017	0
0.4205	748.50399	621.40669	0
0.421	778.43082	633.49802	0
0.4215	816.45841	593.3361	0
0.422	845.95709	500.94079	0
0.4225	852.91622	373.55335	0
0.423	845.09118	213.39254	0
0.4235	829.47181	36.84013	0
0.424	801.12025	-146.96639	0
0.4245	763.15838	-311.46604	0
0.425	734.33351	-458.99088	0
0.4255	727.6837	-569.63457	0
0.426	746.22109	-627.03397	0
0.4265	778.82045	-635.69458	0
0.427	817.63446	-591.40243	0
0.4275	846.43775	-496.34421	0
0.428	855.15212	-364.00375	0
0.4285	844.79171	-202.8335	0
0.429	821.83502	-24.899243	0
0.4295	793.8127	161.113	0
0.43	761.01524	325.9675	0
0.4305	739.29382	472.27173	0
0.431	735.47077	576.14448	0
0.4315	753.69467	626.80511	0
0.432	786.54886	628.58273	0
0.4325	823.55582	577.49156	0
0.433	848.12213	479.13415	0
0.4335	851.6793	342.68888	0
0.434	842.07429	178.25017	0
0.4345	824.06057	0.27465066	0
0.435	792.97694	-181.93599	0
0.4355	755.26851	-342.23366	0
0.436	730.57615	-484.46582	0
0.4365	729.50101	-584.36198	0
0.437	752.35854	-631.76557	0
0.4375	787.21884	-630.03801	0
0.438	824.64327	-575.13525	0
0.4385	848.77481	-473.89349	0
0.439	853.90605	-333.1631	0
0.4395	840.2901	-167.99952	0
0.44	816.74888	12.195162	0
0.4405	787.44249	195.29522	0
0.441	755.91813	358.17193	0
0.4415	735.86139	495.10117	0
0.442	737.58119	589.27826	0
0.4425	759.18654	629.89604	0
0.443	794.91589	621.45463	0
0.4435	830.21127	559.88186	0
0.444	849.88893	454.42262	0
0.4445	850.91425	310.51094	0
0.445	839.34539	142.54867	0
0.4455	818.90687	-36.350171	0
0.446	785.55613	-215.24221	0
0.4465	748.90148	-374.12658	0
0.447	727.86191	-509.83899	0
0.4475	732.48427	-598.1058	0
0.448	758.05482	-634.96089	0
0.4485	794.80421	-622.60256	0
0.449	830.99074	-557.38923	0
0.4495	851.01833	-448.32462	0
0.45	852.68631	-300.58268	0
0.4505	835.97243	-132.04519	0
0.451	811.70928	49.9053	0
0.4515	780.72624	230.15256	0
0.452	751.08285	390.05267	0
0.4525	735.08126	522.64537	0
0.453	740.17734	602.97331	0
0.4535	765.16233	632.91797	0
0.454	801.87861	613.08313	0
0.4545	835.90343	541.00047	0
0.455	851.06103	427.67758	0
0.4555	848.93475	276.38504	0
0.456	836.0912	105.92056	0
0.4565	813.28597	-77.453734	0
0.457	778.00693	-252.16967	0
0.4575	743.32292	-407.07224	0
0.458	727.03196	-534.32899	0
0.4585	736.86362	-611.60357	0
0.459	764.66766	-638.28443	0
0.4595	803.77102	-614.25303	0
0.46	837.48966	-537.96503	0
0.4605	853.37198	-420.78941	0
0.461	850.81419	-266.47464	0
0.4615	831.13197	-94.854318	0
0.462	805.88637	91.971229	0
0.4625	773.99167	267.67253	0
0.463	746.94874	422.63968	0
0.4635	734.86156	545.37603	0
0.464	744.53815	614.13064	0
0.4645	772.43907	634.19974	0
0.465	810.60716	602.73021	0
0.4655	842.30759	518.66313	0
0.466	852.6354	397.97397	0
0.4665	847.33351	240.55688	0
0.467	833.05446	67.158478	0
0.4675	807.19347	-117.49998	0
0.468	770.1704	-287.0502	0
0.4685	738.48469	-438.13184	0
0.469	727.136	-555.1854	0
0.4695	742.16614	-621.82099	0
0.47	772.71114	-638.1937	0
0.4705	812.03768	-602.50903	0
0.471	843.67821	-514.23723	0
0.4715	855.28041	-389.26861	0
0.472	847.9696	-230.3531	0
0.4725	826.13382	-54.997337	0
0.473	799.37311	132.20849	0
0.4735	766.69517	302.39836	0
0.474	742.70832	452.56369	0
0.4745	734.78873	563.24155	0
0.475	749.73472	623.09026	0
0.4755	780.34349	632.91035	0
0.476	818.19044	590.16739	0
0.4765	846.48568	496.86379	0
0.477	852.57224	367.02377	0
0.4775	844.35188	205.74805	0
0.478	828.18229	28.932235	0
0.4785	799.15653	-154.92489	0
0.479	761.20923	-318.25569	0
0.4795	733.38368	-464.63145	0
0.48	728.06536	-573.102	0
0.4805	747.57458	-628.13555	0
0.481	780.74684	-634.52267	0
0.4815	819.25785	-587.83505	0
0.482	846.8635	-491.7819	0
0.4825	854.79121	-357.22191	0
0.483	843.79222	-195.10553	0
0.4835	820.57891	-16.624002	0
0.484	792.30555	168.80244	0
0.4845	759.70443	332.81544	0
0.485	738.57952	477.97094	0
0.4855	735.74687	579.20772	0
0.486	754.97401	627.60845	0
0.4865	788.36	627.01274	0
0.487	825.04286	573.57358	0
0.4875	848.4438	473.63465	0
0.488	851.38517	335.44209	0
0.4885	841.3183	170.12359	0
0.489	822.80038	-8.1843345	0
0.4895	791.27474	-189.71819	0
0.49	753.79642	-349.83523	0
0.4905	729.74824	-489.71071	0
0.491	730.02617	-587.33107	0
0.4915	753.83285	-632.64963	0
0.492	789.14739	-628.48896	0
0.4925	826.21555	-571.20799	0
0.493	849.43267	-468.27621	0
0.4935	853.79632	-325.94284	0
0.494	839.4114	-159.94276	0
0.4945	815.66446	20.484787	0
0.495	785.96263	202.71923	0
0.4955	754.77856	365.17962	0
0.496	735.60292	502.30478	0
0.4965	737.9684	593.02321	0
0.497	760.16803	630.71597	0
0.4975	796.34426	619.69173	0
0.498	831.36336	555.64276	0
0.4985	850.0021	448.42242	0
0.499	850.42879	302.78668	0
0.4995	838.59719	134.12478	0
0.5	817.7287	-45.389094	0
0.5005	783.87178	-223.70086	0
0.501	747.58213	-381.84019	0
0.5015	727.55629	-515.9174	0
0.502	733.33322	-601.52113	0
0.5025	759.57721	-636.0615	0
0.503	796.70946	-621.02285	0
0.5035	832.45648	-553.31569	0
0.504	851.538	-442.33646	0
0.5045	852.28845	-292.93391	0
0.505	834.86851	-123.73331	0
0.5055	810.49034	59.511047	0
0.506	779.14081	238.99431	0
0.5065	750.11601	397.64597	0
0.507	735.0634	528.15212	0
0.5075	741.14017	605.62114	0
0.508	766.82754	633.25483	0
0.5085	803.83242	610.78522	0
0.509	837.30847	536.11661	0
0.5095	851.45325	421.02966	0
0.51	848.6001	268.07654	0
0.5105	835.36871	97.031455	0
0.511	812.02985	-86.874265	0
0.5115	776.25255	-260.37154	0
0.512	742.15355	-414.49376	0
0.5125	726.96965	-539.45414	0
0.513	738.05629	-614.50472	0
0.5135	766.34508	-638.70205	0
0.514	805.65966	-611.97329	0
0.5145	838.90978	-533.07254	0
0.515	853.81289	-414.06545	0
0.5155	850.1773	-258.49942	0
0.516	829.95702	-86.041417	0
0.5165	804.41799	101.27633	0
0.517	772.35745	275.83763	0
0.5175	746.01603	429.76005	0
0.518	734.78207	549.98405	0
0.5185	745.67106	616.45086	0
0.519	774.1636	634.35201	0
0.5195	812.43775	600.25494	0
0.52	843.85585	512.72444	0
0.5205	852.98205	390.65054	0
0.521	846.82818	232.29843	0
0.5215	832.16398	58.075994	0
0.522	805.52923	-126.47401	0
0.5225	768.20984	-294.61621	0
0.523	737.29368	-444.72464	0
0.5235	727.24512	-560.15296	0
0.524	743.28213	-623.82414	0
0.5245	774.45908	-637.84406	0
0.525	813.69781	-599.53553	0
0.5255	845.31209	-507.05535	0
0.526	855.70787	-380.96348	0
0.5265	847.16637	-221.57074	0
0.527	824.94958	-45.161917	0
0.5275	797.78583	141.64775	0
0.528	764.85418	309.83006	0
0.5285	741.5921	458.79245	0
0.529	735.01179	567.96393	0
0.5295	750.89409	624.71803	0
0.53	782.21708	632.10157	0
0.5305	819.88574	586.75341	0
0.531	847.09648	491.99922	0
0.5315	852.32785	359.95819	0
0.532	843.78931	197.66829	0
0.5325	826.96045	20.516587	0
0.533	797.22625	-163.08615	0
0.5335	759.19596	-324.97841	0
0.534	732.41334	-470.20709	0
0.5345	728.49077	-576.38179	0
0.535	749.00422	-629.21662	0
0.5355	782.75764	-633.24727	0
0.536	820.93121	-584.13191	0
0.5365	847.43297	-486.72831	0
0.537	854.51269	-350.21161	0
0.5375	842.70599	-187.21757	0
0.538	819.38759	-8.1668111	0
0.5385	790.82486	176.58783	0
0.539	758.58092	340.3629	0
0.5395	737.96292	483.89334	0
0.54	736.01466	582.40324	0
0.5405	756.22919	628.48201	0
0.541	790.11606	625.44463	0
0.5415	826.47653	569.61647	0
0.542	848.75142	468.01924	0
0.5425	851.1262	328.08394	0
0.543	840.63713	161.89964	0
0.5435	821.54436	-16.719459	0
0.544	789.57383	-197.5659	0
0.5445	752.35427	-357.38777	0
0.545	728.65604	-494.26188	0
0.5455	731.1321	-590.19764	0
0.546	755.13677	-633.31732	0
0.5465	790.94123	-626.92525	0
0.547	828.02063	-567.45871	0
0.5475	850.07819	-462.66604	0
0.548	853.6394	-318.76762	0
0.5485	838.55078	-152.01395	0
0.549	814.59864	28.406886	0
0.5495	784.53886	209.77433	0
0.55	753.70368	371.83987	0
0.5505	735.38934	508.37662	0
0.551	738.38695	595.5378	0
0.5515	761.6642	631.32541	0
0.552	797.66854	617.69587	0
0.5525	832.82468	551.52088	0
0.553	850.24412	442.4994	0
0.5535	849.96497	295.12573	0
0.554	837.91197	125.91904	0
0.5545	816.48854	-54.822257	0
0.555	782.0931	-232.41259	0
0.5555	746.27361	-389.38709	0
0.556	727.31946	-521.56994	0
0.5565	734.23834	-604.46536	0
0.557	761.06497	-636.79401	0
0.5575	798.76807	-619.12008	0
0.558	833.97827	-548.97528	0
0.5585	852.12558	-436.19157	0
0.559	851.96377	-285.23654	0
0.5595	833.88776	-115.40316	0
0.56	809.32146	69.046589	0
0.5605	777.75372	247.55384	0
0.561	749.21729	405.07098	0
0.5615	735.05543	533.46978	0
0.562	742.09934	608.22542	0
0.5625	768.45847	633.66111	0
0.563	805.74172	608.54155	0
0.5635	838.73473	531.23782	0
0.564	851.82456	414.44905	0
0.5645	848.2461	259.97628	0
0.565	834.65824	88.281001	0
0.5655	810.66014	-96.027951	0
0.566	774.48321	-268.38142	0
0.5665	741.0389	-421.69938	0
0.567	726.93612	-544.19053	0
0.5675	739.26364	-616.98374	0
0.568	768.20306	-638.89041	0
0.5685	807.58086	-609.50078	0
0.569	840.30356	-528.10457	0
0.5695	854.2867	-407.19427	0
0.57	849.61142	-250.43225	0
0.5705	828.82933	-77.180635	0
0.571	802.99025	110.42002	0
0.5715	770.71657	283.78674	0
0.572	745.08937	436.63565	0
0.5725	734.72074	554.12288	0
0.573	746.83328	618.9449	0
0.5735	775.88441	634.25939	0
0.574	814.11473	597.61992	0
0.5745	845.84729	504.94414	0
0.575	853.61177	382.07882	0
0.5755	846.35403	223.38912	0
0.576	831.13391	48.25237	0
0.5765	803.72491	-135.72786	0
0.577	766.03626	-302.06122	0
0.5775	735.89672	-451.13133	0
0.578	727.32541	-564.6195	0
0.5785	744.45957	-625.53361	0
0.579	776.25037	-637.27944	0
0.5795	815.37654	-596.38169	0
0.58	846.45483	-500.85838	0
0.5805	856.02434	-372.73815	0
0.581	846.24115	-213.08439	0
0.5815	823.61366	-35.997519	0
0.582	796.00046	150.57158	0
0.5825	762.9826	316.66115	0
0.583	740.41098	464.44973	0
0.5835	735.14128	571.56397	0
0.584	752.0635	625.7117	0
0.5845	784.09326	630.73587	0
0.585	821.52246	582.91564	0
0.5855	847.68002	486.65335	0
0.586	852.17088	352.71377	0
0.5865	843.15567	189.51513	0
0.587	825.80718	12.016898	0
0.5875	795.38071	-171.14705	0
0.588	757.45565	-331.95799	0
0.5885	731.59859	-476.13324	0
0.589	728.89197	-579.71294	0
0.5895	750.37818	-630.26865	0
0.59	784.62885	-631.91146	0
0.5905	822.49818	-580.38322	0
0.591	847.94639	-481.46968	0
0.5915	854.19323	-343.13157	0
0.592	841.62826	-179.23764	0
0.5925	818.25064	0.35230443	0
0.593	789.44199	184.48388	0
0.5935	757.46664	347.91797	0
0.594	737.27439	489.43853	0
0.5945	736.36212	585.42222	0
0.595	757.58116	629.33866	0
0.5955	791.94435	623.86438	0
0.596	827.94883	565.6489	0
0.5965	849.16707	462.41552	0
0.597	850.9768	320.77183	0
0.5975	840.05953	153.76598	0
0.598	820.39053	-25.081341	0
0.5985	787.86201	-205.20329	0
0.599	750.9189	-364.64095	0
0.5995	728.44228	-501.74713	0
0.6	731.59507	-594.04434	0
0.6005	756.24569	-634.25771	0
0.601	792.44932	-625.38087	0
0.6015	829.18265	-563.45419	0
0.602	850.39524	-456.81963	0
0.6025	853.2054	-311.28005	0
0.603	837.47338	-143.66991	0
0.6035	813.3705	37.447631	0
0.604	782.9734	218.4865	0
0.6045	752.63478	379.68071	0
0.605	735.31314	514.79749	0
0.6055	739.08458	598.87734	0
0.606	763.08761	632.19156	0
0.6065	799.37411	615.93764	0
0.607	834.1235	547.26919	0
0.6075	850.55299	436.41284	0
0.608	849.49548	287.36607	0
0.6085	837.14159	117.59527	0
0.609	815.15467	-64.401741	0
0.6095	780.37707	-240.90897	0
0.61	745.0384	-396.87287	0
0.6105	727.22015	-527.11638	0
0.611	735.29205	-607.34882	0
0.6115	762.45721	-637.33732	0
0.612	801.03816	-617.03734	0
0.6125	835.51702	-544.33237	0
0.613	852.757	-429.67141	0
0.6135	851.63458	-277.27169	0
0.614	832.88361	-106.73784	0
0.6145	808.00614	78.755468	0
0.615	776.3165	256.12232	0
0.6155	748.2975	412.4927	0
0.616	735.01121	538.46268	0
0.6165	743.11882	610.57689	0
0.617	770.27085	633.79745	0
0.6175	807.7351	605.94601	0
0.618	840.20169	525.87576	0
0.6185	852.13174	407.4756	0
0.619	847.80988	251.68218	0
0.6195	833.91823	79.312765	0
0.62	809.1522	-105.21212	0
0.6205	772.59695	-276.42958	0
0.621	739.89181	-428.85305	0
0.6215	726.85087	-548.555	0
0.622	740.50602	-619.13186	0
0.6225	770.14109	-638.79933	0
0.623	809.51903	-606.77413	0
0.6235	841.75297	-522.70696	0
0.624	854.75281	-399.98877	0
0.6245	848.99881	-242.16883	0
0.625	827.6914	-68.130818	0
0.6255	801.51213	119.45977	0
0.626	769.03063	291.60192	0
0.6265	744.14806	443.34083	0
0.627	734.68183	557.97016	0
0.6275	748.02457	620.78292	0
0.628	777.71131	633.7416	0
0.6285	815.80993	594.54687	0
0.629	845.86849	502.17704	0
0.6295	853.11466	375.87767	0
0.63	845.42099	216.17435	0
0.6305	829.98648	39.631431	0
0.631	801.85037	-144.03308	0
0.6315	763.86115	-308.83863	0
0.632	734.6771	-456.79324	0
0.6325	727.55125	-568.2569	0
0.633	745.72472	-626.59183	0
0.6335	778.11572	-636.09632	0
0.634	817.03127	-592.72203	0
0.6345	846.3503	-497.87296	0
0.635	855.3491	-366.51308	0
0.6355	845.16742	-205.73003	0
0.636	822.32027	-27.993778	0
0.6365	794.39388	158.22887	0
0.637	761.54047	323.4167	0
0.6375	739.58851	470.123	0
0.638	735.37595	574.96403	0
0.6385	753.22503	626.51462	0
0.639	785.86345	629.18582	0
0.6395	822.99054	578.98422	0
0.64	847.99832	481.21394	0
0.6405	851.81213	345.44325	0
0.641	842.37012	181.34178	0
0.6415	824.55555	3.4976492	0
0.642	793.62957	-178.96737	0
0.6425	755.83389	-339.29546	0
0.643	730.84351	-482.17388	0
0.6435	729.33372	-583.07859	0
0.644	751.82304	-631.35228	0
0.6445	786.5175	-630.55412	0
0.645	824.06462	-576.57667	0
0.6455	848.54386	-475.98569	0
0.646	853.9675	-335.89911	0
0.6465	840.63932	-171.08438	0
0.647	817.15812	8.9655492	0
0.6475	788.00484	192.3636	0
0.648	756.34288	355.39733	0
0.6485	736.32476	493.86814	0
0.649	737.20456	587.95409	0
0.6495	758.68268	629.72445	0
0.65	794.23303	622.14735	0
0.6505	829.65964	561.4875	0
0.651	849.75677	456.64308	0
0.6515	851.00129	313.37423	0
0.652	839.60485	145.68514	0
0.6525	819.38925	-33.205526	0
0.653	786.23013	-212.51686	0
0.6535	749.49333	-371.5184	0
0.654	728.0772	-507.68309	0
0.6545	732.24374	-596.889	0
0.655	757.54283	-634.59967	0
0.6555	794.13325	-623.21188	0
0.656	830.46142	-558.90582	0
0.6565	850.81402	-450.52988	0
0.657	852.79475	-303.42786	0
0.6575	836.37369	-135.15903	0
0.658	812.1428	46.576102	0
0.6585	781.33767	227.07571	0
0.659	751.5141	387.29899	0
0.6595	735.16207	520.59622	0
0.66	739.88474	601.97469	0
0.6605	764.59026	632.80456	0
0.661	801.17546	613.94634	0
0.6615	835.3984	542.8114	0
0.662	850.91517	430.14989	0
0.6625	849.07523	279.46207	0
0.663	836.3991	109.16205	0
0.6635	813.81089	-73.864728	0
0.664	778.68694	-249.08504	0
0.6645	743.77296	-404.27342	0
0.665	727.06025	-532.34253	0
0.6655	736.40687	-610.38571	0
0.666	764.05789	-638.05673	0
0.6665	803.05207	-615.04101	0
0.667	836.96465	-539.72533	0
0.6675	853.21211	-423.2402	0
0.668	851.05436	-269.42014	0
0.6685	831.611	-98.092746	0
0.669	806.47015	88.387058	0
0.6695	774.61791	264.55769	0
0.67	747.30434	419.91333	0
0.6705	734.89125	543.53786	0
0.671	744.13233	613.20172	0
0.6715	771.82256	634.12252	0
0.672	809.86038	603.62656	0
0.6725	841.75143	520.69297	0
0.673	852.51208	400.61148	0
0.6735	847.50432	243.59964	0
0.674	833.3273	70.509105	0
0.6745	807.77059	-114.12924	0
0.675	770.86749	-284.17072	0
0.6755	738.89542	-435.62041	0
0.676	727.06505	-553.19902	0
0.6765	741.74382	-621.04213	0
0.677	772.04808	-638.32894	0
0.6775	811.391	-603.64353	0
0.678	843.16249	-516.62762	0
0.6785	855.15965	-392.22892	0
0.679	848.28654	-233.57632	0
0.6795	826.57924	-58.610573	0
0.68	799.96837	128.70788	0
0.6805	767.34031	299.47988	0
0.681	743.10557	450.08153	0
0.6815	734.71158	561.6882	0
0.682	749.28517	622.46258	0
0.6825	779.62403	633.14926	0
0.683	817.53703	591.38229	0
0.6835	846.26115	498.51404	0
0.684	852.68576	369.55443	0
0.6845	844.60482	208.67772	0
0.685	828.66426	31.974285	0
0.6855	799.90227	-151.91115	0
0.686	761.95468	-315.72705	0
0.6865	733.74991	-462.54017	0
0.687	727.92036	-571.84494	0
0.6875	747.06093	-627.74122	0
0.688	780.01721	-634.98811	0
0.6885	818.64939	-589.19503	0
0.689	846.6851	-493.5593	0
0.6895	854.91369	-359.77695	0
0.69	844.1961	-198.00191	0
0.6905	821.04448	-19.736849	0
0.691	792.86798	165.90583	0
0.6915	760.1756	330.19363	0
0.692	738.83352	475.81331	0
0.6925	735.63863	578.04925	0
0.693	754.49131	627.29	0
0.6935	787.68106	627.59032	0
0.694	824.48591	575.03109	0
0.6945	848.32426	475.69549	0
0.695	851.49283	338.15193	0
0.6955	841.6025	173.16122	0
0.696	823.26789	-5.0249343	0
0.6965	791.9145	-186.8079	0
0.697	754.34673	-347.00664	0
0.6975	730.07869	-487.86647	0
0.698	729.81449	-586.30552	0
0.6985	753.26262	-632.35405	0
0.699	788.40541	-629.10662	0
0.6995	825.61261	-572.70674	0
0.7	849.17001	-470.40413	0
0.7005	853.82496	-328.65239	0
0.701	839.7229	-162.94891	0
0.7015	816.06129	17.425911	0
0.702	786.51053	199.99229	0
0.7025	755.20598	362.60988	0
0.703	735.67331	499.69229	0
0.7035	737.84814	591.79847	0
0.704	759.76693	630.4414	0
0.7045	795.80503	620.37664	0
0.705	830.92095	557.2269	0
0.7055	849.95564	450.65387	0
0.706	850.62888	305.65739	0
0.7065	838.88298	137.2262	0
0.707	818.17601	-41.895424	0
0.7075	784.51634	-220.38174	0
0.708	748.06027	-378.91702	0
0.7085	727.64544	-513.6638	0
0.709	732.99815	-600.28386	0
0.7095	758.99301	-635.67639	0
0.71	795.97469	-621.63221	0
0.7105	831.90818	-554.84989	0
0.711	851.3552	-444.58177	0
0.7115	852.45431	-295.78607	0
0.712	835.28577	-126.82728	0
0.7125	810.95867	55.845681	0
0.713	779.71981	235.64557	0
0.7135	750.45112	394.78658	0
0.714	735.051	526.0828	0
0.7145	740.76642	604.63736	0
0.715	766.19366	633.10932	0
0.7155	803.0985	611.62582	0
0.716	836.77573	537.92641	0
0.7165	851.30239	423.49867	0
0.717	848.71738	271.16052	0
0.7175	835.63019	100.3388	0
0.718	812.49166	-83.398778	0
0.7185	776.89877	-257.34036	0
0.719	742.58314	-411.75325	0
0.7195	726.98368	-537.58619	0
0.72	737.60881	-613.48311	0
0.7205	765.70932	-638.5849	0
0.721	804.95176	-612.85753	0
0.7215	838.37627	-534.93918	0
0.722	853.64223	-416.60579	0
0.7225	850.41034	-261.4978	0
0.723	830.37869	-89.347753	0
0.7235	804.96741	97.833679	0
0.724	772.96891	272.81772	0
0.7245	746.36971	427.1319	0
0.725	734.81667	548.35223	0
0.7255	745.25909	615.56098	0
0.726	773.5042	634.33696	0
0.7265	811.77511	601.21279	0
0.727	843.24052	515.08399	0
0.7275	852.83745	393.47946	0
0.728	847.0096	235.43762	0
0.7285	832.50582	61.515264	0
0.729	806.15633	-123.13748	0
0.7295	768.94265	-291.80916	0
0.73	737.75251	-442.28945	0
0.7305	727.21422	-558.3929	0
0.731	742.86	-623.13013	0
0.7315	773.80609	-638.01693	0
0.732	813.08329	-600.68506	0
0.7325	844.62776	-509.99253	0
0.733	855.49529	-384.23246	0
0.7335	847.45945	-224.95018	0
0.734	825.40387	-48.924536	0
0.7345	798.40678	138.0836	0
0.735	765.59311	307.13017	0
0.7355	742.03499	456.54754	0
0.736	734.93242	566.31779	0
0.7365	750.43991	624.17008	0
0.737	781.49179	632.4568	0
0.7375	819.2398	588.06939	0
0.738	846.84167	493.87486	0
0.7385	852.38033	362.5975	0
0.739	844.02497	200.67707	0
0.7395	827.40812	23.6716	0
0.74	797.94249	-160.04609	0
0.7405	759.9589	-322.51933	0
0.741	732.78446	-468.17459	0
0.7415	728.32954	-575.21291	0
0.742	748.46241	-628.85742	0
0.7425	781.9998	-633.76011	0
0.743	820.29819	-585.54959	0
0.7435	847.209	-488.67145	0
0.744	854.62678	-352.85346	0
0.7445	843.11396	-190.18789	0
0.745	819.82577	-11.339133	0
0.7455	791.3708	173.68084	0
0.746	759.00678	337.55721	0
0.7465	738.20554	481.72576	0
0.747	735.91217	581.2394	0
0.7475	755.75269	628.17513	0
0.748	789.45792	626.04708	0
0.7485	825.93945	571.10871	0
0.749	848.63199	470.13068	0
0.7495	851.21505	330.84255	0
0.75	840.87548	164.97185	0
0.7505	822.00009	-13.533694	0
0.751	790.20348	-194.64518	0
0.7515	752.8896	-354.58829	0
0.752	729.06823	-492.32895	0
0.7525	730.77267	-588.72695	0
0.753	754.48223	-632.86036	0
0.7535	790.63979	-627.48756	0
0.754	827.32445	-568.7175	0
0.7545	849.9122	-464.72577	0
0.755	853.78373	-321.47615	0
0.7555	838.93798	-155.04758	0
0.756	815.04311	25.371055	0
0.7565	785.08862	207.03342	0
0.757	754.10744	369.23046	0
0.7575	735.46716	506.04623	0
0.758	738.20688	594.53376	0
0.7585	761.13311	631.01822	0
0.759	797.04438	618.335	0
0.7595	832.32483	553.04898	0
0.76	850.13081	444.67744	0
0.7605	850.10531	297.9642	0
0.761	838.15442	128.98899	0
0.7615	816.95882	-51.260975	0
0.762	782.76732	-229.16086	0
0.7625	746.77503	-386.54882	0
0.763	727.41365	-519.44516	0
0.7635	733.90895	-603.35582	0
0.764	760.54396	-636.53122	0
0.7645	797.98893	-619.87034	0
0.765	833.41244	-550.65922	0
0.7655	851.88509	-438.55835	0
0.766	852.07334	-288.17719	0
0.7665	834.24939	-118.57788	0
0.767	809.78628	65.436481	0
0.7675	778.25403	244.3387	0
0.768	749.54439	402.2925	0
0.7685	735.05026	531.51819	0
0.769	741.7252	607.28968	0
0.7695	767.83074	633.55645	0
0.77	805.01746	609.44156	0
0.7705	838.19449	533.13675	0
0.771	851.70482	416.96763	0
0.7715	848.41124	263.02102	0
0.772	834.93783	91.581994	0
0.7725	811.21562	-92.585683	0
0.773	775.16835	-265.36098	0
0.7735	741.46079	-418.99508	0
0.774	726.95895	-542.46508	0
0.7745	738.80685	-616.091	0
0.775	767.48755	-638.84201	0
0.7755	806.8513	-610.45094	0
0.776	839.77634	-530.00087	0
0.7765	854.11724	-409.79364	0
0.777	849.83119	-253.46686	0
0.7775	829.26686	-80.508698	0
0.778	803.53097	106.99923	0
0.7785	771.33578	280.82583	0
0.779	745.43732	434.08059	0
0.7795	734.73694	552.60149	0
0.78	746.39767	618.11442	0
0.7805	775.22206	634.35331	0
0.781	813.48736	598.66609	0
0.7815	845.03124	508.19738	0
0.782	853.31178	385.56221	0
0.7825	846.52458	226.86426	0
0.783	831.53768	52.13317	0
0.7835	804.4314	-132.14247	0
0.784	766.92071	-299.28726	0
0.7845	736.46496	-448.77113	0
0.785	727.30137	-563.01768	0
0.7855	744.00514	-624.96222	0
0.786	775.56169	-637.56252	0
0.7865	814.72903	-597.64168	0
0.787	846.42363	-502.09457	0
0.7875	856.14752	-375.29985	0
0.788	846.65421	-215.92281	0
0.7885	824.13648	-39.006961	0
0.789	796.66018	147.51595	0
0.7895	763.57338	314.03659	0
0.79	740.77015	462.28399	0
0.7905	735.09378	570.26605	0
0.791	751.65177	625.38266	0
0.7915	783.42913	631.29272	0
0.792	820.95646	584.38371	0
0.7925	847.53392	488.67742	0
0.793	852.26782	355.44584	0
0.7935	843.40116	192.59468	0
0.794	826.23645	15.227647	0
0.7945	796.05263	-168.12922	0
0.795	758.08364	-329.31199	0
0.7955	731.88873	-473.89391	0
0.796	728.73096	-578.45915	0
0.7965	749.8548	-629.87462	0
0.797	783.929	-632.41957	0
0.7975	821.91463	-581.80413	0
0.798	847.7491	-483.47579	0
0.7985	854.30585	-345.81823	0
0.799	842.02621	-182.2632	0
0.7995	818.67859	-2.8628024	0
0.8	789.95632	181.49709	0
0.8005	757.88671	345.07203	0
0.801	737.55017	487.42816	0
0.8015	736.22012	584.32826	0
0.802	757.05706	629.02768	0
0.8025	791.24438	624.46896	0
0.803	827.38191	567.15046	0
0.8035	848.9966	464.52859	0
0.804	851.01953	323.52048	0
0.8045	840.27138	156.81709	0
0.805	820.82005	-21.95826	0
0.8055	788.50789	-202.36083	0
0.806	751.46033	-361.95286	0
0.8065	728.55417	-499.19735	0
0.807	731.38373	-592.63292	0
0.8075	755.80648	-633.93161	0
0.808	791.86221	-625.99483	0
0.8085	828.73295	-564.97895	0
0.809	850.26247	-459.01478	0
0.8095	853.36297	-314.08194	0
0.81	837.88019	-146.77809	0
0.8105	813.83869	34.039259	0
0.811	783.57739	215.20485	0
0.8115	753.04827	376.76126	0
0.812	735.34851	512.50282	0
0.8125	738.7897	597.55089	0
0.813	762.54744	631.89413	0
0.8135	798.72748	616.61292	0
0.814	833.64126	548.87679	0
0.8145	850.41954	438.70155	0
0.815	849.66576	290.27546	0
0.8155	837.42848	120.71354	0
0.816	815.65471	-60.825151	0
0.8165	781.012	-237.777	0
0.817	745.5035	-394.08789	0
0.8175	727.25447	-525.06123	0
0.818	734.88561	-606.29647	0
0.8185	761.87918	-637.11742	0
0.819	800.22509	-617.79585	0
0.8195	834.97018	-546.05829	0
0.82	852.55362	-432.10077	0
0.8205	851.79068	-280.25325	0
0.821	833.3074	-109.99552	0
0.8215	808.54468	75.113798	0
0.822	776.9222	252.91823	0
0.8225	748.66913	409.69376	0
0.823	735.05765	536.55711	0
0.8235	742.75548	609.62401	0
0.824	769.62225	633.67328	0
0.8245	806.99706	606.8412	0
0.825	839.65494	527.82165	0
0.8255	852.02471	410.03088	0
0.826	847.96541	254.72675	0
0.8265	834.19674	82.62215	0
0.827	809.71411	-101.82677	0
0.8275	773.30124	-273.46571	0
0.828	740.31076	-426.2324	0
0.8285	726.86051	-546.92481	0
0.829	740.04474	-618.37422	0
0.8295	769.42295	-638.88857	0
0.83	808.80891	-607.84252	0
0.8305	841.21128	-524.80197	0
0.831	854.58218	-402.74182	0
0.8315	849.23761	-245.286	0
0.832	828.10762	-71.552197	0
0.8325	802.07694	116.09695	0
0.833	769.65864	288.70257	0
0.8335	744.49583	440.86441	0
0.834	734.69531	556.58277	0
0.8345	747.57517	620.14392	0
0.835	777.02101	633.96926	0
0.8355	815.17747	595.72777	0
0.836	845.89507	503.05602	0
0.8365	853.36047	378.01174	0
0.837	845.75928	218.79825	0
0.8375	830.4119	42.566056	0
0.838	802.54035	-141.01091	0
0.8385	764.5657	-306.20597	0
0.839	735.0415	-454.59031	0
0.8395	727.43281	-566.85463	0
0.84	745.24619	-626.1322	0
0.8405	777.41985	-636.47832	0
0.841	816.42979	-594.02007	0
0.8415	846.32211	-499.19737	0
0.842	855.57212	-368.91521	0
0.8425	845.53737	-208.52768	0
0.843	822.79816	-31.009048	0
0.8435	794.96728	155.39063	0
0.844	762.06118	320.88795	0
0.8445	739.88394	467.98854	0
0.845	735.27973	573.71098	0
0.8455	752.77785	626.20133	0
0.846	785.1954	629.75594	0
0.8465	822.43863	580.43911	0
0.847	847.87722	483.24721	0
0.8475	851.94592	348.15367	0
0.848	842.67353	184.38847	0
0.8485	825.04379	6.6814579	0
0.849	794.28384	-176.03103	0
0.8495	756.39137	-336.35742	0
0.85	731.09356	-479.82164	0
0.8505	729.17094	-581.74835	0
0.851	751.29743	-630.90537	0
0.8515	785.82864	-631.03508	0
0.852	823.49322	-577.98191	0
0.8525	848.32363	-478.03834	0
0.853	854.03694	-338.60114	0
0.8535	840.99084	-174.13779	0
0.854	817.55325	5.7418777	0
0.8545	788.55383	189.41788	0
0.855	756.75505	352.60363	0
0.8555	736.70563	492.3506	0
0.856	736.65028	586.78937	0
0.8565	758.5121	629.71705	0
0.857	793.26452	622.72266	0
0.8575	829.01123	563.0279	0
0.858	849.54417	458.80813	0
0.8585	850.99043	316.14088	0
0.859	839.77772	148.68199	0
0.8595	819.74784	-30.205304	0
0.86	786.80411	-209.82358	0
0.8605	749.9886	-368.98112	0
0.861	728.18918	-505.57997	0
0.8615	731.96247	-595.91526	0
0.862	757.02744	-634.52268	0
0.8625	793.48528	-624.08845	0
0.863	829.97159	-560.67803	0
0.8635	850.64317	-452.96268	0
0.864	852.94469	-306.44864	0
0.8645	836.79816	-138.39805	0
0.865	812.60267	43.142778	0
0.8655	781.95783	223.88443	0
0.866	751.94081	384.47659	0
0.8665	735.22385	518.47407	0
0.867	739.57926	600.87385	0
0.8675	764.01718	632.60741	0
0.868	800.48615	614.71502	0
0.8685	834.91236	544.50319	0
0.869	850.77267	432.50674	0
0.8695	849.22069	282.42688	0
0.87	836.67888	112.31964	0
0.8705	814.31732	-70.37884	0
0.871	779.3251	-246.08033	0
0.8715	744.24808	-401.53881	0
0.872	727.11955	-530.42793	0
0.8725	735.99641	-609.12508	0
0.873	763.47648	-637.79434	0
0.8735	802.33607	-615.79545	0
0.874	836.43463	-541.4592	0
0.8745	853.06223	-425.64821	0
0.875	851.29657	-272.33749	0
0.8755	832.09246	-101.31465	0
0.876	807.05858	84.80377	0
0.8765	775.25622	261.42822	0
0.877	747.67028	417.16351	0
0.8775	734.92652	541.66805	0
0.878	743.73977	612.23962	0
0.8785	771.2374	634.04487	0
0.879	809.07464	604.50283	0
0.8795	841.18049	522.64882	0
0.88	852.37135	403.20041	0
0.8805	847.63294	246.6236	0
0.881	833.55361	73.812792	0
0.8815	808.30138	-110.79814	0
0.882	771.52478	-281.29736	0
0.8825	739.27493	-433.1147	0
0.883	726.9843	-551.41587	0
0.8835	741.28964	-620.32719	0
0.884	771.34745	-638.51002	0
0.8845	810.70781	-604.81755	0
0.885	842.65334	-518.94639	0
0.8855	855.02897	-395.15363	0
0.886	848.58348	-236.78664	0
0.8865	827.00633	-62.194232	0
0.887	800.55445	125.23983	0
0.8875	767.97604	296.54729	0
0.888	743.50123	447.57583	0
0.8885	734.66027	560.1582	0
0.889	748.83253	621.81825	0
0.8895	778.91806	633.35596	0
0.89	816.89558	592.56035	0
0.8905	846.06902	500.02072	0
0.891	852.82201	371.98256	0
0.8915	844.89722	211.53146	0
0.892	829.14963	34.935187	0
0.8925	800.64642	-148.92008	0
0.893	762.68484	-313.16912	0
0.8935	734.1044	-460.41273	0
0.894	727.77621	-570.52361	0
0.8945	746.55859	-627.31568	0
0.895	779.29195	-635.42212	0
0.8955	818.03578	-590.53005	0
0.896	846.52248	-495.26368	0
0.8965	855.04294	-362.31668	0
0.897	844.56675	-200.89662	0
0.8975	821.52131	-22.839327	0
0.898	793.43526	163.01918	0
0.8985	760.67454	327.64834	0
0.899	739.1032	473.6862	0
0.8995	735.53505	576.90808	0
0.9	754.00932	626.99384	0
0.9005	787.00053	628.18126	0
0.901	823.92936	576.50223	0
0.9015	848.20432	477.75461	0
0.902	851.60424	340.86564	0
0.9025	841.88851	176.20393	0
0.903	823.74274	-1.8562469	0
0.9035	792.55302	-183.89454	0
0.904	754.89954	-344.15986	0
0.9045	730.38222	-485.88518	0
0.905	729.62093	-585.17114	0
0.9055	752.71383	-632.01963	0
0.906	787.68904	-629.67988	0
0.9065	825.02901	-574.17159	0
0.907	848.93024	-472.50208	0
0.9075	853.86813	-331.35588	0
0.908	840.05756	-165.97135	0
0.9085	816.46995	14.309778	0
0.909	787.06497	197.19988	0
0.9095	755.63172	359.9699	0
0.91	735.68865	496.69153	0
0.9105	737.72873	590.29503	0
0.911	759.43253	630.0644	0
0.9115	795.29093	620.98275	0
0.912	830.51974	558.77522	0
0.9125	849.93779	452.87204	0
0.913	850.83652	308.52411	0
0.9135	839.18482	140.36928	0
0.914	818.61963	-38.510294	0
0.9145	785.13778	-217.17595	0
0.915	748.53961	-375.98304	0
0.9155	727.74183	-511.34244	0
0.916	732.66787	-598.96408	0
0.9165	758.41602	-635.23143	0
0.917	795.2659	-622.19754	0
0.9175	831.35622	-556.35451	0
0.918	851.16161	-446.8109	0
0.9185	852.60847	-298.64492	0
0.919	835.69909	-129.93257	0
0.9195	811.41585	52.189715	0
0.92	780.32374	232.26781	0
0.9205	750.81159	391.92519	0
0.921	735.04787	524.02215	0
0.9215	740.39632	603.64692	0
0.922	765.56321	632.99872	0
0.9225	802.3587	612.5023	0
0.923	836.24925	539.76949	0
0.9235	851.15418	426.00171	0
0.924	848.84472	274.28423	0
0.9245	835.89936	103.68552	0
0.925	812.96128	-79.875219	0
0.9255	777.55813	-254.26392	0
0.926	743.02495	-408.96786	0
0.9265	727.01101	-535.66015	0
0.927	737.16702	-612.38764	0
0.9275	765.08525	-638.42103	0
0.928	804.24669	-613.70265	0
0.9285	837.84559	-536.7599	0
0.929	853.47685	-419.11423	0
0.9295	850.65093	-264.47511	0
0.93	830.82052	-92.65665	0
0.9305	805.50606	94.374398	0
0.931	773.57594	269.76564	0
0.9315	746.71466	424.46417	0
0.932	734.84156	546.59341	0
0.9325	744.81597	614.73362	0
0.933	772.86784	634.26389	0
0.9335	811.08648	602.1265	0
0.934	842.67766	517.2625	0
0.9345	852.71422	396.18566	0
0.935	847.20703	238.50783	0
0.9355	832.85243	64.899329	0
0.936	806.78925	-119.76989	0
0.9365	769.68918	-288.97336	0
0.937	738.20044	-439.81171	0
0.9375	727.1764	-556.49745	0
0.938	742.44754	-622.35245	0
0.9385	773.1554	-638.12265	0
0.939	812.46503	-601.77294	0
0.9395	844.04007	-512.5866	0
0.94	855.36053	-387.27197	0
0.9405	847.75855	-228.19533	0
0.941	825.8387	-52.572403	0
0.9415	798.97778	134.56102	0
0.942	766.25729	304.32323	0
0.9425	742.4415	454.19067	0
0.943	734.85625	564.52421	0
0.9435	750.00938	623.54425	0
0.944	780.79425	632.74651	0
0.9445	818.60691	589.33678	0
0.945	846.61639	495.68837	0
0.9455	852.4881	365.25348	0
0.946	844.21374	203.7158	0
0.9465	827.8638	26.827649	0
0.947	798.66606	-156.98506	0
0.9475	760.71131	-319.98411	0
0.948	733.14486	-466.06983	0
0.9485	728.17032	-573.96333	0
0.949	747.92827	-628.43385	0
0.9495	781.24685	-634.22543	0
0.95	819.67253	-586.92667	0
0.9505	846.99686	-490.55468	0
0.951	854.72126	-355.48089	0
0.9515	843.52014	-193.14117	0
0.952	820.27267	-14.508688	0
0.9525	791.93081	170.75953	0
0.953	759.42731	334.72328	0
0.9535	738.43287	479.49358	0
0.954	735.81222	580.03284	0
0.9545	755.28356	627.84193	0
0.955	788.80008	626.62915	0
0.9555	825.40245	572.5872	0
0.956	848.5162	472.2305	0
0.9565	851.3128	333.59723	0
0.957	841.13507	168.05349	0
0.9575	822.47782	-10.33584	0
0.958	790.84345	-191.70502	0
0.9585	753.4309	-351.75711	0
0.959	729.49924	-490.86172	0
0.9595	730.17981	-587.87234	0
0.96	754.21517	-632.82833	0
0.9605	789.69551	-628.04151	0
0.961	826.65701	-570.17671	0
0.9615	849.64001	-466.82887	0
0.962	853.80623	-324.12651	0
0.9625	839.23602	-157.95117	0
0.963	815.4211	22.487932	0
0.9635	785.6048	204.48637	0
0.964	754.49344	366.82757	0
0.9645	735.53584	503.86124	0
0.965	738.0461	593.66788	0
0.9655	760.46633	630.79421	0
0.966	796.5768	619.06012	0
0.9665	831.80279	554.57504	0
0.967	850.03236	446.84591	0
0.9675	850.27727	300.75639	0
0.968	838.41775	131.97448	0
0.9685	817.43036	-47.879682	0
0.969	783.43592	-226.0643	0
0.9695	747.2774	-383.86424	0
0.97	727.52845	-517.44799	0
0.9705	733.59848	-602.3542	0
0.971	760.00871	-636.32215	0
0.9715	797.25415	-620.61062	0
0.972	832.86972	-552.27311	0
0.9725	851.69566	-440.81665	0
0.973	852.21526	-290.98336	0
0.9735	834.62614	-121.60688	0
0.974	810.20489	62.004287	0
0.9745	778.76622	241.25127	0
0.975	749.87969	399.6043	0
0.9755	735.05526	529.57635	0
0.976	741.37776	606.33095	0
0.9765	767.24356	633.40218	0
0.977	804.32554	610.25219	0
0.9775	837.67784	534.90739	0
0.978	851.56698	419.36375	0
0.9785	848.53481	265.98689	0
0.979	835.20383	94.781841	0
0.9795	811.72688	-89.238305	0
0.98	775.82325	-262.43678	0
0.9805	741.87407	-416.36171	0
0.981	726.97023	-540.71895	0
0.9815	738.36849	-615.18511	0
0.982	766.79579	-638.77488	0
0.9825	806.14795	-611.36186	0
0.983	839.26908	-531.82083	0
0.9835	853.93729	-412.31681	0
0.984	850.03165	-256.43343	0
0.9845	829.67695	-83.764549	0
0.985	804.0467	103.63635	0
0.9855	771.93588	277.89844	0
0.986	745.77852	431.54523	0
0.9865	734.76444	551.07149	0
0.987	745.97772	617.17216	0
0.9875	774.59091	634.36623	0
0.988	812.87111	599.61058	0
0.9885	844.29968	510.98913	0
0.989	853.08922	388.64141	0
0.9895	846.69235	230.11038	0
0.99	831.90573	55.681634	0
0.9905	805.07815	-128.77377	0
0.991	767.69263	-296.53419	0
0.9915	736.96036	-446.39281	0
0.992	727.26682	-561.35204	0
0.9925	743.57277	-624.30766	0
0.993	774.90613	-637.74343	0
0.9935	814.11496	-598.77319	0
0.994	845.85539	-504.82541	0
0.9945	855.91881	-378.60288	0
0.995	846.9785	-219.19487	0
0.9955	824.63017	-42.52903	0
0.996	797.33965	144.09765	0
0.9965	764.30774	311.53253	0
0.997	741.24902	460.20453	0
0.9975	735.0655	568.96722	0
0.998	751.22293	625.01977	0
0.9985	782.733	631.79915	0
0.999	820.34301	585.80646	0
0.9995	847.28952	490.66375	0
1	852.30917	358.12226	0
