/*--------------------------------*- C++ -*----------------------------------*\
| =========                 |                                                 |
| \\      /  F ield         | foam-extend: Open Source CFD                    |
|  \\    /   O peration     | Version:     4.1                                |
|   \\  /    A nd           | Web:         http://www.foam-extend.org         |
|    \\/     M anipulation  |                                                 |
\*---------------------------------------------------------------------------*/
FoamFile
{
    version     2.0;
    format      ascii;
    class       volScalarField;
    location    "1.15";
    object      rAU;
}
// * * * * * * * * * * * * * * * * * * * * * * * * * * * * * * * * * * * * * //

dimensions      [0 0 1 0 0 0 0];

internalField   nonuniform List<scalar> 
4393
(
0.00022769024
0.00022731808
0.00022695354
0.00022658103
0.00022619843
0.00022580432
0.00022539632
0.0002249732
0.00022453408
0.00022407872
0.00022360765
0.00022312232
0.00022262513
0.00022211958
0.00022160997
0.0002211024
0.00022060269
0.00022011785
0.00021965559
0.00021922358
0.00021882971
0.00021848179
0.00021818746
0.00021795406
0.00021778835
0.00021769638
0.00021768286
0.00021768286
0.00021775115
0.00021790238
0.00021813474
0.00021844324
0.00021881964
0.00021925287
0.00021972961
0.00022023527
0.00022075495
0.00022127441
0.00022178076
0.00022226292
0.00022271186
0.0002231206
0.00022348402
0.00022379864
0.00022406234
0.00022427409
0.00022443396
0.00022454245
0.00022458491
0.00022455782
0.00022423881
0.00022393462
0.00022362127
0.00022329599
0.00022295712
0.00022260243
0.00022223102
0.00022184242
0.00022143694
0.00022101578
0.00022058114
0.00022013631
0.00021968571
0.00021923458
0.00021878995
0.00021835843
0.00021794769
0.00021756591
0.00021722108
0.0002169212
0.00021667413
0.00021648742
0.00021636821
0.00021632294
0.00021635709
0.00021644796
0.00021642036
0.00021645981
0.00021658348
0.00021679292
0.00021708658
0.00021745931
0.00021790231
0.00021840355
0.00021894872
0.00021952226
0.00022010859
0.00022069309
0.00022126274
0.0002218066
0.00022231591
0.00022278403
0.00022320615
0.00022357902
0.00022390045
0.00022416955
0.00022438778
0.00022454238
0.00022405444
0.00022374701
0.000223448
0.00022313734
0.0002228123
0.00022247138
0.00022211252
0.00022173512
0.00022133912
0.00022092531
0.00022049554
0.00022005276
0.00021960112
0.00021914601
0.00021869371
0.00021825222
0.00021782909
0.00021743275
0.00021707196
0.00021675507
0.0002164903
0.00021628558
0.00021614848
0.00021608604
0.00021610453
0.00021620908
0.00021631174
0.00021618784
0.00021614522
0.00021619099
0.0002163301
0.00021656424
0.00021689087
0.00021730279
0.00021778843
0.00021833283
0.00021891897
0.0002195293
0.00022014698
0.00022075685
0.000221346
0.00022190402
0.00022242292
0.00022289692
0.00022332199
0.00022369546
0.00022401623
0.00022428433
0.00022448012
0.0002237013
0.00022339905
0.00022309978
0.00022278584
0.00022245475
0.00022210519
0.00022173529
0.00022134465
0.00022093353
0.00022050318
0.00022005599
0.00021959566
0.00021912723
0.00021865709
0.00021819268
0.00021774315
0.00021731716
0.00021692408
0.00021657342
0.00021627406
0.00021603457
0.00021586309
0.00021576734
0.00021575451
0.00021583096
0.00021600179
0.00021610719
0.00021589659
0.00021576903
0.00021573513
0.00021580366
0.00021597988
0.00021626392
0.00021665002
0.00021712661
0.0002176775
0.00021828359
0.0002189248
0.00021958171
0.00022023676
0.00022087503
0.00022148448
0.00022205593
0.00022258274
0.00022306036
0.00022348594
0.00022385825
0.00022417622
0.00022442177
0.00022334174
0.00022304344
0.00022274432
0.00022242742
0.00022209043
0.00022173216
0.00022135084
0.00022094626
0.00022051892
0.00022007044
0.00021960373
0.00021912318
0.0002186347
0.00021814579
0.00021766508
0.00021720306
0.00021676962
0.00021637524
0.00021603025
0.00021574413
0.00021552581
0.0002153837
0.00021532576
0.00021535945
0.00021549146
0.00021572722
0.00021584633
0.00021554455
0.00021532803
0.00021521144
0.00021520797
0.00021532697
0.00021557157
0.0002159373
0.0002164121
0.00021697782
0.00021761249
0.00021829281
0.00021899629
0.0002197027
0.00022039498
0.00022105954
0.00022168611
0.00022226742
0.00022279861
0.00022327681
0.00022370068
0.00022406897
0.00022436591
0.00022296648
0.00022267265
0.00022237472
0.00022205581
0.00022171371
0.00022134728
0.0002209548
0.00022053615
0.000220092
0.00021962425
0.00021913626
0.00021863304
0.00021812143
0.00021761001
0.0002171088
0.00021662976
0.00021618423
0.00021578394
0.00021544017
0.00021516301
0.00021496177
0.00021484513
0.00021482133
0.00021489827
0.00021508326
0.00021538248
0.00021553066
0.0002151318
0.00021482064
0.00021461653
0.00021453794
0.00021459915
0.00021480681
0.0002151577
0.00021563862
0.00021622854
0.00021690158
0.00021763037
0.00021838871
0.00021915336
0.00021990502
0.0002206286
0.00022131297
0.00022195045
0.00022253616
0.00022306745
0.00022354317
0.00022396252
0.0002243115
0.00022257597
0.00022228729
0.00022199157
0.00022167165
0.0002213253
0.00022095132
0.00022054799
0.00022011515
0.00021965357
0.00021916531
0.0002186541
0.00021812553
0.0002175873
0.00021704921
0.00021652279
0.0002160217
0.00021555901
0.0002151479
0.00021480072
0.00021452817
0.00021433989
0.00021424477
0.00021425135
0.0002143681
0.00021460328
0.00021496431
0.0002151622
0.0002146589
0.00021424556
0.00021394703
0.00021378824
0.00021378971
0.00021396242
0.00021430439
0.00021480054
0.00021542564
0.00021614859
0.00021693682
0.00021775965
0.00021859043
0.00021940753
0.00022019446
0.00022093945
0.00022163472
0.00022227566
0.00022286009
0.00022338743
0.00022385768
0.00022425829
0.0002221722
0.00022189001
0.00022159767
0.00022127776
0.00022092801
0.00022054709
0.00022013316
0.00021968598
0.00021920622
0.00021869604
0.00021815938
0.00021760236
0.00021703351
0.00021646392
0.00021590683
0.00021537794
0.00021489237
0.00021446505
0.00021410949
0.000213837
0.00021365741
0.00021357968
0.00021361261
0.00021376535
0.00021404741
0.00021446808
0.00021474252
0.00021412573
0.00021360046
0.00021319806
0.00021295154
0.00021288953
0.00021302864
0.00021336823
0.00021389023
0.00021456349
0.00021534991
0.00021621031
0.00021710862
0.00021801436
0.0002189035
0.00021975837
0.00022056687
0.00022132148
0.00022201824
0.00022265573
0.00022323426
0.00022375485
0.00022420624
0.00022175683
0.00022148196
0.00022119409
0.00022087526
0.00022052304
0.00022013589
0.00021971175
0.00021925013
0.00021875153
0.00021821798
0.00021765355
0.00021706473
0.00021646085
0.00021585435
0.00021526046
0.0002146973
0.00021418253
0.00021373319
0.00021336411
0.00021308711
0.00021291197
0.00021284745
0.00021290246
0.00021308689
0.00021341185
0.00021388916
0.0002142745
0.00021353335
0.00021288383
0.00021236498
0.00021202007
0.00021188858
0.00021199477
0.00021233954
0.00021290026
0.00021363744
0.00021450357
0.00021545107
0.00021643742
0.00021742789
0.00021839612
0.00021932357
0.00022019825
0.0002210134
0.00022176607
0.00022245604
0.0002230848
0.0002236546
0.00022415549
0.00022133185
0.00022106617
0.00022078416
0.0002204676
0.00022011393
0.00021972135
0.00021928744
0.00021881136
0.00021829324
0.00021773482
0.00021714007
0.0002165157
0.00021587177
0.00021522212
0.00021458424
0.00021397926
0.00021342805
0.00021295025
0.00021256221
0.00021227605
0.00021210111
0.00021204554
0.00021211806
0.00021232922
0.00021269209
0.00021322181
0.0002137615
0.0002128831
0.000212094
0.00021144223
0.00021098417
0.00021077415
0.00021084726
0.00021120631
0.00021182173
0.00021264222
0.00021360768
0.00021465981
0.00021574849
0.00021683442
0.00021788913
0.00021889371
0.00021983692
0.00022071329
0.00022152147
0.0002222628
0.00022294029
0.00022355766
0.00022410632
0.00022089964
0.00022064373
0.00022036867
0.00022005557
0.00021970155
0.00021930446
0.00021886141
0.00021837103
0.00021783287
0.00021724818
0.00021662055
0.00021595672
0.00021526727
0.00021456749
0.00021387746
0.00021322206
0.00021262629
0.00021211317
0.00021170072
0.00021140108
0.00021122246
0.00021117178
0.00021125704
0.00021148931
0.00021188385
0.00021246004
0.00021318029
0.00021217803
0.00021123058
0.0002104245
0.00020983299
0.00020953115
0.00020956992
0.00020995461
0.00021064511
0.00021157326
0.0002126619
0.00021383931
0.00021504648
0.0002162394
0.00021738802
0.00021847387
0.00021948727
0.00022042482
0.00022128732
0.00022207816
0.00022280223
0.00022346488
0.00022405911
0.00022046151
0.00022021791
0.00021995157
0.00021964344
0.00021929047
0.0002188901
0.00021843887
0.0002179347
0.00021737632
0.00021676417
0.00021610117
0.00021539374
0.00021465275
0.00021389482
0.00021314298
0.00021242686
0.00021177694
0.00021122069
0.00021077811
0.00021046078
0.00021027489
0.00021022508
0.00021031795
0.00021056468
0.0002109829
0.00021159719
0.00021243674
0.0002114228
0.00021029435
0.00020930644
0.00020855368
0.00020814061
0.00020814222
0.0002085674
0.00020935959
0.00021042635
0.0002116675
0.00021299444
0.00021433816
0.00021565019
0.00021689988
0.00021807037
0.00021915466
0.0002201523
0.00022106696
0.0002219046
0.0002226723
0.0002233773
0.00022401431
0.00022002253
0.00021979129
0.00021953471
0.00021923287
0.00021888234
0.00021847997
0.00021802164
0.00021750433
0.00021692572
0.00021628505
0.00021558419
0.00021482878
0.00021402962
0.00021320437
0.00021237938
0.00021159029
0.00021087512
0.00021026736
0.00020978944
0.00020945147
0.00020925606
0.00020920419
0.00020929995
0.00020955394
0.00020998611
0.00021062722
0.00021151665
0.00021062534
0.0002092887
0.00020808375
0.00020713154
0.00020657882
0.00020653805
0.00020702379
0.00020795323
0.00020919857
0.00021062836
0.00021213324
0.00021363335
0.00021507675
0.00021643383
0.00021769104
0.00021884549
0.00021990079
0.00022086426
0.00022174492
0.00022255243
0.00022329609
0.00022397247
0.00021958133
0.00021936582
0.00021912118
0.00021882757
0.0002184814
0.00021807902
0.00021761544
0.00021708657
0.00021648867
0.0002158194
0.000215079
0.00021427181
0.00021340787
0.00021250536
0.00021159405
0.00021071729
0.00020992351
0.00020925478
0.00020873641
0.00020837569
0.00020816934
0.00020811268
0.00020820596
0.00020845832
0.00020889168
0.00020954387
0.00021046702
0.00020979728
0.00020822053
0.00020675396
0.00020554987
0.00020481528
0.00020472306
0.00020529766
0.00020641293
0.00020788908
0.00020955216
0.00021126789
0.00021294563
0.00021453207
0.00021600126
0.0002173453
0.00021856724
0.00021967604
0.00022068349
0.00022160222
0.00022244472
0.00022322254
0.00022393419
0.00021914848
0.00021894806
0.00021871636
0.00021843253
0.00021809253
0.00021769202
0.00021722506
0.00021668622
0.00021607002
0.000215372
0.00021459012
0.00021372666
0.00021279007
0.00021179805
0.00021078351
0.00020979965
0.00020890988
0.0002081688
0.00020760555
0.00020722241
0.00020700672
0.00020694531
0.00020703286
0.00020727559
0.00020769621
0.00020834007
0.00020927469
0.00020895507
0.00020710198
0.00020531844
0.00020379043
0.00020281041
0.00020265091
0.00020335592
0.00020472472
0.00020650072
0.00020845216
0.00021041625
0.00021229335
0.00021403273
0.00021561602
0.00021704418
0.00021832839
0.0002194844
0.0002205293
0.0002214798
0.00022235141
0.00022315802
0.00022390013
0.00021871559
0.00021853439
0.00021831807
0.00021804626
0.00021771488
0.000217319
0.00021685166
0.00021630591
0.00021567421
0.00021494941
0.0002141264
0.0002132044
0.00021218915
0.00021109623
0.00020996041
0.00020884711
0.00020784148
0.00020701696
0.00020640765
0.00020600699
0.00020578723
0.0002057226
0.00020580029
0.0002060221
0.0002064099
0.00020701673
0.00020792911
0.00020812427
0.00020595342
0.00020378542
0.0002018352
0.0002005124
0.00020025709
0.00020115611
0.00020287469
0.00020504263
0.00020734989
0.00020960378
0.00021170077
0.00021359939
0.0002152946
0.00021680025
0.00021813827
0.00021933265
0.00022040654
0.00022138103
0.00022227477
0.00022310395
0.00022387097
0.00021830502
0.00021814154
0.00021794158
0.00021768377
0.00021736361
0.00021697546
0.00021651117
0.00021596206
0.00021531813
0.00021456888
0.00021370499
0.00021272132
0.00021161938
0.00021041018
0.00020912732
0.00020785051
0.00020669737
0.00020577092
0.00020511224
0.00020470039
0.00020448407
0.00020441978
0.00020448606
0.0002046792
0.00020501682
0.00020555763
0.0002064096
0.00020730208
0.00020480417
0.00020217532
0.00019967111
0.00019785419
0.00019744876
0.00019864345
0.00020085103
0.00020353465
0.00020627901
0.00020886612
0.00021119935
0.00021325724
0.000215056
0.00021662736
0.00021800674
0.00021922772
0.00022032004
0.00022130924
0.00022221702
0.00022306169
0.00022384737
0.00021789625
0.00021775521
0.00021757416
0.0002173327
0.00021702657
0.00021664953
0.0002161923
0.00021564435
0.00021499303
0.00021422397
0.00021332254
0.00021227772
0.00021108525
0.00020974836
0.00020829355
0.00020681507
0.00020547962
0.00020443803
0.00020374075
0.00020334279
0.0002031546
0.00020310618
0.0002031663
0.00020332436
0.0002035871
0.00020401415
0.0002047389
0.00020594845
0.00020371445
0.00020053595
0.00019730307
0.00019475469
0.00019408963
0.00019574833
0.00019864861
0.00020201456
0.00020529105
0.00020825232
0.00021082905
0.00021303614
0.0002149214
0.00021654008
0.00021794369
0.00021917629
0.00022027431
0.00022126748
0.00022218019
0.0002230325
0.00022382996
0.00021754786
0.00021742679
0.00021726569
0.0002170433
0.00021675514
0.0002163944
0.00021595066
0.00021541153
0.00021476148
0.00021398165
0.00021305058
0.00021194878
0.00021066385
0.00020918721
0.0002075271
0.00020578638
0.00020420644
0.00020301919
0.00020228692
0.00020192595
0.00020178493
0.00020175596
0.00020180176
0.00020191031
0.00020207036
0.00020233619
0.00020287038
0.00020391772
0.00020275117
0.00019895955
0.00019479426
0.0001911446
0.00018998391
0.00019238683
0.00019627776
0.00020054997
0.00020446368
0.00020782877
0.00021063933
0.00021297017
0.00021491327
0.00021655288
0.00021795834
0.00021918428
0.00022027318
0.00022125828
0.00022216595
0.00022301746
0.0002238193
0.00021727718
0.00021718155
0.00021704477
0.00021684619
0.00021658177
0.00021624417
0.00021582187
0.00021530058
0.00021466176
0.0002138818
0.00021293127
0.00021177951
0.00021040372
0.00020878148
0.00020688697
0.00020481192
0.00020291125
0.00020156239
0.00020083776
0.00020059209
0.00020057158
0.00020061256
0.00020068077
0.00020077502
0.00020084525
0.00020091646
0.00020117329
0.0002019238
0.00020228996
0.00019777433
0.00019239154
0.0001870526
0.00018487401
0.00018847837
0.00019379075
0.00019926125
0.00020391359
0.00020768359
0.00021068926
0.00021309623
0.00021505371
0.00021667873
0.0002180583
0.00021925618
0.00022031942
0.00022128341
0.00022217547
0.00022301734
0.0002238158
0.00021733325
0.00021726454
0.00021715743
0.00021698996
0.0002167583
0.00021645489
0.00021606762
0.00021558094
0.00021497408
0.00021421939
0.00021327931
0.00021210852
0.00021066877
0.00020892226
0.00020678701
0.00020428735
0.00020193927
0.00020040153
0.00019973716
0.00019971007
0.00019989251
0.00020003525
0.00020012161
0.00020019397
0.00020013119
0.00019989539
0.00019971548
0.00019995888
0.00020110241
0.00019734601
0.00019059628
0.00018284115
0.00017852275
0.00018405692
0.00019136459
0.00019835918
0.00020381222
0.00020792959
0.00021104536
0.00021345077
0.00021536179
0.00021692726
0.00021824832
0.00021939437
0.00022041426
0.00022134358
0.00022220927
0.00022303252
0.00022381973
0.00021807401
0.00021804061
0.00021797836
0.00021786051
0.00021768335
0.00021743926
0.00021711607
0.00021669754
0.00021616091
0.00021547465
0.00021459235
0.00021344879
0.00021197962
0.00021013298
0.00020776005
0.00020470104
0.00020167095
0.00019994201
0.00019948247
0.00019993468
0.0002005444
0.00020092295
0.00020110148
0.00020127103
0.00020121352
0.00020071895
0.00020014195
0.00019971787
0.00020068752
0.00019970502
0.00019123479
0.00017995118
0.00017085621
0.00017953757
0.00018936318
0.00019816924
0.0002043992
0.00020870326
0.00021177524
0.00021406397
0.00021584951
0.00021730238
0.00021852902
0.00021959833
0.000220557
0.00022143828
0.00022226706
0.00022306294
0.00022383112
0.00022069824
0.00022074046
0.00022076486
0.00022073964
0.00022066281
0.00022052751
0.00022032276
0.00022003325
0.00021963634
0.00021909952
0.00021837259
0.00021737368
0.00021600353
0.00021419936
0.0002117726
0.00020814844
0.0002040975
0.00020239463
0.00020254772
0.0002040874
0.00020559806
0.00020651671
0.00020698279
0.00020758196
0.0002079553
0.00020711429
0.00020603434
0.00020420881
0.00020486942
0.00020343734
0.00019646191
0.00018113619
0.00016213991
0.00017617253
0.00018856936
0.00019938665
0.00020605475
0.0002101658
0.00021293516
0.00021495024
0.00021651656
0.00021779964
0.0002188956
0.00021986411
0.00022074475
0.00022156557
0.00022234771
0.00022310805
0.00022384982
0.00022636943
0.00022650537
0.00022666072
0.00022678189
0.00022686639
0.00022690934
0.00022690372
0.00022683921
0.00022669854
0.00022645456
0.0002260619
0.00022542884
0.00022439612
0.00022282952
0.0002205542
0.00021628329
0.00020982558
0.00020822961
0.00020924997
0.00021275164
0.00021589233
0.00021785928
0.0002186781
0.00021994671
0.0002217872
9.2880215e-05
9.5417479e-05
9.7699212e-05
9.99097e-05
0.00010294578
9.4488766e-05
8.6184796e-05
0.00010663756
0.00017919705
0.00019329914
0.00020401299
0.00020935755
0.00021245239
0.00021453554
0.00021609238
0.00021734394
0.00021840385
0.00021933703
0.00022018401
0.00022097233
0.0002217221
0.00022244917
0.00022316675
0.00022387539
0.00023893088
0.00023936583
0.0002398531
0.00024032665
0.00024079472
0.00024126085
0.00024172922
0.00024220325
0.00024268175
0.0002431551
0.00024359649
0.00024392429
0.00024392023
0.00024328043
0.00024199157
0.00023861861
0.00022674212
0.00022855116
0.00023452292
0.00024759997
0.00025975571
0.00026908641
0.00012698194
0.00016767839
0.0003242203
0.00046194669
0.00049956686
0.00049956686
0.00049956686
0.00049956686
0.00049956686
0.00045029244
0.00033643492
6.8069837e-05
0.00021283448
0.00021334308
0.00021428095
0.00021541196
0.0002164665
0.00021742154
0.00021828913
0.00021908831
0.00021983617
0.00022054692
0.0002212325
0.00022190326
0.00022256863
0.00022323749
0.00022390718
0.00026349523
0.0002644616
0.00026557389
0.00026673122
0.00026795164
0.00026925739
0.0002706798
0.00027225889
0.00027404431
0.00027609913
0.00027850871
0.00028138129
0.00028481054
0.00028884606
0.0002938327
0.00030307969
0.000271836
0.00029941228
0.00035056495
0.00037865678
0.00027710314
0.00031449147
0.00049956686
0.00049956686
0.00049956686
0.00049956686
0.00049956686
0.00049956686
0.00049956686
0.00049956686
0.00041274029
0.00041843042
0.00010209389
0.00026630827
0.00023097795
0.00022197699
0.00021917824
0.00021845368
0.00021848542
0.00021882306
0.00021929136
0.00021981792
0.00022037157
0.00022093925
0.00022151653
0.00022210344
0.00022270264
0.00022331834
0.00022394436
0.00030119548
0.000303298
0.0003054061
0.00030759298
0.00030992954
0.00031248401
0.00031533771
0.00031859887
0.00032242052
0.00032703633
0.00033283272
0.00034040849
0.00035045889
0.00036309364
0.00038227768
0.00040227828
0.00024377945
0.00025779107
0.00025253059
0.00049497666
0.00047713637
0.0004865074
0.00047872548
0.00047375111
0.00047748014
0.00045869584
0.00045176361
0.00045355947
0.00044099585
0.00043659983
0.00010701005
0.00010775786
0.00022003608
0.00025239391
0.00023681311
0.00022730013
0.00022302377
0.00022114109
0.00022038279
0.00022018761
0.00022028929
0.00022055621
0.00022092056
0.00022134647
0.00022181496
0.00022231654
0.00022284734
0.00022340705
0.00022398592
0.00029060771
0.00029119478
0.00029144698
0.0002916774
0.00029188945
0.00029211604
0.00029238479
0.00029273341
0.00029321413
0.00029390235
0.00029490897
0.00029613373
0.0002970744
0.00029768773
0.00029484791
0.0001046398
0.00037840677
0.00047260468
0.00047016958
0.00049375684
0.00048610455
0.0004824352
0.00012433309
0.00012138503
0.00010085121
0.0001001346
0.00010070942
0.00010205738
0.00010301331
0.00010460726
0.00020138751
0.00020786869
0.00021828984
0.00023923062
0.00023951183
0.00023066096
0.00022587225
0.00022334349
0.00022204488
0.000221438
0.00022123308
0.00022127101
0.00022146208
0.0002217546
0.00022211846
0.00022253633
0.00022299874
0.00022350126
0.00022403075
0.00022359317
0.00022339705
0.00022306708
0.00022274602
0.0002224417
0.00022217073
0.00022194776
0.00022179413
0.00022173966
0.00022182577
0.00022211008
0.00022223471
0.00022137561
0.00021972469
0.00021718254
0.00021431164
9.6275003e-05
9.93869e-05
9.9972608e-05
9.987303e-05
0.00010024232
0.0001002657
0.00021271722
0.00021098449
0.00020909685
0.00020571056
0.00020459892
0.0002040396
0.00020226889
0.0002022877
0.00020346516
0.0002091863
0.00021842429
0.00023236163
0.00023804921
0.0002323942
0.00022777976
0.00022502134
0.00022341654
0.00022252727
0.00022208768
0.00022193733
0.00022197857
0.00022215135
0.00022241846
0.00022275694
0.00022315294
0.00022359859
0.00022407772
0.0002191601
0.00021923341
0.00021935572
0.00021948505
0.00021963216
0.00021980853
0.00022002608
0.00022030025
0.00022064987
0.00022109686
0.0002216665
0.00022171407
0.0002210239
0.00021987935
0.00021829676
0.00021570258
0.00021299049
0.00021436904
0.00021612292
0.00021439431
0.0002125598
0.00021138692
0.00021022492
0.00020849818
0.0002074581
0.00020583735
0.00020492875
0.00020435322
0.00020362861
0.00020409905
0.0002060854
0.00021105044
0.00021871739
0.00022827157
0.00023398037
0.00023310471
0.00022895083
0.00022622372
0.00022449312
0.00022343625
0.00022283309
0.00022253828
0.00022245686
0.00022252681
0.00022270769
0.00022297315
0.00022330634
0.00022369676
0.00022412571
0.00021773878
0.0002178201
0.0002179469
0.0002180847
0.00021823604
0.000218408
0.00021860864
0.00021884863
0.00021914004
0.00021949571
0.00021992927
0.00021962642
0.00021892184
0.00021792769
0.00021663846
0.00021490506
0.00021367525
0.00021443103
0.00021543805
0.00021363601
0.00021205085
0.00021083317
0.00020967658
0.00020845953
0.00020750118
0.00020643998
0.0002057883
0.00020542757
0.00020535453
0.00020623205
0.00020847839
0.00021277251
0.00021891387
0.00022576371
0.00023043755
0.00023233706
0.00022956592
0.00022702518
0.00022529698
0.00022416522
0.00022346171
0.00022306456
0.00022288828
0.00022287374
0.00022298038
0.00022318057
0.00022345578
0.00022379372
0.00022417368
0.00021704637
0.00021716873
0.00021731016
0.00021746132
0.00021762746
0.00021781455
0.00021802847
0.00021827657
0.00021856576
0.00021890134
0.00021927617
0.00021891346
0.00021831133
0.00021749057
0.00021643246
0.00021522262
0.00021454827
0.00021498995
0.0002151234
0.00021352423
0.00021214102
0.00021099578
0.00020994143
0.00020896047
0.00020813951
0.00020740324
0.00020698431
0.00020686981
0.0002071669
0.00020826112
0.00021047509
0.00021413444
0.0002190123
0.00022414526
0.00022798895
0.00023033213
0.00022979243
0.00022750924
0.00022586492
0.00022472708
0.00022397519
0.0002235131
0.00022326823
0.00022318741
0.00022323235
0.0002233758
0.00022359867
0.00022388769
0.0002242207
0.00021675629
0.00021683303
0.00021695117
0.00021708665
0.00021723731
0.00021740641
0.00021759754
0.00021781554
0.00021806432
0.00021834569
0.00021862127
0.00021826792
0.00021777937
0.00021714953
0.00021638227
0.00021561726
0.00021527988
0.00021562721
0.00021505485
0.00021368427
0.00021247703
0.00021144098
0.00021051345
0.00020969592
0.00020902269
0.0002085051
0.00020826473
0.00020833827
0.00020884279
0.00021001913
0.00021208528
0.00021518342
0.00021908197
0.00022306893
0.00022625617
0.00022841021
0.0002293216
0.00022774979
0.00022623738
0.00022514123
0.0002243812
0.00022388548
0.00022359542
0.0002234654
0.00022346092
0.00022355634
0.00022373296
0.00022397721
0.00022426598
0.00021661285
0.0002167287
0.00021685652
0.0002169932
0.00021714237
0.00021730689
0.00021748835
0.00021768866
0.00021790807
0.00021814397
0.00021834648
0.00021802993
0.0002176155
0.00021710947
0.00021654247
0.00021605204
0.00021589737
0.00021608424
0.00021509089
0.00021393155
0.00021288803
0.00021197461
0.00021117331
0.00021049318
0.00020995832
0.00020960223
0.0002095007
0.00020970663
0.00021032146
0.00021150113
0.00021338148
0.00021600655
0.00021916364
0.00022234926
0.00022501633
0.00022695556
0.00022817888
0.00022781199
0.00022645376
0.00022542972
0.00022469092
0.00022418648
0.00022387107
0.00022370712
0.0002236647
0.0002237206
0.0002238572
0.00022406115
0.00022430888
0.00021654429
0.00021661839
0.00021672734
0.00021685173
0.00021698902
0.00021714023
0.00021730556
0.00021748535
0.00021767802
0.0002178788
0.000218061
0.00021780418
0.00021748064
0.00021710265
0.0002167108
0.00021641785
0.00021638508
0.00021617378
0.00021517138
0.00021419868
0.00021330744
0.0002125195
0.00021183912
0.00021128097
0.00021086882
0.00021063903
0.00021064652
0.00021094421
0.00021161227
0.00021275233
0.00021444231
0.00021667549
0.00021926994
0.00022187211
0.00022412435
0.00022585286
0.00022703264
0.00022752369
0.0002265484
0.00022561428
0.00022491697
0.00022442277
0.00022409821
0.00022391346
0.00022384343
0.00022386778
0.00022397043
0.00022413869
0.00022434892
0.00021649426
0.00021658934
0.00021669894
0.00021681678
0.00021694429
0.00021708239
0.00021723027
0.00021738691
0.00021754935
0.00021771152
0.00021786141
0.00021767153
0.00021741653
0.00021713678
0.00021687424
0.00021671543
0.00021667931
0.00021609907
0.00021527718
0.00021446671
0.00021371518
0.00021304883
0.00021248274
0.00021203528
0.0002117308
0.00021160316
0.00021169575
0.00021205515
0.0002127416
0.00021382025
0.0002153305
0.00021724152
0.00021940396
0.00022156719
0.00022348583
0.00022501993
0.00022613003
0.0002268466
0.00022655115
0.00022571511
0.00022507217
0.00022460197
0.00022428095
0.0002240863
0.00022399767
0.00022399771
0.00022407218
0.00022420933
0.00022438575
0.00021646737
0.00021653821
0.00021663623
0.0002167456
0.00021686414
0.00021699159
0.0002171262
0.00021726599
0.00021740703
0.0002175425
0.00021766127
0.00021756309
0.00021737244
0.00021717657
0.00021701416
0.00021695058
0.00021669866
0.00021607798
0.00021540453
0.00021473454
0.00021410956
0.00021355713
0.00021309715
0.00021274993
0.00021253946
0.00021249585
0.00021265441
0.00021305353
0.00021373688
0.0002147447
0.00021609205
0.00021773864
0.00021956441
0.00022138857
0.00022303629
0.00022439614
0.0002254252
0.00022613341
0.00022639493
0.00022574983
0.00022516869
0.00022473191
0.00022442401
0.00022422825
0.00022412862
0.00022411078
0.00022416237
0.00022427282
0.00022441919
0.00021644826
0.00021652476
0.00021661854
0.00021671962
0.00021682764
0.00021694231
0.00021706143
0.00021718258
0.0002173015
0.0002174114
0.00021750204
0.00021748478
0.00021734682
0.00021721736
0.00021712984
0.00021700397
0.00021660676
0.00021610027
0.00021555103
0.00021500298
0.00021449178
0.00021404412
0.00021368143
0.00021342443
0.00021329583
0.00021332182
0.00021353125
0.0002139544
0.0002146219
0.000215557
0.00021676008
0.00021818918
0.00021974851
0.00022130505
0.00022273051
0.00022393634
0.00022488126
0.00022556377
0.00022600842
0.00022573356
0.00022521754
0.00022482019
0.00022453232
0.00022434229
0.00022423794
0.00022420773
0.00022424124
0.00022432914
0.00022444914
0.00021644272
0.0002165073
0.00021659357
0.00021668759
0.00021678748
0.00021689237
0.00021699966
0.0002171066
0.00021720881
0.00021729982
0.00021737046
0.00021739651
0.00021732986
0.00021724543
0.0002171431
0.00021691334
0.00021656933
0.00021615819
0.00021571442
0.00021527268
0.00021486325
0.00021451086
0.00021423658
0.00021406041
0.00021400311
0.00021408713
0.00021433578
0.00021477218
0.00021541697
0.00021628193
0.00021735908
0.00021860857
0.000219954
0.00022129555
0.00022253681
0.00022360727
0.00022446951
0.00022511604
0.00022556077
0.00022567685
0.00022522852
0.00022487391
0.00022461079
0.00022443162
0.00022432757
0.00022428963
0.00022430927
0.00022437844
0.00022447563
0.00021644442
0.00021650763
0.00021658859
0.00021667527
0.00021676637
0.000216861
0.00021695645
0.00021704994
0.00021713726
0.00021721253
0.00021726783
0.00021729314
0.00021727391
0.00021720508
0.00021706618
0.0002168542
0.00021657415
0.00021624444
0.00021589147
0.00021554292
0.00021522438
0.00021495811
0.00021476376
0.00021465985
0.00021466485
0.00021479765
0.00021507678
0.00021551932
0.00021613842
0.00021693824
0.00021790641
0.00021900679
0.00022017819
0.0002213443
0.00022243131
0.00022338287
0.00022416615
0.00022477092
0.00022520434
0.00022548468
0.00022520991
0.00022489948
0.00022466408
0.00022449945
0.00022439959
0.00022435774
0.00022436713
0.00022442101
0.00022449873
0.0002164549
0.00021651189
0.00021658731
0.00021666784
0.00021675174
0.00021683792
0.00021692366
0.00021700627
0.00021708188
0.0002171453
0.0002171899
0.00021720761
0.00021718931
0.00021712554
0.00021700825
0.00021683529
0.00021661193
0.00021635292
0.00021607904
0.00021581268
0.00021557541
0.00021538682
0.00021526463
0.00021522543
0.00021528521
0.00021545957
0.00021576287
0.00021620727
0.00021680033
0.00021754123
0.00021841565
0.00021939159
0.0002204197
0.00022144073
0.00022239729
0.00022324416
0.00022395315
0.00022451326
0.00022492746
0.00022520846
0.0002251691
0.00022490273
0.00022469658
0.00022454896
0.00022445615
0.00022441342
0.00022441559
0.00022445723
0.00022451859
0.00021647137
0.00021652522
0.00021659592
0.00021667055
0.00021674754
0.00021682586
0.00021690285
0.00021697606
0.00021704203
0.00021709638
0.00021713366
0.00021714757
0.00021713129
0.00021707827
0.00021698357
0.00021684729
0.00021667468
0.00021647788
0.00021627365
0.00021608027
0.0002159159
0.00021579747
0.00021574053
0.00021575953
0.00021586795
0.00021607833
0.00021640146
0.00021684545
0.00021741377
0.00021810239
0.00021889644
0.00021976793
0.00022067675
0.00022157626
0.00022242131
0.00022317554
0.00022381511
0.00022432938
0.00022471893
0.00022499266
0.00022510785
0.0002248886
0.00022471223
0.00022458308
0.00022449937
0.00022445806
0.00022445549
0.00022448753
0.00022453538
0.0002164933
0.00021654336
0.0002166098
0.00021667939
0.00021675047
0.00021682206
0.00021689168
0.00021695715
0.00021701554
0.00021706323
0.00021709594
0.00021710891
0.00021709729
0.0002170568
0.00021698478
0.00021688281
0.00021675598
0.00021661451
0.00021647221
0.00021634411
0.00021624546
0.00021619066
0.00021619306
0.00021626484
0.00021641705
0.00021665942
0.00021699963
0.00021744253
0.0002179885
0.00021863151
0.00021935689
0.00022014027
0.00022094881
0.00022174534
0.00022249408
0.00022316574
0.00022374049
0.0002242087
0.00022456978
0.00022483011
0.0002250007
0.00022486178
0.00022471483
0.00022460477
0.00022453139
0.00022449314
0.00022448772
0.00022451231
0.00022454925
0.00021651949
0.0002165667
0.00021662946
0.00021669451
0.00021676027
0.00021682592
0.00021688915
0.00021694815
0.00021700051
0.00021704337
0.00021707351
0.00021708756
0.00021708227
0.00021705521
0.00021700538
0.00021693536
0.00021685005
0.00021675826
0.00021667151
0.00021660228
0.00021656327
0.00021656659
0.00021662335
0.00021674354
0.00021693583
0.00021720741
0.00021756323
0.00021800543
0.00021853211
0.0002191359
0.00021980274
0.0002205114
0.00022123475
0.00022194297
0.00022260751
0.0002232049
0.00022371891
0.00022414132
0.00022447118
0.00022471336
0.00022487678
0.00022482566
0.00022470724
0.00022461629
0.00022455392
0.00022451984
0.00022451297
0.00022453187
0.00022456025
0.00021654869
0.00021659352
0.0002166532
0.00021671437
0.00021677555
0.00021683605
0.00021689384
0.00021694747
0.00021699505
0.00021703448
0.00021706351
0.00021707995
0.00021708196
0.00021706856
0.00021704003
0.00021699966
0.00021695219
0.00021690534
0.00021686889
0.0002168532
0.00021686881
0.00021692567
0.00021703282
0.00021719808
0.00021742789
0.00021772705
0.00021809811
0.00021854094
0.00021905183
0.00021962256
0.00022023973
0.00022088479
0.00022153518
0.00022216679
0.00022275686
0.00022328674
0.00022374347
0.00022412048
0.00022441704
0.00022463722
0.00022478853
0.00022478453
0.0002246932
0.00022462072
0.00022456931
0.00022453982
0.00022453222
0.00022454647
0.0002245683
0.00021658003
0.00021662313
0.00021668027
0.0002167381
0.00021679525
0.00021685123
0.00021690429
0.00021695336
0.00021699708
0.00021703403
0.00021706284
0.00021708239
0.00021709204
0.00021709199
0.00021708356
0.00021707058
0.00021705769
0.00021705178
0.00021706123
0.0002170947
0.00021716081
0.00021726758
0.00021742205
0.00021762998
0.00021789568
0.00021822174
0.00021860854
0.00021905398
0.00021955281
0.00022009619
0.00022067137
0.000221262
0.00022184917
0.00022241336
0.00022293653
0.00022340413
0.00022380623
0.00022413803
0.00022439944
0.00022459431
0.00022472931
0.00022473968
0.00022467369
0.00022461868
0.00022457781
0.00022455304
0.0002245452
0.00022455545
0.0002245726
0.00021661132
0.00021665393
0.00021670922
0.00021676426
0.00021681788
0.00021686987
0.00021691877
0.00021696388
0.00021700434
0.00021703939
0.00021706813
0.00021709136
0.00021710851
0.00021712113
0.00021713139
0.00021714362
0.00021716239
0.000217194
0.00021724573
0.00021732478
0.00021743815
0.00021759206
0.00021779168
0.00021804083
0.00021834175
0.00021869498
0.00021909886
0.00021954949
0.00022004028
0.0002205618
0.00022110182
0.00022164576
0.00022217768
0.0002226818
0.00022314405
0.00022355344
0.0002239029
0.00022418951
0.00022441419
0.00022458094
0.00022469606
0.00022469534
0.00022465276
0.00022461384
0.00022458261
0.00022456206
0.00022455377
0.00022455938
0.00022457201
0.00021665953
0.00021670206
0.00021675225
0.00021680133
0.00021684805
0.00021689234
0.0002169331
0.00021697025
0.00021700375
0.00021703393
0.0002170613
0.00021708828
0.00021711611
0.00021714819
0.00021718731
0.00021722212
0.00021726949
0.00021733527
0.00021742589
0.00021754734
0.00021770516
0.00021790397
0.00021814715
0.00021843665
0.00021877277
0.00021915402
0.00021957683
0.00022003554
0.00022052227
0.00022102694
0.00022153762
0.00022204113
0.00022252392
0.00022297336
0.00022337877
0.00022373246
0.00022403008
0.00022427074
0.00022445658
0.00022459217
0.00022465892
0.00022465307
0.00022463116
0.00022460602
0.00022458245
0.00022456453
0.00022455487
0.00022455468
0.00022456028
0.00021923677
0.00021923257
0.00021922813
0.00021922072
0.00021921
0.00021919625
0.00021917866
0.00021915745
0.00021913304
0.00021910632
0.00021907884
0.00021905289
0.00021903163
0.0002190191
0.0002190189
0.00021902014
0.00021904038
0.00021908547
0.00021916132
0.00021927304
0.00021942489
0.00021961998
0.00021985993
0.00022014475
0.00022047261
0.00022083982
0.00022124058
0.00022166714
0.00022210986
0.00022255756
0.000222998
0.00022341874
0.00022380799
0.00022415571
0.0002244543
0.00022469923
0.00022488906
0.00022502526
0.00022511174
0.00022515414
0.00022513431
0.00022508664
0.00022502307
0.0002249498
0.00022487239
0.00022479586
0.00022472434
0.00022465913
0.00022458783
0.00030385004
0.00021437305
0.00018954618
0.00018398655
0.00019157446
0.00021632406
0.00024377945
0.00021211414
0.00018164021
0.00015454124
0.00038541229
0.00025253059
0.00022876232
0.00023342674
0.00025699584
0.0003053826
0.00035368048
0.00021012893
0.00015355732
0.00012664779
0.00043114391
0.00027832155
0.00024687304
0.00024795847
0.00026845039
0.0003110765
0.00031986666
0.00019382206
0.00014547733
0.00012210377
0.0004415544
0.00030064767
0.00026571335
0.00026347318
0.00028074939
0.00031741992
0.00027759649
0.00017725674
0.00013705197
0.00011691991
0.00042007872
0.00030867505
0.00027818933
0.00028044294
0.00030171539
0.00035080596
0.00024108904
0.0001631329
0.00012987334
0.00011255935
0.00040413784
0.00031213128
0.00027884771
0.00028148468
0.00030636236
0.00037865678
0.00021393642
0.00015216882
0.0001242212
0.00010927788
0.00040413963
0.00031927916
0.00027997792
0.00027772409
0.0002989763
0.00033498557
0.00019182045
0.00014276843
0.0001193638
0.0001067609
0.00040660927
0.00032328329
0.00028267787
0.00027710314
0.00029418522
0.00027238519
0.00017247494
0.00013363254
0.00011429218
0.00010371365
0.00030085457
0.00021570213
0.0001415717
0.00011405273
0.00010113502
9.4511593e-05
9.1120884e-05
8.9521688e-05
8.8931045e-05
8.8803599e-05
0.00036161957
0.00029958031
0.00027404707
0.00028582446
0.00034634681
0.00020260524
0.00014565046
0.00012009013
0.00010657666
9.9124683e-05
0.00036161678
0.00031449147
0.00029341195
0.00030665988
0.00030963904
0.00017982674
0.00013581183
0.00011461832
0.0001031874
9.6811098e-05
0.00036178753
0.00031238202
0.00029113956
0.0003016266
0.00024381153
0.00016067065
0.00012677025
0.00010966959
0.00010030926
9.5137006e-05
0.00034713745
0.00029661543
0.00028741226
0.00034356378
0.0002077969
0.00014597004
0.00011941111
0.00010554504
9.7876298e-05
9.3660429e-05
0.0003410396
0.00030062866
0.00029989294
0.00033604135
0.00018329258
0.00013598696
0.00011399633
0.00010232956
9.5912262e-05
9.2409045e-05
0.00034104286
0.00029500599
0.00028737373
0.00025773049
0.00016364323
0.00012698194
0.00010908444
9.9495107e-05
9.429328e-05
9.1630516e-05
0.00033988404
0.00031314137
0.00032838174
0.00021463129
0.00014648996
0.00011880124
0.00010470584
9.7028146e-05
9.2879693e-05
9.0773398e-05
0.00031233129
0.00029492833
0.00032898157
0.00018760507
0.00013609717
0.00011337824
0.00010159211
9.5199577e-05
9.1812414e-05
9.012583e-05
0.00031233508
0.00031462119
0.00028672424
0.00016767839
0.00012767958
0.00010886049
9.898658e-05
9.3691925e-05
9.0984484e-05
8.9778398e-05
0.00031489857
0.00030769377
0.00022529161
0.00014929966
0.00011914315
0.00010434194
9.6488522e-05
9.2316021e-05
9.0247842e-05
8.9350027e-05
0.00032338382
0.00035021177
0.00019237643
0.00013589633
0.00011255975
0.00010081586
9.4559546e-05
9.1281271e-05
8.9713802e-05
8.9045513e-05
0.0002987822
0.0003242203
0.0001743703
0.00012872964
0.0001088228
9.8724914e-05
9.3398035e-05
9.0675338e-05
8.944329e-05
8.8996028e-05
0.00029878425
0.00026923423
0.00015906664
0.00012217817
0.00010537695
9.6801179e-05
9.2329155e-05
9.0110107e-05
8.9173268e-05
8.8888083e-05
0.00038613882
0.00031213589
0.00028402787
0.00029593383
0.00033287897
0.00023125502
0.00015686698
0.00012591493
0.00010987247
0.0001008448
0.00029483708
0.00021911894
0.00022732492
0.00024963004
0.00028851645
0.00035921758
0.00044413883
0.00028480168
0.00020111024
0.00015679962
0.0003453135
0.0002336247
0.00021616181
0.0002234188
0.0002481729
0.0002978803
0.00036874607
0.00022594002
0.00016227425
0.00013226028
0.00029623479
0.00021540068
0.00021764547
0.00022616708
0.00024566123
0.00028735915
0.00032227233
0.00024156395
0.00018922405
0.00015641255
0.00029483283
0.00021360366
0.00021239083
0.0002275991
0.00025779107
0.00031482634
0.00040179066
0.00026143317
0.00018354392
0.00014561627
0.00031291494
0.00021881492
0.00020930876
0.00021990862
0.00024609785
0.00029655314
0.00037479019
0.00024100213
0.00017120902
0.00013751899
0.00015516266
0.00011791399
0.00010209389
9.4484208e-05
9.1004844e-05
8.998093e-05
9.0601998e-05
9.2432692e-05
9.5227103e-05
9.8874773e-05
0.00013147971
0.00012153398
0.00011288643
0.00010692338
0.00010321303
0.00010125809
0.00010068872
0.00010124406
0.00010274593
0.0001051006
0.00034612674
0.00018241393
0.00012881143
0.0001078817
9.7943532e-05
9.2880215e-05
9.0356625e-05
8.924143e-05
8.8909799e-05
8.888732e-05
0.00035720597
0.00016645727
0.00012269129
0.00010492077
9.6456079e-05
9.2159228e-05
9.0045168e-05
8.9138935e-05
8.8896469e-05
8.8884463e-05
0.00030534957
0.00015640108
0.00011920157
0.0001035236
9.5972623e-05
9.2100809e-05
9.0182824e-05
8.9355321e-05
8.9130775e-05
8.9113924e-05
0.00026570164
0.00014588741
0.00011525678
0.00010193358
9.5417479e-05
9.2016599e-05
9.0306804e-05
8.9555689e-05
8.9331673e-05
8.9247881e-05
0.00023765073
0.00013801724
0.00011198879
0.00010047006
9.4814237e-05
9.1835376e-05
9.0332644e-05
8.968308e-05
8.9513141e-05
8.9468903e-05
0.00021632489
0.00013137655
0.00010909195
9.9053719e-05
9.4113335e-05
9.1500186e-05
9.0189689e-05
8.9647105e-05
8.9540167e-05
8.9510756e-05
0.00019950033
0.00012577152
0.00010650961
9.7699212e-05
9.3359254e-05
9.1062598e-05
8.9922749e-05
8.9476728e-05
8.9427636e-05
8.943161e-05
0.00018579543
0.00012093549
0.0001041671
9.6387996e-05
9.2556093e-05
9.0538812e-05
8.9556908e-05
8.9200146e-05
8.91725e-05
8.9076065e-05
0.00017425031
0.00011663967
0.00010196512
9.5073602e-05
9.1685877e-05
8.9931809e-05
8.9121282e-05
8.8901769e-05
8.9013977e-05
8.9116588e-05
0.00016432953
0.00011280793
9.99097e-05
9.3786925e-05
9.0782566e-05
8.9263063e-05
8.8604853e-05
8.8494514e-05
8.8681631e-05
8.8814024e-05
0.00015552819
0.00010925825
9.7893453e-05
9.2461431e-05
8.980858e-05
8.8521285e-05
8.8029319e-05
8.8051783e-05
8.8345526e-05
8.8553395e-05
0.0001476872
0.00010604468
9.6008483e-05
9.1194927e-05
8.8855287e-05
8.778471e-05
8.7459423e-05
8.7629903e-05
8.8071709e-05
8.842403e-05
0.00014044424
0.00010294578
9.4065604e-05
8.9820848e-05
8.777433e-05
8.6914965e-05
8.6756367e-05
8.7069101e-05
8.7644245e-05
8.8144531e-05
0.00013368644
0.00010002443
9.2175344e-05
8.847927e-05
8.6733835e-05
8.610836e-05
8.615138e-05
8.6639295e-05
8.7342386e-05
8.7823504e-05
0.00012727328
9.7221921e-05
9.0298895e-05
8.7141516e-05
8.5714991e-05
8.5355108e-05
8.5654797e-05
8.6413152e-05
8.7441686e-05
8.8386769e-05
0.00012107287
9.4488766e-05
8.8398385e-05
8.5771924e-05
8.4688179e-05
8.4623883e-05
8.5212734e-05
8.6249293e-05
8.7514416e-05
8.8560673e-05
0.00011480757
9.1650859e-05
8.6347082e-05
8.4289969e-05
8.3637672e-05
8.3972982e-05
8.4975979e-05
8.6447477e-05
8.8180041e-05
8.9737597e-05
0.00010831336
8.8751273e-05
8.4321065e-05
8.2967134e-05
8.2918428e-05
8.3819297e-05
8.5391211e-05
8.7434858e-05
8.9740068e-05
9.1886685e-05
0.00010177914
8.6184796e-05
8.2845379e-05
8.2373872e-05
8.3119952e-05
8.4779557e-05
8.7131629e-05
8.9984355e-05
9.3082952e-05
9.5835772e-05
9.5429233e-05
8.4237997e-05
8.2229609e-05
8.2849633e-05
8.4711159e-05
8.7578724e-05
9.129928e-05
9.5708809e-05
0.00010057135
0.00010539956
8.8381905e-05
8.2269598e-05
8.2622979e-05
8.5700544e-05
9.0424343e-05
9.6567169e-05
0.0001039451
0.00011208982
0.00011772325
0.00012040324
8.3067255e-05
8.7395335e-05
9.7427439e-05
0.00010475775
0.00010663756
0.00010856029
0.00011096271
0.00011397091
0.00011751354
0.00012124462
7.9865761e-05
7.3855754e-05
6.9025879e-05
6.7112881e-05
6.7174765e-05
6.8577297e-05
7.0965379e-05
7.4125489e-05
7.7906874e-05
8.218756e-05
0.00010295179
7.48486e-05
6.5839878e-05
6.2678895e-05
6.217727e-05
6.3199409e-05
6.5246253e-05
6.8069837e-05
7.1534828e-05
7.558449e-05
6.5145019e-05
9.2125353e-05
0.00011386591
0.00013786646
0.00017320424
0.00022054301
0.000237051
0.0002567358
0.00023932208
9.3975473e-05
9.9495923e-05
0.00010571982
0.00011850525
0.00013950493
0.00017173845
0.00020680687
0.0002569732
0.00029616216
0.00012167847
0.00011764388
0.00011310043
0.00010964235
0.00010716861
0.00010560599
0.00010488984
0.00010495451
0.00010573875
0.00010717389
0.00011647783
0.00011398195
0.00011131101
0.00010934772
0.00010788721
0.00010694963
0.00010653974
0.00010665005
0.00010726396
0.00010831369
0.00011353569
0.00011137108
0.00010973942
0.00010862976
0.00010775786
0.00010721783
0.00010702797
0.00010718015
0.00010763664
0.0001082709
0.00011175173
0.00010929721
0.00010825761
0.00010765158
0.00010713264
0.00010684217
0.00010678474
0.00010693787
0.00010721684
0.00010739815
0.00011064847
0.00010766792
0.00010701005
0.00010672889
0.00010646118
0.00010638737
0.00010649947
0.00010679151
0.00010721482
0.0001076411
0.00011002344
0.00010642713
0.00010603749
0.00010596336
0.00010585946
0.00010593319
0.00010615494
0.00010651793
0.00010695173
0.00010733568
0.00010970475
0.00010539693
0.00010517491
0.00010521146
0.00010519372
0.00010533742
0.00010558565
0.00010592523
0.00010624864
0.00010637052
0.00010960244
0.00010454334
0.00010443516
0.00010453252
0.00010456788
0.00010475612
0.00010502053
0.00010535568
0.00010564789
0.00010573877
0.00010958693
0.00010378435
0.00010382291
0.00010396894
0.0001040597
0.00010430201
0.00010460726
0.00010498429
0.00010532165
0.00010548989
0.00010964068
0.00010314554
0.00010340115
0.00010357916
0.00010370817
0.00010398046
0.0001042983
0.00010467906
0.00010499631
0.0001051117
0.0001098742
0.00010262275
0.00010296252
0.00010314789
0.00010330085
0.00010358734
0.00010390082
0.00010426249
0.00010452659
0.00010453427
0.00011019409
0.00010222057
0.00010265106
0.00010283936
0.00010301331
0.0001033126
0.00010363155
0.00010400519
0.00010429004
0.0001043808
0.00011062173
0.00010180855
0.00010227397
0.00010254227
0.00010273468
0.00010304225
0.00010336104
0.00010373123
0.00010399063
0.00010399946
0.00011111567
0.00010144313
0.00010194024
0.00010231562
0.00010252092
0.00010282791
0.00010313796
0.00010349654
0.00010373354
0.00010373092
0.00011168564
0.00010117089
0.00010161264
0.00010205738
0.00010230774
0.00010260794
0.00010290664
0.00010325372
0.00010347207
0.00010345565
0.00011231234
0.00010097896
0.00010128072
0.00010177089
0.00010211655
0.00010241138
0.00010270182
0.00010303845
0.00010323765
0.00010319761
0.00011297486
0.00010081799
0.0001009695
0.00010150481
0.00010196754
0.0001022755
0.00010255555
0.00010287847
0.00010305535
0.00010297345
0.00011369339
0.00010071493
0.00010070942
0.00010117169
0.00010173074
0.00010213124
0.00010240058
0.00010271336
0.00010288361
0.0001028103
0.00011445616
0.00010066143
0.00010049979
0.00010089521
0.00010146232
0.0001019141
0.00010220744
0.00010250025
0.00010264245
0.00010253681
0.00011525629
0.00010070308
0.00010041505
0.00010077376
0.00010132761
0.00010176073
0.00010205563
0.00010234995
0.00010248487
0.00010236233
0.00011601265
0.00010060962
0.0001001346
0.00010043263
0.00010096548
0.00010148301
0.00010196038
0.00010232167
0.00010243219
0.00010231715
0.00011690716
0.00010071532
0.0001000813
0.00010032114
0.00010081722
0.00010128142
0.00010171241
0.00010203719
0.00010211599
0.00010195313
0.00011775222
0.00010076612
9.9974742e-05
0.00010017789
0.00010066442
0.0001011052
0.00010156508
0.00010192902
0.00010201096
0.00010185672
0.00011862633
0.00010085121
9.9896734e-05
0.00010005983
0.00010053376
0.0001009498
0.00010139133
0.00010178322
0.00010189009
0.00010166492
0.00011950606
0.00010092902
9.9798734e-05
9.992005e-05
0.00010038214
0.00010077609
0.00010120194
0.00010163264
0.00010183274
0.0001016995
0.00012042061
0.00010101935
9.9697082e-05
9.9766464e-05
0.00010020765
0.00010057218
0.00010097616
0.00010138141
0.00010161947
0.00010154278
0.00012138503
0.00010118287
9.9682374e-05
9.9709575e-05
0.00010013445
0.00010047225
0.00010085455
0.00010123054
0.00010143525
0.00010136797
0.00012233401
0.00010132329
9.9638482e-05
9.963011e-05
0.00010004998
0.00010037575
0.00010075296
0.00010111965
0.0001013202
0.00010128479
0.00012330774
0.00010145971
9.957148e-05
9.9513518e-05
9.991656e-05
0.00010022069
0.0001005826
0.00010092833
0.00010110922
0.00010104995
0.00012433309
0.00010167664
9.9604001e-05
9.9506019e-05
9.9894486e-05
0.00010017579
0.00010051822
0.00010083641
0.00010098654
0.00010085491
0.00012532518
0.00010186755
9.9612479e-05
9.9487368e-05
9.987989e-05
0.00010016071
0.00010050891
0.00010083007
0.00010099208
0.00010091198
0.00012631749
0.00010201601
9.9548926e-05
9.9378713e-05
9.9763826e-05
0.00010003706
0.00010038482
0.00010070064
0.00010085906
0.00010075881
0.00012737954
0.00010222956
9.9552571e-05
9.9328985e-05
9.9691867e-05
9.9939568e-05
0.0001002657
0.00010055341
0.00010068578
0.00010055048
0.00012845281
0.00010251478
9.9662699e-05
9.941627e-05
9.9783335e-05
0.00010002972
0.00010035784
0.00010064263
0.00010077638
0.00010065908
0.00012943378
0.00010263786
9.9568458e-05
9.9279872e-05
9.9647065e-05
9.9896856e-05
0.00010023426
0.00010052261
0.00010065875
0.00010052325
0.00013054317
0.00010292729
9.9661868e-05
9.9329807e-05
9.9683219e-05
9.9916785e-05
0.00010024232
0.00010051561
0.00010064426
0.00010051033
0.00013157033
0.00010313268
9.9670702e-05
9.9310027e-05
9.9672623e-05
9.9916579e-05
0.0001002576
0.00010054244
0.00010068547
0.00010058123
0.00013262218
0.00010333094
9.9653209e-05
9.9244075e-05
9.9597481e-05
9.9835019e-05
0.00010017439
0.00010045249
0.00010059028
0.00010043825
0.00013371804
0.00010360783
9.9736948e-05
9.9291389e-05
9.9640676e-05
9.987303e-05
0.00010021023
0.00010048122
0.00010061508
0.00010048371
0.00013474291
0.00010380898
9.9746094e-05
9.9268277e-05
9.962177e-05
9.9859947e-05
0.00010020631
0.00010048163
0.00010062322
0.00010049428
0.00013578537
0.0001040782
9.9849764e-05
9.935175e-05
9.9714664e-05
9.9959965e-05
0.00010031573
0.00010059467
0.00010074235
0.00010062932
0.00013671278
0.00010423585
9.9845944e-05
9.933171e-05
9.9711204e-05
9.9972608e-05
0.00010034636
0.00010063501
0.00010078873
0.00010066274
0.00013764172
0.00010446474
9.9956404e-05
9.9441611e-05
9.9839421e-05
0.00010007845
0.00010038405
0.00010060444
0.00010073326
0.00010062969
0.00013840055
0.0001046051
0.00010004962
9.9475787e-05
9.9731145e-05
9.9870948e-05
0.00010018654
0.00010045914
0.00010064949
0.000100577
0.00013899374
0.00010460674
9.9708731e-05
9.895108e-05
9.9195896e-05
9.93869e-05
9.9764703e-05
0.00010009712
0.00010034579
0.00010033727
0.00013737491
0.00010329172
9.851783e-05
9.7877828e-05
9.8254346e-05
9.8600499e-05
9.9144057e-05
9.9638643e-05
0.00010004959
0.00010019086
0.00013281614
0.00010105895
9.6821226e-05
9.6520853e-05
9.7179117e-05
9.7799788e-05
9.8601494e-05
9.9327347e-05
9.994347e-05
0.000100233
0.00012255569
9.6944323e-05
9.3920867e-05
9.4210039e-05
9.5263007e-05
9.6275003e-05
9.7411234e-05
9.8417638e-05
9.9273598e-05
9.9770842e-05
0.00010396032
3.2937403e-05
3.0946099e-05
2.995001e-05
2.9853001e-05
3.0609176e-05
3.2169937e-05
3.4442163e-05
3.7324426e-05
4.0757879e-05
5.8228532e-05
6.373775e-05
6.7498289e-05
7.2204026e-05
7.8451949e-05
8.62853e-05
9.5232935e-05
0.0001046398
0.00011262512
2.4698329e-05
2.9621642e-05
3.3781841e-05
3.8133952e-05
4.2795894e-05
4.7803559e-05
5.3099977e-05
5.8646145e-05
6.4393607e-05
1.9987399e-05
2.6902399e-05
3.3035432e-05
3.9122295e-05
4.525228e-05
5.1588475e-05
5.8091092e-05
6.4807239e-05
7.1695018e-05
2.06705e-05
3.1304664e-05
4.1840926e-05
5.2550758e-05
6.3256132e-05
7.4105871e-05
8.4917939e-05
9.5716676e-05
0.00010630054
6.8501584e-05
9.1414278e-05
9.1680071e-05
0.00012317941
5.865904e-05
4.9780636e-05
7.7715655e-05
6.5301175e-05
6.5765252e-05
0.0001627204
5.4631273e-05
4.5161502e-05
6.6663111e-05
6.8854941e-05
8.079558e-05
6.3306514e-05
8.0598167e-05
8.548459e-05
0.00021718254
2.8313934e-05
0.00022674212
0.00021367525
6.3177933e-05
5.8141793e-05
9.5953399e-05
6.8943249e-05
7.8500644e-05
7.0205362e-05
7.004581e-05
7.7671068e-05
6.967286e-05
0.00010101553
8.1679738e-05
7.9375627e-05
0.00011529878
6.8280622e-05
5.9307391e-05
8.2997488e-05
7.7950413e-05
7.3137013e-05
7.3062782e-05
7.7277792e-05
8.5642572e-05
0.00022730013
6.8126479e-05
6.8506493e-05
0.00029484791
6.0949127e-05
6.9302619e-05
7.409314e-05
9.6179272e-05
7.6207484e-05
7.2721504e-05
6.355417e-05
8.0418901e-05
7.4026406e-05
7.7861774e-05
5.3191486e-05
4.8957498e-05
5.8466297e-05
6.0092457e-05
5.8771532e-05
5.7705178e-05
0.00010130231
7.8461783e-05
8.1090572e-05
6.0294642e-05
5.8235227e-05
8.1258308e-05
9.0668221e-05
6.3704549e-05
7.9415164e-05
0.00011334837
6.0969454e-05
5.7887127e-05
7.7507199e-05
0.00010047491
6.71315e-05
7.6050462e-05
6.7076799e-05
7.9303245e-05
7.0399189e-05
6.9766859e-05
0.00010557438
7.2857596e-05
6.1912328e-05
6.2873351e-05
0.00010699646
8.6343273e-05
7.3250947e-05
7.4152022e-05
6.2551874e-05
6.0649407e-05
9.3658284e-05
0.00010045608
5.905405e-05
5.6298198e-05
0.00015136512
0.00011884937
8.975631e-05
2.9718447e-05
5.7524124e-05
5.9474786e-05
5.8297499e-05
6.1697389e-05
7.1769056e-05
7.2928026e-05
0.00019938665
8.8219909e-05
0.00022197699
0.00010269952
6.0669419e-05
6.2781938e-05
5.7641571e-05
5.9547885e-05
6.7004361e-05
5.9217482e-05
6.5056803e-05
9.7820199e-05
5.4715399e-05
5.9333109e-05
9.8632677e-05
8.2715753e-05
5.0783994e-05
5.8848809e-05
6.0695857e-05
6.1397801e-05
0.0002938327
0.00021570258
5.7375081e-05
5.8788054e-05
7.4396788e-05
5.8249104e-05
6.6852466e-05
5.8525695e-05
6.4222897e-05
6.5516163e-05
8.2388244e-05
8.9477119e-05
3.6834728e-05
8.0432242e-05
5.9987093e-05
5.4819964e-05
5.6298075e-05
6.0535944e-05
6.0422496e-05
5.0690027e-05
5.2617267e-05
6.5327927e-05
7.3385933e-05
3.8207067e-05
5.7306601e-05
5.9686008e-05
0.00010489419
8.6580869e-05
0.00022730013
5.7951829e-05
4.7493269e-05
6.7699179e-05
6.2798002e-05
8.5111393e-05
7.9531003e-05
0.00010682802
8.4385213e-05
7.1333483e-05
6.3066054e-05
5.577307e-05
5.0658293e-05
6.5609086e-05
8.9885152e-05
6.179617e-05
6.443625e-05
0.00019136459
6.4573272e-05
7.1485725e-05
6.1841038e-05
6.5159166e-05
0.00020401299
6.0390591e-05
6.2406402e-05
0.00017458169
0.00011984685
0.00023951183
5.5454123e-05
4.9481581e-05
5.1736902e-05
4.9861687e-05
7.4430705e-05
6.684659e-05
9.0341351e-05
5.1776008e-05
5.7998694e-05
0.00021334308
6.1742986e-05
5.230947e-05
6.7214363e-05
5.5993783e-05
7.3918014e-05
6.9529578e-05
6.7314053e-05
6.3801908e-05
0.00020698431
0.00019989539
0.00021829676
0.00019993468
0.00021214102
8.9928986e-05
6.085768e-05
6.5259662e-05
0.00011816308
9.4930821e-05
6.280719e-05
6.7475503e-05
9.5754344e-05
6.2962292e-05
5.813721e-05
8.9592343e-05
0.00038227768
6.5158882e-05
7.7427806e-05
7.1828893e-05
8.7275655e-05
8.2500009e-05
7.3845031e-05
0.00012582969
0.00013518253
0.00010335987
6.2129109e-05
7.2642665e-05
6.16227e-05
6.5211796e-05
5.8394211e-05
5.6167558e-05
6.8013116e-05
6.6615338e-05
9.2375687e-05
8.2011687e-05
6.6289163e-05
7.2828026e-05
5.9925453e-05
6.2974914e-05
0.00021214102
0.0002040874
0.00011948407
9.679557e-05
8.7635543e-05
7.1164265e-05
8.0485456e-05
0.00013722764
6.1736577e-05
6.4545047e-05
6.0061458e-05
6.3973459e-05
5.5615237e-05
5.3950009e-05
0.0002019238
0.00020535453
9.7397356e-05
7.1050283e-05
6.0178768e-05
5.6089165e-05
5.2706354e-05
0.00023861861
0.00021367525
7.0192934e-05
7.4547567e-05
6.0237799e-05
6.3281553e-05
5.8764829e-05
6.0436439e-05
6.9623999e-05
8.1202471e-05
4.7766805e-05
5.9795181e-05
5.5288907e-05
6.9087628e-05
7.840249e-05
7.6268691e-05
0.00010266091
9.3864487e-05
8.8026725e-05
8.6222964e-05
5.8509308e-05
6.1629399e-05
6.6260184e-05
7.7117945e-05
0.00020013119
0.00020813951
6.3825367e-05
6.6823621e-05
0.00020698431
0.00019989539
6.6359509e-05
5.955372e-05
4.9823773e-05
4.7919287e-05
0.00019816924
0.00012219589
0.00026316921
5.8061422e-05
6.6242422e-05
6.6041237e-05
5.9850191e-05
8.0034592e-05
7.3572097e-05
5.9389389e-05
5.6181198e-05
7.0736926e-05
5.8017111e-05
9.1322062e-05
7.9883889e-05
6.7204714e-05
6.0727786e-05
7.1140534e-05
6.6562017e-05
5.6915332e-05
5.9819305e-05
6.0714343e-05
6.9603425e-05
0.00013208817
9.3552253e-05
8.015166e-05
6.0435461e-05
6.3004049e-05
8.9872642e-05
5.7941119e-05
4.7309663e-05
5.026386e-05
6.0905401e-05
5.1738836e-05
7.3014772e-05
6.3233252e-05
6.0982554e-05
0.00010032067
9.370848e-05
6.6705286e-05
6.3236e-05
6.4460621e-05
6.3052386e-05
5.3890605e-05
5.9822412e-05
6.3411418e-05
7.3550397e-05
6.1090276e-05
6.3789711e-05
5.8793435e-05
6.098264e-05
7.0192909e-05
5.105381e-05
8.7953872e-05
7.8510782e-05
0.00011386388
9.4346469e-05
0.00020698431
0.00019989539
6.1271213e-05
6.1539153e-05
6.4762588e-05
7.3234259e-05
5.8411465e-05
6.3804584e-05
4.899043e-05
5.8217207e-05
0.00020623205
0.00020228996
6.1243536e-05
5.9566382e-05
9.7936056e-05
8.7650206e-05
0.00018405692
0.00023804921
9.8316164e-05
8.861958e-05
0.00019136459
5.3664439e-05
5.976522e-05
5.5894152e-05
6.634882e-05
0.00020847839
0.00019777433
0.00023066096
8.2793733e-05
8.8025387e-05
5.5130855e-05
5.9183066e-05
5.6235469e-05
6.8315503e-05
0.00019239154
0.00021277251
7.90721e-05
9.5543228e-05
0.00019816924
0.00020822961
0.0002151234
6.7898973e-05
7.3492127e-05
6.9325159e-05
7.4471127e-05
8.1843368e-05
9.1227807e-05
0.00019239154
0.00021105044
6.4364906e-05
5.9983514e-05
6.1527315e-05
6.3953941e-05
9.8415217e-05
8.4882796e-05
0.00030307969
0.00021490506
8.03275e-05
8.4768901e-05
6.0265631e-05
4.9962199e-05
6.5946239e-05
6.0655982e-05
9.9992831e-05
8.4236211e-05
7.3142008e-05
8.3168686e-05
6.0039892e-05
6.1068005e-05
5.5062902e-05
5.1294793e-05
0.00011312998
0.00015020636
7.0347035e-05
6.7537292e-05
7.0807322e-05
5.1354412e-05
6.5691215e-05
6.4555406e-05
5.714255e-05
4.8831579e-05
6.9515558e-05
5.7521689e-05
9.1082069e-05
7.9394967e-05
7.5055512e-05
7.4090969e-05
7.1087056e-05
0.00011658129
7.8375836e-05
7.0384601e-05
0.00022730013
7.6041329e-05
7.2565845e-05
7.9457662e-05
6.7602146e-05
7.4298933e-05
0.00023804921
5.5220884e-05
6.8002313e-05
0.00018405692
6.657438e-05
6.8879682e-05
6.46488e-05
6.8075726e-05
5.7562653e-05
8.5056529e-05
6.5421235e-05
6.301803e-05
0.00012515671
0.00017447332
5.1926224e-05
6.1351402e-05
8.1584743e-05
7.9321076e-05
6.149506e-05
6.2839832e-05
6.221462e-05
6.9220026e-05
7.02934e-05
0.00014610915
6.1867765e-05
6.2512553e-05
7.278251e-05
7.5126503e-05
7.8711403e-05
6.3181169e-05
5.357006e-05
8.6750683e-05
6.0396591e-05
6.2451749e-05
0.00011433808
9.4818365e-05
0.00013238785
0.00020239463
0.0002151234
8.3215898e-05
7.6964063e-05
6.7417318e-05
7.1276035e-05
0.0001870526
0.00021871739
0.00010040175
9.6070414e-05
7.7278547e-05
7.1219775e-05
0.00018847837
0.00023236163
6.2656874e-05
5.8323144e-05
8.5564151e-05
7.342721e-05
0.00020686981
0.00019971548
7.5257548e-05
7.4781317e-05
6.1372722e-05
5.0355334e-05
6.136579e-05
6.0767604e-05
6.0916297e-05
6.4172144e-05
6.0429173e-05
6.5624046e-05
8.4074142e-05
8.3572613e-05
0.0001014021
6.7923932e-05
6.3353952e-05
9.0889952e-05
0.00010357866
8.5649166e-05
7.8751862e-05
9.0274377e-05
0.00012672081
0.00010046746
8.3458823e-05
6.2151844e-05
6.4172122e-05
8.8759537e-05
8.2953689e-05
7.8379443e-05
0.00020994143
0.00020092295
0.00020994143
0.00020110148
6.2832878e-05
6.930531e-05
0.00021099578
0.0002005444
0.00021099578
0.00020092295
0.00020896047
0.00020012161
0.00020896047
0.00020012161
6.5323349e-05
6.1557878e-05
5.4879634e-05
6.5254042e-05
0.00020019397
0.00020813951
0.0002005444
0.00021099578
8.0352556e-05
0.0001041511
0.00020401299
8.7852024e-05
8.9799642e-05
8.6763991e-05
9.0624476e-05
6.0771745e-05
5.0971806e-05
0.00019456351
0.00011155187
0.00012472246
6.1502413e-05
5.8150095e-05
6.5307736e-05
6.7585729e-05
5.1132379e-05
5.9755999e-05
0.00013759614
6.3766945e-05
5.4126215e-05
5.6863014e-05
5.4762907e-05
8.3714124e-05
5.5248458e-05
6.6073823e-05
7.0136706e-05
4.3960712e-05
6.1509183e-05
5.6331322e-05
6.4902733e-05
6.9430423e-05
7.2757118e-05
7.191305e-05
0.00019938665
7.6969771e-05
7.4293511e-05
0.00011268202
0.00016291951
5.7486772e-05
6.7151102e-05
7.5488441e-05
7.4884119e-05
0.00010025835
6.1324534e-05
7.595054e-05
7.2276504e-05
0.00029484791
0.00013530352
7.4355329e-05
0.00010396901
0.00021718254
6.573773e-05
6.8268075e-05
7.2452368e-05
6.0709044e-05
5.3184532e-05
0.00010492824
6.4613485e-05
8.571802e-05
6.5625826e-05
6.0032088e-05
5.564637e-05
5.9156144e-05
9.5945946e-05
7.0541012e-05
9.6521845e-05
7.7243829e-05
0.00019816924
0.00012191237
8.5611872e-05
8.7533823e-05
0.00023861861
0.00021367525
2.3951115e-05
0.00010725321
7.3799208e-05
8.513391e-05
6.9764386e-05
0.00022197699
4.0925015e-05
0.00038227768
0.00021829676
7.798578e-05
6.3794789e-05
3.2776805e-05
0.0001870526
0.00021871739
6.1175029e-05
7.4738411e-05
9.3841665e-05
5.061691e-05
0.00020542757
0.00019971548
6.4667679e-05
2.0162286e-05
0.00021829676
3.0037266e-05
7.6769086e-05
2.1461088e-05
9.0858579e-05
7.1878394e-05
9.9071633e-05
8.1688421e-05
0.00038227768
0.00020822961
0.00021498995
0.00017131581
0.00016795287
0.00016419679
4.417599e-05
9.2983394e-06
0.00020013119
0.00020740324
3.8281415e-05
0.0002040874
0.00021352423
4.0351932e-05
6.0654066e-05
1.5149802e-05
5.1725944e-05
4.8534017e-05
5.4396668e-05
4.7620407e-05
5.112052e-05
5.9196617e-05
7.1959592e-05
5.5552054e-05
4.2098111e-05
5.8903867e-05
6.3338167e-05
9.9445798e-05
8.2607608e-05
7.0552947e-05
4.9076918e-05
4.5506592e-05
5.7663793e-05
4.9338943e-05
5.5340431e-05
5.5154807e-05
5.564583e-05
4.8998672e-05
5.8040107e-05
5.5462477e-05
5.9045241e-05
0.00020982558
0.00021454827
6.5998196e-05
5.0954947e-05
5.6279472e-05
5.2551362e-05
5.4488257e-05
5.6466464e-05
0.00020013119
0.00020740324
0.00019989539
0.00020740324
5.9852533e-05
5.5439922e-05
6.0387603e-05
5.1462828e-05
5.8061983e-05
5.2514938e-05
0.00021352423
0.00020254772
4.5514281e-05
6.7254658e-05
5.1831678e-05
5.7395696e-05
0.0002019238
0.00020535453
8.7129253e-05
4.0814188e-05
4.2234455e-05
4.6902573e-05
4.4692247e-05
6.7567372e-05
5.8252375e-05
7.2117592e-05
9.4090536e-05
0.00021352423
0.00020254772
5.049491e-05
4.5758293e-05
0.0002019238
0.00020535453
0.00020623205
0.00020228996
0.00020228996
0.00020623205
0.00019777433
0.00020847839
0.00019777433
0.00020847839
3.2521284e-05
4.126558e-05
0.0001870526
0.00021105044
5.9096316e-05
4.9856079e-05
5.7086075e-05
5.2217389e-05
4.0844157e-05
4.269581e-05
0.00019239154
0.00021105044
5.5446297e-05
0.00019971548
0.00020686981
5.3970654e-05
3.5467539e-05
3.2616329e-05
0.00020982558
0.00021498995
6.0970847e-05
5.544756e-05
0.00018487401
0.00022827157
4.6561256e-05
4.3002743e-05
5.2838233e-05
5.683208e-05
4.7232562e-05
4.803712e-05
3.7865959e-05
4.0902421e-05
7.9530707e-05
3.4804206e-05
3.857456e-05
5.70586e-05
9.0495864e-05
3.3999282e-05
3.6295821e-05
3.9766046e-05
3.8680186e-05
0.00018487401
0.00022827157
4.3532331e-05
4.3124404e-05
3.3871429e-05
3.3792667e-05
4.6390637e-05
4.7569879e-05
4.4524247e-05
4.7209219e-05
4.1406813e-05
4.2380035e-05
4.1030004e-05
4.3118915e-05
3.2710567e-05
4.3393695e-05
4.2373144e-05
4.2815212e-05
2.1087456e-05
3.5877753e-05
3.9549109e-05
3.9308764e-05
4.2933287e-05
4.0935046e-05
5.1791619e-05
3.8000349e-05
4.1424728e-05
3.4693494e-05
3.7255568e-05
5.8331644e-05
4.6826833e-05
5.6340458e-05
4.9316551e-05
4.4486063e-05
0.00021334308
3.6817717e-05
4.5980337e-05
3.5659083e-05
4.7140812e-05
0.00023066096
3.828816e-05
3.8153764e-05
5.1097596e-05
4.6317806e-05
0.00019136459
3.3974386e-05
4.3246756e-05
6.4118027e-05
5.1366627e-05
0.00020239463
0.0002151234
6.189958e-05
5.0583189e-05
3.4550712e-05
3.8380695e-05
2.8771863e-05
5.5552832e-05
5.5492778e-05
4.6710341e-05
5.0947796e-05
6.4709483e-05
5.5523132e-05
0.00020982558
0.00021498995
5.1888047e-05
5.5637505e-05
1.4219534e-05
3.9131233e-05
4.2716914e-05
5.2961913e-05
5.5976472e-05
5.0396593e-05
5.6204394e-05
5.5352181e-05
5.7347151e-05
0.00020994143
0.00020092295
0.00020896047
0.00020012161
0.0002005444
0.00021099578
0.00020019397
0.00020813951
0.00021214102
0.00019993468
0.00018487401
0.00021871739
0.00018405692
0.00023804921
3.6787776e-05
4.3862233e-05
4.4055802e-05
4.9884989e-05
0.00021490506
0.00023861861
7.6725144e-05
4.990398e-05
3.3296464e-05
3.6593293e-05
4.0836938e-05
3.5520462e-05
3.7073005e-05
4.2460053e-05
6.466209e-05
9.5342468e-05
5.4959762e-05
5.7839849e-05
5.5176662e-05
4.8087924e-05
5.41838e-05
4.0921176e-05
4.5971522e-05
7.3257031e-05
5.0762196e-05
4.6680853e-05
8.010589e-05
)
;

boundaryField
{
    oversetFaces
    {
        type            overset;
        coupledFringe   false;
        conservativeCorrection false;
        setHoleCellValue false;
        holeCellValue   0;
        value           nonuniform 0();
    }
    back
    {
        type            empty;
    }
    out
    {
        type            zeroGradient;
    }
    bottom
    {
        type            zeroGradient;
    }
    in
    {
        type            zeroGradient;
    }
    top
    {
        type            zeroGradient;
    }
    front
    {
        type            empty;
    }
    wall
    {
        type            zeroGradient;
    }
    cylinder
    {
        type            zeroGradient;
    }
    defaultFaces
    {
        type            zeroGradient;
    }
}


// ************************************************************************* //
