/*--------------------------------*- C++ -*----------------------------------*\
| =========                 |                                                 |
| \\      /  F ield         | foam-extend: Open Source CFD                    |
|  \\    /   O peration     | Version:     4.1                                |
|   \\  /    A nd           | Web:         http://www.foam-extend.org         |
|    \\/     M anipulation  |                                                 |
\*---------------------------------------------------------------------------*/
FoamFile
{
    version     2.0;
    format      ascii;
    class       surfaceScalarField;
    location    "0.4";
    object      phi;
}
// * * * * * * * * * * * * * * * * * * * * * * * * * * * * * * * * * * * * * //

dimensions      [0 3 -1 0 0 0 0];

internalField   nonuniform List<scalar> 
6703
(
-0.0042208169
0.021920342
-0.017699525
-0.0079977517
0.026983977
-0.023207042
-0.011579295
0.03239241
-0.028810867
-0.015774465
0.03848038
-0.03428521
-0.020592969
0.045613312
-0.040794808
-0.026098512
0.053967313
-0.04846177
-0.032357909
0.063725018
-0.057465621
-0.039442014
0.07509615
-0.068012044
-0.047435462
0.088311331
-0.080317883
-0.056442003
0.10362797
-0.094621433
-0.066587737
0.12133736
-0.11119163
-0.078023294
0.1417751
-0.13033954
-0.090924533
0.16534548
-0.15244424
-0.10550786
0.19257554
-0.17799221
-0.12203184
0.22420726
-0.20768328
0.26124281
-0.2428054
-0.14046925
-0.0030624106
0.024982753
-0.0061280001
0.030049567
-0.0091448763
0.035409286
-0.012703386
0.04203889
-0.016856085
0.049766011
-0.021718749
0.058829976
-0.027410336
0.069416605
-0.034060625
0.08174644
-0.041815752
0.096066457
-0.050843478
0.1126557
-0.061342208
0.13183609
-0.073554991
0.15398788
-0.087784287
0.17957478
-0.10439142
0.20918267
-0.12374531
0.24356115
0.28357808
-0.14608058
-0.0011491759
0.026131929
-0.0029829184
0.031883309
-0.0050888345
0.037515202
-0.0076152127
0.044565268
-0.010611867
0.052762665
-0.014169595
0.062387705
-0.018383643
0.073630653
-0.023365028
0.086727824
-0.029240624
0.10194205
-0.036155043
0.11957012
-0.044273775
0.13995482
-0.05378916
0.16350327
-0.064930386
0.190716
-0.077972725
0.22222501
-0.093220506
0.25880893
0.3013375
-0.11097993
-0.00043501198
0.026566941
-0.0016070924
0.03305539
-0.0028440467
0.038752156
-0.0043755758
0.046096797
-0.0062093041
0.054596394
-0.0084146354
0.064593036
-0.011057182
0.0762732
-0.014216836
0.089887478
-0.017985631
0.10571085
-0.022469627
0.12405411
-0.027790647
0.14527584
-0.034087783
0.1698004
-0.041517506
0.19814573
-0.050247398
0.2309549
-0.060420605
0.26898214
0.31287575
-0.07195885
0.00020312171
0.026363819
-0.00038215073
0.033640662
-0.00083081007
0.039200816
-0.0014496163
0.046715603
-0.0021841446
0.055330922
-0.0030814787
0.06549037
-0.0041717274
0.077363449
-0.0054984797
0.09121423
-0.0071128652
0.10732524
-0.0090762929
0.12601754
-0.01146176
0.14766131
-0.014355164
0.17269381
-0.017855735
0.2016463
-0.022074067
0.23517324
-0.027129538
0.27403761
0.31919381
-0.033447598
0.00086903061
0.025494788
0.00094473132
0.033564961
0.0012699648
0.038875582
0.0015730826
0.046412486
0.0019426517
0.054961353
0.0023586168
0.065074405
0.002825776
0.07689629
0.0033388964
0.09070111
0.0038899824
0.10677415
0.0044646385
0.12544289
0.0050408301
0.14708512
0.0055871992
0.17214744
0.0060614409
0.20117206
0.0064074657
0.23482721
0.0065794685
0.27386561
0.31925135
0.0065219267
0.0015697609
0.023925028
0.0024123988
0.032722324
0.0035200069
0.037767974
0.0047869092
0.045145583
0.0062822757
0.053465986
0.0080298499
0.063326831
0.010064513
0.074861626
0.012421035
0.088344589
0.015134424
0.10406076
0.018237694
0.12233962
0.021760512
0.1435623
0.025728142
0.16817981
0.030161838
0.19673836
0.035077516
0.22991153
0.040498829
0.26844429
0.31342574
0.046324436
0.0022809189
0.021644109
0.00397269
0.031030553
0.0058537546
0.03588691
0.0080892395
0.042910098
0.010710364
0.050844862
0.013792072
0.060245123
0.017396478
0.07125722
0.021595818
0.084145248
0.026464774
0.099191805
0.032080129
0.11672426
0.038519234
0.1371232
0.045858896
0.16084015
0.054174881
0.18842238
0.063535557
0.22055086
0.073991728
0.25798812
0.30191995
0.085497515
0.0030498189
0.01859429
0.0057446182
0.028335753
0.0084525645
0.033178963
0.011661115
0.039701548
0.015397583
0.047108394
0.019788658
0.055854048
0.024927729
0.066118149
0.030921428
0.07815155
0.037881483
0.09223175
0.045925512
0.10868023
0.05517675
0.12787196
0.065765631
0.15025127
0.077835305
0.1763527
0.09155019
0.20683597
0.10710413
0.24243418
0.28429837
0.12472572
0.0041110227
0.014483267
0.0080247087
0.024422067
0.011757836
0.029445836
0.016015728
0.035443656
0.020885915
0.042238208
0.026547748
0.050192215
0.033139886
0.059526012
0.040805585
0.070485851
0.04969269
0.083344645
0.059956205
0.098416717
0.071760152
0.11606801
0.085282853
0.13672857
0.10073085
0.16090471
0.11837065
0.18919617
0.13858742
0.2222174
0.26073718
0.16214861
0.004491474
0.0099917932
0.010601161
0.01831238
0.016387629
0.023659369
0.022239243
0.029592042
0.028461413
0.036016037
0.03540079
0.043252838
0.04331357
0.051613232
0.052415992
0.061383429
0.06290894
0.072851697
0.074986933
0.086338724
0.088841239
0.10221371
0.10466483
0.12090497
0.12266183
0.14290771
0.14306028
0.16879773
0.16608457
0.19919311
0.23454973
0.19227202
0.0079291749
0.0020626183
0.015403418
0.010838137
0.021564125
0.017498662
0.027746464
0.023409703
0.034430176
0.029332324
0.041864217
0.035818798
0.050234645
0.043242804
0.059692153
0.051925921
0.070341523
0.062202328
0.082237557
0.07444269
0.09538821
0.089063053
0.10976544
0.10652775
0.12532666
0.12734648
0.14204407
0.15208032
0.15983225
0.18140493
0.21568199
0.1787
-0.00029236635
-0.017752595
0.018044961
-0.0022598058
-0.021266987
0.023234426
-0.0059018583
-0.025307082
0.028949134
-0.010155262
-0.030076452
0.034329856
-0.015192146
-0.035674059
0.040710943
-0.021137855
-0.042225105
0.048170814
-0.028127801
-0.049867866
0.056857811
-0.036312902
-0.058753565
0.066938666
-0.045841127
-0.069047821
0.078576046
-0.056850231
-0.080932165
0.091941268
-0.069465016
-0.094607111
0.1072219
-0.083794558
-0.11029904
0.12462858
-0.09993988
-0.1282734
0.14441872
-0.11805107
-0.14884358
0.16695477
-0.13851051
-0.17234511
0.19280456
-0.19922973
0.22310536
-0.16238614
-0.0027257315
-0.015026863
-0.0061840799
-0.017808638
-0.010396662
-0.0210945
-0.015490176
-0.024982937
-0.02160457
-0.029559666
-0.028904555
-0.034925119
-0.037580734
-0.041191687
-0.047851396
-0.048482903
-0.059965728
-0.05693349
-0.074207471
-0.066690421
-0.090898784
-0.077915799
-0.11040502
-0.090792802
-0.13314281
-0.10553561
-0.15958238
-0.12240401
-0.19018923
-0.14173826
-0.16403246
-0.2253865
-0.0032032352
-0.011823628
-0.0071158693
-0.013896004
-0.011808243
-0.016402127
-0.017416851
-0.019374329
-0.024102094
-0.022874423
-0.032050497
-0.026976715
-0.041476775
-0.03176541
-0.052625958
-0.037333719
-0.065775759
-0.043783689
-0.081239491
-0.051226688
-0.099370391
-0.059784898
-0.12056855
-0.069594646
-0.14529122
-0.080812938
-0.17406797
-0.093627261
-0.20755419
-0.10825204
-0.12486744
-0.24671921
-0.003294143
-0.0085294851
-0.0073896197
-0.0098005275
-0.012357949
-0.011433797
-0.018329201
-0.013403077
-0.025467557
-0.015736067
-0.03396687
-0.018477403
-0.044050518
-0.021681762
-0.055972266
-0.025411971
-0.070017386
-0.029738569
-0.086503991
-0.034740083
-0.10578516
-0.040503731
-0.12825377
-0.04712603
-0.15435371
-0.054713006
-0.18459324
-0.063387732
-0.21949226
-0.073353012
-0.085046753
-0.25931295
-0.0036222758
-0.0049072093
-0.008023507
-0.0053992963
-0.013290732
-0.006166572
-0.019581723
-0.007112086
-0.027083309
-0.0082344815
-0.036009845
-0.0095508668
-0.046605036
-0.011086571
-0.05914393
-0.012873077
-0.073934926
-0.014947573
-0.091322102
-0.017352906
-0.11168836
-0.020137471
-0.13546115
-0.023353239
-0.1631149
-0.027059256
-0.19519361
-0.03130902
-0.23250552
-0.03604111
-0.040854041
-0.27669823
-0.0011486525
0.026137571
-0.024988918
-0.0029822326
0.031892567
-0.030058987
-0.0050878186
0.037528776
-0.03542319
-0.007613681
0.044585529
-0.042059667
-0.01060945
0.052793426
-0.049797657
-0.014165454
0.062432686
-0.058876683
-0.018376205
0.073693308
-0.069482557
-0.023351586
0.086809733
-0.081834352
-0.029217021
0.10204048
-0.096175042
-0.036115759
0.11967484
-0.1127761
-0.044213297
0.14004576
-0.13194822
-0.053705665
0.16355251
-0.15406014
-0.06483139
0.19069976
-0.17957404
-0.077877354
0.2221473
-0.20910134
-0.093144322
0.25872218
-0.24345521
0.30130684
-0.28358525
-0.11086591
-0.0048708362
-3.6373091e-05
-0.010234915
-3.5217785e-05
-0.016367046
-3.444063e-05
-0.023446209
-3.2922981e-05
-0.031650683
-3.0007106e-05
-0.041176396
-2.5154598e-05
-0.052245041
-1.7925324e-05
-0.065110045
-8.0735208e-06
-0.080061895
4.2770815e-06
-0.097433218
1.8416452e-05
-0.1176036
3.291423e-05
-0.14100259
4.5749729e-05
-0.16811634
5.4493246e-05
-0.19948081
5.5448306e-05
-0.23556098
3.9060498e-05
-1.6573007e-05
-0.27639845
-0.0049686344
0.0049322614
-0.010416985
0.0054131332
-0.01663519
0.0061837639
-0.023805053
0.0071369406
-0.032104789
0.0082697281
-0.041728508
0.0095985645
-0.052894444
0.011148011
-0.065850855
0.012948338
-0.080881432
0.015034854
-0.098310728
0.017447713
-0.1185095
0.020231686
-0.14189757
0.02343382
-0.16894782
0.027104744
-0.20017434
0.031281966
-0.23603415
0.03589887
0.040678538
-0.27672926
-0.0036412101
0.0085734715
-0.0080818468
0.00985377
-0.013396688
0.011498605
-0.019740398
0.013480651
-0.027297565
0.015826895
-0.03628004
0.01858104
-0.04692842
0.02179639
-0.059513838
0.025533756
-0.074339763
0.029860779
-0.091743907
0.034851857
-0.11210063
0.040588412
-0.13582611
0.047159298
-0.16338271
0.054661346
-0.19530365
0.063202899
-0.23234123
0.072936452
0.08415758
-0.27582027
-0.0032855875
0.011859059
-0.007372896
0.013941079
-0.012331594
0.016457303
-0.018289654
0.019438711
-0.02540895
0.022946191
-0.03388045
0.02705254
-0.043923754
0.031839694
-0.055787671
0.037397673
-0.069751149
0.043824258
-0.08612471
0.051225417
-0.10525328
0.059716984
-0.12752305
0.069429063
-0.15337807
0.080516373
-0.18334927
0.093174093
-0.21802721
0.10761439
0.12388154
-0.25775117
-0.0031823247
0.015041384
-0.0070695717
0.017828326
-0.011730401
0.021118133
-0.01729967
0.02500798
-0.02393582
0.029582341
-0.031822966
0.034939685
-0.041172954
0.041189683
-0.052227675
0.048452394
-0.065261988
0.056858571
-0.080588095
0.066551524
-0.098563016
0.077691905
-0.11960111
0.090467155
-0.14419019
0.10510546
-0.1729121
0.121896
-0.20658102
0.14128331
0.16425485
-0.24695432
-0.0027139663
0.01775535
-0.0061569845
0.021271344
-0.010349963
0.025311111
-0.015419062
0.03007708
-0.021503774
0.035667053
-0.028768637
0.042204549
-0.037404821
0.049825868
-0.047632802
0.058680375
-0.0597071
0.068932869
-0.073922596
0.08076702
-0.090622576
0.094391885
-0.11021
0.11005458
-0.13316747
0.12806293
-0.16008061
0.14880914
-0.19152872
0.17273142
0.20016174
-0.22743561
-0.00027529565
0.018030646
-0.002232696
0.023228744
-0.0058695538
0.028947969
-0.010116043
0.034323569
-0.015145672
0.040696682
-0.021084575
0.048143452
-0.028069526
0.056810819
-0.036253827
0.066864676
-0.045789982
0.078469025
-0.056822914
0.091799951
-0.069487936
0.10705691
-0.083906228
0.12447287
-0.10018219
0.1443389
-0.11842381
0.16705075
-0.13884754
0.19315516
0.22347071
-0.16215652
0.0079248138
-0.0099702411
0.0020454273
0.015401105
-0.018293343
0.010817051
0.021564061
-0.023644457
0.017481501
0.027747432
-0.029580108
0.023396737
0.034430753
-0.036008376
0.029325055
0.041862942
-0.043251142
0.035818953
0.050229639
-0.051619414
0.043252717
0.059680558
-0.061398856
0.051947937
0.070318621
-0.072875563
0.0622375
0.082195444
-0.086365362
0.074488539
0.095314098
-0.10222898
0.089110324
0.10963955
-0.12088239
0.10655693
0.12511857
-0.142805
0.12732598
0.14169353
-0.16855358
0.15197862
0.15919351
-0.19868248
0.1811825
-0.23373557
0.21466985
0.17825923
0.0045001898
-0.014470431
0.010618072
-0.024411224
0.016413313
-0.029439698
0.02227344
-0.035440236
0.028504715
-0.042239651
0.035454225
-0.050200652
0.043378768
-0.059543957
0.052494909
-0.070514998
0.063003518
-0.083384172
0.075098919
-0.098460763
0.088972964
-0.11610302
0.10482287
-0.13673229
0.12286826
-0.16085039
0.14338276
-0.18906807
0.16672512
-0.22202485
-0.2607283
0.19371785
0.0041181027
-0.018588534
0.0080400638
-0.028333186
0.01178043
-0.033180064
0.016045925
-0.03970573
0.020924894
-0.04711862
0.026597067
-0.055872825
0.033201346
-0.066148235
0.040880824
-0.078194476
0.049782723
-0.09228607
0.060060943
-0.10873898
0.071878286
-0.12792037
0.085412854
-0.15026686
0.10087389
-0.17631142
0.11853248
-0.20672667
0.13876493
-0.2422573
-0.28417597
0.1622126
0.0030539748
-0.021642508
0.0057540333
-0.031033244
0.0084666481
-0.035892679
0.011680711
-0.042919793
0.015423819
-0.050861728
0.019822828
-0.060271834
0.024971133
-0.07129654
0.030974996
-0.084198339
0.037945336
-0.09925641
0.04599845
-0.1167921
0.055256104
-0.13717802
0.065848336
-0.16085909
0.077921532
-0.18838462
0.091649514
-0.22045465
0.10724875
-0.25785654
-0.30191315
0.12498593
0.0022833163
-0.023925825
0.0039779237
-0.032727851
0.0058616172
-0.037776373
0.0081005203
-0.045158696
0.010725876
-0.053487083
0.013812714
-0.063358673
0.017423039
-0.074906865
0.021628693
-0.088403994
0.026503513
-0.10413123
0.032122907
-0.12241149
0.038562513
-0.14361763
0.045897897
-0.16819448
0.054205361
-0.19669208
0.063555084
-0.22980437
0.074000036
-0.26830149
-0.31336551
0.085452393
0.0015713289
-0.025497154
0.0024155323
-0.033572055
0.0035247748
-0.038885615
0.0047939221
-0.046427843
0.0062921498
-0.054985311
0.0080433103
-0.065109833
0.010082225
-0.076945779
0.012443413
-0.090765182
0.015161293
-0.10684911
0.018267893
-0.12551809
0.021791663
-0.1471414
0.025757104
-0.17215992
0.030186299
-0.20112128
0.035098275
-0.23471635
0.040526298
-0.27372952
-0.31918994
0.046350732
0.0008703892
-0.026367543
0.00094717955
-0.033648845
0.0012738009
-0.039212237
0.0015788196
-0.046732862
0.0019508876
-0.055357379
0.0023701312
-0.065529077
0.0028414155
-0.077417064
0.0033595091
-0.091283275
0.0039162219
-0.10740582
0.0044967301
-0.1260986
0.0050783896
-0.14772306
0.0056293839
-0.17271091
0.0061077571
-0.20159965
0.006459682
-0.23506827
0.0066462161
-0.27391605
-0.31912939
0.0065856708
0.00020409499
-0.026571638
-0.00038055525
-0.033064195
-0.00082800475
-0.038764787
-0.001445133
-0.046115734
-0.0021772922
-0.05462522
-0.0030712882
-0.064635081
-0.004156957
-0.076331395
-0.005477543
-0.08996269
-0.0070838703
-0.1057995
-0.0090371808
-0.12414529
-0.011410666
-0.14534957
-0.014290945
-0.16983063
-0.017778236
-0.19811236
-0.021982255
-0.23086425
-0.027015434
-0.26888287
-0.31283114
-0.033313693
-0.00043406707
-0.0016056953
-0.0028417063
-0.0043719108
-0.0062037048
-0.0084060992
-0.011044186
-0.014197143
-0.017956161
-0.022426609
-0.027730423
-0.034008547
-0.041421143
-0.050138091
-0.060298785
-0.071823081
-0.0030581821
-0.021930736
-0.0061236554
-0.026993513
-0.0091429396
-0.032403906
-0.012703765
-0.038498842
-0.016858988
-0.045642434
-0.021723828
-0.054011842
-0.027416148
-0.063790236
-0.034063767
-0.075186734
-0.041809879
-0.08842893
-0.05081865
-0.10376733
-0.061286156
-0.12148071
-0.073459036
-0.14188726
-0.08765645
-0.16537662
-0.10427326
-0.19248453
-0.12372646
-0.22400201
-0.26097749
-0.14633422
-0.0042160826
-0.017714654
-0.0079972998
-0.023212296
-0.011588444
-0.028812762
-0.015795072
-0.034292213
-0.020627436
-0.040810071
-0.026148789
-0.048490489
-0.03242466
-0.057514366
-0.039523334
-0.068088059
-0.047525436
-0.080426828
-0.056529267
-0.094763502
-0.066655952
-0.11135403
-0.078057291
-0.13048592
-0.090927687
-0.15250623
-0.10552747
-0.17788474
-0.12212572
-0.20740376
-0.24259503
-0.14050818
0.0047741826
-0.0030482498
-0.0017259327
0.015435304
6.4681969e-05
-0.010725803
0.028012117
0.0044746741
-0.017051487
0.04132906
0.0093695649
-0.022686508
0.054409428
0.015253367
-0.028333734
0.067122373
0.021735188
-0.034448133
0.079476859
0.029002834
-0.04135732
0.091524377
0.037299826
-0.049347344
0.10337428
0.04685739
-0.058707291
0.11520934
0.057921499
-0.069756565
0.12727291
0.07079503
-0.082858596
0.13986134
0.085836608
-0.098425034
0.15334051
0.10343242
-0.1169116
0.16816224
0.12399805
-0.13881977
0.18484432
0.14802635
-0.16470843
0.17605965
-0.19518067
0.20396534
0.0022822925
-0.0053305423
0.0081182481
-0.0057712735
0.017131766
-0.004538844
0.029257268
-0.0027559368
0.044787019
-0.00027638369
0.062057398
0.0044648089
0.080059678
0.011000554
0.098034842
0.019324662
0.11591213
0.028980097
0.133878
0.039955634
0.15209573
0.052577296
0.17090451
0.06702783
0.19093565
0.083401276
0.2131967
0.101737
0.23901712
0.12220593
0.1450369
0.27003988
0.0001160136
-0.0054465558
0.00015289565
-0.0058081554
0.0020294405
-0.0064153888
0.006489823
-0.0072163192
0.014421581
-0.0082081411
0.026262338
-0.0073759483
0.042431709
-0.005168817
0.063229347
-0.0014729764
0.086860367
0.005349077
0.11123704
0.015578964
0.13492863
0.028885705
0.15817888
0.043777581
0.18171044
0.059869717
0.20674426
0.07670318
0.23463105
0.094319129
0.11272727
0.26694069
0.00034743659
-0.0057939923
0.0007067601
-0.0061674789
0.0011507315
-0.0068593601
0.0016528752
-0.0077184628
0.0021455749
-0.0087008406
0.0045557548
-0.0097861281
0.010318079
-0.010931141
0.021029432
-0.012184329
0.037582696
-0.011204187
0.05985048
-0.0066888203
0.084707869
0.004028316
0.10487143
0.023614021
0.12988596
0.034855187
0.15828385
0.048305289
0.19059771
0.062005267
0.074858364
0.22846662
-0.00024810323
-0.0055458891
-0.00095408108
-0.005461501
-0.0020537339
-0.0057597072
-0.0035767488
-0.0061954479
-0.0055694874
-0.006708102
-0.0080879311
-0.0072676844
-0.011174943
-0.0078441294
-0.014996435
-0.0083628367
-0.017462317
-0.008738305
-0.015202333
-0.0089488041
-0.001441993
-0.0097320244
0.020835608
0.0013364204
0.043687319
0.012003475
0.070096032
0.021896576
0.10202174
0.030079562
0.035883543
0.14099656
-0.005460399
-8.5489997e-05
-0.010813435
-0.00010846509
-0.016440883
-0.00013225899
-0.0224792
-0.0001571314
-0.029004823
-0.00018247841
-0.036065293
-0.00020721417
-0.043679476
-0.00022994641
-0.051792708
-0.00024960501
-0.060264311
-0.0002667022
-0.068930281
-0.00028283327
-0.078368567
-0.00029373903
-0.076817867
-0.00021427924
-0.064760334
-5.4057534e-05
-0.043400824
0.00053706659
-0.015970642
0.0026493795
0.0092809958
0.010631905
-0.0055959126
0.0055104226
-0.011075259
0.0053708809
-0.016843855
0.0056363375
-0.023045206
0.0060442196
-0.029757345
0.0065296604
-0.037022932
0.0070583725
-0.044845204
0.0075923256
-0.053138432
0.0080436233
-0.061712032
0.0083068979
-0.070310371
0.0083155047
-0.078962019
0.0083579098
-0.077312769
-0.00186353
-0.065243418
-0.012123408
-0.043227428
-0.021478924
-0.011105872
-0.029472176
-0.03491372
0.033088843
-0.00023808362
0.0057485062
-0.00096783553
0.0061006328
-0.0021178416
0.0067863436
-0.0037188888
0.0076452668
-0.0058192109
0.0086299826
-0.0084755679
0.0097147295
-0.011726091
0.010842848
-0.015722459
0.012039992
-0.018309812
0.010894251
-0.016071479
0.0060771719
-0.002905819
-0.0048077505
0.018755901
-0.02352525
0.041734424
-0.035101931
0.068753808
-0.048498308
0.10145697
-0.062175336
-0.075300023
0.14184327
0.00032614285
0.0054223634
0.00065806002
0.0057687155
0.0010713321
0.0063730714
0.0015420903
0.0071745085
0.00200412
0.0081679527
0.0043846324
0.007334217
0.010103992
0.0051234889
0.020736183
0.0014078005
0.037120048
-0.005489615
0.059029009
-0.015831789
0.083337272
-0.029116013
0.10374455
-0.043932527
0.12855453
-0.059911914
0.15666221
-0.076605986
0.18848169
-0.093994813
-0.11192635
0.22510801
0.00011443002
0.0053079333
0.00014439151
0.005738754
0.0020113353
0.0045061275
0.0064608114
0.0027250323
0.014382204
0.00024655957
0.026213267
-0.0044968459
0.042368454
-0.011031698
0.06313483
-0.019358575
0.086661073
-0.029015858
0.1108268
-0.039997517
0.13432882
-0.052618034
0.15744207
-0.067045772
0.18089037
-0.083360218
0.20587672
-0.10159233
0.23378006
-0.12189816
-0.1445342
0.26638791
0.0022683051
0.0030396282
0.0080737602
-6.670112e-05
0.017054917
-0.0044750297
0.029150649
-0.009370699
0.044652909
-0.015255701
0.061892249
-0.021736186
0.079865074
-0.029004524
0.097810708
-0.037304209
0.11566137
-0.046866516
0.13359977
-0.057935921
0.15179226
-0.070810521
0.17058579
-0.085839307
0.19062122
-0.10339565
0.21291216
-0.12388327
0.23879906
-0.14778505
-0.17548563
0.26975048
0.0047488253
-0.0017091972
0.015386292
-0.010704168
0.027945599
-0.017034337
0.041248243
-0.022673343
0.054318647
-0.028326104
0.067030287
-0.034447826
0.079392451
-0.041366687
0.091457038
-0.049368796
0.10333268
-0.05874216
0.11519985
-0.069803088
0.12729844
-0.082909114
0.13992221
-0.098463076
0.15343714
-0.11691058
0.16830246
-0.13874859
0.18506685
-0.16454944
-0.1950891
0.20467032
0.00035282225
-0.00033112038
0.00048992455
0.00052828331
0.00043015757
0.00011183926
-0.00054296342
-0.0016903323
-0.0035391901
-0.0063606716
-0.010495391
-0.016362067
-0.024467415
-0.035408877
-0.049936996
-0.069271685
0.00035243743
-0.00033030744
0.0004888098
0.00052645202
0.00042732441
0.00010764935
-0.00054890529
-0.0016982981
-0.0035490806
-0.0063713142
-0.010503444
-0.016360786
-0.024448294
-0.03537827
-0.049977473
-0.06946714
0.00044911372
-0.00033623013
0.00089627742
0.0016196714
0.002618622
0.0039897487
0.0058757784
0.0084549196
0.01195026
0.016635711
0.022836921
0.030930778
0.041346179
0.054576209
0.07120927
0.090790014
0.00044901952
-0.00033668552
0.00089619413
0.0016193892
0.0026179791
0.0039886439
0.0058741282
0.008452705
0.011947742
0.016633867
0.022838323
0.030941038
0.041375925
0.054636473
0.07133297
0.091834286
0.24316586
-0.53644172
0.29327586
1.2755156
-1.3206469
0.045131246
0.18667725
-0.48443985
0.2977626
1.2755156
-0.33194745
0.05056173
0.28138572
-1.26698
0.78723027
0.47974975
-0.16839077
0.66046281
-0.49207203
1.1647897
0.44040465
-1.6051944
1.2118193
0.30147419
-1.5132935
0.19145348
-0.26072517
-0.29295771
0.22349057
0.54421722
1.0045558
-1.548773
-0.54173491
-0.57900198
1.1207369
-1.1496927
0.51061004
0.63908267
-0.25004427
0.60354642
-0.35350215
0.55178537
-0.038971728
-0.51281364
1.0996037
-1.1396102
0.040006492
0.070928551
0.25993992
-0.33086847
0.17592233
-0.25548999
0.079567656
0.94114327
-0.34244409
-0.59869918
-0.16568657
-0.16626088
-1.1548389
0.61310397
-1.4218486
1.4085552
0.01329345
0.10903475
1.2784886
-1.3875233
0.0055097524
-0.84972062
0.84421087
0.69811279
0.21244344
-0.91055623
-0.60605664
-0.91241461
1.5184712
0.95734833
-0.31700825
-0.64034008
0.21704131
0.96489172
-1.181933
-0.34564096
0.8384191
-0.49277814
1.0414732
-0.34336038
0.30415952
-0.21753042
-0.086629106
-0.027152936
1.2550213
-1.2278684
0.96352865
0.0030537792
-0.96658243
0.15713946
-0.91965027
0.76251081
1.326854
-1.1175588
-0.20929523
1.1285781
-1.1966162
0.068038185
-0.72028431
0.87742376
0.84014634
-0.48908175
-0.35106459
-1.2970523
0.25554352
1.0415088
0.38325916
-0.54954025
0.16628109
1.2852041
-0.56446016
-0.72074396
1.1647897
-0.34946892
0.84476226
-0.49529334
1.2118193
-0.13088759
0.56093416
-0.43004657
-0.2849583
1.0017474
-0.71678914
-1.4703497
0.62500957
0.84534013
-1.1647897
1.7485578
-0.58376805
-1.2118193
1.7638079
-0.5519886
0.47860502
-0.083039571
-0.39556545
-0.58683477
0.26245673
0.32437804
0.2162064
-0.40559013
0.18938373
0.14653729
0.17386071
-0.320398
-0.4736316
0.85725127
-0.38361968
0.10129245
0.83025077
-0.93154322
0.14618415
-0.28680859
0.14062443
-0.8238685
0.52346749
0.30040101
-1.5781514
0.17201168
1.4061397
1.2902617
-0.45891333
-0.83134838
1.196726
0.093535709
0.83027668
0.61424197
-1.4445186
0.77732881
0.65381568
-1.4311445
-0.36875213
0.75625182
-0.38749969
0.10651766
-0.60280477
0.49628711
-0.99680764
1.0343902
-0.037582554
0.66579887
-1.2080464
0.54224754
0.71348396
0.2612129
-0.97469686
-0.15502962
0.9300498
-0.77502018
-1.382118
1.0971597
-0.35297401
0.92763305
-0.57465904
0.27978946
0.2719959
-0.62856731
0.5709017
0.057665608
0.74322269
0.95744108
-1.7006638
1.3396236
-1.2382841
-0.10133954
0.078151386
-0.44742247
0.74720858
-0.29978611
0.98185761
-0.46727335
-0.51458426
1.496473
-1.3484945
-0.14797845
1.1580202
-1.0279621
-0.13005816
0.44010894
-0.60061963
0.16051068
-0.34205847
0.13268526
0.20937321
0.20411141
-0.54975238
-1.8129779
1.2860713
0.52690661
0.34797319
0.75163052
0.37054484
-1.366826
0.99628111
-0.67479184
1.1403462
-0.46555432
-0.15679984
-0.92993968
1.0867395
0.4363141
-0.32268898
-0.11362512
0.07562914
1.2639945
0.8373547
-0.0025857188
-0.83476898
-1.1950399
0.48834122
0.70669868
0.079498295
0.55004821
-0.62954651
0.47838371
0.36176263
0.66037061
0.36474393
-1.0251145
0.6886578
-0.26123818
-0.42741962
-0.72562944
-0.8079956
0.46252497
-0.27584772
-0.11584919
-0.2324642
0.34831339
-0.4344582
0.84924693
-0.41478873
-0.4681082
1.2113309
-0.86158001
1.1454446
-0.2838646
-0.92294419
-0.2720957
-0.010605991
1.1391841
1.2401508
-1.1594954
-0.080655403
-0.7631936
-0.38649911
-1.6840064
1.1131864
0.57082007
-1.8140498
1.3174448
0.496605
0.86306046
-0.38794178
-0.47511869
0.20685894
-0.55632785
0.30805364
-0.78168524
0.0067227052
0.6357755
-0.64249821
0.46901351
-0.62404313
-0.22118104
0.6044402
0.28385729
0.65728599
1.0031883
0.49328471
0.5811948
-0.5744721
0.43565897
1.0425024
-1.4781613
1.5313674
-0.87860821
-0.65275923
-0.32953495
0.72137869
-0.39184374
-0.0095657323
0.22577213
0.30917989
-0.1626426
0.12962724
0.13699835
-0.26662559
1.6360407
-1.6631937
0.12911824
0.067894398
-0.19701264
0.17590576
-0.034909198
-1.1248195
1.2113418
-0.086522307
-0.3123766
0.20719825
0.10517835
0.59115458
-0.54932823
-0.04182635
-0.84421728
0.76992232
0.074294958
0.29061682
-0.14443267
-0.052335698
0.47845667
-0.42612097
-0.72530558
1.3292743
-0.60396867
0.45009723
0.83510689
1.1901363
-0.5243374
0.51396201
0.34909845
-0.53374489
0.4028573
0.99095838
-1.1477582
-0.46447978
0.34863059
0.84566287
0.39448789
0.78916077
-1.6227369
0.83357613
0.46527399
0.25331292
-0.20275119
-0.46088378
0.70404964
1.1970136
-1.1970136
-0.33859113
-0.19315917
1.0305139
0.11879235
-0.56621481
-0.058665409
0.96264368
-0.90397827
-0.61146468
1.4417414
-0.6384508
1.4157796
1.2718987
-0.72914155
-0.54275713
0.6288836
0.45824812
-0.78778308
0.89850673
-1.1797878
0.2812811
0.88553466
-0.88002491
0.13654655
-0.067485759
-1.0288941
1.0963799
1.4775267
0.2489105
-1.7264372
-0.82912717
1.2647861
-0.6234898
0.70898732
-0.64254562
0.72799801
-0.057624501
0.71799511
0.012254163
0.55246333
-0.5647175
-0.86554322
-0.039212927
0.90475614
0.54124858
-1.2665542
-1.3538627
1.2951973
0.90030925
0.40758273
-1.307892
-0.11047681
-0.52178765
0.63226446
-0.56560752
1.1098247
-0.91460738
0.3429058
0.57170159
0.57099115
-0.49149286
0.13654772
-0.79547793
0.65893021
0.99730762
-1.1090139
0.11170633
0.87606591
0.39583277
-1.5160756
0.79579125
0.074587017
1.0834332
0.96575993
0.73715517
-1.3432118
-0.14841605
0.588525
-1.0537444
0.83477708
0.21896732
-1.0784996
0.96802279
0.57474898
0.72529244
-1.3000414
0.91064934
0.016983717
-0.64608009
0.78262781
-0.31080998
-0.74293442
-0.17455018
-0.33624779
0.51079797
0.45553973
-0.73816345
0.28262372
0.14891458
0.43816223
-0.58707681
-1.0165969
0.2593462
0.75725069
0.16078913
1.1976669
-1.358456
-0.94428783
-0.45670813
1.400996
0.24726551
0.71008282
-0.25207329
-0.00067759516
0.25275089
-0.95229838
-0.18731183
1.1991664
-1.0901316
1.0950736
-0.097765936
-0.78575876
-0.44946948
1.2352282
-0.68254135
-0.2962596
0.97880095
-0.12040614
0.47633759
-0.35593145
-0.051839904
0.88661698
-0.42980456
-0.51991764
0.94972221
0.55858932
0.004571958
-0.56316128
-0.79421379
0.72517397
0.069039814
-0.99910077
0.55642579
0.44267498
-0.8878906
0.57708062
0.57450742
-1.1535094
1.4775267
0.17572195
0.3931299
-0.56885185
1.4532471
-1.1618731
-0.29137392
-1.0758228
1.1903503
-0.47686632
-0.88132648
-0.24349301
0.051173376
-0.8404646
0.78929123
-1.0748531
1.2356422
0.57488993
-1.1185914
0.54370147
0.54805704
0.73981382
-1.2878709
-0.68118893
0.5347922
-0.70934237
0.34243043
-0.39476613
-1.1676857
-0.51632073
1.0444853
-0.11443551
1.0818103
-0.89354524
-0.18826504
0.87398074
0.71945428
-1.593435
0.20585661
-0.69493836
-0.0093729519
0.19005313
-0.18068018
-0.41502397
0.59074592
-0.51232999
1.3863107
-1.3783582
1.3656678
0.012690475
-0.1394856
0.61794227
0.030367088
-0.28244038
0.37711421
-0.38869363
0.011579421
0.29199483
-1.3892758
1.097281
-0.46542289
-0.035261307
0.50068419
-0.13854486
-0.70170554
0.8402504
0.61880937
0.29183997
0.25365534
1.0992371
-1.3528924
-0.62191765
0.28566986
1.0298229
0.23141074
-1.2612337
0.029273521
1.1683933
0.58077689
0.46069628
1.3257774
-0.26250559
-1.0632718
-0.50273718
-0.12583013
-1.1672679
0.38154808
0.7857198
0.11485622
-0.58857715
0.47372094
-0.82034159
0.81670089
0.0036406989
-0.19203416
1.1555628
1.1640871
-1.7319706
0.56788351
0.63032733
0.31738217
-0.9477095
-0.45232596
-0.042093747
0.4944197
-0.13132981
-0.35876136
0.49009116
0.44052802
0.081083312
1.3721637
-0.47446877
1.0493587
0.36352719
-0.18760485
0.90505615
0.23242052
-1.1374767
0.4665218
-0.45426764
-0.82934213
0.39953757
1.5054981
-0.12508108
1.2689047
-1.1438236
0.11783802
-1.2353968
-1.4388619
0.8124442
0.62641765
1.4397553
-0.42028291
-0.75950492
-1.0827933
-0.21425898
-0.84350764
1.1047205
-0.57641021
-0.69056981
1.1854552
-0.9684139
-1.1222729
1.2317392
-0.10946631
-0.84258968
0.88259617
-0.39400311
-0.40021068
0.11367732
0.96813296
-0.031473418
-0.81274386
-0.57516204
-0.33944534
-0.18316643
1.2486788
-1.0655124
-0.48295161
0.59780783
-0.89326163
0.92843327
-0.035171647
0.0026736264
-1.1954714
1.1927977
0.92377013
-0.07568889
-0.84808124
0.50859841
-0.52340502
0.014806605
1.0146021
-1.1504491
0.13584693
0.077610548
0.89911278
-0.97672333
0.72679231
-0.61213427
-0.11465804
-0.4518289
0.2975369
0.154292
0.17315876
-0.33884533
-0.0043666814
-0.93992115
-0.092595255
-0.90421239
-1.1659977
1.2465589
-1.2438852
-0.5771837
-0.24668481
-0.35853757
0.15769879
0.20083878
0.72600616
-0.6171357
-0.10887046
0.21464916
-1.0600545
0.8454053
0.0020847423
0.37502947
-0.43280554
-0.032617341
0.6555703
-0.036760938
-0.67554288
-0.94719401
0.77299989
-0.20209819
0.31539386
-1.6360407
1.3206469
1.0635836
-0.59391156
-0.46967201
-0.12961679
-0.69856018
0.82817697
-0.64600795
0.3289997
-0.62124018
0.52639735
0.094842836
-0.33906547
0.013798837
0.32526663
-0.42715542
-0.025170535
0.58812573
0.18487416
-0.10036644
-0.76517678
0.81103759
0.034625285
-0.48396602
-0.59283424
1.0768003
0.37878283
0.082889458
-0.46167228
-1.0647147
1.3497908
-0.28507611
1.0025173
-0.51417606
1.6250215
-1.0580325
-0.56698899
-0.85955452
-1.1757194
0.71901127
-0.92820855
0.25186936
0.67633919
-0.85952353
0.93713407
0.14784637
-0.48691184
-0.53933256
-0.47726432
0.55382293
-0.43018093
-0.12364201
0.85879052
-0.89026394
-0.8976391
1.1122883
-0.17206649
1.197863
-1.0257966
-0.97395492
0.31911084
0.65484408
-0.7986653
0.81497456
-0.016309267
0.53591514
-0.41627186
-0.11964328
1.2124485
-0.5821212
0.90928295
0.093234326
0.62629127
0.8419598
-1.4682511
-0.13273297
-0.20996207
0.34269504
-0.42893514
0.56808032
-0.13914517
-0.33823206
0.051423479
-1.7831181
1.1019292
0.32812588
-1.0286109
0.70048506
-0.028998219
-0.53141999
0.56041821
0.50938878
-0.64314192
0.13375314
0.87879656
0.15767406
-1.0364706
-1.2981535
0.32552777
0.97262568
-0.87021692
0.010693397
0.42821503
0.10770011
-1.1823926
-0.19596559
0.18934385
0.59788642
0.46390049
-0.33872033
-0.12518016
0.56438048
1.0346066
-1.5989871
0.81757612
0.10619401
0.43936148
0.11446145
0.44139772
0.62218585
-0.57125871
0.22881462
1.0234076
0.30236978
-1.1108025
0.2816753
-0.43738641
0.20492221
0.79351504
-0.39186247
-0.40165257
-0.64404738
0.8919334
-0.55590576
-0.33602764
0.61066092
0.11613139
-0.94764474
1.2630386
0.91278982
-0.4572501
0.33308358
-1.2905702
1.0406564
0.24991384
-0.69301317
0.52235709
0.17065608
0.57953264
-0.65023752
0.070704882
-0.12850014
1.133056
-0.1336766
-0.74221403
0.36934615
0.37286788
0.80116602
0.054675099
-0.98288365
-0.8538462
0.54239381
0.31145239
-0.099284741
-1.0229882
-0.28261605
-0.87222283
0.62458009
0.10142607
0.6430198
-0.33836753
-0.30465226
-0.3376464
0.46276033
-0.12511393
-0.26277304
-0.075459024
-1.3064747
0.24798541
1.0584892
-0.36833534
-0.32467783
0.5353956
-0.38952168
-0.14587391
-0.14685805
0.66082007
0.6601845
-0.3398357
-0.3203488
0.88077258
-0.45544563
-0.42532695
0.83162949
0.53403826
-0.74025528
1.0447856
-0.30453034
-1.006855
0.11659107
-0.12253764
-0.3063975
-0.16889498
0.64727869
-1.1753886
0.70994693
1.5143627
-0.88807142
0.95148263
0.76276253
-0.59174745
-0.17101507
1.0680841
0.11720946
-1.1852936
0.31535447
0.7777811
-0.60267756
-0.17510354
1.1543657
-1.1888894
0.03452361
0.4455667
0.43520588
0.90474184
1.0252217
-0.60744099
-0.41778075
-0.24984633
0.8301635
-0.58031717
-0.26991992
-0.31691485
0.85043824
0.77458327
-0.20903662
1.1140928
0.17807394
0.19522431
-0.37329825
-0.18694288
1.0860557
0.015355734
-0.53681995
0.52146422
-0.86010334
0.53827652
0.32182682
-0.37125429
1.5755234
-0.13310133
-1.4424221
-0.63883102
0.89248636
0.94948667
0.21460046
-0.24935632
-0.92636308
-0.86615105
-1.2121092
-0.5198614
-1.0742359
-1.0736035
-0.12186783
-0.44751607
-0.58137805
0.37519709
-1.5676482
1.1924511
0.32479626
-1.5831059
1.2583096
-1.0510162
1.6153967
-0.84689334
1.0783041
-0.23200591
0.56413391
0.24655968
-0.81069359
1.0399994
-0.014777645
-0.61998568
-0.93798874
1.5579744
-1.6315785
0.63212281
0.99945573
0.28485601
-1.1781176
-0.93126791
0.34269076
0.84629286
-0.75660203
-0.089690834
1.3264219
-0.2583378
1.2696531
0.079938864
-1.349592
1.3187017
-0.9939054
-0.93127757
0.28580257
1.0210811
-1.3068836
0.46342536
0.52619136
-0.98961672
-0.012604738
0.18851049
-1.1933234
0.35285877
-0.53871249
1.4479954
0.75067913
-0.073815553
-0.67686358
0.74675249
-0.076399277
-0.67035321
-0.093383689
1.4820793
-1.3886956
0.52591091
0.33134037
-0.48577946
0.32335467
0.16242479
0.42875912
0.89441566
0.5065803
1.2209831
0.080778496
1.0735872
-0.99969707
-0.43916478
-1.5324003
-0.76030172
-1.0228164
0.96671527
-0.87348094
-0.59347965
0.056028117
0.53745153
-1.1760238
1.0475237
0.3234839
-0.87553037
0.55204646
-0.46117647
0.71304584
-0.13676749
-0.035135231
0.17190272
1.1712077
0.52297087
-1.6941785
1.4521345
-0.62079805
-0.83133643
-0.91383254
-0.96886394
-0.83181895
0.31982137
0.51199758
0.9029605
-0.31483477
-0.87676414
1.2247373
-1.1204041
0.43786278
-0.94302434
-0.033742159
0.9767665
0.49891915
0.7795694
-0.68249943
-0.18650537
-0.26098489
0.44749025
1.1339727
-0.61822796
-0.51574478
-0.29054987
0.25564067
-0.45174008
1.1707514
0.83579838
-0.29262406
-0.54317432
0.0820611
1.1763763
-1.2584374
-1.081417
0.01183756
1.0695794
0.055153848
-1.4292028
1.1467869
0.28241589
1.5113326
-1.3941232
-0.11575389
0.37821063
0.28468481
0.72991733
0.24150022
-1.3062149
-0.034890325
1.0060548
-0.90476238
-0.67050277
-0.68264885
-0.39585075
0.72376106
1.1892775
-0.97683404
0.10313847
-0.71143869
0.60830023
-0.73027836
1.2291975
-0.28562335
0.813444
-0.52782065
-0.23506738
-0.21676152
-1.6180524
1.45384
0.16421243
0.08877348
0.80913532
-0.8979088
0.088557146
0.7358918
0.21838349
-0.26020984
-1.1008015
-0.051288302
0.66024329
-0.60895499
-1.3325146
0.15649074
0.30150519
0.89522082
0.52484654
-0.57613485
1.1056648
0.50358977
-1.6092546
-0.13855213
-0.18608268
0.32463481
0.22472284
1.0939788
-0.94533796
-1.051313
1.1400865
-0.60695894
-0.016530866
0.94625644
-0.0039385734
-0.94231787
-0.74409686
-0.87395558
-0.12988777
-0.2286498
0.36135395
0.59478195
-0.95613589
1.052019
-1.1096561
0.057637111
1.2930176
-1.3969021
0.3438925
-0.62867469
-0.013870924
-1.2017446
1.0185782
-0.10730937
-0.40225105
0.50956042
-0.4437334
1.3085002
-0.8647668
-1.137208
0.46390998
-0.34739193
-0.71498883
1.0623808
-0.22010459
1.2540959
-1.0339913
-0.2979208
0.82387769
-0.52595689
1.1590758
0.4164476
-0.4664597
0.47103166
-0.94130349
0.37862891
0.057685187
-0.2162944
0.82939837
-0.89568129
0.40922921
-0.73191819
-0.33462187
-0.6644789
-1.0396526
0.25389386
-0.35796212
0.33546412
-1.0400976
-0.34108355
0.43117753
0.27780978
-0.58880755
1.1635565
-0.56659369
-1.0181964
-0.17069295
-0.57169262
-0.11537112
0.24499837
1.3165297
-0.62638408
-0.26150652
-0.73707272
-0.058405207
0.95262072
-0.31459721
-0.6380235
0.51947666
0.51491354
-0.08970497
-0.83323922
0.93764224
0.65523904
-1.5928813
-0.43992674
1.0165944
-0.57666763
0.73501737
-0.42811891
-0.30689847
0.87835872
-0.12672819
-0.8323416
0.64539872
0.42228252
0.30571549
0.84376671
-0.0079683277
-0.16267572
0.23057012
-0.69825437
0.089988486
0.71124763
-0.80123612
0.044522528
0.72635105
-0.75534927
1.5428166
-0.49079757
-0.38562708
-0.21717769
0.64606129
-0.3910457
-0.25501559
0.24083099
0.65110241
-1.2193864
0.032750893
1.1866355
1.3083897
-0.68190102
-0.62648868
-0.72881467
0.25369598
0.73200798
-0.41777364
-0.31423434
-0.022830091
0.58426016
-0.56143007
0.30799303
-0.47301978
-0.017470881
0.59866568
0.41114187
0.36632534
0.5885462
-0.95487154
-0.94783002
0.27303817
0.52646241
0.32278451
-0.41621582
0.39874493
0.80490703
-1.2888731
0.074981339
0.3539756
-0.42895694
-0.65524252
1.2877979
-0.63255542
-0.22543883
0.35183985
0.33681795
-0.5462046
0.90755854
-0.94641617
1.3409041
0.96640806
-0.60008272
-0.3982861
-0.46181724
0.04634506
0.58943044
0.095866975
0.10520272
-0.2010697
-0.4672559
0.015703615
0.45155229
-0.94898529
0.6290236
0.31996169
0.16261779
1.0301799
-0.3800508
0.24731783
0.26856886
-0.49239078
0.22382192
-1.4975624
0.98523241
-0.4958047
0.78962345
-1.0722395
0.6123308
0.52164194
1.4952054
-1.4400515
-0.023200922
0.32073782
-0.19106949
-0.16542685
0.35649634
-0.75575692
0.054051378
0.17350521
-0.43234759
0.42402809
0.82253078
0.40179506
-0.32681372
0.34828683
0.65730918
0.84269082
-0.8503837
-0.70218855
0.26700583
-0.29020675
0.82972635
0.36634776
-0.31445067
-0.051897091
-1.4866598
0.55538221
-0.5862803
0.45495049
1.0132471
-0.85786296
-0.15538415
0.42296443
-0.14157871
1.5027529
-0.80225022
-0.70050268
0.63860018
0.085160881
-0.054151539
0.37852958
0.2863248
-0.6676367
1.387091
0.79341739
-1.185592
0.39217458
-0.14751925
-0.15823877
-0.096733549
0.25497232
-0.21127427
-0.27450519
0.7165199
-0.70116417
-0.1767713
-0.93816108
1.0180999
-0.26764812
0.042931246
0.22471687
0.64258089
0.0933109
1.3803644
-0.88148551
-0.49887888
1.0648732
-0.643801
-0.42107219
1.1370931
1.1253571
0.28047436
-0.88791534
-0.51808523
0.36966917
1.1712077
0.51289374
-0.11317367
-0.39972007
-0.45064564
-0.24303811
-0.41847678
0.66151489
-0.029162148
0.56743867
1.6631937
-1.3773911
1.3066498
-0.30490235
0.16332476
-0.17816511
0.32601148
0.26630255
0.1374258
-0.40372834
-0.64060414
1.0481869
-0.50431533
-0.99324707
-0.86723801
-0.17241461
0.82184731
0.4865424
-1.045197
0.86218915
0.1830078
0.40948199
-0.46363353
0.18058316
0.96486145
0.70186539
-1.4746912
0.77282579
-0.42349213
0.78823606
1.7666592
-0.25532658
0.57034254
-0.14212751
1.07407
0.072716929
0.021675569
0.8085752
-1.3214954
1.2222106
-1.1346941
0.25792998
0.65867977
-0.50976519
0.16541429
-0.37501885
0.13563811
0.23938073
0.21519363
-0.21626257
0.0010689411
-0.32484288
1.0679677
-0.74312485
0.49974203
0.28356023
0.14626693
-0.42982716
0.32807308
-0.31979858
-0.0082744999
-0.89420258
-0.40395087
-0.48521639
-0.25699763
-0.2999634
-0.30065623
-0.25635825
-0.0013929217
0.19436398
0.31423443
-0.056869883
1.345573
-1.2887031
0.5855979
-0.14623642
0.41146918
-0.11962855
-0.29184062
-0.2811259
0.013477782
-0.35818907
0.67743422
0.21698145
0.24933979
-0.15347282
-0.31972038
1.1111853
-0.7914649
0.2527425
0.095888092
-0.84248166
0.21609757
-0.084098528
0.35266738
0.34824105
-0.22138533
-0.12685572
0.52673229
-0.59855537
1.0434023
-0.36596806
0.47366658
0.061729016
-0.97765449
0.80558799
0.50959272
-0.58155157
0.21282873
0.300065
0.87645725
-0.73624679
0.037686612
-0.051481132
-0.37725519
0.70897515
-0.33171996
0.055695756
-0.92791859
-1.1307146
0.32957443
0.80114018
-0.25998357
-0.35125092
0.61123449
-0.4460034
-1.0207141
0.92733045
0.78726867
-1.5128981
-1.0738144
-0.026987134
0.94719797
-1.2322741
0.79155685
0.17331101
0.30035557
1.1056648
-0.29214261
0.42914096
-0.56584791
-0.53729708
1.103145
-0.29765467
0.15910254
0.3123482
0.45041432
0.658064
0.53228628
-0.76583301
0.32160769
0.45617341
0.75543296
-0.12997565
-0.86071482
0.99069047
0.66141326
-1.4694089
0.014796155
-0.63302411
-0.00078309298
0.20323952
0.12483356
1.4757236
-0.37799522
-1.0977283
-1.0775364
0.14599314
0.11291656
-0.81400953
0.70109297
1.2381264
-1.257565
0.019438508
-0.25210505
0.68086417
0.25763287
0.1124767
0.3678692
-0.32290305
0.32222545
0.53370364
-1.1889462
0.73951107
-0.43145742
-0.3224476
1.1273546
-1.0045788
0.29911999
0.6689028
-1.3264726
1.106368
-0.82008158
-0.56203644
-0.37407811
0.93821202
1.1004596
0.442357
-0.098699097
0.30447815
-0.20577905
-0.12345085
-0.70823248
0.83168333
-0.68236385
-1.5553315
0.14996932
0.3653825
-0.51535181
1.0342454
-0.19641313
-0.84878382
0.7152454
-1.0388207
0.12460282
0.080280488
-0.20488331
0.10803824
-0.78490182
0.1119144
-0.78226761
0.24010746
0.55340759
0.38222435
0.36122001
-0.47031425
0.10909424
0.60804402
-1.0575135
0.41408596
-1.4079914
1.2359333
-0.20111019
0.90001045
-0.69890026
0.12403418
0.84237389
-0.087361399
0.36715086
-0.52837473
0.50554464
0.37203829
1.2659833
-0.27176481
-0.99421848
0.1466207
0.38047544
-0.52709614
-0.19917355
0.66308353
0.73789284
-1.1229755
0.09501346
1.1246514
0.16836623
1.0865903
0.41340969
-0.18818298
-1.0557023
0.51320793
0.53019435
-0.42936795
0.42945929
-9.1336207e-05
-1.4271536
0.84509267
0.58206094
1.1612039
-0.074894036
-0.45909918
0.53399322
1.0244124
-0.24389884
-0.03249961
0.44131179
-0.38347449
-0.057837298
-0.56692632
-0.081896033
1.4228001
0.81600121
0.63613326
-0.76336253
0.24277712
0.52058541
-1.0481134
1.3384577
-0.39125969
-0.099555446
-1.2219399
0.89879715
-0.95027828
0.90652716
-0.65263331
-0.14325916
0.60850102
-0.46524186
-0.1284962
-0.71501143
1.2614286
-0.42667906
-0.83474952
-1.46891
1.4283748
0.040535194
1.6702648
-0.82830498
0.12998215
-0.60300193
1.197863
0.84555522
0.63016834
-0.2584899
0.91826457
0.085447378
-1.0037119
-0.37316826
-1.0539853
0.39909393
-0.79738002
0.52306137
-0.98861569
1.3730969
-0.92299965
0.16655505
-0.55841752
-0.20382397
0.75231889
-0.54849492
1.039398
-1.7457154
0.89533165
-1.3256474
1.0008045
-0.6695753
0.59468126
0.10971702
0.90353008
0.7186102
0.12768267
0.624351
-0.76398944
0.13963844
0.27633909
1.2860713
0.71016374
-1.176497
0.49459599
0.67948823
0.076763582
-1.3614743
1.0417539
1.3371319
-0.24772002
-1.0894119
-0.54898629
0.9540291
-0.40504281
1.2320501
0.10864509
-1.3406952
-1.1858123
-0.55990304
-0.038298126
0.83029336
-0.79199524
0.25411038
-0.63136557
0.21841251
0.37143633
-0.28144785
-1.3961633
0.37544921
-0.43157167
0.014119653
0.41745201
-0.73098201
1.0838408
0.32750724
1.3032939
0.7281042
-0.67626215
0.7088802
0.37634981
0.66364957
0.22381481
-0.44517701
0.2213622
-1.0134843
-0.78483061
-0.059031475
-0.80645387
-0.74887766
1.2916593
-1.0746778
0.54985933
-0.37654831
0.012708475
1.0738818
0.70187915
-0.35944872
0.85134243
-0.82966686
0.30608865
0.9320378
0.90628437
-0.4641385
-0.44214587
-0.72405289
0.19391332
0.53013957
-0.35818064
0.52167182
-0.16349118
-0.48222336
1.0707696
-1.2910265
0.9121103
0.37891618
-0.43814727
0.25998216
-0.52483148
-0.84199448
0.306856
-0.23592745
1.0294071
-0.076786352
0.68511275
0.40886607
0.64581905
-1.8586276
1.2128086
-0.37190467
0.8609978
0.42680013
-0.56248004
0.079528424
-0.47502694
0.91642466
0.12861226
0.71648041
0.95367732
-0.79105952
-0.91889392
0.46722021
0.37870333
0.19163921
1.3174448
-0.074307136
0.80605937
-1.382727
0.56376151
0.23345158
-0.043398453
0.33815293
0.42415737
-0.7623103
-0.025043193
0.97416748
-0.1093593
0.33317412
-1.0722839
0.59725696
0.79841562
-1.0946752
-1.269357
0.99759218
0.3901247
0.1954732
-0.43722327
0.19332443
0.41593687
-0.70156022
0.54776267
0.49672264
-0.62586169
1.0989093
-0.47304765
-0.011634922
-0.46181207
0.10363143
-0.15676879
-0.33229252
0.48906131
0.6061062
0.61863113
0.85524042
0.64539635
-0.76884721
0.50089229
0.96306239
-0.050956107
-0.91210629
0.9250825
-1.5515712
0.51394808
0.16739203
0.50661617
-0.065304383
0.26457715
-0.89043883
-1.2927957
1.3491446
-0.056348906
1.0565981
0.44311782
-0.090460146
0.54296249
-0.45250235
-0.13549603
1.3675462
-0.9694726
-0.068354802
-0.59241808
0.66077288
0.19029554
0.86717359
-0.70823447
0.065736261
0.74078757
-0.6376491
0.31002182
0.32761011
0.59065446
-0.78389767
0.20873562
0.40937391
-0.70729471
0.30270223
0.26537808
-0.50642974
-0.35143322
-0.067427756
0.79760248
-0.40281565
-0.39478683
0.58781327
-0.92725861
-0.075330256
0.75481849
0.24765159
0.79385717
-0.24777481
-1.1799361
1.0499605
0.44223732
0.85913919
0.47241063
-1.3315498
-0.7935616
-0.26924264
1.0628042
-1.3323616
1.0846416
0.097860745
-0.21323187
-1.0108397
0.94248485
1.1387149
-0.4320162
-0.37074703
-0.41093821
0.49156431
1.3726081
-0.83890443
0.4159793
-0.84265836
0.97958676
-0.57207347
-0.078164047
0.34025198
-0.24636468
-0.19085859
0.42750385
0.47878052
-0.56931169
-0.76320287
-0.054443406
-0.82688308
-0.99064661
1.0727077
0.33034657
-0.26875201
0.5902686
-0.32151659
-0.55167414
0.16062844
0.23293026
0.4555466
-0.68847686
-0.82547531
-0.05005505
0.38761005
-0.87282644
-0.15928576
-0.32762608
-0.58274228
0.22902363
0.35371865
-1.2300337
0.66072206
-0.70686732
-0.0013671495
0.95643481
0.41844695
-0.56170611
-0.48444811
0.50423763
-0.10955436
-0.39468327
-1.2659738
0.10725718
-0.87243396
-0.79471769
1.2812601
-0.2567589
1.1944011
0.47710336
0.22694628
-0.017506682
0.70318022
-0.68567354
-0.66299732
0.23532472
-0.48616992
0.025306793
-0.32009999
0.2947932
0.15961903
-0.31890478
0.92514336
-0.23553649
-0.52782604
1.1625083
-1.2008064
0.49551107
-0.78813513
-0.99193644
0.44295015
1.6951939
-0.59803423
0.66078708
0.57444116
0.096388176
0.25812488
-0.13184595
0.37916378
-0.35626892
0.47073037
0.025847289
0.25212293
-0.27797022
-1.46891
-0.50198733
0.14571841
-0.47700016
0.15181314
0.32518703
0.44985819
-0.0019728323
0.27971841
-0.59638784
1.1881418
-0.59175397
0.74838517
0.048500468
-0.99383842
1.2881336
-1.3056403
-0.83513067
0.063190519
0.77194015
-0.53590317
-0.31794303
0.46634266
1.0651234
0.43487662
-1.0971408
0.70129002
0.38889161
-0.3328635
-0.30076727
0.37930085
-0.078533578
-0.12035845
-0.26549432
0.38585277
-1.0598763
0.015240833
1.0446355
-0.53902638
0.27904281
-0.35164978
0.45934989
1.6106805
-0.11758155
0.39989792
-0.28231637
0.21249324
0.20800048
-0.80438832
-0.64341081
0.85950838
-0.12379882
-0.91027344
-0.35386426
0.76980113
0.49806485
0.60000239
-0.054961294
0.39438822
-0.33942692
0.033010245
-0.034983077
0.94703068
0.4260662
-0.63928519
1.2965944
0.54113563
-0.7342948
-0.58617506
0.66047001
0.1402478
-0.97537847
-0.94308977
0.75577794
-0.86328384
-0.40268995
-0.34680192
-0.5606345
-0.39935431
-0.021132747
0.42048706
-0.068902943
-1.0407532
-0.49108837
0.13943859
1.3759344
-0.51679524
-0.58232396
1.1006338
0.33267648
-1.4333103
-0.1420888
0.54730135
-0.40521255
0.030951583
0.50649995
1.1776363
-0.76165695
0.8517925
-1.0416027
0.098866571
0.49698999
-0.59585656
0.75493453
-0.52332276
1.2358124
0.020790305
-1.2566027
-0.57895562
-0.15920783
0.1969482
0.40659822
-0.12773966
-0.20873863
0.51876044
-0.24150385
0.096595163
-0.62801515
0.022213945
0.010796299
-0.88368774
1.0916882
-0.15652308
0.79110182
-0.082126678
0.46164944
-0.60113504
-0.65107979
-0.23127484
-0.25317327
0.20029034
1.2154893
0.22438117
1.2173602
-0.43469286
-0.540004
-0.74263327
0.49959516
-0.81301203
0.18946036
0.44269697
0.87072029
-0.1943811
0.97989792
1.3933536
-1.3538627
0.61431188
-0.30196368
-0.0056153594
-1.054261
-0.5025765
0.038942969
0.6305812
-0.30897351
-0.05338618
0.2887109
-0.26642004
-0.21974988
1.4774811
-0.98208891
-0.49539215
0.1156876
0.3482129
0.7087129
-1.0442877
-0.1152077
-0.60279648
0.042161976
1.3635461
-0.10852482
0.12459955
0.42106205
0.078112729
-0.61493268
0.40986839
-0.6236417
0.041317744
-0.71075894
0.84089388
-0.13013494
0.27170559
-0.37901496
0.086204062
0.3763209
-0.77506785
1.4039515
-0.4038706
0.50935289
0.96812818
-0.43243114
0.75225251
0.99821581
-0.39210961
0.96671255
0.2109237
0.26757041
0.71779315
-0.98536356
-0.36946654
0.77884046
-1.4686756
0.76648705
-0.73633015
0.4159014
1.041069
0.22882985
-0.62904053
0.41585822
0.91341603
-0.50551412
0.25566779
-0.083404825
-0.49182993
-0.51274889
-0.15031309
-0.10010529
0.48899691
-0.36500873
-0.034345577
-0.48290886
-0.85660919
0.14162036
0.15478475
-0.46923542
0.039995412
1.0592417
-0.015237195
0.27287007
-0.06768041
-0.082632677
0.51798269
-0.037442015
0.090899299
0.54770088
-0.40892142
1.1835047
-1.6301473
0.76590621
0.86424105
-1.6425618
0.34976616
-1.4580008
-0.010674795
-1.2277574
0.66190953
-0.24265524
-0.020117801
0.58509055
-0.53041545
-0.7078189
-0.016233981
-0.32650501
0.070146762
0.77227128
-0.56848758
-0.20378369
-0.38133323
-0.77217617
0.082714623
0.55986627
-0.54709094
0.11551928
0.40266802
-0.54475681
-0.13462203
1.1309031
-0.72333866
0.29329209
-0.0018942339
-0.56913858
-0.07118418
-0.35818377
-0.48005351
0.19513218
1.0798541
-1.2749862
0.38000175
0.14167007
-0.97198994
0.80542003
0.062741655
-0.86816169
0.092442545
0.41715018
0.096096122
0.43063617
0.81876445
0.22527202
-1.0440365
0.4515677
0.42972974
-0.88129745
0.80737806
0.42436116
-0.43255034
0.67911002
1.4283748
0.20388429
1.0319281
0.11780045
0.047612318
-0.9739754
1.1535116
-0.87823065
-0.66324
1.4952054
0.7017569
0.48663346
-0.68292876
0.1962953
-0.90455775
1.3598359
-0.50091317
-0.85892277
-0.59627455
-0.8418269
0.25565184
0.084564298
0.98797529
-1.0725396
-0.20301219
-0.12149192
0.32450411
-0.62742853
0.36644364
-0.26445987
-0.61705603
0.79693872
0.98462
-0.22324801
-0.76137198
0.14293148
-0.56140826
-1.0252593
0.70281165
1.1431722
-0.33775218
-0.56004753
0.6022095
-0.73468845
-0.80606673
-0.78593579
0.11636049
-0.18689227
-0.66189155
-0.37085196
0.10356943
0.26728254
0.78361942
0.60269131
-1.3181436
1.3181436
-0.58008959
0.62140733
0.12007469
0.82375806
-0.73919376
-0.20009715
-0.055392841
-1.5058246
0.69281261
0.81240181
-0.16700545
1.0778319
-0.2565391
0.12665134
-1.2223178
1.41745
0.096037517
-0.80747621
0.42692136
-0.91743349
0.49051213
-0.48924298
-0.011150567
0.50039355
-0.26354608
0.82050651
-0.55696043
-0.39740366
-0.77056658
1.1679702
0.85781854
0.18325044
0.75744954
-0.82085061
0.063401073
-0.62916608
-0.27375963
0.24126002
-1.118494
0.69821104
0.039001181
0.43733641
0.041378152
0.16903564
-0.43895556
0.2830283
0.28438294
0.85056932
0.32580697
1.4517728
-0.41831942
-1.0334534
-1.5072823
0.77700398
-0.3680464
0.20980763
0.85694981
-0.84215366
1.4826885
-0.93232834
-0.55036016
-0.78321073
0.2640708
-1.3079593
0.23135646
-0.33005555
-0.093572565
-1.1287453
-0.4134502
0.093651616
-1.1974076
-0.66521857
0.74373414
-0.12154829
1.4142114
-1.0758228
-0.13585418
-0.10680106
-0.011214176
-0.28092844
0.17338756
0.24957687
0.63132649
-0.51840992
0.24570158
-0.32874116
0.88283839
-0.8813384
-0.0014999887
-0.33049292
-0.033479752
0.36397267
-0.72531169
0.090094142
0.63521755
-0.62765845
-0.43482551
0.4601323
-1.0670538
-0.52638121
-0.45063089
-0.045173803
-1.0811032
0.10911328
-1.2090106
0.15889866
0.43737309
-0.035578036
-0.10128482
0.23397008
-1.3901245
1.3901245
0.74756317
-0.24949831
0.033407084
-0.10108749
-0.31121004
-0.75002582
1.0335668
-0.28354097
0.63072467
-0.03897895
-0.92597104
-0.17797105
-1.1294504
1.3074215
1.0159655
-0.031345538
0.042535818
-0.27411094
0.23157512
-0.79724814
-0.27499137
1.3363916
-1.3933536
0.14127772
0.3955414
-0.53681912
1.2832543
0.33214243
0.6407039
-0.30255097
0.86322938
-0.59565897
0.036480877
-1.2454914
-1.0143871
-0.10410685
-0.64771868
-0.3933358
0.2572
0.13613581
0.5355752
-0.62433239
-0.12154017
-1.0079102
-0.21520856
0.77163435
-0.023087524
-0.049038785
-0.50050146
0.34282938
-0.6558003
-0.40542703
-0.086963756
0.010790429
-0.43890934
0.54948431
-0.055837245
-0.31895109
0.37478833
-0.63918887
0.09016546
0.14915027
-0.23931573
0.45444078
0.25217851
-0.70661929
0.38266199
-0.019880228
0.60971979
-0.58983956
0.5188001
0.56725557
-0.44440598
-0.39134898
-1.077561
-0.72068159
0.49908328
0.22159831
0.78454082
0.69814768
0.65573891
0.37477496
-0.29709489
0.28588072
0.12300271
-0.7686698
0.64566709
-0.14963292
-0.19668439
0.34631731
0.38637728
-0.13348116
0.82302974
-0.68954857
-0.12229535
-1.1655755
-0.17039222
0.52436782
-0.090085451
-0.23641956
-1.1242892
-0.052207802
-0.89000416
0.45798796
-0.42429554
0.25679966
-0.098219295
-0.15858037
0.018876672
-0.43665031
-0.715515
0.25641581
0.28025782
-0.63901918
-0.28686975
-0.65880578
0.45314723
0.20565855
0.2001527
-0.13970029
-0.34473956
0.51225792
-1.5655534
0.68732276
-0.90646786
0.15644204
0.014183017
0.47720602
-0.03390938
0.63388531
-0.59997593
0.59312116
0.23704234
0.33579082
-0.51814756
0.43117405
0.086973504
-0.043387002
0.80083654
-0.4439908
-0.29772387
-0.39684136
-0.080158802
1.0022805
-0.61181778
0.3482717
-1.3931194
0.16525099
-0.19486092
1.0891238
-0.8942629
1.2128086
0.51453565
-0.4220931
1.4705993
-1.1450715
-0.087703411
0.52870707
-0.43261095
0.26748789
-0.86757062
0.054264354
-1.0640654
1.1040608
-0.062083252
-1.0244017
0.81014276
0.21618724
-0.011849189
0.92489345
-0.27004937
0.15057934
-0.74474154
-0.28852764
1.0332692
0.020059791
-0.97033807
0.43322652
0.32624658
-0.75947309
-0.258478
-0.86581122
0.050491611
-0.66682735
0.31296308
-0.82368325
-1.5345716
1.0664634
-1.0049414
0.22987353
1.3320263
-1.115839
-0.31432798
0.58985331
-0.27552533
-0.48743326
-0.49545038
0.44298466
-1.2942244
0.85123973
-0.38633017
-0.44256143
0.42126411
0.021297317
0.51903103
0.049930488
-0.56896152
-0.42711806
0.60126785
-0.17414979
0.72615675
0.51695989
-1.2431166
0.4067299
-0.16102831
0.36953447
-0.44071865
0.55590325
-0.37612917
1.2011009
-0.82497178
-0.60002993
-0.42924823
0.86247475
-0.64945887
0.89223599
0.49481136
0.068725992
-0.56353735
1.086284
-0.60163067
0.24366856
1.1899071
-0.15972712
1.0500222
-0.9244518
-0.82681364
-0.029526006
-1.0033377
1.0328637
-1.2365241
-0.47842062
-1.319505
0.25185419
1.0676508
0.91583153
0.56624779
1.2461096
-0.96639117
0.76167216
1.2192868
-0.88661032
-0.30942174
-0.97796304
0.31577754
-0.52573961
-1.1909276
0.98541298
0.20551465
-1.4975173
0.99538577
0.50213153
-1.1675415
0.042497747
1.1250438
-0.74179157
0.82723895
-0.43472149
0.66765174
-0.090852883
0.81720394
-0.34162503
0.30814527
-0.026820965
-0.82289966
0.54726845
0.89777345
-0.81699495
1.0104817
-1.0400077
0.37668697
-0.024847116
1.045094
-0.31698979
0.2071001
-0.34295428
-0.34129678
1.0674535
0.39046718
0.34585764
-1.1431058
-0.19246312
-0.25858924
0.34528439
0.15895325
0.55478906
-0.025842489
-0.40089806
0.42674055
0.38991236
0.40308217
-0.33187179
-0.10627548
-0.50690114
0.2224331
0.002674916
0.15613274
-0.44277817
0.28664543
-1.2022696
1.4846855
-0.61661085
-0.17117222
-0.96089587
-0.60465753
-0.5746373
1.9278219
-0.99191162
-0.93591027
-0.68204034
0.3125738
-0.25503227
0.64264232
0.088028395
-0.29104059
0.30832085
0.18177031
-1.0179001
-0.69893196
-0.80835037
-0.12306641
0.6204646
0.229368
-0.8498326
0.96505212
-1.3256474
-1.3614743
-0.27160161
-0.73701336
-0.66238634
-0.48806273
0.052983746
-0.48891739
0.43593364
-1.0009123
-1.0387741
-0.71215125
1.7509253
0.090291197
0.0065315282
0.70998837
-0.88805098
0.80072007
-0.33073875
-0.46998132
0.1508323
1.039304
-0.99370514
1.0173829
0.70596282
0.020763704
-0.72672653
0.68784336
-0.078123577
0.84917274
-0.26425204
-0.5849207
0.28907833
0.55230411
1.2162276
0.042082028
1.1889234
0.0035276796
-0.38024593
-0.28904744
-0.39581862
0.43513795
-0.38763604
1.2174086
-1.1831163
1.4845905
-0.12149526
0.3894275
0.27208739
0.84160381
-0.14111875
0.82026067
0.67973933
0.77630508
-0.35524303
-0.026483403
-0.30133053
0.32781394
0.33366682
-0.49909367
0.57903782
-0.50212586
-0.076911964
0.20567351
-0.11747532
-0.21758979
0.60771449
-0.31528481
-0.4883677
-0.11326297
-0.13232387
0.34664824
-0.21432438
0.071187974
-0.56326001
0.70687208
-0.072986774
-0.21440485
0.59310818
-0.69100908
-0.90202535
0.94386182
-0.3714032
-0.37147184
-0.45293371
0.59421143
-0.66764608
0.20861212
0.49314479
-0.11684422
0.25542745
-0.13858323
-0.2872673
0.78700932
0.18194051
0.12316082
0.71921306
0.72856212
-0.16141989
-0.13153782
1.2896988
0.80090478
-0.3582078
0.061585671
-0.71104454
0.22736613
-0.035912648
1.214464
-1.214464
1.0807971
-0.062218958
-0.15552245
0.18835534
-0.025803056
-0.3697624
-0.12496064
-0.75766228
0.19838291
0.93252023
0.81821419
0.55928485
-1.377499
-0.79860566
1.0834617
0.79100984
-0.20319657
1.2801631
-0.45990244
-0.4060835
-0.23158152
0.35823285
0.60967257
0.73590047
0.28024202
-0.58827148
0.59940551
-0.011134025
-0.33354086
-0.32134786
0.97941186
0.68730424
-0.44647325
-1.4400515
-0.27690515
-0.50755506
0.78446021
-0.70263705
0.90852347
-0.64445267
-0.59241032
-0.24652958
0.8389399
1.0179915
0.19333936
-0.25814692
0.12353006
0.13461686
0.013277679
-0.67516923
-0.50428762
0.47844513
0.30260701
0.27643081
-0.16803397
-0.0067041814
0.17473815
-0.76013983
-1.21947
0.31306784
-0.56834312
0.037288944
-1.1824835
0.21257197
-0.42000316
1.2260625
0.37194012
0.59972012
-0.73320129
0.21973356
-0.97670644
-0.085290728
-0.21021904
0.23606632
-0.20152987
0.033495906
0.59557109
0.3094765
-0.31208525
-0.53454964
0.84663489
-0.38370258
-0.39732248
-0.36137782
-0.36196084
-0.21453223
0.66897302
-0.3657152
-0.4172851
0.7830003
1.0739894
-0.26485405
-1.1965313
1.1965313
-0.49650155
0.50970665
0.011029004
-0.012742012
-1.0264707
1.0392127
-0.76851213
0.42815474
0.34035739
-0.11611131
-0.45237627
-0.36678543
0.45687957
-1.3773911
-0.10608366
-0.11261253
0.21869619
-0.12741581
0.2769767
-0.14956089
0.74032944
-0.037998086
-0.35599895
0.16567922
0.34093695
-0.52904762
0.66280366
-0.50575444
0.12137486
0.95942229
-0.66120245
1.0700685
-0.67690135
1.0044086
0.8594583
-0.73645559
0.81849552
-0.92796183
-0.33397782
0.027000203
-0.45139827
0.42439807
1.0891743
-0.019594893
0.47180574
0.58871462
-0.47258323
-0.25322286
-0.87360099
-0.45876061
0.60444144
-0.54285577
0.61506854
-0.72331617
-1.3173748
0.38743516
1.0269554
0.035438206
-0.51310923
0.44290924
-0.41804877
0.10113391
0.52633383
0.63722269
-1.381067
1.381067
-0.80983927
-0.45951771
-0.34705706
0.97206662
-0.31069522
1.4604563
-1.2565721
-0.55194647
-0.23032114
-0.5168053
0.93144702
-0.41464172
-0.95111937
0.53111621
-0.35055336
-0.51701726
-0.056686558
-0.90420932
-0.25602747
0.96619121
0.54628474
0.10618361
-0.65246835
-0.38586381
-0.56922172
-0.2156801
-0.12570587
1.3214203
-0.1215119
-0.016094243
0.51192139
-0.21994824
-0.2124788
0.24203527
-0.4908707
1.5150352
-1.0241645
0.11872506
-0.37534188
-0.31579544
0.92023688
-0.52408592
-0.10473077
-0.47563803
-0.20729073
-0.18767099
-1.1114335
1.1565648
-0.32593771
0.33247537
0.85025757
-0.40469087
0.19231543
0.48854873
0.60445849
-0.91081128
0.30635279
-0.58676094
0.57561037
-0.62044988
0.032178393
0.65298881
-0.8704038
0.17401763
0.92326334
-0.59219867
-0.070798642
-0.24978254
-0.65870471
-0.1024958
-0.73965786
0.4775163
0.89464744
-0.075642548
0.074233013
-0.22386594
-0.33954711
0.33945578
-0.39542006
0.17547182
1.2657486
-0.011652645
0.90010957
-1.2732778
0.19646998
-0.49634971
-0.045878474
-0.50178862
0.5476671
-0.54842056
-0.10619871
-0.41348706
0.51968577
0.35267119
0.58544518
-0.48401911
-0.30502153
0.45204598
0.85124796
-0.078130353
0.95419626
-0.50154898
0.87811349
0.22660705
-1.1360012
-1.2190301
0.84103484
-1.0387741
-1.4223261
0.93139635
0.49092977
-0.18621567
0.67533863
-1.3476174
1.1158169
0.23180048
0.082027528
0.44436982
0.11311152
-0.22995574
0.73060903
0.72984731
-1.0976303
0.59875139
1.1131704
-0.42547915
0.63409127
-0.58204108
0.15462146
-0.60318808
-0.71607978
-1.4431652
0.77266244
-0.72084145
-0.229815
0.12373135
0.12064726
-0.24806307
0.47277201
-0.24299621
-1.0014803
0.29538099
0.7060993
-0.49429859
-0.45341091
-1.428117
0.69342855
-0.61340842
0.23990451
0.87830947
-0.60204089
-1.0722132
0.16745085
-1.0955282
0.45502272
0.29254044
0.24972255
0.15700735
-0.35223163
0.05650843
0.41261133
-0.46911976
0.20282886
0.95818165
-0.92365804
-0.84639809
0.12842333
0.71797475
-0.56980343
-0.7812693
0.23900508
0.42407845
-0.84207637
-0.25506439
-0.3261551
-0.35045941
0.43248694
-0.40419642
-0.91401344
-0.38773103
-0.46670443
0.34634598
0.3428962
-1.0846878
-0.27346985
-0.77784319
-0.016882626
-0.32137507
0.19619491
-0.32060798
0.0016568921
-0.46927462
0.35169307
0.13639919
0.63033306
-0.88636054
0.79391885
-0.56866208
0.42793871
1.4236221
-1.4803086
0.11913236
0.26016849
-0.33364261
0.068148295
-0.99309886
0.054937778
1.0404772
0.35777539
-0.1506753
0.15160508
-0.71737461
-0.7107424
1.1789101
-0.44697737
0.95275712
-0.50577975
-0.68803737
-0.33699001
0.41189028
-0.23635116
-1.1541104
0.12011905
-0.13634855
0.40752283
1.4388443
-0.62132851
-0.8175158
0.095369732
-0.49762078
0.069633653
-0.57175951
0.44783264
-0.39484889
-0.16555379
-1.0519414
-0.37038471
0.43476216
-0.80047736
1.2820927
-1.1303336
-0.15175908
-0.88908025
0.43183015
0.03663258
0.59469391
-0.04535124
0.29747417
-0.63792909
-0.21891681
0.92682401
-0.70155198
-0.98714728
0.41369966
-0.24215907
0.40783829
1.0257966
-0.29470492
-0.75096027
0.39728529
0.35367498
1.4528366
-0.15763932
-1.2951973
0.031442294
-0.26271714
0.72715133
-0.20479424
0.19201717
-0.44524003
1.3551822
-0.85581652
-0.49936569
0.088971333
0.71239987
-0.39201709
-0.32038278
0.32331213
-0.95543075
1.1671491
-0.60467325
-0.93635806
0.37189789
-0.017005438
-0.71068128
0.63784928
-0.51231461
-0.56878861
0.39612255
-0.3820029
0.092741298
0.92535865
0.55502517
0.5120221
0.10135538
0.85960255
-0.96095792
-0.1719896
0.42156648
-0.42048633
-0.021230494
-0.36746314
-0.54287457
0.70942962
-0.49795527
0.46269396
-0.19762071
-0.66853035
-0.22317828
0.1697921
0.02074717
-0.28716721
0.92379213
0.41045584
-1.334248
0.80103428
1.4528366
0.53361179
-0.026248281
1.077561
0.61701542
-1.6945764
0.40643906
0.22589292
-0.81830325
0.35300278
0.55676563
-0.21222618
0.81380919
0.10543991
-0.9192491
-0.53521724
-0.93670197
0.35458077
0.70247514
-0.44312894
0.075329528
-0.59341475
-0.84191013
0.39493276
0.92050096
-0.48959747
0.44750373
1.0591686
0.44083136
-1.1469303
0.7555813
0.43553195
0.88894492
-0.54604872
-0.1024329
0.20984883
0.16878008
0.46725643
0.53486604
1.0421962
1.3772244
-1.1283139
-0.20786531
0.66101253
0.98757114
-1.0003131
0.33187612
0.44442896
-0.80890316
0.3381245
0.37427537
0.40957616
0.44068141
-0.11970121
-1.1838946
0.68298141
0.14217196
0.71541293
0.52672954
-1.0085654
0.26890759
0.69406912
-0.26991175
0.34030121
-1.3170077
0.93389833
-1.6685151
0.73461681
0.33644745
-0.53406815
0.15466605
-0.23319963
0.14180385
0.24404892
-0.12447158
0.38167158
0.47309838
0.71719029
-1.2633949
-0.36333036
-0.39614273
-0.83548464
0.15890648
0.24099143
0.13232813
0.32006387
0.56986407
0.71222858
0.92852241
0.12143807
0.17072258
-1.2478483
0.95880085
1.1818651
-0.78457788
-0.11323826
-1.1809861
0.50945889
0.38277709
0.62902762
-0.47374059
-1.2539343
0.73975824
0.32701353
-0.43321223
-0.46567997
-0.29092206
-0.89663257
0.44322166
0.9189315
-0.3104958
0.34949698
-1.0742359
-0.85074857
0.5862887
-0.13229012
-0.1258568
0.65521449
0.10505427
1.0738559
-0.73303722
0.93142013
0.59952554
0.66084219
-0.2714147
0.54568389
-0.0027214032
-0.70013554
-0.89681385
0.00018127785
1.1755904
-0.3840335
0.88196087
0.046561532
0.057616641
0.28766774
-0.76949044
0.1948314
-0.26991529
0.4516856
-0.75098266
0.28701971
0.46396295
-0.31007248
-0.1936098
0.47443986
-0.28083006
0.055214229
-0.078832028
0.36103449
0.61837737
0.10427698
0.26194498
-0.36622197
-0.93591027
-0.12586413
-0.26340221
0.53054674
-0.24739325
0.34108654
-0.093693285
-0.2991158
-0.34279551
-0.47400901
-0.48794587
1.0892194
-0.60127353
0.3791723
0.1682584
0.28735935
0.72512823
-1.0124876
-0.1014681
0.52977695
-1.0197456
1.1881119
0.59635778
-1.1679892
-0.028627011
0.36871383
-0.40900247
-0.35950966
-0.26988834
0.76303313
-1.1918563
0.77353692
0.77335299
0.88022486
-0.45228616
1.0937651
-0.20199209
-0.4330288
0.99927659
-0.11221414
-0.25153053
0.36374467
-0.75451483
0.80972906
1.144466
1.469037
-0.70170257
0.44246035
0.25924222
0.823864
1.0443165
0.17568993
1.2000063
-0.24446264
0.75392153
-0.6587518
-0.3080828
-0.44287747
0.57849386
0.14843773
0.66440406
0.3979767
-0.25092408
0.31566456
0.29953092
0.069542129
-0.6046398
0.35811022
0.25211392
0.12305595
-0.37516988
-0.74570542
-0.35192486
-0.14210714
0.8506028
-0.1337227
-0.64564104
-0.80878737
0.56101257
0.63081256
-0.83764718
-0.01310139
0.36056615
0.733199
-0.61349695
-0.37801375
0.17997626
0.0019573756
-0.18193364
-0.32583213
-0.48958366
-0.17191123
-0.16728192
-0.75861466
0.92589658
1.3581215
-1.0778795
0.081218201
0.34792276
-0.34372032
0.88078352
0.013863922
0.93389833
0.72835729
1.5330763
-0.15585191
0.28034313
0.83464906
-1.1149922
-1.0671586
0.063446689
-0.10955844
-0.8672756
0.6543765
0.83983208
-0.5677447
-0.10717197
-1.1661059
0.80686145
0.32563918
1.0031664
-0.39349382
-0.50593894
1.5225773
-0.50458581
0.087739107
-0.25362374
0.42909556
-0.47820681
-0.010710571
-0.90917193
1.7127585
-0.74013277
-0.030941733
-0.18681459
-0.16126288
-0.17237973
1.1250371
-1.1250371
0.19964034
0.72718367
-0.49889004
-0.39840376
1.1774161
-0.73799406
-0.43942209
-0.19990431
-0.29852005
0.49842435
-0.5606676
0.11810617
-0.078871262
0.24618395
-0.16731269
0.46479125
0.29150194
0.30790357
-0.20007933
0.13790953
0.68932942
0.85923485
-1.3741378
0.3603659
0.035243756
-0.8620434
0.8186564
1.5011819
-0.14267804
1.1192619
0.41381434
0.77321973
0.47870132
0.4102436
1.5404195
-0.45367997
0.82274358
-0.46170909
0.52058236
0.31835755
-0.142691
-0.51881707
0.89552231
-1.073597
0.72388708
-0.31124899
-0.41263809
0.53893196
1.212396
0.13674863
-0.25432128
0.97817711
0.54440024
-1.0565104
-0.12542261
1.6076124
-0.68248109
1.199441
0.31289015
0.0066033596
0.32706346
-0.43001865
-0.014387323
-0.045029572
0.2548372
-0.1494015
0.68930448
-1.4019458
0.71264129
-0.27597187
0.58971353
0.0055960535
0.51343497
0.91316381
-0.51362624
0.036011386
-1.179835
0.16570957
0.18762388
0.052104894
-0.23972878
0.22558563
-0.024249663
0.51906102
-0.5726983
-0.43586715
-0.73510131
0.43595183
0.83327393
-0.88962283
-0.58647023
1.0301145
-1.1089465
0.77126118
0.40003361
-0.44802478
-0.42087148
-0.17807493
0.033516855
0.22665164
0.1924103
-1.1154099
0.72624396
-0.38433809
0.33333212
1.3659472
0.057674874
0.82614814
-0.255589
0.97810126
0.38774096
-0.43520838
-0.3930031
0.85238212
0.04705253
0.21489245
-0.79033317
0.98274347
-0.32863952
0.06179318
-0.29984946
0.82043182
0.23248706
-0.16433876
0.075041047
-0.34650353
0.27146248
-0.22863138
0.43144715
-0.48671429
0.02896807
-0.23003777
0.52991486
0.87640713
0.58223116
-0.36724205
-0.027108406
0.70932722
0.10097749
-0.81030471
0.62756425
-0.63014997
1.1826372
0.45274132
0.55042507
-0.62035889
-0.35361651
0.91831358
0.91031642
-0.46045823
0.50434119
0.025106904
-1.1817848
1.1566779
0.45489791
1.0651233
0.43845621
0.74817933
-0.023645688
0.98306797
0.11876787
0.091812475
0.15105953
-0.24287201
0.99792628
-1.0230025
0.025019712
0.25080844
-0.089244047
1.0217643
0.34468608
0.66800942
-0.39910183
-0.35835184
-0.025122658
0.53075303
0.19313405
-0.43313056
-0.7885911
0.46321292
-0.66222269
-0.074790664
-1.0774671
-0.54211605
0.019896487
-0.21229739
0.76570498
-0.15325946
0.25700907
-0.10374962
0.091863993
-0.66573418
0.67426597
-0.0085317868
-0.80017195
-0.45413597
0.70215679
-1.1710546
0.5551973
0.35004868
0.28906681
0.12157079
0.20306401
-0.84935293
-0.9879142
-0.20375234
-0.049420932
-0.37678143
-0.12817459
-0.31706544
0.40262158
-1.1566222
0.096579806
0.19213109
-0.18797733
-0.031772543
0.51630062
0.28799365
-0.80429427
0.76775461
-0.40718846
-0.18081727
-0.035445304
-1.392892
-0.60101544
0.0093503649
0.59166507
-1.5350024
-0.097600471
0.39066381
-0.18982503
-0.55991285
-1.0673677
0.96019572
-0.10751474
0.51775834
-0.37458881
-0.10053678
-0.83490066
-0.7027072
0.034985309
0.54588362
-0.47055409
0.20402781
-0.49508308
0.72445108
0.60427022
0.48178132
-0.19942564
0.15582433
-0.23838511
0.59206009
0.96147744
-0.45482607
-0.78584108
-0.022946296
0.60845002
-1.0471423
-1.4195637
0.79314849
0.83673575
0.2777767
0.082650994
0.55685559
-0.82690496
0.80582891
0.10448751
0.1091296
1.0188301
-0.49348031
0.65242467
-0.17290453
1.0722843
0.38055229
0.37511858
-0.78133903
0.40622045
-0.21409405
-0.63230403
-0.63689581
1.3262003
0.35907909
0.8097045
0.96602164
-0.41375539
-0.69038526
-0.4040223
-0.41928773
-0.15976885
0.25158133
-0.25580353
-0.3951037
0.65090723
-0.29239814
-0.071631735
0.36402987
-1.1939232
0.27122963
-0.17936563
0.68321239
-1.1922048
-0.21071863
-0.31502098
1.0202595
0.17170666
-1.1919662
0.82775
-0.56354869
-0.26420131
0.056935849
-1.085747
1.0288111
-0.61252246
-0.22130086
0.83382332
1.1501299
-1.1141185
-0.31046208
0.73844585
-0.39375977
0.16855137
-0.077761352
0.14382421
0.25032719
1.0654258
0.18251149
0.11596656
-0.29847805
-0.37036221
-1.0041208
0.95709568
-0.38111084
0.18036454
-0.69399078
0.81823173
-1.2930499
0.454357
0.21300379
-0.50540193
0.48295586
-0.89926848
1.1756076
0.26937085
0.27257035
1.1370931
1.1253571
0.14633675
-1.1691532
0.19179031
0.18064749
-1.1734918
0.91123338
1.0962398
-0.22111334
-0.85565809
-0.042962187
0.59981777
0.86082322
0.0013659395
0.69762981
0.22826677
1.0185505
1.195824
0.49856587
0.15820995
0.11012093
-0.93818409
0.54607448
-0.011846786
-0.42602603
0.086478915
-0.8344273
0.38888403
0.44554326
-0.088020287
0.88240176
0.22885028
-0.048874015
-0.70985664
-0.80684381
1.1819624
-0.80085727
-0.53568114
-0.21916777
0.42622596
0.57978322
-0.79208061
-0.52702909
0.050232591
0.25662341
-0.72399998
0.11504499
-0.19350446
0.63596481
0.014171648
-0.49581663
-0.22818335
0.92464977
0.36889629
1.0882977
1.3086283
-0.55304701
-0.75269618
-0.88855781
0.13404298
-0.61312424
0.00066899407
-0.36609616
-1.0030439
1.36914
-0.14182984
-0.21143158
-1.2547498
0.67098172
-1.3001517
0.74816308
-0.2158209
-1.5196283
0.75630262
-1.0650228
-0.24186085
-0.83372191
-0.20278763
-0.39834742
0.7438817
0.38831583
-0.84648842
0.36766717
0.41610961
-1.0192977
-0.09570492
-0.25079861
-0.07546235
0.20332558
-0.28219684
0.64760198
-0.65580443
0.3378614
-0.38564629
-0.086459568
-1.2191243
-0.073925599
-1.1375848
0.75355127
-0.03734116
0.18443885
0.12960147
0.39885249
-0.26765791
-0.13119458
0.4256591
0.51282466
-0.93848377
-0.43218112
0.54998157
0.58220501
0.24554499
-0.059508104
-0.81078239
1.2284098
-0.3632979
-0.86511189
0.26449243
-0.072702123
0.66291003
0.075535824
1.2648019
-0.1256179
-0.44618158
1.0105862
0.48941382
0.43465871
-0.21962262
-0.74095346
-0.15672492
0.63850623
1.0738654
-1.130353
-1.0552675
-0.54371952
-0.34723256
0.73554839
-0.45075356
0.34415786
-0.73019169
-0.82687293
-0.21166715
0.068478441
0.5884517
-0.018503197
1.1789197
-0.93140388
0.12622949
0.84756834
-1.3447227
0.3282079
1.0165148
-0.87299201
0.38624467
0.48674734
0.67324264
0.44583873
-0.46478867
-0.017936103
-0.19959431
-1.086284
0.7953386
0.079390196
0.16994959
-0.24257943
-0.24452282
0.084753966
0.13825729
-1.5840675
0.059464038
-0.61937689
-0.37676162
0.5989236
-0.34674509
-0.58305057
0.38996273
-0.92464977
0.84513299
0.22591023
-0.31960351
-0.78546728
-0.54878069
0.3875905
-1.0959619
0.2954998
0.81702874
-0.38226658
-0.14161795
0.20935244
-0.86130251
0.039362447
0.82474578
-0.3516474
1.0299978
-0.10078074
-0.14728233
-0.51459772
-0.55623051
0.22290058
-0.51802771
-0.30491091
0.82293862
-1.2169182
0.38171813
-0.08791094
-0.19100651
0.31163514
0.22369003
-0.17345743
-0.17881558
0.7585988
-0.60263235
-0.0098901129
-0.17400454
-0.48518907
0.86130251
-1.2184553
-1.0008045
0.056547074
-0.26676611
-0.010907036
-0.5901084
-1.0417539
0.95170989
0.10254463
-0.75904654
1.1532459
-0.73574116
-0.41750478
0.20972892
0.18481824
-0.28052316
-0.26342334
1.0722843
-0.1189749
-0.97785881
1.097315
-0.1194562
-0.74730382
0.39405679
-4.6224045e-05
-0.58027094
-0.52509315
-0.2750788
-0.6511462
-0.07558033
-0.99356672
-1.4833414
0.88530719
1.1111613
-0.83932512
1.1501299
-0.08370922
0.4189383
-0.21077145
-0.20816685
0.95370658
-0.15836799
-0.64201279
0.24401964
-0.12048958
-0.31068207
0.7232934
0.58251562
0.64879567
-0.16888572
-0.24483368
-0.9606861
-0.21777956
-0.30464783
0.14417282
-0.41159333
-0.74421424
-0.66397537
0.72343941
0.57206138
0.21563546
0.28278889
-0.45211375
0.82462854
0.14113138
0.19429213
-0.29439742
0.58496692
-0.29242648
-0.13496367
-0.36413
-0.94236354
0.9190467
-0.5025991
0.53457086
-0.41821036
0.30526185
-0.18689828
-0.46803467
0.11210323
-0.086197284
0.92791795
-0.84172067
0.69592415
-0.91391979
-0.25165571
-0.95709568
-0.30273103
0.091456761
0.61174872
-0.18879156
-1.0675936
1.0876534
-0.39173344
0.80726591
0.12912805
0.11489158
0.011314143
-1.0377849
-0.008351931
0.56970898
-0.40323613
0.66067488
-0.077518294
-0.041239834
0.10089187
-0.56613373
0.0081405405
0.32995608
-1.1691161
0.077838323
1.0912778
-0.40301166
-0.39253447
0.61948075
0.5548017
-0.26815626
-0.26438815
-0.34704884
0.49122166
0.013315853
-0.51920288
0.60698925
1.0362802
-1.0362802
0.85220305
-0.24676331
-0.60543974
-0.31553813
-0.76192892
0.32260889
0.11625802
-0.63262032
0.28557148
-0.87259854
-1.0354031
-0.19687096
-0.28493501
0.40304118
0.92315227
-0.81116943
0.46393688
0.85168564
0.99847389
-0.32226771
-0.32177967
-0.64567537
0.28398607
1.009788
-0.12643698
0.8357642
1.2594422
1.219017
0.014339537
-0.47442636
0.076078949
0.6417885
-0.40266597
0.13688781
0.26577816
-0.4465013
-0.52887717
-0.30699237
0.18584284
0.11163133
-0.042390686
-0.5694271
0.94735608
0.081968251
-0.2217105
0.13974225
0.46797732
0.47589211
0.44208926
0.19641698
0.94666062
-0.51112867
0.8098421
-0.42359743
-0.024695629
-1.1141185
1.2091483
-0.32384114
-0.6652798
-0.45655598
0.22715935
0.088390403
0.33599614
-0.53383386
0.34416214
0.34463529
-0.87858688
0.23393497
0.56149227
-0.91954895
-0.88362571
0.90917193
-0.34423117
-0.83248829
-0.098994597
0.87846789
0.040691689
0.072325169
-0.65415287
-0.41904361
-0.61635951
-0.089502303
-0.14045344
-0.46804158
1.0003279
-0.61663581
1.0304501
-0.79677625
0.15871246
-0.99549574
0.1775821
-1.145996
-0.11996833
-0.218877
1.0816338
-0.52491664
-0.095533234
-0.92761593
-0.01345391
-0.85382169
-0.68504083
-0.28421044
0.77614963
-0.16761027
1.1061175
1.2115684
0.15845052
0.060245664
-0.79693131
-0.84657567
0.84657567
-0.971008
0.10519678
0.084443551
0.20063746
0.0042847508
-0.96223016
0.96223016
0.52741935
0.11657396
0.87846789
0.94088657
-0.49710649
-0.21790495
-0.40087506
1.120633
-0.71975796
0.41198206
0.01826293
-0.43024499
0.35371959
-0.21683178
-0.86089087
0.86089087
0.10519437
-0.80412633
-0.35061402
-0.76005821
-0.75323524
0.82899021
-0.72379584
-0.74676476
-0.77620416
-0.36673777
0.17188609
-0.75790895
0.78994014
0.69587367
0.58710478
-0.052533921
-0.24088173
0.10835454
0.75323524
-0.77620416
-0.64225571
0.96521314
-0.96521314
0.44100183
-0.32629042
-0.1730075
-0.24025929
-0.57091015
0.83863759
-0.94754135
-0.1537673
-1.1528393
0.47266645
0.68017284
-0.64926175
-0.10060665
0.25166618
-0.20485087
-0.7436456
-0.56240915
0.91488327
0.76844275
-0.11763733
0.24136867
0.64074516
-0.31313505
-0.47886754
0.33173358
0.62246269
0.62627867
0.70220229
-0.15443963
0.37911037
-1.0718196
-0.65199471
0.92153218
-0.23495944
-1.0989451
0.63090354
0.39163253
-0.52473427
-0.64079646
-0.18005414
-0.042277697
0.11582852
0.3868594
-0.096073518
0.33249736
-0.30396922
-0.077141621
0.5372196
-0.023784627
0.1211916
-0.25325742
1.1694527
0.60011563
-1.0191592
-0.72243224
-0.22510911
1.3528865
-0.75019517
-0.64639396
0.77339637
-0.86085301
0.76728045
0.64525433
0.64273023
-0.76916721
0.52991444
-0.010853416
0.12074201
0.00082877862
-0.037475945
-0.16627639
0.12554788
-0.01607461
0.64214408
0.22809903
0.68398744
-1.0848625
-1.015721
0.67253339
0.34318763
0.56896055
0.21675925
0.52497406
-1.0458261
-0.082487767
-0.45700845
-0.58881766
0.80756209
-0.29556451
-0.47214618
0.53448435
-0.074352047
0.064862476
-1.0453112
0.32555319
0.23194655
0.30325768
-0.50564749
0.06680203
0.042514217
-0.68053772
0.11985058
-0.64332503
1.2880053
-0.30129237
0.3156319
0.10813481
-0.64375434
-0.59195702
0.97418136
0.0095739711
-0.65037043
-0.37473805
-0.86417197
-1.1603673
0.54606101
-0.82795119
0.75904824
0.10360986
0.18004038
0.092670312
0.57216734
-0.020120874
-0.87896112
1.1166887
-1.144941
-0.09393345
-0.15058937
-0.45231552
0.48449391
-0.080982091
1.1129102
-0.35128738
1.0639287
0.42352344
-0.45252067
-0.41440762
-0.24452374
-0.11114283
0.21952837
-0.10838554
0.65261263
0.060433205
-0.4398014
0.057287598
1.0524058
-1.1096934
-0.97424284
-0.50244604
-0.38799279
0.35537649
-0.17498631
0.91088678
0.16833892
0.37210566
0.74309117
-0.040888879
-0.58258841
-0.16090376
-0.064927065
-0.45179428
0.27798428
0.64700143
-0.79602197
0.59347504
0.30092757
0.2988902
-0.45239372
0.58007638
-0.8626721
-0.72715659
-0.26113336
-0.25033993
-0.21147214
-0.38155457
0.39548523
-0.013930654
0.47863325
0.13546654
-0.23607319
-0.53861877
-0.067966671
0.81800402
-0.086132637
-0.597305
-0.57202219
0.91404949
-0.21797509
0.65903778
-0.55165315
0.22536273
-0.88287908
0.89796026
-0.0011100542
1.0108981
-1.1034374
0.68902973
-0.54775901
0.32752309
-0.35047871
-0.74920935
0.65991553
-1.0033843
0.66563216
-0.39360069
-1.0671554
0.83562569
-0.98957435
-0.1006748
-0.16204233
-0.69314315
-0.33085095
0.25403843
-0.15815034
-0.11551187
0.27396239
0.34643141
-0.036734659
0.95078415
0.86686033
-0.43165445
0.48886456
-0.44950211
0.80098196
-0.053840137
-0.49633383
0.25058342
0.16495222
0.087794308
0.46622996
0.30718903
-0.29238242
0.53248329
0.11977518
-0.26933607
0.18852954
-0.20864734
-0.133208
-0.0067662389
0.2953717
0.45626835
-0.063500556
0.45074731
-0.90455783
0.76024855
0.1377117
0.99160519
0.62005977
0.19515173
-0.63704349
0.44189176
-0.87223339
0.64712429
0.27837996
0.74727766
-0.70476344
0.81055593
0.075019402
-0.39613174
-0.093894741
0.78322416
-0.42326451
-0.71249264
0.77589372
0.29848063
0.044348755
0.71348189
-0.12795681
-0.23599003
0.90162219
-0.008973733
0.17474258
0.41692249
-1.0634645
0.73261357
0.72715679
0.93351112
0.096330937
0.12319743
-0.79332977
0.086725734
-0.0089186569
0.13310606
0.39628906
-0.59125129
0.32731783
0.098063285
0.36019479
0.42158993
-0.49975398
0.29846204
-0.17829813
-0.013598942
-1.0251354
0.36344866
-0.43141533
0.33881889
-0.035561212
-0.65673214
0.86912995
-0.34658612
-0.67259301
-0.0007190969
0.9865288
-0.72187844
0.23925803
-0.11012998
-0.93136438
1.3289459
-0.10994851
-1.1463822
0.089289157
-0.24223863
0.10438295
-1.0525291
-0.029974569
0.17228073
-0.040677871
0.18989018
0.11889939
0.014206673
-0.093107321
0.088915315
0.44087444
0.0042458525
-0.18254398
-0.088796758
0.16027272
-0.61258824
-0.1071695
-0.39138043
-0.25205716
0.98190447
-0.49675972
0.21586775
-0.25913205
0.19428178
0.032239446
0.67942166
-0.26895122
0.56222709
-0.35509639
0.27846139
0.26348549
-0.74351205
-0.14947393
0.96727952
0.13403695
-0.73373173
-0.34001053
0.90372858
-0.10438385
-0.7797593
0.30950963
0.098917976
-0.11484035
-0.168811
0.93201387
0.30097217
-0.2797841
0.10238186
-0.60353013
0.70801764
1.0279853
0.5670358
-0.38969338
-0.41490791
0.60857982
-0.9385359
-0.41100274
0.13410382
-0.7774196
0.14835248
-0.75188261
0.11961815
0.1864774
0.39308681
0.81725528
0.22451166
0.46582206
0.35004202
0.015112209
0.12542923
-0.40540477
0.26541095
0.14864515
)
;

boundaryField
{
    back
    {
        type            empty;
    }
    out
    {
        type            calculated;
        value           nonuniform List<scalar> 
20
(
1.533625
1.5356047
1.482947
1.5525722
1.5414706
1.5407552
1.551132
1.5531749
1.4796275
1.3182099
1.5522784
1.4046901
1.5372891
1.5354929
1.3123676
1.5391495
1.5376079
1.5458107
1.5465576
1.3996374
)
;
    }
    bottom
    {
        type            calculated;
        value           uniform 0;
    }
    in
    {
        type            calculated;
        value           nonuniform List<scalar> 
20
(
-1.5
-1.5
-1.5
-1.5
-1.5
-1.5
-1.5
-1.5
-1.5
-1.5
-1.5
-1.5
-1.5
-1.5
-1.5
-1.5
-1.5
-1.5
-1.5
-1.5
)
;
    }
    top
    {
        type            calculated;
        value           uniform 0;
    }
    wall
    {
        type            calculated;
        value           uniform 0;
    }
    front
    {
        type            empty;
    }
}


// ************************************************************************* //
