/*--------------------------------*- C++ -*----------------------------------*\
| =========                 |                                                 |
| \\      /  F ield         | foam-extend: Open Source CFD                    |
|  \\    /   O peration     | Version:     4.1                                |
|   \\  /    A nd           | Web:         http://www.foam-extend.org         |
|    \\/     M anipulation  |                                                 |
\*---------------------------------------------------------------------------*/
FoamFile
{
    version     2.0;
    format      ascii;
    class       volScalarField;
    location    "0.2";
    object      p;
}
// * * * * * * * * * * * * * * * * * * * * * * * * * * * * * * * * * * * * * //

dimensions      [0 2 -2 0 0 0 0];

internalField   nonuniform List<scalar> 
4242
(
-13480.791
-13086.323
-12692.589
-12202.94
-11655.348
-11031.189
-10329.075
-9550.4707
-8701.8752
-7796.6009
-6854.9769
-5903.0629
-4971.826
-4100.0078
-3320.8017
-2568.1768
-15938.653
-15436.495
-15010.785
-14492.121
-13918.46
-13272.265
-12556.258
-11771.706
-10922.689
-10016.821
-9065.6897
-8084.8593
-7094.174
-6121.5557
-5202.1804
-4332.8022
-19792.481
-19173.136
-18702.049
-18110.096
-17454.107
-16713.868
-15892.79
-14991.196
-14013.586
-12968.208
-11867.217
-10726.364
-9564.2515
-8402.7651
-7269.6931
-6208.0353
-24394.286
-23659.905
-23132.488
-22433.012
-21659.428
-20781.726
-19803.591
-18723.84
-17547.384
-16283.862
-14948.294
-13560.944
-12146.326
-10731.146
-9342.6348
-8034.4532
-27869.178
-27043.914
-26483.701
-25702.839
-24850.386
-23876.908
-22788.396
-21581.784
-20261.925
-18838.75
-17328.568
-15754.003
-14143.186
-12527.648
-10937.032
-9398.7573
-29668.826
-28780.544
-28212.578
-27389.744
-26504.236
-25487.658
-24350.1
-23087.05
-21703.144
-20207.974
-18617.904
-16955.948
-15251.024
-13536.536
-11846.5
-10229.498
-29804.108
-28893.649
-28341.552
-27520.253
-26641.906
-25632.119
-24502.371
-23248.209
-21873.936
-20388.819
-18808.816
-17156.436
-15459.95
-13752.205
-12064.956
-10450.733
-28335.728
-27450.102
-26930.315
-26152.263
-25315.156
-24356.583
-23284.653
-22096.633
-20796.783
-19394.387
-17904.868
-16349.583
-14754.878
-13151.085
-11564.981
-10047.473
-25394.231
-24583.038
-24110.457
-23415.963
-22655.845
-21793.084
-20829.791
-19765.125
-18603.533
-17354.167
-16031.438
-14654.796
-13247.832
-11837.986
-10449.571
-9127.8101
-21198.163
-20509.932
-20096.193
-19521.817
-18876.55
-18152.309
-17347.182
-16460.931
-15497.94
-14466.502
-13378.837
-12250.816
-11101.01
-9950.6816
-8818.9306
-7742.413
-15943.105
-15432.715
-15101.658
-14680.3
-14194.145
-13654.689
-13060.412
-12409.913
-11706.317
-10955.862
-10166.965
-9349.4785
-8513.2326
-7666.8719
-6812.3664
-5947.3867
-11253.004
-10939.808
-10697.969
-10435.562
-10107.233
-9724.1476
-9298.3566
-8834.6784
-8338.0574
-7815.6118
-7275.21
-6723.6044
-6164.6013
-5598.4221
-5020.5177
-4377.1116
-3649.9496
-3381.7987
-3157.4205
-2889.721
-2591.0072
-2261.7289
-1905.283
-1527.4499
-1136.453
-742.87471
-359.21548
0.62983656
320.32299
581.09704
785.59327
996.59388
1371.2477
1545.7094
1703.3014
1880.5098
2072.4895
2276.6107
2488.3189
2700.9158
2905.3813
3090.4994
3243.5073
3351.0375
3399.1239
3372.7488
3265.7649
3116.8007
6075.5681
6167.2432
6252.2609
6341.815
6432.3085
6519.0504
6595.5711
6653.4219
6682.2358
6670.1998
6605.0653
6475.2033
6269.3967
5977.1634
5603.3461
5206.8708
9808.0417
9840.258
9866.0988
9884.8583
9892.3321
9882.4962
9847.5383
9777.8157
9662.0821
9488.1786
9244.1886
8919.2773
8503.0741
7987.2999
7384.8228
6767.7729
12188.707
12188.964
12179.803
12156.377
12113.232
12043.306
11937.835
11786.448
11577.572
11299.3
10940.544
10491.557
9943.2914
9292.4719
8572.6987
7897.2821
-19804.768
-19185.61
-18714.475
-18122.543
-17466.348
-16725.718
-15903.952
-15001.342
-14022.405
-12975.514
-11873.067
-10731.147
-9568.6757
-8408.4465
-7281.4523
-6229.7123
12724.078
12712.638
12689.56
12650.938
12591.499
12504.621
12382.286
12215.151
11992.815
11704.436
11339.733
10890.13
10349.877
9718.1408
9005.5179
8248.2555
12747.829
12736.041
12712.23
12672.447
12611.355
12522.277
12397.194
12226.84
12001.012
11709.201
11341.551
10889.92
10349.042
9719.3879
9015.2891
8277.9553
12198.21
12198.124
12188.391
12164.122
12119.801
12048.311
11940.867
11787.119
11575.603
11294.64
10933.487
10482.771
9933.921
9285.1742
8573.5392
7911.5183
9774.7356
9807.3552
9833.6558
9852.8411
9860.6474
9850.9925
9816.0109
9746.021
9629.7768
9455.2198
9210.6621
8885.1631
8466.4402
7942.8279
7335.4401
6761.9902
6023.503
6116.3085
6202.5599
6293.5464
6385.6736
6474.2441
6552.7805
6612.8231
6643.9977
6634.5588
6572.4883
6445.9216
6240.3249
5938.5943
5559.6154
5249.711
1336.836
1512.6207
1671.4541
1850.2418
2044.1497
2250.5948
2465.0803
2680.9713
2889.3115
3078.9796
3237.4041
3351.2616
3405.5562
3383.9722
3284.595
3140.0614
-3661.6912
-3392.5635
-3167.6508
-2899.1325
-2599.4574
-2269.0634
-1911.3434
-1532.0807
-1139.5316
-744.35036
-359.1429
1.9534808
321.66566
578.99696
774.61353
979.71419
-11285.867
-10973.142
-10731.101
-10468.115
-10138.823
-9754.2763
-9326.3503
-8859.6852
-8359.0738
-7831.5297
-7284.88
-6725.8546
-6157.9855
-5580.4816
-4982.5726
-4326.5579
-15966.566
-15456.468
-15125.165
-14703.666
-14217.065
-13676.798
-13081.262
-12428.973
-11723.018
-10969.71
-10177.702
-9357.3016
-8519.05
-7673.0834
-6823.191
-5986.4673
-21215.965
-20527.933
-20114.022
-19539.645
-18894.092
-18169.331
-17363.361
-16475.901
-15511.36
-14478.166
-13388.829
-12259.638
-11109.59
-9960.4662
-8829.7601
-7759.2741
-25409.705
-24598.681
-24125.968
-23431.487
-22671.094
-21807.86
-20843.785
-19778.016
-18615.054
-17364.243
-16040.336
-14663.243
-13257.016
-11849.606
-10463.877
-9152.3759
-28349.538
-27464.091
-26944.207
-26166.16
-25328.763
-24369.692
-23296.925
-22107.729
-20806.427
-19402.512
-17911.76
-16355.966
-14761.853
-13159.742
-11574.147
-10062.001
-29816.909
-28906.652
-28354.499
-27533.211
-26654.583
-25644.289
-24513.668
-23258.271
-21882.467
-20395.741
-18814.416
-17161.452
-15465.48
-13759.018
-12072.11
-10463.799
-29681.458
-28793.402
-28225.432
-27402.634
-26516.887
-25499.832
-24361.424
-23097.154
-21711.724
-20214.942
-18623.539
-16960.993
-15256.533
-13543.064
-11853.972
-10242.729
-27882.036
-27057.024
-26496.831
-25716.024
-24863.365
-23889.441
-22800.118
-21592.326
-20270.982
-18846.231
-17334.76
-15759.682
-14149.406
-12535.121
-10947.189
-9415.1988
-24407.607
-23673.458
-23146.058
-22446.635
-21672.853
-20794.722
-19815.807
-18734.908
-17556.991
-16291.889
-14954.989
-13567.037
-12152.855
-10739.316
-9355.5532
-8055.2732
-15945.253
-15443.337
-15017.672
-14499.211
-13925.589
-13279.339
-12563.092
-11778.056
-10928.264
-10021.329
-9068.9067
-8086.7427
-7095.1558
-6123.4331
-5208.3961
-4337.0624
-13477.423
-13083.536
-12690.291
-12201.461
-11654.593
-11031.083
-10329.411
-9550.9005
-8701.9228
-7795.755
-6852.8854
-5899.9286
-4969.0003
-4100.504
-3328.8266
-2586.8575
-1373.0089
-1305.964
-1219.6823
-1149.3095
-1132.7817
-1181.4321
-1289.9073
-1449.3934
-1647.945
-1867.6976
-2085.4738
-2275.1551
-2410.6421
-2470.3527
-2449.3608
-2336.2788
-1791.4138
-1757.0128
-1742.9094
-1732.1921
-1704.6531
-1676.7127
-1679.221
-1723.6759
-1793.6726
-1868.7396
-1935.6842
-1978.9732
-1979.7253
-1923.2893
-1811.7797
-1653.9418
-1928.6627
-1897.3522
-1874.0284
-1852.4031
-1840.8162
-1841.5761
-1826.6221
-1769.7182
-1689.318
-1631.8606
-1607.6672
-1563.2836
-1454.107
-1268.8593
-1025.0887
-739.43844
-2044.7581
-2020.5501
-2001.0708
-1985.1038
-1973.1031
-1967.0785
-1975.4548
-2016.3148
-2098.7122
-2177.5962
-2159.3425
-1984.1191
-1552.5647
-1027.7203
-508.56506
-19.910418
-1480.3474
-1478.5025
-1484.0569
-1499.33
-1525.8083
-1565.1501
-1618.6968
-1687.1377
-1772.5402
-1885.8463
-1972.1423
-1856.706
-1350.126
-676.0097
16.40503
690.64617
-366.08357
-379.07542
-401.40034
-434.26064
-479.06466
-536.77505
-607.50891
-692.1501
-797.04159
-927.90837
-1036.1338
-933.53083
-582.47844
-28.497315
605.36739
1233.4204
-298.20837
-311.97996
-336.30347
-372.51793
-422.26218
-486.62239
-565.60237
-659.41969
-771.87195
-901.65988
-992.47942
-875.58872
-512.70392
29.633477
618.44473
1223.1157
-1459.9611
-1459.6729
-1467.1179
-1484.3669
-1512.9128
-1554.4204
-1610.3961
-1682.218
-1770.5723
-1872.8134
-1909.7038
-1737.0047
-1231.6094
-564.51095
128.10776
795.97632
-2044.8154
-2021.8928
-2003.4204
-1988.1767
-1976.8286
-1971.5235
-1980.9119
-2023.3277
-2105.2146
-2170.6917
-2123.8548
-1912.1897
-1471.4929
-938.94183
-403.6808
116.63221
-1956.8638
-1926.7741
-1904.4441
-1883.6823
-1872.9542
-1873.9403
-1857.1069
-1797.2576
-1715.1609
-1654.6118
-1618.0384
-1554.3602
-1424.5883
-1220.7458
-961.89168
-662.62065
-1843.8496
-1810.3055
-1796.4092
-1784.6198
-1755.161
-1725.5023
-1726.0297
-1766.628
-1829.6837
-1895.6311
-1951.6703
-1982.5378
-1970.3967
-1902.3122
-1783.6293
-1602.7896
-1443.3554
-1376.8107
-1290.6675
-1219.4306
-1200.687
-1245.4086
-1348.4822
-1501.3182
-1692.0225
-1902.8312
-2110.7421
-2289.8984
-2414.7091
-2464.9754
-2440.5665
-2314.9673
-6392.0745
-7937.0357
-7491.3906
-7086.7844
-6611.5643
-6080.9522
-5503.2655
-4885.0076
-4238.6565
-3581.2715
-2932.32
-2315.2708
-1762.5237
-1285.3848
-780.26304
-6395.6861
-7930.7507
-7487.2807
-7083.0342
-6608.163
-6077.8427
-5500.2785
-4881.8612
-4235.0778
-3577.0822
-2927.6747
-2310.6327
-1757.577
-1275.7256
-779.82913
-3728.7983
-5211.999
-5203.7112
-5028.6776
-4934.1158
-4863.783
-4782.9496
-4685.4625
-4569.9166
-4433.1498
-4269.7319
-4071.7278
-3831.9097
-3550.7797
-3078.0943
-3673.4356
-5159.3012
-5151.514
-4978.1045
-4886.3352
-4819.8733
-4743.9457
-4652.4143
-4543.8999
-4415.2304
-4260.92
-4072.9998
-3842.8848
-3574.9148
-3197.0341
-4477.9369
-4496.2067
-3974.5933
-3918.1253
-336.50792
-840.65837
2372.603
-802.5242
-1434.7635
71.446338
208.07513
444.65166
443.30126
-473.88633
-603.47984
-21.50374
1436.0191
-1417.6723
288.01755
-1873.2203
-527.08187
-2461.3169
-1644.0616
-1827.005
-1736.7552
1496.2636
493.95964
591.12124
940.88865
23.817182
-513.78801
-1867.3477
-970.84743
-3265.2166
44.34771
-296.59147
-908.5484
-1374.033
1227.6262
-754.54149
25.927564
1140.4609
-829.51838
-590.12545
748.18198
-14.301658
429.7412
-3168.8522
428.21462
2981.4107
-350.47034
839.61201
353.15608
349.21794
-4077.0913
5205.6621
1512.1427
-670.05205
-3822.7325
-1196.9596
-730.56517
207.29464
583.55048
-508.24136
-446.33863
346.57021
328.94323
-504.08596
-4405.9713
-433.37146
34.2269
-333.60349
-838.8209
-368.97051
166.26233
-1549.0335
239.65962
-44.81464
-47.888491
506.21322
-765.68795
145.4934
-98.344361
-58.129659
-305.25604
-3223.1214
-3467.697
-444.81989
-654.1051
-1031.8256
556.44876
-6.2870395
-3644.811
-44.635666
-619.91856
8.1909234
3331.6504
-1089.7995
986.62502
1237.6444
-6.4619111
2670.067
-3928.5704
1345.7199
-38.204071
-677.7671
4.6055322
19.961632
-654.45859
-1536.4958
-839.32557
-35.32929
-827.12555
-3355.7853
-4523.7668
1741.7705
-893.5439
643.66155
-2024.1448
-86.745587
2013.4402
74.499272
-46.614422
1827.0017
1707.5667
-857.8636
1175.129
-875.54437
-2571.94
1064.3435
-324.29582
-3311.3279
-880.14385
1521.6835
-1020.4169
565.27735
-39.80034
-47.404229
-12.716102
-1099.7506
2759.9445
-4.5275387
-4048.6884
-594.87957
961.58456
-703.70676
-1529.5965
-492.22144
-8.218774
-4.1798458
-561.75481
-821.82616
-249.49129
290.04878
278.37095
-482.59742
137.3768
1990.8798
-82.774279
845.94624
-3546.5736
-339.61841
-108.62597
-0.69833162
-8383.4535
-8353.1266
1074.3447
1572.5957
-263.54592
-53.521517
-256.02555
277.41854
-1863.8472
-27.299844
-1737.9652
3136.1172
126.36205
-36.28153
-433.29112
1059.5992
-153.46132
-37.691501
-536.66994
-348.55033
352.15715
-1706.635
-1348.264
232.92006
207.66657
473.26366
1010.8762
-31.304261
231.36319
-781.35106
-57.886685
-26.794772
-2093.7296
1437.7047
-415.99634
626.48791
-23.087644
112.8237
205.2622
3503.2283
341.88958
170.09103
-2457.2393
-160.01288
1593.2778
606.15224
1323.8698
-103.60454
1976.281
-9.8195833
-489.56649
-348.15831
-189.13077
156.90383
-52.611278
55.974852
-48.164672
862.87117
1168.6337
490.45827
-741.6326
-924.50039
-86.57436
-27.201192
-614.4867
1657.1576
1646.8095
-20.091366
-1100.7043
556.70223
1699.2752
2357.6345
-65.028171
-1259.3519
-2305.8415
263.11505
-174.92281
938.05668
-716.00096
-52.983131
57.987123
31.718507
246.30921
-1307.5944
2252.3521
-373.72759
-1288.0754
607.05946
45.532354
-1357.7911
379.51807
3256.7379
-1.7843255
12.190508
-1392.7177
5.2083755
1380.0824
184.37565
-42.580103
-640.89111
-785.57275
-19.187251
-65.813652
-89.805868
-437.3479
-251.60835
43.419861
-931.91841
-40.513977
-564.76296
35.229885
-471.47724
-180.83448
1419.0678
-1981.0021
-133.94753
2054.9487
1639.38
-275.98867
33.306985
-194.0735
-115.34087
119.9266
-3009.8832
887.61375
-1741.9263
-14.977148
-292.43824
190.70427
-233.74888
341.88533
921.50821
-2918.4948
19.245018
2079.3328
-877.381
151.00754
974.7817
237.92565
-887.05148
66.847222
-2236.9936
-1566.6712
2412.82
3240.8211
-959.01608
200.27537
-129.39828
-576.80031
1100.3543
-2332.8305
-821.17156
-22.575074
-895.46045
-242.99001
-62.393056
105.42409
57.848499
3929.2309
-895.79245
-2506.8991
1283.963
39.779364
-37.451472
79.530418
-391.06518
-2623.7587
42.009224
-15.061887
-9.4425995
5163.6426
-241.76959
-300.84899
788.37348
-1003.5967
-2344.943
-526.95112
-14.117979
-72.958668
18.975747
-3176.9604
-994.35164
-20.830425
1829.5269
-2.9390288
12.580557
-3055.4276
52.509224
-1556.2218
27.21424
-13.969425
-4388.9658
528.82084
261.11741
-543.6409
-3121.2793
-900.79281
-86.797696
-2262.0957
531.53316
201.14069
707.76111
-15.609237
-4014.0029
2601.3062
1207.2763
149.92804
-3069.4451
3.3332997
1467.5073
-3029.4786
-3635.9155
3437.4783
-80.793732
224.4246
268.16973
565.99764
-1259.6173
-3535.2065
136.92159
-1128.7162
1528.3361
1206.4249
-402.32948
-1230.8163
-279.52969
-617.19331
-3.9556004
190.28093
-4785.1402
-33.932881
268.25151
-4676.1799
-46.050937
126.41337
-648.73445
-186.88834
532.72369
4747.0895
-927.65361
36.988358
-1378.9428
42.156961
-2422.5831
773.09474
-1124.1349
-500.47285
-194.15673
643.63004
-61.780989
-275.99984
639.59293
-42.693886
-326.35405
-210.52285
261.77045
287.47088
-10.919539
-709.13705
-26.897874
-977.10003
-134.80118
-503.67549
524.52752
1598.1543
2445.9306
-2526.7873
-22.40147
1312.7158
24.199339
322.38721
288.78034
-821.02611
-876.06637
1386.6004
169.24221
5.3158902
-2355.7336
-2282.1275
-433.73197
-3491.5346
-1897.0344
-623.40545
-15.318868
-2580.5246
-974.07245
-49.856237
-47.039321
-534.8414
789.06975
-53.811749
-1765.7621
-2502.235
-8.8114625
-1299.0192
64.984012
-850.32317
-202.5373
3.7690233
325.41745
349.68768
1798.9165
157.09306
-666.40846
219.53134
660.43978
545.21645
1050.0842
1360.3959
-870.40236
655.88113
-83.05084
2213.7162
-288.08407
-226.50177
-829.11078
-66.265214
-51.999754
5346.2113
-133.50221
-839.06433
-2190.5186
-1147.7802
-18.343805
-1686.5435
-3519.1219
-24.991759
903.50015
500.9261
-4134.3023
865.53498
18.739152
-1333.2778
-758.03141
-3417.7166
-736.50768
-149.83284
168.73394
5.1408122
-408.91655
287.8737
-203.78362
2334.3785
265.6195
243.9867
-1193.273
-8045.6563
-656.77471
-4.8679287
1064.624
-2.2604579
-109.10493
-934.77478
-538.24393
-2188.7463
-8015.3731
-164.51968
570.95763
-37.134588
682.96865
-72.842053
-619.35625
307.61937
-171.38273
-4032.2476
-450.03363
-2382.1465
206.78394
-3239.1938
1607.308
299.59403
-3534.709
1536.6671
111.158
-4548.9988
1470.784
384.09839
384.85482
625.38692
559.69416
-7415.5673
-1224.1968
-2674.5722
-54.211086
-2584.8759
1497.1779
709.57143
700.09866
200.81787
-1045.283
-615.37718
-2.0627001
-23.207396
1402.7289
-2156.5742
-764.07038
10.470992
-7412.9555
2372.3179
-2664.2221
-1132.7466
-172.62787
-3257.672
-2072.7041
-82.744775
-4786.4871
-980.52281
-390.01578
579.25855
610.63375
-609.49429
-2248.2155
-3082.8021
1498.2307
2291.4785
2151.9482
417.75997
-123.70255
681.76944
1324.1378
2417.5218
1010.7736
3255.0985
-20.072094
533.8536
1029.0018
49.605336
-577.37408
-7.3056253
859.46253
1621.9462
461.79957
-4751.4581
555.27743
-260.84475
5336.8661
790.38791
-17.613793
5107.3194
1527.5829
-760.60477
-790.90163
1248.9265
5079.8103
-1958.309
-295.92617
1218.525
-175.83315
2976.3917
1231.8539
1336.2519
-880.54604
5.5256273
1518.4011
1362.6326
5326.2124
384.97397
-40.741966
567.4483
-1267.1269
-1114.8917
-882.22459
-4130.4289
5297.956
-611.36074
-27.819821
-584.73481
2472.8476
2017.7065
-2201.7069
-2154.5207
30.299176
1231.1815
-2465.0256
-4021.1214
-1181.6211
-1876.921
297.74116
290.39524
-267.26593
-519.88051
-220.09188
286.24144
-601.80669
-1628.8027
847.40036
-798.21077
-311.99635
-2562.1047
4356.1316
-1850.8821
318.09498
-21.77029
73.028548
564.60173
-677.52905
5001.9737
-626.72539
-10.50675
891.40196
-53.3199
-3965.9312
-60.287508
-1118.0378
1.769697
-571.27586
101.57685
-2663.179
2260.3275
-2526.7307
31.665093
473.90362
-1688.4357
1767.6523
-79.999102
2399.5797
-516.22442
6326.5402
-229.64216
-419.57087
-3875.4206
3825.5273
-2713.5561
-12.607288
-27.993986
119.19846
39.984686
-3643.016
693.44487
574.57812
350.32622
-6924.2043
-11.116249
655.13103
-38.910685
-6944.6607
388.18913
21.11412
-1907.956
-62.113379
111.46225
1385.059
-1013.9709
-5128.4948
435.55047
-443.86807
7.4351871
10.164978
-847.92367
-1164.3099
510.6625
-221.39486
778.40422
-498.59975
2215.2247
-5137.053
-288.45646
-618.63691
-5018.6115
635.51133
1404.4802
11.300656
-1015.9296
-53.541245
1296.4295
1072.9823
-1343.5012
286.92416
-5.1310163
-690.62242
575.6236
1685.5837
572.95361
-270.00255
1370.8369
26.089978
-5010.8275
926.36619
-172.929
-1540.999
-188.36311
-428.94203
-893.39181
-75.790924
-493.40466
-994.63852
91.591983
-15.975583
-1830.9607
-856.00269
-777.48559
-704.45096
-290.51091
-3171.2953
-1973.113
-1913.4823
497.67752
-1862.9411
2500.9541
118.89202
422.71988
-859.13427
464.1707
-2936.7504
71.436047
-1533.9874
-3246.121
-933.7322
-193.54985
-1686.575
-678.29149
-441.68662
40.997576
-851.01205
1218.7859
-261.29187
1.4403659
605.03976
1277.9964
-1069.0451
2389.0248
-1416.856
7476.5184
958.5174
-1452.7329
-528.78496
11.013764
368.34711
1677.0967
-816.10724
-16.802098
-74.526201
122.22378
533.50145
-269.99378
-13.06091
-119.91111
-11.925825
2314.5344
-32.629395
1106.7504
1627.3236
1398.5371
1279.5122
1043.3129
530.11715
-31.588798
512.28587
-844.86063
-417.26999
3.9293131
46.107384
2450.4493
-1153.7999
-2320.1397
247.14956
1449.2339
-428.71835
1580.0148
692.56428
-691.29125
3019.7947
51.750968
-185.36039
-386.23287
8.2967826
-1.2983571
-275.19455
89.575462
5260.3659
-137.64724
-403.65425
955.28854
87.864773
129.72798
16.602995
-72.956056
1500.1659
-648.37463
-493.40021
-138.17585
755.47851
109.85195
367.61244
-275.15368
-23.166675
-51.645003
379.59818
1183.3343
482.4355
-1114.9908
10.374723
-28.33686
-1776.1623
465.37492
-187.19724
-395.52602
4887.1208
-1031.8035
4869.2656
-2387.492
-1161.07
163.00413
-628.11752
640.23343
-31.67237
1931.5925
-6.5624373
1224.2471
-275.73251
-1114.2058
-1358.0431
-4753.5612
419.03887
-30.998019
-587.85323
1422.9752
-898.01981
1441.8249
-872.91828
-277.97995
1168.7977
557.37866
-76.75335
266.5274
-175.28833
-4655.2005
128.13718
7338.9957
-3588.4538
-1079.2316
38.375814
4244.3038
601.07351
-5143.058
-779.53919
-9.156224
-427.90946
-913.22482
-4436.6568
-448.04444
565.99709
-4345.8673
-807.6689
874.6117
35.181863
-224.8205
-414.85198
-27.150475
77.267646
1.5230405
596.8019
117.37801
-4.5032319
-439.50838
1618.6322
1021.2137
2454.1917
1328.6283
-2361.3659
-3485.7035
23.163131
-1356.27
107.98126
-4522.3387
-1964.1373
-794.13142
-668.62665
-1383.2036
1403.3393
-822.43824
15.639712
-930.74799
-169.70064
1393.5151
-361.47794
110.66172
40.53972
-4656.4491
-742.34623
42.538408
-23.410403
16.768
747.09127
402.26611
6594.9861
-7.6509753
-2.7824549
-51.626052
-341.18246
-4326.1448
-2421.9033
-1131.7713
-1339.2315
-1095.5989
2328.8333
3816.9127
-4049.6152
-14.873017
1701.8875
-4801.2989
-458.926
434.35218
-3465.5262
-3746.8001
814.83668
66.630478
611.8055
-24.382572
-312.87838
-1359.777
1361.2115
2960.3641
-3410.9026
168.90853
3319.5202
-69.003245
376.56583
-286.74096
2029.8378
-347.48223
-344.01887
82.93847
-8.5323626
-185.27276
-2411.6287
6023.6641
-2865.5397
-2548.0857
-140.80753
-2411.1183
3817.4147
-2325.2584
1457.1968
-1109.7178
-2015.7675
-32.771777
168.6962
336.30556
-1240.3093
72.316302
-3334.0531
429.5465
1090.2529
2742.0866
-1556.8858
-1659.9151
1396.1967
-393.48275
87.359445
-190.78511
-4899.1683
-2982.1523
-593.70568
-448.84388
-1006.8469
-61.540676
601.30633
1653.9977
662.83019
-3278.1757
-65.81476
-1859.0365
-130.16513
47.48412
2829.3276
1549.2466
-76.707924
1381.1674
-603.89639
1675.7563
155.61184
-377.48887
825.37872
3685.3851
-8816.7116
1065.0033
-115.1247
-2524.9249
3.304655
-8781.7782
-59.021401
969.03921
-1602.2657
-31.970658
758.04345
-407.67639
270.55114
-3597.7856
-5202.9573
-188.09529
-73.891584
123.01281
-257.52271
2343.4348
-2747.6638
-2412.7836
1472.2005
-34.821986
-2986.5756
103.36148
552.35696
970.42197
-2702.4809
208.83814
219.42927
-710.57273
-406.65743
-1685.7475
-15.914475
54.752415
-4268.9704
107.24991
79.267363
-770.16127
-283.3513
-6004.3297
-220.179
4565.7754
-5913.0185
2251.0644
-2675.0367
-114.57849
1687.7362
-154.26212
-707.90201
-8044.3743
-940.73405
6003.7136
90.908083
-4160.2763
-2496.564
667.57651
-7999.0772
480.06471
-61.348386
2588.6227
62.52594
230.5752
-102.07999
1882.6796
-764.31846
-29.861442
-225.03224
-3187.4421
22.071421
402.59527
-935.8159
-658.00494
94.003601
-34.984334
719.88222
7525.0104
-63.973632
1804.999
-1394.0982
1087.8591
473.78467
386.0308
4689.1921
-146.69746
1461.6136
2032.0187
-1331.7365
1634.8919
-3979.9481
-892.38428
4.8619826
349.45635
-235.54302
3.5033762
-537.16102
260.62756
219.94034
-2077.8609
6586.4294
-2235.9398
1276.4191
-3876.7998
1097.9079
823.42495
-1090.0251
3025.6137
1521.8047
519.21821
852.41385
-263.9483
-89.598919
394.08711
-490.76727
-250.03006
-6907.3401
-6856.5375
-135.12045
-532.99953
-225.19205
-29.321653
-891.63764
-112.30421
-173.70767
-2599.9815
-86.218883
-836.34048
-1173.8883
-2.8529111
-833.12952
502.69747
-549.00645
-15.556213
451.92423
-8599.8497
1738.8036
8.4629339
-836.09408
1533.9536
-1382.4353
-8564.2437
-105.89784
21.233386
-1774.0792
852.70552
-243.38523
-6994.3874
-3.3685726
2380.3248
-913.85608
102.36102
-16.469661
-402.98858
-6907.2923
1492.8843
43.979634
-1943.4663
-8.5098561
-928.28629
-3517.198
1135.2357
1104.2506
-97.946754
883.08042
-168.81191
-1906.493
-3414.4817
122.75256
-394.62775
-780.94663
-1499.4777
-105.34739
7031.3679
-74.078879
3826.1084
113.33934
4301.9386
-2006.0164
-1835.2176
-200.06315
477.48953
484.81969
1880.3891
-1018.3035
16.952043
2187.5377
927.8098
-114.22559
-707.01896
-118.39391
1668.4824
730.84471
-23.304777
103.56856
-218.38554
-529.91641
-264.92121
523.1205
611.33726
-728.20279
220.63838
-4350.8503
758.04808
969.8356
243.72571
-596.82942
20.060697
-33.026684
4701.4407
-334.20737
-535.30323
-55.86607
1797.5795
2917.9962
-3250.2908
-399.92568
-111.77793
1875.3906
6204.4644
-61.705044
97.514036
872.30343
-187.37639
-2.2225372
2.1318531
-905.10229
1486.5359
1.1253441
-673.11108
-1477.7926
492.89083
-5.2726205
-893.4981
-243.60978
-62.194544
-92.199797
-1787.2803
-505.98352
-4695.4626
-1742.0775
0.46581932
-46.717508
-453.72894
1700.8978
1340.7707
764.72239
-2275.42
-0.95369631
1098.9151
-1768.9765
-4583.246
910.39006
3.2730732
913.53921
100.68454
-3861.9992
-5137.775
71.209329
1157.7759
1170.4768
-154.48525
-2662.431
22.294076
-466.41226
294.49812
2003.722
-1864.903
1248.1196
2028.6473
-54.597509
3586.8567
6158.4997
743.56864
92.538594
-2761.7381
1315.421
-1860.6444
2261.2683
358.37627
-2205.5053
431.70372
3089.6573
2393.5109
-5.0048808
-4.1940072
-4458.229
-90.346522
2278.8785
183.51378
155.88938
-5032.5281
114.92093
398.30863
2393.7008
-5750.9248
-1458.6693
-2644.4157
-2061.1216
3651.8146
0.96686342
86.778162
-915.13747
1113.067
-617.85606
-1.7010308
-6194.5091
-78.519795
-97.513068
-6119.8626
82.539239
-6237.4274
-119.39737
158.50632
-379.44585
3.8452325
578.56687
1603.0291
99.753452
1.9598098
-835.10956
-95.877067
-872.79631
409.25724
-207.32866
439.54728
732.82532
-4347.809
-6137.2368
-3006.8567
40.324202
-32.025528
2.8061122
80.142159
8.9383948
645.46875
140.71949
-15.479689
971.53845
1965.5275
-780.35514
3121.2797
-637.98854
-156.18585
-3987.3172
1054.9374
-7869.9062
1789.4751
-55.545612
-278.03774
299.5777
-868.31721
-872.73304
-5228.3452
-219.82138
668.97496
-118.48841
1294.1982
-44.211584
64.173664
-36.480629
-22.778324
2087.9821
-255.78817
-662.06608
-553.6431
771.86145
-1017.3422
-408.54366
-51.750987
-71.54206
-321.09791
4838.3856
-808.76746
-24.708353
-787.07022
1543.3734
-1258.2157
-2008.592
884.83008
1002.8826
-7899.581
-58.404544
-30.020067
1181.2957
-82.271934
496.51215
-143.30762
-974.78656
4.476167
1405.6517
547.8945
5120.6098
-3376.5729
44.655162
383.89985
-5397.786
-5385.1475
4928.8898
1303.5054
142.14572
-1333.7691
-203.1564
-72.920267
1948.8139
-8.5806221
1390.5706
2807.8125
-52.838785
-2915.9275
2387.8777
-933.44784
47.992693
-124.78974
493.6246
1223.486
-622.9216
-29.740581
129.36416
130.64242
-1993.2094
-3291.6139
-13.685192
-146.01175
-3083.7451
576.36151
-31.230756
-256.46325
1323.1857
-2089.7224
-30.7622
-554.77007
-29.047917
-95.632544
229.44246
-1271.3029
-5588.5896
259.22965
6468.8721
1742.6003
214.56931
196.55779
1299.8248
18.842543
-4033.3571
114.80594
-4141.3048
456.32053
455.98266
-2825.0006
-1365.3179
-982.20421
791.62695
-3592.621
-850.2893
4728.0611
3474.1894
-375.62674
7097.5436
891.30959
-4588.0699
-38.508913
-5779.6529
6052.008
277.91905
-5485.5288
-4689.972
-129.50192
-45.507999
-50.633145
1649.9216
5641.2767
-467.80748
-1426.6945
272.41238
503.75917
-1367.1193
523.1029
-214.01984
8.3616118
-661.68608
-79.355626
-495.06867
-3664.9578
318.51629
-775.18818
-352.34017
-165.49064
-6010.7197
58.17713
-884.72115
-4489.2429
493.52197
1318.2108
-5969.5885
-193.5547
-1041.3127
-8.84142
1597.4513
1356.1929
-1835.5055
733.73192
6398.7273
1203.5812
-536.6504
500.08125
-90.351465
1060.0485
4303.9265
-241.05927
-253.26716
-731.1008
-6045.2372
-966.78793
1026.8108
52.689725
-33.159202
162.24022
-1060.2749
391.57357
3808.3694
-2546.8126
-1531.0102
-65.189823
409.04885
-58.389698
-71.767598
-86.35263
-6581.0741
1499.9323
606.85412
2084.7464
-6488.2189
-216.92894
2174.0602
-2548.2944
-2848.7663
632.59479
-2353.1035
-703.13234
-6009.5101
-7822.3635
-7789.334
2853.7947
-3.1234277
-3106.645
-1449.6749
-64.892511
208.78494
-637.94327
-211.43321
-1935.2313
16.526028
-1989.7921
-889.48263
43.14702
-2344.8638
237.96765
1915.4225
-742.34144
1615.4561
-1163.6658
-719.40626
1713.6789
-423.29168
-6806.3557
954.62929
-459.99313
-2092.1421
-185.05741
-870.2826
193.74326
-138.36855
112.82286
86.707386
2030.4248
-11.590857
-896.10618
538.81785
24.997297
-215.50008
-295.67604
-2791.4692
3028.2456
-75.098205
160.69957
-630.36563
-27.790741
-8.5190756
-186.68208
6428.5996
45.882083
-1479.805
-5295.1992
4378.4045
-1182.7772
-526.48229
-82.757477
754.42507
2769.3385
-175.38165
-1632.9974
-1996.4011
1490.2703
419.34279
1045.0491
-19.355179
-16.232131
1684.0556
-286.96128
-464.40891
-1693.9806
-2009.2202
24.532214
-1893.1753
4524.1371
-157.82829
-36.951823
-779.45258
-337.94845
-1077.3381
-8.2558448
-479.54027
1121.6741
181.17727
-5187.6766
-6923.0248
-1158.587
-300.62039
-5344.4952
5992.4243
-854.22979
-864.08472
147.15768
131.08204
-932.21983
83.460956
-1865.9818
1158.8221
-1.4593947
-128.06912
1044.1799
-60.101422
1333.5537
1182.2892
1019.587
-1128.9636
-11.85409
1066.1478
-2167.237
455.28808
-963.06485
-147.62319
1324.1466
-8.2776522
3.4778287
854.68185
-61.467547
284.99935
-6851.6694
750.17295
384.96668
-2704.3413
-427.58778
39.742732
-427.2739
592.36084
-184.80836
-864.60279
1006.9302
-290.30181
-585.68653
2221.9781
-18.714191
-14.356706
5568.8534
2706.1399
-1128.0019
-156.26309
-1288.3562
-535.11115
470.92043
1178.7989
-411.05729
-1305.7198
17.7216
-44.925319
-1260.1295
1594.0054
-932.81971
-119.79694
1383.922
-893.09893
42.600907
-6.2078006
-4050.2785
-719.95251
68.464142
-4162.7898
-1181.3631
1117.387
5939.8027
4.2616792
-12.834988
60.290431
-3299.9924
-20.80295
72.747752
22.434911
-31.746087
-48.480325
-5421.8283
-1124.6029
75.193644
86.165041
-926.46941
-1527.0498
-6829.2071
3046.3293
8.8160444
1422.3539
-341.26195
1903.9538
1907.0691
-1307.9957
-5309.7972
1609.7294
-1113.2453
-1490.3649
566.3726
1632.9021
729.57811
947.17062
-398.40908
-1926.7425
1700.0803
-224.03214
50.579387
-4.5021905
668.65416
160.31749
-15.141358
1111.9021
-90.335971
1186.5307
-44.480415
-76.861048
205.78637
691.07461
-890.96703
-8.9584518
30.358128
-282.13215
-2137.0774
-1.7997863
-2207.2636
-75.173104
-136.65559
542.08383
-176.61886
3883.1275
832.32996
-294.89028
1576.1741
167.47544
3204.8062
741.11171
-1174.2719
-669.10743
-2863.1336
-50.923385
-180.89557
76.818507
-2285.9198
-3649.0642
-337.84051
-165.98156
-40.70879
-75.304074
3707.4008
961.28449
-45.977702
-4416.1646
188.39013
-200.45858
-1952.6847
213.62433
3677.4213
1249.0173
-804.65134
128.81444
-5998.757
-62.035326
-803.91922
2.3553827
-13.457107
-77.382419
-353.84244
102.87026
553.87215
-616.63288
839.62561
1213.4075
136.20237
115.48244
41.360016
-2802.0142
-325.34079
-4332.6632
2294.807
331.774
-1138.3327
-87.061683
2075.0263
-1850.5947
-7.5515897
-1118.6739
-177.32797
-92.845202
4.8944823
-180.2998
-1574.3823
38.664205
-5966.6915
-199.8398
222.1841
271.88538
-202.83863
-1004.4903
-570.32205
68.712537
-738.17806
2092.5857
-787.26734
-2042.3998
4037.5317
-14.159546
-1228.9164
790.91468
-157.7102
-639.83589
1293.7967
-966.65186
1770.6558
-5533.8138
-2860.0704
-923.43401
-259.56692
-175.84469
-103.55817
478.31352
23.891649
-3533.0844
-1242.7523
-104.17163
92.776163
137.21122
779.74278
439.31793
5404.9454
49.406027
836.99407
-42.582196
-1240.6457
-2720.3583
-700.12467
-218.44565
-865.9348
38.562815
1718.6831
-701.14396
-141.37962
-705.35597
-12.541727
-349.83337
42.360766
-795.92396
445.05229
-1272.2726
1390.073
-46.710919
1419.7298
-517.44862
-717.69148
-21.073979
13.387442
1148.6193
2031.6797
-22.237898
260.42164
-6499.1562
1116.832
-39.865734
-197.53236
553.73159
-2545.6508
61.704866
42.882988
4015.1656
-50.559029
-1436.0835
503.67713
-3569.4196
223.71085
-271.25653
-991.38078
66.183387
-1244.1213
28.853895
289.73117
-227.33007
175.84151
41.246155
-1083.1737
1449.2376
-3018.135
-1313.1019
237.5207
-121.72501
1866.0238
-6457.6179
98.283395
-66.672787
-1139.3505
9.1149096
-830.55555
-203.37747
1011.8789
-63.113438
-5437.2351
-2144.1586
-1408.7596
-1621.156
-6385.0942
22.885414
2719.5295
-278.94332
2092.6136
-928.25164
1449.2241
-1672.9073
-542.77565
-76.41716
-1039.9672
197.46776
-829.55664
-35.165518
-17.2602
-195.26812
-1781.6307
-2014.3258
435.81006
458.27462
-357.04629
95.839209
1227.5692
-7.7685036
-73.783809
-558.19251
-1449.214
32.946451
-4.8930824
739.01259
-227.14122
-2825.4695
-130.99837
-1220.8707
-322.99784
555.45596
259.59819
18.283905
197.26245
-2605.1773
-3236.8056
365.69812
1724.9821
-794.21634
-865.21318
1269.3082
68.048207
575.09542
-1291.8075
-1253.9985
1111.6135
-65.430116
-2493.9519
-289.18913
-1432.03
-964.10792
-6443.5024
-1315.0327
-50.217116
-3.583908
23.827182
-2608.9966
-244.07881
624.45021
-42.900848
-817.04603
-1726.2581
-3275.0441
-95.958231
-321.83778
747.01485
4041.6951
-8.63048
-855.99004
4.6983984
-90.540255
-986.88562
-179.4195
1298.9192
-44.021974
114.13616
-1301.2837
1323.9787
-107.63283
148.21244
765.50648
-552.94124
-926.72998
-29.002827
-923.98351
-973.17039
-3.6382761
333.43616
-74.990684
-56.826587
-51.04071
78.726845
11.383851
826.43387
201.3808
-8.3594294
-4.1514622
-158.09463
-5642.2704
828.20488
30.709553
-6029.0741
18.9617
2212.9646
-2871.6624
214.71844
1060.1099
25.711931
1658.7058
-1.5766433
-101.07406
169.95273
20.92165
-1316.0841
-242.99776
-3412.9136
-81.608977
-162.2801
-12.612712
1881.3722
-8.6309173
-227.0368
3.3319969
53.898686
-3533.4474
32.567649
-826.07319
1519.9542
-2615.9926
-1013.4633
-193.80421
-1523.8179
-23.676769
1749.6376
-1051.9699
-244.50585
-156.14251
-1278.9766
4387.0514
1456.8985
1460.6422
778.58113
10.784869
-1389.1144
-25.129184
-473.87605
420.70418
-1024.7209
117.36693
-688.28622
-862.70279
-1927.1313
1778.9334
-1099.5109
-1344.4978
-958.68968
-1978.9991
-226.71516
-954.59728
-60.134825
-851.39916
5.0811196
2019.6445
-812.95886
-192.47346
-914.54809
-11.451586
1170.9129
-38.903088
392.43636
-2921.0436
712.98579
-11.326786
-47.785592
1143.1979
445.9629
1687.1197
-538.58903
-2813.8084
-5.9192354
1032.8941
-44.543617
248.34445
739.35726
77.966031
-56.898066
-857.77488
1128.4429
-2671.3703
-241.32817
1101.3828
-178.30008
-1.1284093
-905.60417
-619.58675
981.60101
-1458.0828
-577.16021
519.67201
1833.5899
-720.23869
-652.31359
-101.075
-115.26048
-2004.4629
-216.20298
880.66448
111.88262
-977.17435
487.28178
-135.27317
2.2246188
-1617.086
364.27333
-185.53628
7.3122087
1121.4246
3251.2034
-1057.6781
-1828.6203
-1103.9137
-1253.8029
741.1225
-766.05212
-2509.0751
-1305.8521
-2892.9866
-138.64514
445.16929
-6820.1356
-3704.9349
826.99814
192.21566
1221.3909
383.20674
-655.55836
1233.2708
431.76694
-2056.3476
175.537
2212.6663
-1822.6553
251.31068
-165.20796
-10.375073
252.4914
-1871.6854
1766.084
1309.0786
-185.02136
-1190.5503
-8.0635709
-2048.8791
-6.5646234
-176.60192
3623.871
-553.55711
3604.9989
863.88933
-860.47737
1296.5182
-2019.8916
-1758.6214
16.542852
-57.96947
415.98277
-2753.3701
-58.816629
-84.829854
2948.1028
541.42021
-2383.358
1818.5725
918.57457
3142.9292
1372.2108
1985.7149
-1130.5079
-3043.4739
-3.8417313
-1148.1203
-1129.1076
-838.48859
-20.211891
-665.35262
743.01332
311.11338
-1697.5239
1671.146
-673.70549
-239.93564
198.24452
-1229.4155
-765.5316
99.669116
656.85334
-12.160543
-1307.5588
-48.20012
-862.91533
-6.9761845
64.867722
-23.992496
-5940.5953
233.67074
30.411304
-1812.2935
-722.90783
13.953257
764.19115
60.910526
4.0489378
-40.848466
45.369449
-159.85842
-616.72172
-1020.4695
173.03315
-78.507379
-20.164894
2475.9754
-30.139666
-566.51834
-2122.5001
-1090.9668
3059.6956
-1089.2159
331.20328
521.58307
1966.2688
3115.3376
979.07269
-970.83018
-2026.168
566.74077
-4.6942966
-280.74245
4477.0891
-12.086017
111.5359
67.82591
2077.1161
-1.1805895
-1485.5697
-685.15043
3301.76
3882.0202
-1703.5172
-2883.1409
-758.35015
1944.6754
174.92388
-179.79405
-77.294074
234.2949
-3101.054
-45.138219
-521.50015
3910.7421
98.303472
905.77397
-95.893062
665.61785
2925.0563
-654.78563
-2659.9252
1404.7888
1484.5849
1339.4615
-2231.806
265.31867
263.31407
852.14066
-3281.856
3609.0466
-8.8450276
-1832.4491
-12.816866
-6203.2846
-2966.9835
-947.84717
102.21183
-521.58745
-733.44274
-152.35562
-828.89105
88.616066
1295.6355
-1269.3708
-704.25793
-178.62939
-958.86414
-1491.0963
-347.04367
371.24003
519.05957
-2636.8984
-1047.5452
42.670579
7.2949258
-2315.2219
-5829.455
1254.0295
-593.6642
933.73044
-2754.9105
-14.586342
381.88784
-352.17488
-1100.5215
357.39294
-2869.1609
-2077.6111
155.87817
-2848.84
838.31438
1935.6375
-1648.8735
262.71373
-519.70712
3244.1033
61.090354
-47.101589
26.871105
-141.08478
1296.0348
12.161692
246.96689
-124.18015
-19.374526
2165.7417
-1281.485
398.24728
390.83095
-1408.8562
-32.570681
-1053.0239
4750.7984
-770.79784
800.91856
592.71587
-53.459891
-1466.3451
-664.6172
-2441.0572
-401.14343
-1113.8067
-626.56405
-2927.5219
63.011448
-3860.7508
1765.6056
-540.01416
1116.6891
-104.39438
-47.283525
-1037.7163
440.79559
437.65524
1109.0555
3546.929
-105.28511
-2431.581
52.472428
1195.4254
-654.64469
-19.609772
-3175.5392
-1456.739
-1547.5882
-29.223405
1945.1173
935.56384
971.63496
-1233.8043
868.63334
-88.373445
357.40185
-297.60138
-692.22465
-8.6103795
-1573.3466
-723.21709
-2359.9929
36.214761
2057.1392
-861.88763
-16.715294
370.30996
263.55163
-208.3204
-964.93621
-1238.5484
-1798.0575
189.52813
716.79868
-279.11122
-54.003115
-66.379263
208.30526
-334.13337
-2556.8521
-725.15396
266.25176
2197.4602
241.35861
-36.761836
170.88807
-873.55043
-708.8701
-386.86462
256.27053
-1132.8612
-7.0206931
712.98235
-12.197609
3090.2089
-4.3882491
2844.2251
-4241.2182
173.92455
-375.04104
-333.28911
-1918.1215
-662.60912
-2644.173
-66.350219
-210.68259
-12.76009
-2028.3966
-303.00874
-3434.6463
-2544.9331
3996.0288
1309.0086
-198.87271
567.29976
-699.42526
-872.52397
-576.17655
-12.015137
-701.73274
57.358856
1954.3956
1279.8735
190.88502
185.43843
-418.05256
36.090199
-89.903425
-311.64885
-34.832334
1026.5418
18.233501
699.88766
-69.903295
-1972.9676
-405.06841
300.51667
-1599.7582
-2718.5873
1651.0733
501.9941
-230.07141
-119.51216
-120.62805
-2700.5869
-709.93013
22.602917
2712.3493
-871.65577
-120.36549
-88.942094
445.07671
2499.1838
757.15979
999.68871
-36.613746
980.0212
-1288.546
806.20135
-498.77708
372.00415
2040.5999
-2731.4407
-141.71483
-31.230666
-900.9807
-124.05136
37.535575
1365.3683
-4616.7208
516.34007
2062.4208
-1470.4584
-11.732592
-378.22326
-154.65684
1139.1903
-149.98193
-629.34327
-429.23173
-686.45202
-61.956021
1339.9032
-996.25177
207.29245
-605.17287
-20.765274
-3131.9182
1544.0766
262.22818
43.880586
216.55958
-185.39191
-753.93749
-484.34883
-6905.068
-653.50169
816.61777
-1663.0406
3848.5461
104.77007
1314.6082
674.04105
-2908.8945
244.90791
-2557.3974
2715.2384
-130.96301
-5307.4528
-98.968518
3870.8401
-35.823106
-1395.827
171.96713
4400.608
-746.79031
-798.74006
-449.548
2457.1883
12.097405
348.73836
257.38373
3402.4045
-13.680081
-27.022279
-60.618215
-662.53114
-8.9040819
-31.303331
-2393.0731
2650.0182
-70.979137
-119.53105
-471.92946
-724.23024
16.08413
-388.15412
-2240.758
21.37255
-146.25126
-1645.2048
345.69249
1084.9039
-733.57883
-1560.3424
-2438.6709
-1368.1501
630.6197
-45.809554
-1565.1109
1.1678564
596.80058
-777.41853
-610.40785
-17.668904
-358.48696
-20.238106
-1167.6256
1169.8437
736.4857
0.13146479
-88.356521
-1292.1268
-805.2683
-19.983091
-31.363517
863.08235
-372.40249
-19.803545
-1304.7591
827.52672
-34.348131
-503.83204
-323.17508
-911.11215
2444.8143
-38.625756
-1695.0344
890.86418
-31.768859
-70.897737
118.65517
386.24062
-6.2769722
401.24043
68.69129
-36.88556
17.292728
-1590.631
-2966.1577
189.77389
176.22467
2649.0396
686.47836
-1737.6681
47.837503
623.86499
696.51779
122.95292
-315.22915
-2824.8172
875.42281
-2025.9471
174.75922
-566.67974
-3.5862067
9.8771928
-2957.8772
677.89738
94.503819
81.848524
286.30956
1376.4414
-2850.1838
2689.9839
1257.5214
-727.13029
-364.5041
398.44894
375.98657
2018.4616
2746.8672
-92.002551
3585.3515
8.8401741
-1703.2107
-1251.7109
-403.74607
1640.8843
-2840.9023
-9.5161517
-684.88902
1404.5593
513.42937
-163.42063
-1.3808817
-7.0985216
-281.71589
3777.8643
218.3543
-508.70886
98.20748
-123.93814
1328.7075
21.157644
-95.167096
-25.989132
-229.5524
-1099.4708
-3821.3088
-466.79966
-234.75746
-145.15326
-52.447513
-636.89132
-123.6158
1279.5307
-1599.9428
-2490.5589
-951.43331
-31.001323
109.65785
-232.77273
-747.60774
-2292.4152
-562.84992
-996.87841
-309.70352
-554.63077
1904.3215
-82.677823
-2645.7421
-3088.5296
-466.06461
1128.0207
1423.3154
-1524.1829
893.04294
-3974.5381
935.33533
23.411332
-940.36353
-11.95397
-2087.0309
1404.0505
1140.3932
-820.60614
-37.677859
-91.030231
-1742.8291
-4054.8303
-56.445598
-16.160886
7383.5656
393.20964
-8077.0788
-8097.9137
-156.7242
-2218.384
-446.20709
4232.1498
1198.2024
-1329.498
-21.746229
784.91819
-363.85743
-4336.506
-362.44373
746.38556
-14.451302
501.14215
-452.5722
307.50767
-23.046441
-343.80235
-591.25624
-313.20799
1428.3279
253.91458
750.78063
-88.354493
-770.46127
490.7839
-577.53975
-329.18704
-500.81839
458.07394
477.44415
480.94602
456.80954
795.38981
-531.9604
1129.6308
-412.92128
846.7154
507.39741
2614.9024
503.42591
28.932285
97.965585
474.83675
466.39366
-627.41256
468.59349
472.05078
202.91712
-3212.7714
-3293.8444
941.24617
-21.050005
-402.77
1659.8449
468.26522
-28.933888
-770.77346
-1711.6767
1422.7395
-1099.3286
294.31364
-470.74936
-1880.1422
7364.6226
-394.93853
41.590067
-4803.233
7.4019938
2977.3385
293.80757
40.655407
1026.2653
2526.584
11.246551
1226.6159
1228.7056
89.926675
-379.98422
-424.27513
-1054.616
-1191.326
2672.6547
-18.99241
-28.710766
158.17244
471.85678
1553.1704
1477.0874
-363.31489
-322.68188
-1787.8846
64.220244
-1120.171
-1385.6551
-121.04012
1470.3134
1231.3379
498.3074
376.79631
392.0654
1621.6667
-91.325465
-4728.1824
-5317.9958
58.197614
3813.8907
-746.17239
353.06729
-1342.7277
-207.11831
479.8399
-535.81306
-974.51971
-937.86136
-1163.4282
748.96969
-16.710046
-1800.2316
-129.95084
-728.37928
-127.85017
1032.1112
-1750.1932
-1417.035
-39.13126
1278.541
-1608.4053
-1452.7383
1174.391
-1323.8613
471.61856
-424.51451
-12.676975
-69.191491
-353.03397
-311.59717
71.017857
-1237.1794
-274.09426
-113.16269
-126.47461
-1271.5216
1820.8332
-1618.9124
-32.958273
-275.04184
192.31698
-315.84489
2812.4062
-1716.7862
-24.606829
-42.8031
-93.339525
1.6849313
-944.4744
111.36212
798.03693
-1490.5388
54.845846
-348.7653
3010.1336
1265.5677
935.16947
256.71877
-14.001731
-2067.6868
-487.05831
-19.62459
-1346.4938
-981.93383
-238.30324
-110.22099
201.14756
-101.34603
-116.97455
-71.332044
-3272.4289
183.20924
-1272.461
-111.84272
14.74968
-1910.3168
308.02098
2673.8556
924.52942
-102.61526
1104.0577
1298.8474
-156.0933
-1665.6492
-22.831011
-432.12003
-690.0641
32.645895
10.465074
-363.29765
1246.1026
638.95596
387.09079
-341.74066
-1746.692
58.941324
-523.34179
-25.158766
681.4145
85.726094
-89.490709
-139.8965
-66.39837
958.4358
101.47047
4396.4368
-1550.1265
36.336564
737.41824
-135.32816
-584.6314
-977.24246
-2701.5013
2153.6983
2766.7416
-1174.8066
-1524.4488
704.60919
3240.4852
95.050961
30.558596
20.294304
852.10341
-592.83749
-40.939112
2517.7474
189.22094
163.47001
1482.4672
-121.22138
-954.35973
-1729.1724
-136.08311
-2367.3515
873.70624
49.300365
-2182.3475
509.08137
-964.78352
-685.42441
-1366.7079
-881.61994
1003.5256
680.17886
-2080.7606
713.40361
3239.4289
136.90317
15.164496
103.41284
-278.03615
-782.42192
2342.2636
529.72585
921.44266
1242.3553
-758.40137
1408.2025
-1585.609
594.63567
-128.91398
-989.49318
1162.8824
-5.8109888
61.873756
1061.7067
1538.1489
-2316.6382
833.69239
-1472.2778
17.360042
-403.61079
-8.6109904
-69.879473
-2231.1858
-2406.1157
-113.91494
12.888066
-1013.9833
-274.33462
3549.6201
168.8534
1.4478042
-3.1083886
2567.4018
-160.22131
-1409.6502
-60.898259
-305.70067
-3533.5277
751.85288
-251.10702
-66.156441
1100.5995
-1812.9958
910.48313
70.199106
661.74642
-1457.2198
-1205.4389
-617.60552
-131.28374
-90.669907
-64.175437
-2000.6558
1745.0515
-520.50863
210.8118
658.3557
-391.4468
-4295.9627
63.275715
1927.9304
-860.1165
78.856812
-2042.547
106.51369
437.43019
954.82037
793.26721
-344.08255
693.36049
-1401.3503
-1290.4065
-1486.4946
201.61081
-684.50194
890.88545
47.792174
264.68949
1453.2062
-1561.5469
1390.2011
-48.049649
215.27332
91.662252
-1118.0896
915.82409
-2153.4972
-1016.2995
-1299.0978
267.27437
-1517.8492
-72.506095
-2321.9001
-1700.3747
-164.11549
1614.4268
-21.577443
971.88887
-454.62573
-1676.8821
-2024.9262
-80.791494
105.61964
160.26831
-1153.2417
-397.96959
-185.4723
-724.05228
-273.03629
1140.7292
25.969686
3149.5784
3150.1012
-330.14676
-266.56203
-218.26914
-1139.4371
57.040978
171.80639
390.65897
-1803.5431
94.955843
-3119.9427
-1124.9536
-250.94359
-1759.939
-2675.3218
-1964.9995
-131.09861
-673.3786
-1385.6484
524.89075
35.305816
-1703.0814
3956.1646
621.41561
-1998.223
1798.1521
-24.770796
-499.20391
-3244.5904
272.51634
-125.9953
366.67634
-1525.2577
156.45904
880.23719
848.66326
79.443575
2199.0217
12.712167
-1426.8638
-764.32005
-952.23117
662.91543
-774.60641
1117.7233
-1230.6256
-686.37398
-895.19807
-147.09831
76.931504
-1900.1177
4336.6127
-2.35871
274.73887
89.513985
-1164.5418
319.33384
-81.066838
-24.64489
14.917234
-2326.7792
134.38433
8.0767075
576.62127
1519.842
375.7024
-964.46826
610.29464
-1448.4715
-273.89989
-1160.2166
1540.1997
-2852.7087
545.15105
368.00642
-1433.3598
-2228.2598
1331.5067
-1013.4287
841.89555
-2528.3742
254.68695
296.2553
-5278.7155
-1565.9398
2.0552502
-142.90065
-3810.8872
-5157.9782
-1816.1758
-382.33458
-1095.0988
-984.6136
-1121.437
2673.1617
3157.4736
434.81214
745.65407
-2134.6628
-367.27651
-2408.174
-933.01382
1413.8828
-283.47488
1673.342
-801.17655
-1219.5974
54.060142
-2408.0324
67.585303
1541.6548
-145.90081
454.71216
8.6248765
-516.44062
212.76951
-1282.4294
1320.9213
1373.7563
192.58364
2049.701
-1213.7595
292.49014
-727.90598
-3814.7037
-143.92694
-1394.445
-16.552236
-549.51633
-1054.6678
-810.24416
-54.497827
-145.13443
-17.007817
1535.8994
583.35195
-55.222581
431.4277
-42.776046
-134.0526
11.011429
-628.55421
82.824846
3607.3752
30.910429
-3033.0545
-15.545561
50.756209
-441.47706
-915.65443
-1856.2321
-64.19846
-2002.8794
678.9401
110.54871
724.30028
14.005577
-0.11583104
-1942.1861
3385.8393
1153.9011
-742.36121
-316.76064
166.40429
44.214982
-842.45364
687.96709
783.01037
613.37887
5.1882711
-1699.8479
180.28224
-1602.1655
-862.21849
1900.5218
-322.72766
-41.544257
3329.7123
1456.4781
19.696499
-2591.9478
-744.32237
-986.06955
-2354.3466
-224.56359
-2461.754
-20.565686
80.677363
42.878317
66.193671
1087.4705
-944.32682
-580.66411
1686.3315
970.7436
1423.5736
-290.55808
4.7490436
-64.670349
-1214.4983
-1370.8222
-831.48222
911.75761
-11.112517
-15.303982
-246.42891
733.76699
-1702.5841
-2036.4702
15.173272
24.001669
-34.535087
464.26295
2567.4441
64.478497
-132.2043
-1585.2083
888.7092
-3514.0064
-74.055228
-3240.8899
-964.82919
-2983.8211
557.54478
-1469.4199
-314.18154
749.52513
1007.9203
-122.1687
-1836.1179
-1603.2125
-1571.9799
-1024.1317
700.70057
-1668.3509
-1540.4498
-1009.2744
-1501.4974
1048.2028
1210.8534
-1125.1191
-2011.7025
-2414.4758
-4293.0745
-1992.0537
1046.3197
1028.6329
)
;

boundaryField
{
    back
    {
        type            empty;
    }
    out
    {
        type            totalPressure;
        rho             none;
        psi             none;
        gamma           1;
        p0              uniform 0;
        value           uniform 0;
    }
    bottom
    {
        type            zeroGradient;
    }
    in
    {
        type            zeroGradient;
    }
    top
    {
        type            zeroGradient;
    }
    wall
    {
        type            zeroGradient;
    }
    front
    {
        type            empty;
    }
}


// ************************************************************************* //
