/*--------------------------------*- C++ -*----------------------------------*\
| =========                 |                                                 |
| \\      /  F ield         | foam-extend: Open Source CFD                    |
|  \\    /   O peration     | Version:     4.1                                |
|   \\  /    A nd           | Web:         http://www.foam-extend.org         |
|    \\/     M anipulation  |                                                 |
\*---------------------------------------------------------------------------*/
FoamFile
{
    version     2.0;
    format      ascii;
    class       surfaceScalarField;
    location    "0.2";
    object      phi;
}
// * * * * * * * * * * * * * * * * * * * * * * * * * * * * * * * * * * * * * //

dimensions      [0 3 -1 0 0 0 0];

internalField   nonuniform List<scalar> 
6703
(
-0.0042219994
0.021923625
-0.017701626
-0.0079993723
0.026988424
-0.023211051
-0.011580908
0.032397848
-0.028816311
-0.015776139
0.03848679
-0.034291559
-0.020594672
0.045620912
-0.040802379
-0.026100218
0.053976334
-0.048470788
-0.032359582
0.063735717
-0.057476352
-0.039443619
0.075108799
-0.068024762
-0.047436958
0.088326232
-0.080332893
-0.05644336
0.10364545
-0.094639046
-0.06658894
0.12135775
-0.11121217
-0.078024345
0.14179877
-0.13036337
-0.090925449
0.16537282
-0.15247171
-0.10550871
0.19260701
-0.17802375
-0.12203257
0.22424351
-0.20771965
0.26128489
-0.24284769
-0.14046977
-0.0030631975
0.024986823
-0.0061292082
0.030054434
-0.009146219
0.035414858
-0.012704954
0.042045525
-0.016857875
0.049773832
-0.021720755
0.058839215
-0.027412541
0.069427502
-0.034063002
0.08175926
-0.04181826
0.09608149
-0.050846071
0.11267326
-0.06134484
0.13185652
-0.073557625
0.15401156
-0.087786903
0.1796021
-0.104394
0.2092141
-0.1237479
0.24359741
0.2836201
-0.14608311
-0.001149227
0.02613605
-0.0029831508
0.031888358
-0.0050892114
0.037520919
-0.0076157709
0.044572084
-0.010612625
0.052770686
-0.01417058
0.06239717
-0.018384875
0.073641798
-0.02336652
0.086740906
-0.029242385
0.10195735
-0.036157073
0.11958795
-0.044276068
0.13997552
-0.053791712
0.1635272
-0.064933197
0.19074358
-0.077975796
0.2222567
-0.093223745
0.25884536
0.30137958
-0.11098323
-0.00043498404
0.026571034
-0.0016072208
0.033060595
-0.0028442942
0.038757993
-0.0043759941
0.046103784
-0.0062099188
0.054604611
-0.0084154826
0.064602734
-0.011058293
0.076284609
-0.014218242
0.089900854
-0.017987361
0.10572647
-0.022471705
0.12407229
-0.027793096
0.14529691
-0.034090619
0.16982472
-0.041520744
0.19817371
-0.050251038
0.230987
-0.060424556
0.26901888
0.31291791
-0.071962884
0.00020308095
0.026367953
-0.00038244899
0.033646125
-0.00083127945
0.039206823
-0.0014503096
0.046722815
-0.002185073
0.055339374
-0.0030826712
0.065500332
-0.0041732093
0.077375147
-0.0055002783
0.091227923
-0.0071150067
0.1073412
-0.0090788024
0.12603609
-0.011464662
0.14768277
-0.014358482
0.17271854
-0.017859498
0.20167472
-0.022078299
0.2352058
-0.027134201
0.27407478
0.31923634
-0.03345263
0.00086903619
0.025498917
0.00094446618
0.033570695
0.001269556
0.038881733
0.0015724516
0.046419919
0.0019417941
0.054970032
0.0023575023
0.065084624
0.0028243814
0.076908268
0.0033371942
0.090715111
0.0038879451
0.10679045
0.0044622366
0.12546179
0.0050380301
0.14710697
0.0055839577
0.17217262
0.0060576962
0.20120098
0.0064031328
0.23486036
0.006574473
0.27390344
0.31929448
0.0065163296
0.0015698006
0.023929116
0.0024121516
0.032728344
0.0035196335
0.037774251
0.0047863403
0.045153212
0.0062815151
0.053474857
0.0080288801
0.063337259
0.010063324
0.074873824
0.012419613
0.088358821
0.015132758
0.10407731
0.018235766
0.12235879
0.02175829
0.14358445
0.025725569
0.16820534
0.030158804
0.19676775
0.035073822
0.22994534
0.040494157
0.26848311
0.31347028
0.04631836
0.0022810384
0.021648078
0.0039725652
0.031036817
0.0058535736
0.035893243
0.0080889961
0.04291779
0.01071008
0.050853773
0.013791764
0.060255575
0.017396164
0.071269423
0.02159552
0.084159465
0.026464512
0.099208315
0.032079914
0.11674338
0.038519052
0.13714531
0.045858681
0.16086571
0.054174469
0.18845196
0.063534627
0.22058519
0.073989752
0.25802798
0.30196631
0.08549372
0.0030500669
0.018598011
0.00574468
0.028342204
0.0084526417
0.033185281
0.011661349
0.039709082
0.015398056
0.047117066
0.019789464
0.055864167
0.024928959
0.066129929
0.030923184
0.07816524
0.037883871
0.092247629
0.045928625
0.10869863
0.055180644
0.12789329
0.065770267
0.15027608
0.077840474
0.17638175
0.0915554
0.20687026
0.10710849
0.24247489
0.28434701
0.1247278
0.0041113243
0.014486687
0.0080247774
0.024428751
0.011757916
0.029452143
0.016016208
0.03545079
0.020887049
0.042246225
0.026549814
0.050201403
0.033143154
0.059536589
0.040810346
0.070498048
0.04969925
0.083358725
0.059964859
0.098433021
0.071771126
0.11608703
0.085296198
0.13675101
0.1007463
0.16093165
0.11838745
0.18922911
0.13860416
0.22225819
0.26078804
0.16216313
0.0044915797
0.009995107
0.010601577
0.018318754
0.016387971
0.023665749
0.022239693
0.029599069
0.028462492
0.036023426
0.035403276
0.043260618
0.043318337
0.051621528
0.052423969
0.061392416
0.062921058
0.072861635
0.075004046
0.086350033
0.088863986
0.10222709
0.10469343
0.12092157
0.12269583
0.14292925
0.14309828
0.16882666
0.166124
0.19923246
0.23460303
0.19230901
0.0079305168
0.0020645902
0.01540523
0.010844041
0.021564769
0.01750621
0.027746607
0.02341723
0.034430897
0.029339137
0.041866886
0.035824629
0.050240874
0.04324754
0.059703694
0.051929596
0.070360124
0.062205206
0.082264725
0.074445432
0.095424886
0.089066925
0.10981162
0.10653483
0.12538105
0.12735982
0.14210389
0.15210383
0.15989342
0.18144293
0.21573864
0.17875781
-0.00029312247
-0.017749852
0.018042974
-0.002261055
-0.021263197
0.02323113
-0.0059033179
-0.02530232
0.028944583
-0.010156968
-0.030070674
0.034324324
-0.015194124
-0.035667151
0.040704307
-0.021140131
-0.042216916
0.048162923
-0.028130394
-0.049858205
0.056848469
-0.036315847
-0.058742197
0.066927649
-0.045844454
-0.069034461
0.078563068
-0.056853988
-0.080916485
0.09192602
-0.06946928
-0.09458875
0.10720404
-0.083799433
-0.11027762
0.12460777
-0.099945505
-0.12824852
0.1443946
-0.11805767
-0.14881479
0.16692695
-0.1385182
-0.17231191
0.19277244
-0.19919154
0.22306853
-0.16239519
-0.0027256545
-0.015024198
-0.0061840557
-0.017804796
-0.010396791
-0.021089585
-0.015490552
-0.024976913
-0.021605273
-0.02955243
-0.028905655
-0.034916533
-0.037582283
-0.041181578
-0.047853426
-0.048471053
-0.059968256
-0.056919631
-0.074210515
-0.066674227
-0.090902376
-0.077896889
-0.11040923
-0.090770758
-0.13314777
-0.10550999
-0.15958827
-0.12237429
-0.1901962
-0.14170398
-0.16399311
-0.22539462
-0.0032029473
-0.01182125
-0.0071154647
-0.013892279
-0.011807841
-0.016397209
-0.017416567
-0.019368187
-0.024102035
-0.022866962
-0.032050762
-0.026967806
-0.04147744
-0.031754901
-0.052627067
-0.037321426
-0.065777322
-0.043769377
-0.081241508
-0.051210041
-0.099372875
-0.059765522
-0.12057153
-0.069572101
-0.14529478
-0.080786744
-0.1740722
-0.093596866
-0.20755936
-0.10821681
-0.12482678
-0.24672569
-0.003293259
-0.0085279913
-0.0073880907
-0.0097974473
-0.012355982
-0.011429318
-0.018327014
-0.013397155
-0.025465392
-0.015728584
-0.033964988
-0.01846821
-0.044049189
-0.0216707
-0.055971735
-0.02539888
-0.070017786
-0.029723326
-0.086505312
-0.034722514
-0.1057873
-0.040483533
-0.12825655
-0.047102853
-0.15435686
-0.054686436
-0.18459651
-0.063357215
-0.21949534
-0.073317977
-0.085006294
-0.25931583
-0.0036200918
-0.0049078995
-0.0080195873
-0.0053979518
-0.013285439
-0.0061634658
-0.019575485
-0.0071071095
-0.027076671
-0.0082273981
-0.036003511
-0.0095413704
-0.046599896
-0.011074315
-0.05914111
-0.012857666
-0.073935063
-0.014929372
-0.091324716
-0.017332861
-0.11169294
-0.020115309
-0.13546717
-0.023328623
-0.16312182
-0.027031783
-0.19520088
-0.031278155
-0.23251251
-0.036006345
-0.040815068
-0.27670374
-0.0011488625
0.026135351
-0.024986489
-0.002982636
0.031889369
-0.030055595
-0.0050885234
0.037524923
-0.035419035
-0.0076147472
0.04458089
-0.042054666
-0.010610958
0.052787937
-0.049791726
-0.014167489
0.062426216
-0.058869685
-0.01837887
0.073685702
-0.069474321
-0.023355002
0.086800807
-0.081824674
-0.029221333
0.10203001
-0.096163682
-0.036121129
0.11966259
-0.11276279
-0.044219906
0.14003144
-0.13193266
-0.053713697
0.16353581
-0.15404202
-0.064841007
0.19068032
-0.17955301
-0.077888663
0.22212464
-0.20907698
-0.093157407
0.25869551
-0.24342677
0.30127489
-0.28355158
-0.11088072
-0.0048734752
-3.4424315e-05
-0.010239306
-3.2121122e-05
-0.016372592
-3.0179922e-05
-0.02345234
-2.7361273e-05
-0.031656788
-2.2949567e-05
-0.041181793
-1.636581e-05
-0.052248969
-7.1390575e-06
-0.065111633
4.9980372e-06
-0.080060925
1.9919762e-05
-0.097430693
3.6906936e-05
-0.11760053
5.4531326e-05
-0.14099991
7.0750546e-05
-0.1681148
8.3108899e-05
-0.19948085
8.7893053e-05
-0.23556283
7.5632309e-05
2.4258188e-05
-0.27640215
-0.0049737432
0.0049393189
-0.010425753
0.0054198892
-0.016646692
0.0061907585
-0.023818424
0.007144371
-0.032119087
0.0082777137
-0.041742658
0.0096072051
-0.052907211
0.011157414
-0.06586082
0.012958607
-0.0808878
0.0150469
-0.09831396
0.017463067
-0.11851014
0.020250707
-0.14189622
0.023456835
-0.16894514
0.027132032
-0.20017107
0.031313821
-0.23603091
0.035935475
0.040720109
-0.27672676
-0.0036396002
0.0085789191
-0.0080791396
0.0098594286
-0.013393166
0.011504785
-0.019736333
0.013487537
-0.027293291
0.015834672
-0.036276008
0.018589922
-0.046925233
0.021806639
-0.059512325
0.025545699
-0.074340268
0.029874844
-0.091745698
0.034868497
-0.11210302
0.040608027
-0.1358285
0.047182321
-0.1633847
0.054688229
-0.19530502
0.063234141
-0.23234207
0.07297252
0.084198937
-0.27582089
-0.0032848991
0.011863818
-0.0073716186
0.013946148
-0.012329826
0.016462993
-0.018287525
0.019445236
-0.025406621
0.022953767
-0.033878108
0.02706141
-0.043921609
0.03185014
-0.05578592
0.03741001
-0.069749901
0.043838825
-0.08612395
0.051242546
-0.10525293
0.059737007
-0.12752295
0.069452342
-0.15337801
0.080543294
-0.18334895
0.093205079
-0.21802639
0.10764995
0.12392235
-0.2577498
-0.0031819618
0.01504578
-0.007069007
0.017833193
-0.011729689
0.021123675
-0.017298874
0.025014421
-0.023935008
0.029589901
-0.031822202
0.034948605
-0.041172294
0.041200232
-0.052227153
0.048464869
-0.065261616
0.056873288
-0.080587887
0.066568817
-0.098563009
0.07771213
-0.11960137
0.090490702
-0.14419083
0.10513276
-0.17291338
0.12192763
-0.20658326
0.14131984
0.1642971
-0.24695801
-0.0027137178
0.017759498
-0.0061565813
0.021276057
-0.010349417
0.025316511
-0.015418415
0.03008342
-0.021503067
0.035674553
-0.028767913
0.04221345
-0.037404118
0.049836437
-0.047632152
0.058692903
-0.059706531
0.068947667
-0.073922133
0.080784419
-0.090622246
0.094412242
-0.11020981
0.11007827
-0.13316743
0.12809037
-0.16008065
0.14884085
-0.1915288
0.17276799
0.20020376
-0.22743547
-0.00027338104
0.018032879
-0.0022300138
0.02323269
-0.0058669976
0.028953494
-0.010113539
0.034329962
-0.015143288
0.040704301
-0.021082354
0.048152516
-0.028067512
0.056821595
-0.036252047
0.066877438
-0.045788463
0.078484083
-0.056821662
0.091817618
-0.069486933
0.10707751
-0.083905424
0.12449676
-0.1001815
0.14436645
-0.11842304
0.16708238
-0.13884664
0.1931916
0.22351245
-0.16215533
0.0079134753
-0.0099870274
0.002073552
0.015375695
-0.018314802
0.010852582
0.021520144
-0.023667061
0.017522613
0.027684306
-0.029604944
0.023440782
0.03434759
-0.03603503
0.029371746
0.04175892
-0.043279952
0.035868623
0.050104149
-0.051650691
0.043305462
0.059533435
-0.061432593
0.052003306
0.070150405
-0.072911287
0.062294317
0.082007688
-0.086401995
0.074544712
0.095109629
-0.10226467
0.089162726
0.10942262
-0.12091434
0.10660134
0.12489488
-0.14282939
0.12735714
0.14146992
-0.16856559
0.15199054
0.15897722
-0.19867633
0.18116904
-0.23370493
0.21462327
0.17805888
0.0044938185
-0.014480846
0.010600673
-0.024421657
0.016383423
-0.029449811
0.02222989
-0.035451411
0.028447045
-0.042252185
0.03538197
-0.050214877
0.043291312
-0.059560033
0.052391628
-0.070532908
0.062883981
-0.08340364
0.074963131
-0.098481145
0.088821634
-0.11612317
0.10465771
-0.13675041
0.12269225
-0.16086393
0.14320035
-0.1890737
0.16654248
-0.22201847
-0.26070584
0.19354339
0.0041123621
-0.018593208
0.0080282568
-0.028337552
0.011762681
-0.033184235
0.016021779
-0.039710509
0.020893696
-0.047124102
0.026558
-0.055879181
0.03315349
-0.066155523
0.040823251
-0.078202669
0.049714609
-0.092294998
0.059981721
-0.10874826
0.071787836
-0.12792929
0.085311727
-0.15027431
0.10076354
-0.17631574
0.11841546
-0.20672562
0.13864504
-0.24224805
-0.28415554
0.16209474
0.003051176
-0.021644384
0.0057479136
-0.031034289
0.0084573086
-0.03589363
0.011667689
-0.04292089
0.015406593
-0.050863006
0.019800758
-0.060273346
0.024943522
-0.071298287
0.030941125
-0.084200272
0.037904523
-0.099258395
0.045950133
-0.11679387
0.055199965
-0.13717912
0.065784449
-0.16085879
0.077850539
-0.18838183
0.091572792
-0.22044788
0.10716857
-0.25784382
-0.30189244
0.12490547
0.0022816871
-0.023926071
0.0039744821
-0.032727084
0.0058563134
-0.037775462
0.0080929809
-0.045157558
0.010715737
-0.053485762
0.013799531
-0.063357141
0.017406327
-0.074905082
0.021607933
-0.088401879
0.026478184
-0.10412865
0.032092534
-0.12240822
0.038526741
-0.14361333
0.045856586
-0.16818863
0.054158702
-0.19668395
0.063503716
-0.22979289
0.073945121
-0.26828523
-0.31334283
0.085395511
0.0015703177
-0.025496389
0.0024134634
-0.03357023
0.0035215429
-0.038883541
0.0047892787
-0.046425293
0.0062858466
-0.054982329
0.0080350454
-0.06510634
0.01007166
-0.076941697
0.012430178
-0.090760396
0.015144999
-0.10684347
0.01824816
-0.12551138
0.021768163
-0.14713333
0.025729623
-0.17215009
0.030154817
-0.20110914
0.035063046
-0.23470112
0.040487938
-0.27371012
-0.31916496
0.046310066
0.00086970319
-0.026366092
0.00094582583
-0.033646353
0.0012716585
-0.039209374
0.0015757368
-0.046729372
0.0019466876
-0.05535328
0.0023646066
-0.065524259
0.0028343272
-0.077411418
0.0033505891
-0.091276658
0.0039051796
-0.10739806
0.0044832673
-0.12608947
0.0050622244
-0.14771229
0.0056102905
-0.17269816
0.0060856147
-0.20158447
0.0064345244
-0.23505003
0.0066182631
-0.27389386
-0.31910187
0.0065551782
0.00020369305
-0.026569785
-0.00038134299
-0.033061317
-0.00082934024
-0.038761377
-0.0014471153
-0.046111597
-0.002180066
-0.05462033
-0.00307501
-0.064629315
-0.004161808
-0.07632462
-0.0054837261
-0.08995474
-0.0070916091
-0.10579017
-0.0090467126
-0.12413436
-0.011422226
-0.14533677
-0.014304745
-0.16981564
-0.01779443
-0.19809478
-0.022000908
-0.23084355
-0.027036524
-0.26885824
-0.31280125
-0.033337151
-0.00043443384
-0.0016063818
-0.0028428357
-0.0043735424
-0.0062059348
-0.0084090333
-0.011047951
-0.014201885
-0.017962047
-0.022433822
-0.027739156
-0.034018987
-0.041433448
-0.050152362
-0.060315092
-0.071841445
-0.0030580417
-0.021928447
-0.0061235054
-0.026990132
-0.0091429658
-0.032399575
-0.012704007
-0.038493625
-0.01685952
-0.045636213
-0.021724739
-0.054004467
-0.027417544
-0.063781516
-0.034065774
-0.075176445
-0.041812646
-0.08841681
-0.050822348
-0.10375309
-0.061290973
-0.12146404
-0.073465166
-0.14186783
-0.087664073
-0.1653541
-0.10428252
-0.19245854
-0.12373736
-0.22397192
-0.26094225
-0.1463467
-0.0042157203
-0.017712727
-0.0079968493
-0.023209003
-0.011588171
-0.028808254
-0.015795066
-0.034286729
-0.020627788
-0.040803491
-0.026149586
-0.048482669
-0.032425984
-0.057505117
-0.039525263
-0.068077166
-0.047528052
-0.080414021
-0.056532656
-0.094748487
-0.066660204
-0.11133649
-0.078062499
-0.13046553
-0.090933942
-0.15248266
-0.10553481
-0.17785766
-0.12213417
-0.20737257
-0.24255886
-0.14051755
0.0047388423
-0.0030112492
-0.0017275931
0.015376812
9.3938137e-05
-0.010731908
0.027939959
0.004495924
-0.017059071
0.0412548
0.0093792296
-0.02269407
0.054344266
0.015251073
-0.028340539
0.067071435
0.021726665
-0.034453834
0.079445441
0.028987662
-0.041361669
0.091517301
0.03727832
-0.04935018
0.10339498
0.046830956
-0.058708632
0.11525955
0.057892237
-0.069756807
0.1273523
0.070766021
-0.082858774
0.13996664
0.08581281
-0.098427152
0.15346503
0.10342053
-0.11691893
0.1682965
0.12400543
-0.1388369
0.18497709
0.14806029
-0.16474088
0.17612735
-0.19523386
0.2040836
0.0022375646
-0.0052488137
0.0080605148
-0.005729012
0.01707894
-0.0045225007
0.029212153
-0.0027539832
0.04474918
-0.00028595381
0.062046763
0.0044290818
0.080091003
0.010943423
0.098121027
0.019248295
0.11604967
0.02890231
0.13406566
0.039876254
0.15233008
0.052501594
0.17117716
0.066965736
0.19123243
0.083365259
0.21350269
0.10173517
0.23931622
0.12224676
0.14513182
0.27031175
9.7741245e-05
-0.0053465549
0.00013820542
-0.005769476
0.0020232054
-0.0064075005
0.0064921905
-0.0072229682
0.014428375
-0.0082221382
0.026270258
-0.0074128009
0.042438734
-0.0052250524
0.063241898
-0.0015548691
0.08694347
0.0052007375
0.11145328
0.015366443
0.13526466
0.028690218
0.15860451
0.043625879
0.18218822
0.059781554
0.20724833
0.076675056
0.23513596
0.094359131
0.11285052
0.26741727
0.00035329403
-0.0056998488
0.00072554806
-0.00614173
0.0011827087
-0.0068646611
0.0017004458
-0.0077407052
0.002211178
-0.0087328702
0.0046239194
-0.0098255423
0.010382576
-0.010983709
0.02109577
-0.012268063
0.037700961
-0.011404453
0.060132342
-0.0070649378
0.085307342
0.0035152181
0.10536017
0.02357305
0.13042497
0.034716756
0.15889472
0.048205305
0.19124637
0.062007485
0.074990025
0.22910686
-0.00027526327
-0.0054245855
-0.00099136649
-0.0054256267
-0.0020881275
-0.0057679
-0.0035922467
-0.0062365861
-0.0055479454
-0.0067771714
-0.0080105474
-0.0073629403
-0.011025917
-0.00796834
-0.014767294
-0.0085266849
-0.017209361
-0.0089623863
-0.015000028
-0.0092742708
-0.0010432689
-0.010441541
0.021507021
0.0010227598
0.044461803
0.011761974
0.070905736
0.021761372
0.1028817
0.030031522
0.035878071
0.14199365
-0.0052652657
-0.00015931982
-0.010479655
-0.00021123742
-0.01598581
-0.00026174506
-0.021910313
-0.00031208316
-0.028326343
-0.00036114149
-0.035282401
-0.00040688172
-0.04280357
-0.00044717148
-0.050848822
-0.0004814323
-0.059299662
-0.00051154611
-0.068026354
-0.00054757909
-0.0778754
-0.00059249418
-0.07634983
-0.00050281028
-0.064257506
-0.00033035046
-0.042803136
0.00030700191
-0.015239808
0.002468194
0.0089885803
0.011649682
-0.0055464493
0.0053871294
-0.011019468
0.0052617809
-0.016814747
0.0055335345
-0.023072109
0.005945279
-0.029865853
0.0064326025
-0.037232301
0.0069595661
-0.045163923
0.0074844507
-0.053558271
0.0079129155
-0.062203285
0.0081334677
-0.070818549
0.0080676846
-0.079261133
0.00785009
-0.077493305
-0.0022706383
-0.065402059
-0.012421597
-0.04344876
-0.021646297
-0.011518395
-0.029462171
-0.034731089
0.032201274
-0.00022033905
0.0056074685
-0.00094500758
0.0059864495
-0.0021022797
0.0066908066
-0.0037226308
0.0075656301
-0.0058538898
0.0085638614
-0.0085517088
0.009657385
-0.011849159
0.010781901
-0.015895266
0.011959023
-0.018423835
0.010662037
-0.016032069
0.0056759184
-0.0028840114
-0.0052979677
0.018636836
-0.023791485
0.041589769
-0.03537453
0.068608469
-0.048664997
0.10135517
-0.062208868
-0.075214541
0.14183862
0.00030905667
0.0052984118
0.00062909866
0.0056664074
0.001026631
0.0062932742
0.0014773329
0.0071149281
0.0019128082
0.008128386
0.0043272272
0.007242966
0.010116415
0.0049927132
0.020839868
0.001235569
0.037269604
-0.0057676989
0.059124575
-0.016179053
0.083252252
-0.029425645
0.10364069
-0.04417992
0.1283424
-0.060076244
0.15635796
-0.076680558
0.18812343
-0.093974334
-0.11181373
0.22472262
6.8891213e-05
0.0052295206
8.0556519e-05
0.0056547421
0.0019537097
0.0044201209
0.0064331333
0.0026355044
0.014409919
0.0001516004
0.026301154
-0.0046482695
0.042510459
-0.011216592
0.063312156
-0.019566128
0.086750862
-0.029206405
0.11074187
-0.040170058
0.13408166
-0.052765441
0.15705847
-0.067156724
0.18040594
-0.083423718
0.20532644
-0.10160106
0.23319802
-0.12184592
-0.14441512
0.26579941
0.0022176198
0.0030119007
0.0080004066
-0.00012804479
0.016987723
-0.0045671959
0.029104148
-0.0094809203
0.044635358
-0.015379609
0.061838947
-0.021851859
0.079736165
-0.029113809
0.097577408
-0.037407372
0.115333
-0.046961992
0.1331844
-0.058021466
0.15130243
-0.070883468
0.17004095
-0.085895248
0.19004564
-0.1034284
0.21233031
-0.12388573
0.23823413
-0.14774973
-0.1754033
0.26922231
0.0047484491
-0.0017365484
0.015360731
-0.010740327
0.027869393
-0.017075858
0.041106975
-0.022718502
0.054102147
-0.028374782
0.066750763
-0.034500475
0.079060631
-0.041423677
0.091083247
-0.049429988
0.10292791
-0.058806658
0.11477543
-0.069868983
0.12686525
-0.082973283
0.13949101
-0.098521012
0.15301892
-0.11695631
0.16790809
-0.1387749
0.18470687
-0.16454851
-0.19505381
0.20435738
0.00035289178
-0.00033125281
0.00049007469
0.00052847732
0.00043039942
0.00011212747
-0.0005426295
-0.001689954
-0.0035387637
-0.0063601914
-0.010494849
-0.016361454
-0.024466722
-0.035408089
-0.049936144
-0.069271375
0.00035237516
-0.00033024776
0.00048870454
0.00052629923
0.00042711552
0.00010736926
-0.00054927908
-0.001698796
-0.0035497492
-0.0063722162
-0.010504662
-0.016362427
-0.024450492
-0.035381206
-0.049981334
-0.069471662
0.00044925915
-0.00033700366
0.00089601406
0.001618294
0.0026152579
0.0039834051
0.0058651896
0.0084385078
0.011926166
0.016601896
0.022791338
0.03087167
0.041272504
0.054488145
0.071108681
0.090678135
0.00044913004
-0.0003369971
0.00089626903
0.0016194292
0.0026180267
0.0039888215
0.0058746934
0.0084541097
0.011950684
0.01663931
0.02284746
0.030955143
0.04139604
0.054662968
0.07136502
0.091869796
0.24343228
-0.53637203
0.29293974
1.2755084
-1.320625
0.045116634
0.18671516
-0.48441556
0.2977004
1.2755084
-0.3316344
0.050511411
0.28112299
-1.2666475
0.7872314
0.47941609
-0.16833995
0.66041762
-0.49207766
1.1647907
0.44040379
-1.6051945
1.211817
0.30147587
-1.5132929
0.19149382
-0.26076519
-0.29292265
0.22345098
0.54414292
1.004481
-1.548624
-0.54177411
-0.57896885
1.120743
-1.1497035
0.51071421
0.6389893
-0.25003289
0.60357704
-0.35354415
0.55164512
-0.039028871
-0.51261625
1.0995509
-1.1395791
0.040028163
0.070998537
0.25996533
-0.33096387
0.17605763
-0.25560652
0.079548893
0.94107723
-0.34243504
-0.59864219
-0.16545384
-0.16618055
-1.1548532
0.61307908
-1.4218482
1.4085553
0.01329291
0.10903358
1.2784894
-1.3875229
0.0054802138
-0.84969734
0.84421712
0.69779673
0.21254467
-0.9103414
-0.6060314
-0.91232523
1.5183566
0.9574131
-0.31703392
-0.64037919
0.21709646
0.96483721
-1.1819337
-0.34567911
0.8385028
-0.49282369
1.0412105
-0.3434138
0.30412649
-0.21748841
-0.086638075
-0.027141481
1.2549728
-1.2278313
0.96349004
0.0031146158
-0.96660466
0.1571051
-0.91962793
0.76252283
1.3268739
-1.1175472
-0.20932668
1.128306
-1.1963359
0.068029942
-0.72030159
0.8774067
0.84009428
-0.48902549
-0.35106879
-1.2970895
0.25554472
1.0415448
0.38282924
-0.54964832
0.16681908
1.2850949
-0.56426018
-0.72083468
1.1647907
-0.3494081
0.84467449
-0.49526639
1.211817
-0.1308245
0.56092959
-0.43010509
-0.28493049
1.0016483
-0.7167178
-1.4703432
0.6249911
0.84535211
-1.1647907
1.7485624
-0.58377168
-1.211817
1.7637995
-0.55198248
0.47869697
-0.083023595
-0.39567338
-0.58683722
0.26252857
0.32430865
0.21620626
-0.4056295
0.18942325
0.146548
0.17381573
-0.32036373
-0.47363673
0.85734227
-0.38370554
0.10116614
0.83029989
-0.93146603
0.1461852
-0.28684543
0.14066022
-0.82390181
0.5235077
0.30039411
-1.5781518
0.17201437
1.4061374
1.2901454
-0.45892796
-0.83121744
1.1965821
0.093563276
0.830285
0.61423692
-1.4445219
0.77731611
0.65382199
-1.4311381
-0.36876735
0.75621976
-0.38745241
0.1065432
-0.60268612
0.49614292
-0.99683444
1.0344337
-0.037599235
0.66554342
-1.2082213
0.54267792
0.71367119
0.26112099
-0.97479218
-0.1550397
0.93008903
-0.77504933
-1.3819998
1.0970693
-0.3523026
0.92672698
-0.57442438
0.27979104
0.27185408
-0.62926121
0.57123711
0.058024095
0.74320346
0.95742048
-1.7006239
1.3396247
-1.2382813
-0.10134337
0.078151777
-0.44748138
0.74705483
-0.29957345
0.98124125
-0.46717421
-0.51406705
1.4964527
-1.3485004
-0.14795226
1.1580376
-1.0279916
-0.13004601
0.43996176
-0.60078264
0.16082089
-0.34215841
0.13275947
0.20939894
0.20412913
-0.54980824
-1.8128498
1.2859772
0.52687259
0.347941
0.75160992
0.3705178
-1.3668345
0.99631666
-0.6747429
1.1403225
-0.46557958
-0.15674513
-0.92996833
1.0867135
0.43620229
-0.32262258
-0.11357971
0.075630115
1.2639946
0.83718776
-0.0024485564
-0.8347392
-1.1952095
0.48820552
0.70700401
0.079431251
0.55007328
-0.62950453
0.47837602
0.36171826
0.66036111
0.36478018
-1.0251413
0.68861711
-0.26117322
-0.42744389
-0.7257584
-0.80790164
0.46249912
-0.27578396
-0.11586973
-0.23231078
0.34818051
-0.4345137
0.84927394
-0.41476024
-0.46809465
1.2112981
-0.86157382
1.1454702
-0.2838964
-0.92324116
-0.27196837
-0.010533982
1.13884
1.2401837
-1.1595605
-0.080623199
-0.76326267
-0.38644084
-1.6840358
1.113196
0.57083984
-1.8140226
1.3174284
0.49659414
0.86311433
-0.38795144
-0.47516289
0.20687269
-0.55628079
0.30814077
-0.78177751
0.0066715207
0.63582356
-0.64249508
0.46903217
-0.62407187
-0.22160592
0.60443516
0.28385152
0.65722571
1.0031842
0.49326845
0.58119162
-0.5745201
0.4358545
1.0426893
-1.4785438
1.5312817
-0.8785028
-0.65277895
-0.32946231
0.72134127
-0.39187896
-0.0095953581
0.22580161
0.30916086
-0.16261286
0.12892373
0.13720489
-0.26612862
1.6359986
-1.6631401
0.12916131
0.067917771
-0.19707908
0.17720633
-0.035212674
-1.1247581
1.2113048
-0.086546612
-0.31247424
0.20726496
0.10520929
0.59103343
-0.54902521
-0.042008219
-0.84420972
0.7699503
0.074259421
0.29064297
-0.14445777
-0.051485838
0.47830524
-0.4268194
-0.72516335
1.329275
-0.60411166
0.45026695
0.83482791
1.1901082
-0.52456476
0.51398572
0.34912862
-0.53373173
0.40290724
0.99101543
-1.1477606
-0.46436696
0.34849723
0.84565761
0.39452611
0.78914047
-1.622734
0.83359351
0.4653001
0.25312363
-0.20261222
-0.46056404
0.70399632
1.1970078
-1.1970078
-0.33859721
-0.19323129
1.0304191
0.11850635
-0.56598773
-0.058648918
0.96257372
-0.9039248
-0.61146425
1.4417492
-0.6384508
1.4157669
1.2719736
-0.72915012
-0.54282352
0.62893865
0.458293
-0.78775531
0.89840654
-1.1797678
0.2813613
0.88551119
-0.88003098
0.13653857
-0.067445135
-1.0288658
1.0963109
1.4775
0.24888786
-1.7263878
-0.82940205
1.2652565
-0.62359154
0.70908526
-0.64250641
0.72790192
-0.057655132
0.71801624
0.012201908
0.5524754
-0.56467731
-0.86556732
-0.039239013
0.90480634
0.54137457
-1.2665379
-1.3537694
1.2951205
0.90026207
0.4076038
-1.3078659
-0.11043638
-0.52175916
0.63219554
-0.5655941
1.109737
-0.91444148
0.34277058
0.57167089
0.57095671
-0.49152546
0.13659477
-0.79486957
0.6582748
0.99736949
-1.1088855
0.11151599
0.87614261
0.39583103
-1.5160699
0.79576833
0.074573192
1.0834644
0.96568765
0.73709718
-1.3431286
-0.14870319
0.58866495
-1.0537785
0.8347817
0.21899678
-1.0784091
0.96797277
0.57475487
0.72521584
-1.2999707
0.91011449
0.016612497
-0.64545998
0.78205475
-0.31084677
-0.74293172
-0.17459152
-0.33623214
0.51082366
0.45587136
-0.73831722
0.28244586
0.14936888
0.4379259
-0.58729478
-1.0165574
0.25945421
0.75710316
0.16076719
1.1976791
-1.3584462
-0.94427077
-0.45649164
1.4007624
0.24729574
0.71011737
-0.25202338
3.3782499e-06
0.25202
-0.9522515
-0.18732758
1.1991662
-1.0901326
1.0949248
-0.097555282
-0.78573488
-0.44994848
1.2356834
-0.68253882
-0.2962896
0.97882842
-0.12034749
0.47632763
-0.35598014
-0.05187464
0.88665634
-0.42945931
-0.51974552
0.94920483
0.55877636
0.0044385611
-0.56321492
-0.79425044
0.72523339
0.069017056
-0.99908981
0.55645397
0.44263584
-0.88791534
0.57706857
0.57454366
-1.1535125
1.4774999
0.1756608
0.39314834
-0.56880914
1.4533346
-1.1620377
-0.29129685
-1.0757526
1.1905019
-0.47683066
-0.88131091
-0.24344723
0.051205113
-0.84046532
0.78926021
-1.0748814
1.2356486
0.57469649
-1.1183927
0.54369618
0.54804712
0.73980228
-1.2878494
-0.68120274
0.53480349
-0.70939501
0.34309074
-0.39457657
-1.1677032
-0.5163326
1.0445288
-0.11443975
1.0817902
-0.89350831
-0.18828193
0.87399452
0.71944973
-1.5934442
0.20588409
-0.69490957
-0.010233335
0.19086751
-0.18063418
-0.41504321
0.59070401
-0.51232115
1.3863157
-1.3782961
1.3656035
0.01269258
-0.14009239
0.61839763
0.029741757
-0.28176513
0.3771704
-0.38870438
0.011533978
0.29205903
-1.3893092
1.0972501
-0.46536615
-0.035288408
0.50065456
-0.13855235
-0.70176033
0.84031268
0.61875101
0.29136347
0.25362511
1.0993713
-1.3529964
-0.62193666
0.28570451
1.0297521
0.23144273
-1.2611949
0.029280907
1.1683981
0.5807535
0.46045703
1.3263084
-0.26279064
-1.0635177
-0.50317702
-0.12608419
-1.1673271
0.38156858
0.78575852
0.1147855
-0.58851934
0.47373385
-0.82036732
0.81674891
0.0036184095
-0.19209987
1.1555899
1.1640909
-1.7319664
0.5678755
0.63013956
0.31761765
-0.94775722
-0.45238007
-0.042080657
0.49446073
-0.13137075
-0.35876107
0.49013182
0.44058209
0.081029888
1.3723047
-0.47445463
1.0491511
0.36373124
-0.18767361
0.90535069
0.23217373
-1.1375244
0.4664785
-0.4542766
-0.82893907
0.39947976
1.5054676
-0.12504348
1.268817
-1.1437735
0.11785451
-1.2354018
-1.4386377
0.81253269
0.62610501
1.4397811
-0.42035083
-0.759417
-1.0828348
-0.21425469
-0.84373515
1.1048561
-0.57614377
-0.69050371
1.1854628
-0.96836632
-1.1223759
1.2320245
-0.1096486
-0.8425374
0.88256556
-0.39404462
-0.40020582
0.11369695
0.96809329
-0.031424484
-0.81278524
-0.57512208
-0.33931939
-0.18306274
1.2484972
-1.0654344
-0.48298202
0.59776751
-0.8932381
0.92844226
-0.035204165
0.0026634522
-1.195317
1.1926536
0.92363923
-0.075082622
-0.84855661
0.50841403
-0.52296086
0.014546829
1.014415
-1.1501997
0.13578469
0.078025937
0.89856036
-0.9765863
0.72685389
-0.61219046
-0.11466343
-0.45243106
0.2983302
0.15410086
0.17311267
-0.33856651
-0.0046097223
-0.93966105
-0.092578329
-0.90425612
-1.1652055
1.2463405
-1.243677
-0.57718648
-0.24671532
-0.35962245
0.15894662
0.20067582
0.72593198
-0.6170986
-0.10883338
0.2150674
-1.0603699
0.84530246
0.0021195324
0.37505087
-0.43278116
-0.032584994
0.65495826
-0.03620725
-0.67553584
-0.94719813
0.77370618
-0.20246907
0.31537359
-1.6359986
1.320625
1.063903
-0.59432557
-0.46957739
-0.12958072
-0.69852135
0.82810207
-0.6460452
0.32901129
-0.6211879
0.52640524
0.094782657
-0.33914351
0.013843956
0.32529956
-0.42718771
-0.025192359
0.58904384
0.18466234
-0.10034918
-0.76521814
0.81108471
0.034572892
-0.48394862
-0.59285675
1.0768054
0.37880759
0.082974559
-0.46178215
-1.0647095
1.3497163
-0.28500679
1.0025926
-0.51438708
1.6250327
-1.0580522
-0.5669805
-0.85960633
-1.1755677
0.71907606
-0.92782913
0.25179243
0.67603671
-0.85916906
0.937195
0.14780288
-0.4869464
-0.53940752
-0.47714984
0.55375509
-0.4301507
-0.12360439
0.85882762
-0.8902521
-0.89775185
1.1128193
-0.17206471
1.1978571
-1.0257924
-0.9743362
0.31863962
0.65569658
-0.79865059
0.81492389
-0.0162733
0.53598607
-0.4163136
-0.11967247
1.212499
-0.58235947
0.9095458
0.0930468
0.62619397
0.84197634
-1.4681703
-0.13281253
-0.20991378
0.34272631
-0.42900525
0.56839787
-0.13939262
-0.33825786
0.051412432
-1.7831181
1.1019154
0.32820296
-1.0286129
0.70040992
-0.029004908
-0.53136846
0.56037337
0.50932816
-0.64310463
0.13377647
0.87904086
0.15779118
-1.036832
-1.2981131
0.32548495
0.97262818
-0.87008694
0.01091788
0.42825655
0.10772952
-1.1823351
-0.19596106
0.18952177
0.59770962
0.46387947
-0.33866256
-0.12521691
0.56437263
1.0347087
-1.5990813
0.81784524
0.105794
0.43934057
0.11441452
0.44168344
0.62221952
-0.57121881
0.22878377
1.0236118
0.30269652
-1.1111949
0.28179287
-0.43725326
0.20494248
0.79321951
-0.39201006
-0.40120945
-0.64407751
0.89190059
-0.55567767
-0.33622292
0.61072652
0.11612737
-0.94763419
1.2630078
0.91297957
-0.45710821
0.33324491
-1.2905692
1.0406356
0.24993356
-0.69294087
0.52242132
0.17051955
0.5794852
-0.65022848
0.070743285
-0.12846258
1.1329436
-0.13371643
-0.74221608
0.36937704
0.37283904
0.80117248
0.054683573
-0.98251271
-0.8536988
0.54232457
0.31137423
-0.099120467
-1.0232554
-0.28264643
-0.87220676
0.62453656
0.10139542
0.64310998
-0.33843234
-0.30467764
-0.33773785
0.46282617
-0.12508832
-0.26281278
-0.07544508
-1.306464
0.24800015
1.0584639
-0.3681322
-0.32480866
0.5350256
-0.38966063
-0.14536497
-0.14688275
0.66086846
0.66010658
-0.33976811
-0.32033846
0.88114076
-0.45568546
-0.4254553
0.83159856
0.53400498
-0.74027285
1.0447748
-0.3045019
-1.0068725
0.11662039
-0.12239687
-0.30660838
-0.16884861
0.64722463
-1.1754132
0.70953978
1.5142532
-0.88805922
0.95146719
0.76284995
-0.59181235
-0.1710376
1.0681249
0.11704092
-1.1851659
0.31488054
0.7776991
-0.60263636
-0.17506274
1.1542698
-1.1890305
0.034760698
0.4457963
0.43534446
0.90470864
1.0250057
-0.60742916
-0.41757658
-0.24918488
0.82981515
-0.58063026
-0.26998428
-0.31685294
0.85046204
0.77457064
-0.20867247
1.1140232
0.17789868
0.19527108
-0.37316975
-0.18730897
1.0858693
0.015331354
-0.53685011
0.52151876
-0.86013438
0.53827078
0.3218636
-0.37112654
1.5755937
-0.13313547
-1.4424583
-0.63890391
0.89252901
0.94947665
0.21461427
-0.24944985
-0.92611785
-0.86609573
-1.2121107
-0.51985574
-1.0742203
-1.0734521
-0.12186493
-0.44752762
-0.58133818
0.37521166
-1.5676376
1.1924259
0.32478519
-1.5831123
1.2583271
-1.0510669
1.6154395
-0.84679935
1.0782421
-0.23215405
0.56395185
0.24670591
-0.81065776
1.0397015
-0.014695742
-0.61996679
-0.93787372
1.5578405
-1.6315787
0.6321285
0.99945021
0.28488459
-1.1781227
-0.93125455
0.34273521
0.84621335
-0.75651652
-0.089696826
1.3263218
-0.25819682
1.2696593
0.079930656
-1.3495899
1.3187088
-0.99392366
-0.93125239
0.28579497
1.0210418
-1.3068368
0.46342141
0.52621126
-0.98963267
-0.012866739
0.19007307
-1.1933018
0.35283645
-0.53852879
1.4480746
0.75074281
-0.07382684
-0.67691597
0.74667932
-0.076359929
-0.67031939
-0.093389117
1.4821056
-1.3887165
0.52602784
0.33131443
-0.48559897
0.32326917
0.1623298
0.42879746
0.89442346
0.50633895
1.2209798
0.080619893
1.0736499
-0.99939005
-0.43924765
-1.532292
-0.76030718
-1.0228109
0.96664775
-0.87360095
-0.59357723
0.056157594
0.53741964
-1.175845
1.0473824
0.32348266
-0.87548582
0.55200316
-0.46101614
0.71280857
-0.13677091
-0.035117477
0.17188839
1.1712246
0.52297533
-1.6941999
1.4519701
-0.62072616
-0.83124393
-0.91381559
-0.96887534
-0.83180649
0.31977881
0.51202769
0.90374743
-0.31470359
-0.87674442
1.2246854
-1.1204192
0.4378804
-0.94302682
-0.033708748
0.97673556
0.49892177
0.7795676
-0.68247642
-0.18647671
-0.26103236
0.44750907
1.1339669
-0.61812355
-0.51584333
-0.29130994
0.25609727
-0.45157929
1.1706554
0.83578892
-0.29256774
-0.54322118
0.081971394
1.1761705
-1.2581419
-1.0812921
0.011790964
1.0695011
0.055143792
-1.4292238
1.1467673
0.28245649
1.5111644
-1.3941235
-0.11568448
0.37821305
0.28466838
0.72974662
0.2414657
-1.3061752
-0.034800873
1.0059876
-0.90482149
-0.67027018
-0.68261268
-0.39579647
0.72383937
1.1891109
-0.97656623
0.10317235
-0.71144148
0.60826913
-0.73027751
1.2291993
-0.28566956
0.81353232
-0.52786276
-0.23564074
-0.21679031
-1.6178231
1.4538281
0.16399504
0.088745274
0.80918671
-0.89793198
0.088521411
0.73584111
0.21811118
-0.2601194
-1.10084
-0.051230066
0.65980108
-0.60857101
-1.3323575
0.15651246
0.30145362
0.8951285
0.52443075
-0.57566082
1.1056383
0.50358389
-1.6092222
-0.13857299
-0.18601569
0.32458868
0.22471156
1.0939973
-0.94530162
-1.0513511
1.1400964
-0.60703499
-0.016556555
0.94614298
-0.0038781989
-0.94226478
-0.74407667
-0.87374643
-0.12962467
-0.22999778
0.36138321
0.59498035
-0.95636356
1.0520633
-1.10963
0.057566667
1.2930402
-1.3968017
0.34400672
-0.62859429
-0.013912123
-1.2015768
1.0185141
-0.10733563
-0.40220049
0.50953612
-0.44373013
1.3085006
-0.86477049
-1.1371647
0.4638551
-0.34711583
-0.71559761
1.0627134
-0.22015838
1.2541586
-1.0340003
-0.29790501
0.82379068
-0.52588567
1.1591222
0.4164716
-0.46655855
0.47099711
-0.9414414
0.37852969
0.057672597
-0.2163278
0.82940688
-0.89570766
0.40914504
-0.73176761
-0.3345884
-0.6645014
-1.0404013
0.25466645
-0.35782376
0.3354366
-1.0400963
-0.34109251
0.4312624
0.27782286
-0.58875146
1.1635063
-0.56665053
-1.0182261
-0.17080433
-0.57162632
-0.11536483
0.24428856
1.3165296
-0.62637946
-0.26153588
-0.73648115
-0.058388425
0.95257738
-0.31459396
-0.63798342
0.51950461
0.51492907
-0.089854727
-0.83338643
0.93761247
0.65518327
-1.5927957
-0.43994166
1.0165907
-0.57664907
0.73496424
-0.42806508
-0.30689916
0.87831658
-0.12670667
-0.8320489
0.64473993
0.4222734
0.30562852
0.84381615
-0.0080272337
-0.16273606
0.23065383
-0.69829492
0.090022642
0.71118287
-0.80120551
0.044528893
0.7262885
-0.75529341
1.5427583
-0.49069491
-0.38551455
-0.21717157
0.64599334
-0.39088052
-0.25511282
0.24059615
0.65130444
-1.219388
0.032775072
1.1866129
1.3083971
-0.68191974
-0.62647732
-0.72885179
0.25368891
0.73207263
-0.41781987
-0.31425276
-0.022736036
0.58429143
-0.5615554
0.30795772
-0.47296155
-0.017527883
0.5987195
0.41114524
0.36647575
0.5882196
-0.95469536
-0.94780922
0.27306632
0.52644907
0.32282487
-0.41625869
0.3987308
0.80492881
-1.2888774
0.075046275
0.35395586
-0.42900213
-0.65544659
1.287847
-0.63240043
-0.2254413
0.35184697
0.33677015
-0.54619597
0.90757919
-0.94642227
1.3409484
0.96621626
-0.59974051
-0.39833065
-0.46180373
0.04639562
0.58942794
0.095899899
0.10520687
-0.20110676
-0.46720736
0.01572305
0.45148431
-0.94901014
0.62906112
0.31994901
0.16261881
1.0300347
-0.38009369
0.24728116
0.26861608
-0.49243647
0.22382039
-1.4975867
0.98526558
-0.49577817
0.78960382
-1.0722502
0.61221322
0.52175366
1.4952149
-1.4400712
-0.022737806
0.321068
-0.19099211
-0.16547826
0.35647037
-0.75581308
0.05405275
0.17316776
-0.43232883
0.42392344
0.82241704
0.40184321
-0.32679694
0.34832678
0.65731382
0.84268618
-0.85027689
-0.70229768
0.26879652
-0.29153432
0.8297176
0.36628722
-0.31446535
-0.051821874
-1.486651
0.55539862
-0.58634019
0.45496944
1.0132436
-0.85780369
-0.15543995
0.4224798
-0.14135681
1.5026916
-0.80221415
-0.70047749
0.63866118
0.085178189
-0.054223
0.37853165
0.28649079
-0.66764042
1.3870901
0.79343653
-1.1856218
0.39218523
-0.14745405
-0.15825425
-0.096689604
0.25494386
-0.21121049
-0.27438848
0.71654947
-0.70121812
-0.17709064
-0.93816311
1.0180938
-0.26753407
0.042954606
0.22457947
0.64250619
0.093334924
1.3803052
-0.88142984
-0.49887534
1.0647878
-0.6437465
-0.42104133
1.1370981
1.1253487
0.28030058
-0.88772974
-0.51823199
0.3695288
1.1712246
0.51315691
-0.11303208
-0.40012482
-0.4506587
-0.24293581
-0.41859769
0.6615335
-0.029194768
0.56746555
1.6631401
-1.3773451
1.3065245
-0.3048762
0.16333791
-0.17823917
0.32604205
0.26634874
0.13743058
-0.40377932
-0.64055446
1.0481583
-0.50432158
-0.99326515
-0.86758035
-0.17282099
0.82186899
0.48652806
-1.0452833
0.86204835
0.18323491
0.40944298
-0.46366598
0.18055845
0.96491177
0.70233614
-1.4751509
0.77281481
-0.42347318
0.78825336
1.7665699
-0.2554055
0.57041428
-0.14215774
1.074078
0.07268923
0.021786341
0.80851355
-1.3215615
1.222441
-1.1346534
0.25790895
0.65899554
-0.50962666
0.1654221
-0.37506694
0.13563102
0.23943592
0.21499712
-0.21612933
0.0011322156
-0.32484344
1.067951
-0.74310752
0.49976802
0.28350873
0.14627059
-0.42977933
0.3280334
-0.31980067
-0.00823273
-0.89421171
-0.40390142
-0.48526662
-0.25694946
-0.30020536
-0.30057728
-0.25643117
-0.0013186331
0.19450559
0.31390844
-0.056854909
1.3455299
-1.2886749
0.58553751
-0.14619694
0.41141031
-0.11956153
-0.29184878
-0.2809733
0.01343923
-0.35803372
0.6772579
0.21716556
0.24937943
-0.15347953
-0.31971983
1.1111966
-0.79147676
0.25266566
0.095831573
-0.84250849
0.21612903
-0.084079076
0.35269516
0.34867283
-0.22153292
-0.12713991
0.526667
-0.59850844
1.0433537
-0.36609577
0.47378406
0.061241538
-0.97765075
0.80558603
0.50966175
-0.58162464
0.21250664
0.30065027
0.87677321
-0.73617987
0.037658518
-0.051578384
-0.37786381
0.70924094
-0.33137713
0.055719876
-0.92792664
-1.1306651
0.32955339
0.8011117
-0.25996752
-0.35116197
0.61112949
-0.44601541
-1.020739
0.92734991
0.78717339
-1.5129318
-1.0738284
-0.027011541
0.94720721
-1.232214
0.79155372
0.17384779
0.29993627
1.1056383
-0.291476
0.42868089
-0.56577449
-0.5374676
1.1032421
-0.29763421
0.15906122
0.31238792
0.45046203
0.65809096
0.53241089
-0.76586383
0.32159569
0.45610341
0.75543603
-0.12997045
-0.86071755
0.990688
0.6616371
-1.4695387
0.014921692
-0.63304525
-0.00080336937
0.20323207
0.12480133
1.4757246
-0.37798797
-1.0977366
-1.0775726
0.14610658
0.11287651
-0.81396184
0.70108533
1.2382004
-1.257683
0.019482561
-0.25210426
0.68090172
0.25856318
0.11247705
0.36767335
-0.32201446
0.32201784
0.53344079
-1.1888874
0.73962501
-0.43148423
-0.32242903
1.1273578
-1.0046053
0.29914722
0.66882554
-1.3265317
1.1063734
-0.81999689
-0.56200292
-0.37420524
0.93815709
1.1004671
0.4422912
-0.098864646
0.30468867
-0.20582402
-0.12346268
-0.70825094
0.83171362
-0.682918
-1.5553884
0.14996486
0.36543712
-0.51540197
1.0342612
-0.19663573
-0.84864753
0.71521225
-1.0387981
0.12447324
0.080297303
-0.20477055
0.10805223
-0.7849682
0.11187629
-0.78219568
0.24033726
0.55288225
0.38217516
0.36122298
-0.47037153
0.10914855
0.60788143
-1.0578299
0.4140733
-1.407997
1.2359423
-0.20109507
0.89989304
-0.69879797
0.12420438
0.84201189
-0.087249888
0.36704093
-0.52840769
0.50567165
0.37202656
1.2659597
-0.27177455
-0.99418511
0.14664197
0.38041319
-0.52705516
-0.19919015
0.66304526
0.73784361
-1.1229916
0.095000029
1.1246068
0.16843336
1.086593
0.41340698
-0.18812653
-1.0555505
0.51336933
0.52998434
-0.42932319
0.42944544
-0.00012224533
-1.4271572
0.84510769
0.58204947
1.1611519
-0.074827434
-0.45913767
0.5339651
1.0243631
-0.24382471
-0.032577441
0.44124306
-0.38278663
-0.058456421
-0.56685841
-0.081934593
1.422883
0.81585991
0.63611018
-0.76395287
0.24318034
0.52077253
-1.0481343
1.3383878
-0.39118061
-0.099424367
-1.2221371
0.89881444
-0.95039283
0.90743004
-0.65276359
-0.14274397
0.60842295
-0.46567899
-0.12867065
-0.7150645
1.2614621
-0.4265901
-0.83487199
-1.4689218
1.4283699
0.040551917
1.6702258
-0.82824947
0.13003596
-0.60299751
1.1978571
0.84554171
0.63018289
-0.25853048
0.91823123
0.085497218
-1.0037285
-0.37317943
-1.0539777
0.39907002
-0.79740067
0.52302857
-0.98860816
1.3728521
-0.92258512
0.1662091
-0.55821916
-0.20397894
0.75231339
-0.54833445
1.0392972
-1.7456732
0.89539628
-1.3256319
1.0007884
-0.66953283
0.5947054
0.1097951
0.90344853
0.71851758
0.12769577
0.62399623
-0.76384863
0.1398524
0.27631789
1.2859772
0.71018634
-1.1765052
0.49458542
0.67943888
0.076780879
-1.3614842
1.0417644
1.337151
-0.2477148
-1.0894362
-0.54870586
0.9538606
-0.40515474
1.2320384
0.10873021
-1.3407686
-1.1858593
-0.55981383
-0.038315813
0.83034941
-0.79203359
0.25365667
-0.63152048
0.21845087
0.37143251
-0.28140987
-1.3961926
0.37545358
-0.43153366
0.014082706
0.41745095
-0.73098325
1.0838197
0.32748064
1.3034709
0.72801012
-0.67621643
0.70885853
0.37620723
0.66349424
0.22376857
-0.44513708
0.22136851
-1.0127935
-0.7848373
-0.059041562
-0.8064968
-0.74889165
1.2916239
-1.0744583
0.55004514
-0.37619734
0.012711558
1.0738815
0.70228582
-0.35919509
0.85135509
-0.82956875
0.30605995
0.93214048
0.90654389
-0.46435536
-0.44218852
-0.72394052
0.19397384
0.52996669
-0.35814465
0.52165605
-0.1635114
-0.48228194
1.0705015
-1.2909863
0.91207199
0.37891427
-0.43821161
0.25997244
-0.52482076
-0.84201369
0.30697073
-0.2359722
1.0293499
-0.076772474
0.68511124
0.40888604
0.64582218
-1.858663
1.2128408
-0.37194157
0.86091754
0.42692948
-0.56247594
0.079493926
-0.47501708
0.91670052
0.12863136
0.71647633
0.95358561
-0.79096681
-0.91881778
0.46712516
0.37875866
0.19165562
1.3174284
-0.074311621
0.80607123
-1.3827203
0.56372263
0.23332573
-0.042458215
0.33794171
0.42431241
-0.76225412
-0.025026607
0.97417307
-0.10938166
0.33315023
-1.0725351
0.59751801
0.79841567
-1.0947053
-1.269333
0.99755841
0.39005799
0.19547952
-0.43722583
0.19340112
0.41595291
-0.70162247
0.54778142
0.49674736
-0.62615092
1.0991846
-0.4730337
-0.011695799
-0.46179695
0.1036523
-0.15682933
-0.33231248
0.48914181
0.60607299
0.61861243
0.85521708
0.64540867
-0.76887135
0.50095225
0.96291748
-0.050898027
-0.91201946
0.92509687
-1.5515742
0.51390964
0.16735557
0.50598423
-0.064741176
0.26453013
-0.89068105
-1.2928276
1.3491933
-0.056365735
1.0564808
0.44340217
-0.090832037
0.54324487
-0.45241283
-0.13556299
1.3676014
-0.9694544
-0.068964517
-0.59226375
0.66122827
0.1903114
0.8672071
-0.70828194
0.06578686
0.74078738
-0.63761503
0.31008442
0.32756829
0.59066294
-0.78375179
0.20862971
0.40931759
-0.70722261
0.30261596
0.26578191
-0.50635016
-0.35145353
-0.066906164
0.79750086
-0.40278863
-0.39471223
0.5878178
-0.9271372
-0.075347873
0.75478676
0.24766155
0.79388326
-0.24773614
-1.1799338
1.0499633
0.4420144
0.8591966
0.47268504
-1.3318816
-0.79359881
-0.26910603
1.0627048
-1.3323783
1.0846635
0.097879419
-0.21324425
-1.0113757
0.9424112
1.1388687
-0.43186469
-0.37082105
-0.41095646
0.49158846
1.3725488
-0.83910802
0.4161022
-0.8426923
0.97957161
-0.57202848
-0.078199997
0.34023463
-0.24629262
-0.19093321
0.42760642
0.47893746
-0.56930732
-0.76305016
-0.054470449
-0.82684046
-0.99055043
1.0725218
0.3302935
-0.26867138
0.59016776
-0.32149638
-0.55160974
0.16072922
0.23302922
0.45539636
-0.68842558
-0.82541401
-0.050071813
0.38755328
-0.8728199
-0.1592534
-0.327693
-0.58279568
0.22897693
0.35381875
-1.2298641
0.66055682
-0.70687394
-0.001408003
0.95635372
0.41882394
-0.5615679
-0.48451546
0.50435178
-0.10963062
-0.39472116
-1.2659817
0.10723381
-0.87245196
-0.79474526
1.2812733
-0.25673886
1.1943513
0.47684496
0.22715137
-0.017562488
0.70322774
-0.68566525
-0.66299939
0.2353907
-0.48611481
0.025271086
-0.32006378
0.2947927
0.1596764
-0.3189298
0.92510116
-0.23611338
-0.52783949
1.16255
-1.2008658
0.49557255
-0.78814029
-0.99178722
0.44308137
1.6950552
-0.59798587
0.66140287
0.57428049
0.09645762
0.25795172
-0.13192043
0.37920159
-0.35625606
0.47067058
0.025823478
0.25200311
-0.27782659
-1.4689218
-0.50194135
0.1456853
-0.47696625
0.15175776
0.32520849
0.4498462
-0.0012170557
0.27972211
-0.59674349
1.1885176
-0.59177412
0.7482006
0.048526381
-0.993828
1.2881228
-1.3056853
-0.83529934
0.062965229
0.77233411
-0.53581209
-0.31788671
0.46617244
1.0651213
0.43487867
-1.0970672
0.7012707
0.38904418
-0.33288658
-0.30077504
0.37934496
-0.078569912
-0.1203743
-0.26545013
0.38582443
-1.0597753
0.015187263
1.044588
-0.53895115
0.27898363
-0.35167817
0.45940769
1.6107339
-0.11757333
0.39993411
-0.28236078
0.21238882
0.20767348
-0.80441697
-0.6434003
0.85952933
-0.12374103
-0.91025174
-0.35391692
0.76986983
0.49783291
0.60033991
-0.054908945
0.39432381
-0.33941487
0.0325237
-0.033740756
0.94669209
0.42615998
-0.63928246
1.2965963
0.54102875
-0.73426004
-0.58621613
0.66047555
0.1405866
-0.97588594
-0.94306668
0.7557391
-0.86331349
-0.40266818
-0.34675772
-0.56071663
-0.40014442
-0.020566889
0.42071131
-0.06882054
-1.0408095
-0.49114086
0.13946269
1.3761805
-0.51698389
-0.58228422
1.1005983
0.3326852
-1.4332835
-0.1420612
0.54732165
-0.40526045
0.030806274
0.50661337
1.1777341
-0.76163195
0.85180244
-1.0414485
0.098856685
0.49754246
-0.59639915
0.75500476
-0.5232281
1.2357621
0.020747661
-1.2565098
-0.57888522
-0.159432
0.19694009
0.40663695
-0.12770647
-0.20868264
0.51876706
-0.24142723
0.096596821
-0.62796528
0.021799241
0.010724458
-0.88378706
1.0914605
-0.15650006
0.79091155
-0.081670614
0.46123194
-0.60132434
-0.65113143
-0.23129241
-0.25322304
0.20028314
1.2154838
0.22438608
1.2173632
-0.43463972
-0.54015246
-0.74270238
0.49976657
-0.81298704
0.18924362
0.44271126
0.87036877
-0.19433207
0.98004249
1.3933629
-1.3537694
0.6143858
-0.30199788
-0.0055819993
-1.0541933
-0.50253779
0.038871814
0.63050987
-0.30891418
-0.053366225
0.28875693
-0.26641047
-0.21970434
1.4774874
-0.98205609
-0.4954313
0.11571285
0.34816662
0.70859183
-1.0442734
-0.11528714
-0.60287096
0.042154326
1.363508
-0.10853517
0.12462673
0.42100205
0.078131154
-0.61498127
0.40986742
-0.623562
0.041277781
-0.71076655
0.84142361
-0.13065706
0.27167211
-0.37900774
0.086246374
0.37625275
-0.77452575
1.4034644
-0.40432034
0.50939376
0.96809363
-0.43247351
0.75225232
0.99817521
-0.39210222
0.96673476
0.21099939
0.26759311
0.71789062
-0.98548373
-0.36944354
0.77876113
-1.4686621
0.76636442
-0.73631092
0.41587379
1.0410981
0.22886482
-0.62907063
0.41576282
0.91351219
-0.50537211
0.25618723
-0.083325647
-0.491832
-0.5127733
-0.15089242
-0.10002684
0.48907101
-0.36519026
-0.034954154
-0.48290009
-0.85674984
0.14115223
0.15471024
-0.4691756
0.040099623
1.0592717
-0.015893788
0.27445697
-0.068690336
-0.082202082
0.5180129
-0.03747658
0.090895953
0.54776523
-0.40893341
1.183504
-1.6301465
0.76598459
0.86416194
-1.6426342
0.34980659
-1.4578426
-0.01081945
-1.2277965
0.66202198
-0.24267558
-0.020137197
0.58478392
-0.53010035
-0.70763347
-0.01630705
-0.32652455
0.070093386
0.77231563
-0.5685904
-0.20372523
-0.38131631
-0.7721962
0.082686041
0.55982015
-0.54707658
0.11554292
0.4027197
-0.5447809
-0.13457348
1.1308901
-0.72334544
0.29324036
-0.0015394817
-0.56961432
-0.071142245
-0.35818095
-0.48008415
0.19519759
1.0797897
-1.2749873
0.3799678
0.14168826
-0.97210732
0.80547211
0.062765257
-0.86823737
0.092457045
0.41720471
0.096060562
0.43060644
0.81892977
0.22530439
-1.0442342
0.45155941
0.42967844
-0.88123785
0.80752725
0.42449724
-0.43245556
0.67916147
1.4283699
0.20390815
1.031854
0.11773289
0.047693536
-0.97381139
1.1535493
-0.87825604
-0.66321701
1.4952149
0.70156921
0.4866858
-0.68297601
0.1962902
-0.90451948
1.359831
-0.50091952
-0.85891149
-0.59635463
-0.84183002
0.25561389
0.084639053
0.98777709
-1.0724161
-0.20312072
-0.12163654
0.32475725
-0.62747436
0.36644199
-0.26447663
-0.61700683
0.79691788
0.98427161
-0.22308204
-0.76118957
0.1428352
-0.56143289
-1.0252571
0.70282803
1.143261
-0.33778885
-0.56012499
0.60227932
-0.73465511
-0.80607315
-0.78593652
0.11640369
-0.18670246
-0.66194507
-0.37089036
0.10360288
0.26728748
0.78364051
0.60267516
-1.3181057
1.3181057
-0.5800489
0.62132668
0.11967866
0.8236395
-0.73900045
-0.20016832
-0.055438201
-1.5057104
0.69272331
0.81242508
-0.16701641
1.0778329
-0.25721803
0.12759336
-1.2222542
1.4174518
0.096006775
-0.80744826
0.42692055
-0.91753841
0.49061785
-0.48919568
-0.011273324
0.500469
-0.26417613
0.82042388
-0.55624775
-0.39741462
-0.77061491
1.1680295
0.85783971
0.18325836
0.75740048
-0.82080101
0.063400531
-0.62913292
-0.27378708
0.24120964
-1.1184076
0.69805679
0.038943081
0.43738455
0.041429702
0.16896806
-0.43895233
0.28311995
0.2842403
0.85038453
0.325786
1.4517754
-0.4183145
-1.0334609
-1.5072825
0.77700503
-0.36802002
0.20976577
0.8570038
-0.84208211
1.4827809
-0.9324408
-0.55034005
-0.78320274
0.26404435
-1.3079485
0.23139432
-0.33025897
-0.093522866
-1.1287313
-0.41341325
0.093612577
-1.1974134
-0.66557812
0.74401858
-0.12179907
1.4141331
-1.0757526
-0.13584898
-0.1068266
-0.01089408
-0.28058192
0.173267
0.2492128
0.63129472
-0.51841822
0.24578308
-0.32880668
0.88279659
-0.88133545
-0.0014611362
-0.33028948
-0.034416627
0.36470611
-0.72608611
0.09048722
0.63559889
-0.62758338
-0.43480831
0.46007939
-1.0670548
-0.52638946
-0.45067546
-0.045102711
-1.0811139
0.10900654
-1.2090004
0.15886533
0.4373828
-0.035539586
-0.10128766
0.23404713
-1.390147
1.390147
0.74760196
-0.24976905
0.033506668
-0.10219701
-0.31113771
-0.75021556
1.0337489
-0.28353334
0.63074151
-0.039018542
-0.92607583
-0.17790235
-1.1294488
1.3073511
1.0156383
-0.031366717
0.042550814
-0.2743356
0.23178479
-0.79723463
-0.27501561
1.3363509
-1.3933629
0.14134357
0.39540085
-0.53674442
1.2833235
0.33211595
0.6406639
-0.30272218
0.86331057
-0.59571746
0.036490005
-1.2454904
-1.0143883
-0.10401927
-0.64776085
-0.39297127
0.25680942
0.13616186
0.53564022
-0.62430358
-0.1216388
-1.00781
-0.21517401
0.77162798
-0.023892301
-0.048713127
-0.50093519
0.34293989
-0.65573866
-0.40543452
-0.087001953
0.010820168
-0.43888525
0.54943834
-0.056610639
-0.31834784
0.37495848
-0.63913111
0.089895072
0.14909481
-0.23898988
0.454739
0.2517669
-0.7065059
0.38256321
-0.019902473
0.6098035
-0.58990102
0.51901334
0.56685599
-0.44445306
-0.39134137
-1.0775804
-0.72051927
0.49900376
0.2215155
0.78446146
0.69831939
0.6555712
0.37484785
-0.29660077
0.2857067
0.12294111
-0.76864345
0.64570234
-0.14971629
-0.19678758
0.34650387
0.38641225
-0.13342924
0.82299063
-0.6895614
-0.12229515
-1.1655542
-0.17046383
0.52441969
-0.090148437
-0.23637611
-1.1242866
-0.052218605
-0.89018147
0.45831679
-0.42435011
0.25802765
-0.098600516
-0.15942713
0.018864321
-0.43668419
-0.7155194
0.25638174
0.28029733
-0.6390584
-0.28691953
-0.65937542
0.45322073
0.20615469
0.20021124
-0.13972843
-0.34468713
0.51221746
-1.565543
0.687287
-0.90661925
0.15640369
0.014204384
0.47723742
-0.033934479
0.63383379
-0.59989931
0.5931734
0.23664175
0.33584226
-0.51824129
0.43127699
0.086964299
-0.043382795
0.80078327
-0.44394285
-0.29767226
-0.3968724
-0.080093844
1.0024659
-0.61203761
0.34786149
-1.3930684
0.16523706
-0.19486869
1.089129
-0.89426035
1.2128408
0.51460043
-0.42214338
1.4705563
-1.1450713
-0.08768948
0.52865172
-0.43259116
0.26769705
-0.86743757
0.054260806
-1.0641028
1.1042025
-0.062203082
-1.0244229
0.81016818
0.21613851
-0.01187259
0.92529607
-0.26959949
0.1504915
-0.74476222
-0.28843716
1.0331994
0.019942936
-0.97033576
0.43294895
0.32648699
-0.75943593
-0.25846913
-0.86581743
0.050460971
-0.66688568
0.31296876
-0.8237106
-1.5345156
1.0664209
-1.0045724
0.23004667
1.3317915
-1.115653
-0.31436955
0.58988286
-0.27551331
-0.48731979
-0.49519291
0.44299187
-1.2942942
0.85130234
-0.38690012
-0.44261044
0.42127254
0.021337897
0.51897506
0.049958487
-0.56893355
-0.42715514
0.60123945
-0.17408431
0.72620278
0.51694647
-1.2431493
0.40684597
-0.16106289
0.36953852
-0.44068076
0.5559902
-0.37617479
1.201117
-0.82494217
-0.60002563
-0.42941359
0.86236254
-0.6496726
0.89285294
0.49486139
0.06871351
-0.5635749
1.0862815
-0.60153362
0.24370987
1.1897859
-0.15975111
1.0500315
-0.92448942
-0.82721624
-0.029555015
-1.0033427
1.0328977
-1.2365121
-0.47839099
-1.3195351
0.25185443
1.0676807
0.91584879
0.5662568
1.2460709
-0.96634876
0.76170753
1.2192483
-0.88656315
-0.30951949
-0.97784134
0.31584287
-0.52575665
-1.1908668
0.98547615
0.20539062
-1.4974933
0.99538057
0.5021127
-1.1676049
0.042589615
1.1250153
-0.7417454
0.82724262
-0.43461949
0.66764872
-0.090847728
0.81713623
-0.34257279
0.30815617
-0.026793283
-0.82290405
0.54717887
0.89769047
-0.81707057
1.0105233
-1.0400783
0.37665331
-0.02480634
1.0450952
-0.31708508
0.20713779
-0.34298677
-0.34125731
1.0674601
0.39067086
0.34587716
-1.1431118
-0.19320298
-0.25865381
0.34532121
0.15903057
0.55462219
-0.025788544
-0.40073208
0.42652063
0.38996902
0.40302892
-0.33186141
-0.1063502
-0.50690374
0.22203992
0.0026827014
0.15620889
-0.4427168
0.28650791
-1.2022384
1.4846949
-0.61662577
-0.17112954
-0.96086938
-0.60467366
-0.57460919
1.927813
-0.99191014
-0.93590287
-0.68198055
0.31253701
-0.25507914
0.64263242
0.088143024
-0.29126374
0.30833012
0.1818017
-1.0177409
-0.69893186
-0.80835068
-0.12334917
0.62056927
0.22913658
-0.84970585
0.96531842
-1.3256319
-1.3614842
-0.27170527
-0.73690716
-0.662258
-0.48794168
0.053517
-0.48931256
0.43579556
-1.0008991
-1.038814
-0.71217103
1.750985
0.091472548
0.0065083246
0.71004115
-0.88806715
0.80063155
-0.33051203
-0.47011952
0.15061496
1.0394932
-0.99362597
1.0174125
0.7060623
0.020614282
-0.72667659
0.68791989
-0.078116388
0.84908915
-0.26452396
-0.58456519
0.28905316
0.55226747
1.216237
0.04209002
1.1889093
0.0035166724
-0.38108405
-0.28919239
-0.39576366
0.43513778
-0.38768323
1.2174088
-1.183114
1.4845899
-0.12156493
0.38961231
0.27192119
0.84158856
-0.14117863
0.82025922
0.67974078
0.77621565
-0.3552136
-0.026342118
-0.30097816
0.32732028
0.33361077
-0.49908903
0.57902411
-0.50217013
-0.076853979
0.20572751
-0.11703382
-0.21759591
0.6076539
-0.31526722
-0.48823966
-0.11329397
-0.13226223
0.34663181
-0.21436957
0.071154194
-0.56323186
0.70678577
-0.072951986
-0.21442232
0.59318098
-0.69097485
-0.90202063
0.94389417
-0.37143734
-0.37121795
-0.45281037
0.59415394
-0.66806201
0.20890128
0.49266792
-0.11684733
0.25545833
-0.13861101
-0.28722587
0.78699389
0.1822918
0.12296036
0.71905153
0.72850519
-0.1613858
-0.13153685
1.2897475
0.80098528
-0.35827401
0.061796839
-0.71146944
0.22740001
-0.035906191
1.2145142
-1.2145142
1.0806636
-0.062149485
-0.15555833
0.18833351
-0.025847182
-0.36982619
-0.12488866
-0.75780357
0.19834222
0.93254791
0.81813711
0.55963885
-1.377776
-0.79858806
1.0834726
0.79091847
-0.20310066
1.2801629
-0.45990369
-0.40604931
-0.23056228
0.35815564
0.60964847
0.73588138
0.28028708
-0.58823127
0.59939587
-0.011164599
-0.33356973
-0.32148793
0.97957889
0.68727493
-0.44667878
-1.4400712
-0.27696343
-0.50760637
0.7845698
-0.70254579
0.9085209
-0.64447654
-0.59182721
-0.24696232
0.83878953
1.0179744
0.19332368
-0.25817941
0.12353184
0.13464757
0.013142262
-0.67508733
-0.5044822
0.47869366
0.30254263
0.27648148
-0.16810375
-0.0066934476
0.17479719
-0.76014805
-1.2194823
0.31358412
-0.56848114
0.037272768
-1.182467
0.21260255
-0.41998291
1.2260541
0.37156748
0.59976441
-0.73319364
0.21973754
-0.97672516
-0.08524265
-0.21014032
0.2359638
-0.20159381
0.033490067
0.59557072
0.30996808
-0.31207354
-0.53446257
0.84653611
-0.38375208
-0.39726929
-0.3613498
-0.36199564
-0.21431965
0.66905865
-0.36579295
-0.41727974
0.78307268
1.0740226
-0.26483586
-1.1965154
1.1965154
-0.49615157
0.50966838
0.011120133
-0.012410284
-1.026547
1.0389573
-0.76855174
0.42821654
0.3403352
-0.11618957
-0.45240083
-0.36643741
0.45692463
-1.3773451
-0.10607746
-0.11264747
0.21872493
-0.12741937
0.27694982
-0.14953045
0.74037471
-0.038046418
-0.35607816
0.16487163
0.3411126
-0.5289233
0.66266594
-0.50540442
0.12127345
0.95939011
-0.66120109
1.0700871
-0.67690254
1.0043832
0.859437
-0.73649589
0.81859193
-0.92824053
-0.33386297
0.026967953
-0.45137315
0.4244052
1.0890533
-0.01955216
0.47157867
0.58875452
-0.47262715
-0.25316849
-0.87361725
-0.45876104
0.60482589
-0.54302905
0.61510284
-0.72314276
-1.3173815
0.38741321
1.0269038
0.0354941
-0.51322533
0.44233498
-0.41805154
0.1011986
0.52627576
0.63723057
-1.3811165
1.3811165
-0.8098158
-0.45951716
-0.34707523
0.97206633
-0.31069513
1.4603936
-1.2564854
-0.55192571
-0.23026996
-0.51690786
0.93148416
-0.4145763
-0.95111544
0.53113253
-0.35074855
-0.51668902
-0.05666329
-0.90420609
-0.25598559
0.96617194
0.54650992
0.10592994
-0.65243986
-0.38587726
-0.56925777
-0.21571043
-0.12570374
1.3212575
-0.12152816
-0.016018538
0.51161399
-0.21970428
-0.21246736
0.2420947
-0.49082745
1.5150116
-1.0241842
0.11893323
-0.37621745
-0.31582829
0.92065419
-0.52416293
-0.10459545
-0.47565401
-0.207322
-0.18759845
-1.1114272
1.1565438
-0.32601638
0.33303232
0.85067552
-0.40487922
0.19233488
0.48856684
0.60469436
-0.91080531
0.30611095
-0.58686073
0.57558741
-0.62044858
0.032217308
0.65292496
-0.87040453
0.17397268
0.92327746
-0.59223593
-0.070763463
-0.25056467
-0.65869455
-0.10239055
-0.73969156
0.47758129
0.89472341
-0.075598561
0.074244102
-0.22396039
-0.33954054
0.3394183
-0.39511605
0.17541177
1.2657467
-0.011588085
0.90010218
-1.2732816
0.19645412
-0.49643306
-0.045912982
-0.50174544
0.54765842
-0.54837469
-0.10672094
-0.41329793
0.52001887
0.35293757
0.58538373
-0.48398831
-0.30484968
0.4520826
0.85138832
-0.07811308
0.95425569
-0.5015427
0.87831537
0.22654077
-1.1359428
-1.2190284
0.84104046
-1.0388139
-1.4223835
0.93149497
0.49088852
-0.18617211
0.6754379
-1.3476045
1.1158012
0.2318033
0.082083973
0.44432127
0.11313635
-0.22998368
0.73059665
0.72979691
-1.0975753
0.5987
1.113126
-0.42519465
0.63409594
-0.58202143
0.15457753
-0.6029935
-0.71614052
-1.4430086
0.77273843
-0.72077433
-0.22984056
0.1237631
0.12061846
-0.24803783
0.47295528
-0.24300961
-1.0014564
0.29535466
0.70610175
-0.49407489
-0.45368233
-1.4281041
0.693449
-0.61335957
0.2394573
0.87847393
-0.60210554
-1.0721923
0.16737083
-1.0955011
0.45472598
0.29287597
0.24978105
0.15706492
-0.35222393
0.056906083
0.41229144
-0.46919752
0.20286487
0.95827052
-0.92350982
-0.84617908
0.12837
0.71780908
-0.56943464
-0.78121297
0.23896475
0.4240805
-0.84202676
-0.25504041
-0.32614491
-0.35039402
0.43247799
-0.40385536
-0.91427045
-0.387777
-0.46666833
0.34629404
0.34293433
-1.0846797
-0.27349371
-0.77785741
-0.016949962
-0.32137338
0.19615647
-0.32055233
0.0022044929
-0.46931458
0.35174124
0.13645733
0.63036248
-0.88634807
0.79393798
-0.5688563
0.42819029
1.4236205
-1.4802838
0.11916638
0.26017857
-0.33361782
0.068167691
-0.99309625
0.054933149
1.040457
0.35780586
-0.15066806
0.15158057
-0.71734672
-0.71075738
1.178818
-0.44705801
0.9528058
-0.50574779
-0.68808695
-0.33696943
0.41193299
-0.23633871
-1.1541803
0.12018003
-0.1364097
0.40751343
1.4387391
-0.62129086
-0.81744822
0.09539001
-0.49759049
0.069560985
-0.57173112
0.44825208
-0.39473508
-0.16558892
-1.0519093
-0.37047421
0.43475001
-0.80054296
1.2821419
-1.1302616
-0.15188024
-0.88917542
0.43206721
0.036608067
0.59468666
-0.045307022
0.29731014
-0.63803831
-0.21892234
0.92695624
-0.70165186
-0.98712797
0.41366358
-0.24256092
0.40743255
1.0257924
-0.29477932
-0.75148373
0.39745042
0.35403332
1.4527682
-0.15764771
-1.2951205
0.031461197
-0.26275361
0.72681588
-0.20439456
0.19204748
-0.44521597
1.3551847
-0.85580153
-0.49938321
0.088968368
0.71263703
-0.39174173
-0.3208953
0.32330801
-0.95542014
1.1671964
-0.60496115
-0.93614128
0.3718811
-0.016971317
-0.71040183
0.63787303
-0.5122208
-0.56889307
0.39609129
-0.38200859
0.092730587
0.92536317
0.55503596
0.51200672
0.10090708
0.85998317
-0.96089025
-0.17184454
0.42105735
-0.42056835
-0.021190524
-0.36751386
-0.54278004
0.70898914
-0.4979298
0.46264139
-0.1975749
-0.66852083
-0.22319479
0.16982856
0.020722442
-0.28713291
0.92378866
0.41044391
-1.3342326
0.80105799
1.4527682
0.53375104
-0.026045548
1.0775804
0.61703882
-1.6946192
0.40676908
0.22628771
-0.81811492
0.35308557
0.55682744
-0.21205039
0.81382911
0.10548288
-0.919312
-0.53519219
-0.93664743
0.35428796
0.70244826
-0.44299406
0.075148752
-0.59338075
-0.84195397
0.39489596
0.92057315
-0.48963246
0.44755181
1.0591697
0.44083029
-1.1469469
0.75560555
0.43555681
0.88893925
-0.54600493
-0.10247031
0.20980447
0.16872522
0.46728075
0.53481427
1.0420911
1.3771874
-1.1282995
-0.2082254
0.66144614
0.98774939
-1.0001597
0.33184212
0.44437354
-0.80895447
0.33793941
0.37469762
0.40989485
0.44078067
-0.12012018
-1.1838929
0.68297339
0.1421008
0.71582893
0.52671748
-1.0084847
0.26879311
0.69403521
-0.2697228
0.34035117
-1.3170763
0.93387991
-1.6684959
0.73461603
0.33645891
-0.53403381
0.15466298
-0.23323289
0.14180891
0.24401552
-0.12445658
0.38126599
0.47325536
0.71705306
-1.263249
-0.36352318
-0.39591275
-0.83539501
0.15891011
0.241024
0.13243348
0.32006621
0.56993768
0.71220419
0.92851704
0.1214463
0.17054438
-1.2480865
0.95889406
1.1818596
-0.78461075
-0.1132144
-1.1810798
0.50975802
0.38309492
0.62893652
-0.4731232
-1.2541213
0.73973424
0.32668218
-0.43340312
-0.46563528
-0.29088124
-0.89666495
0.44298262
0.91875231
-0.31053378
0.34947686
-1.0742203
-0.85080307
0.58632644
-0.13229078
-0.12588863
0.65517235
0.1050726
1.0737454
-0.73305409
0.93139632
0.59951312
0.6609303
-0.27131799
0.5456373
-0.0023924329
-0.69973649
-0.89658972
-7.5226223e-05
1.1755467
-0.38399294
0.88196558
0.046551457
0.05754327
0.28777794
-0.76876079
0.19433641
-0.26991542
0.45171712
-0.75099793
0.28705958
0.46393835
-0.31022715
-0.19381735
0.47457274
-0.28075539
0.0555662
-0.078857905
0.36112112
0.61845777
0.10424134
0.2619393
-0.36618064
-0.93590287
-0.12592422
-0.26337692
0.53057284
-0.247765
0.3416531
-0.093888102
-0.29916115
-0.34266549
-0.47402648
-0.48792575
1.0892154
-0.60128964
0.3791264
0.16827567
0.28735137
0.72512289
-1.0124743
-0.10132383
0.52974005
-1.0197111
1.1881445
0.59635414
-1.1676994
-0.028636541
0.36875698
-0.40904621
-0.35950554
-0.26990484
0.76257276
-1.1918561
0.77354164
0.77326357
0.88053545
-0.45234516
1.0935434
-0.20202709
-0.43303632
0.99929313
-0.11217118
-0.25137745
0.36354863
-0.75444803
0.81001423
1.1442895
1.4690371
-0.7017661
0.4425612
0.2592049
0.82405879
1.0442887
0.17570028
1.200004
-0.24478337
0.75454139
-0.65890303
-0.3082993
-0.44318443
0.57839666
0.14849339
0.66482812
0.39788532
-0.25096653
0.31562464
0.29957033
0.069561645
-0.60466161
0.35769929
0.25150161
0.1232362
-0.37473781
-0.74566417
-0.35191117
-0.14199242
0.85061341
-0.13386671
-0.6456818
-0.80871982
0.56098367
0.63090843
-0.83769546
-0.013107612
0.36032883
0.73321455
-0.61347494
-0.37757639
0.18005839
0.0019250645
-0.18198345
-0.32573636
-0.48985215
-0.17187564
-0.16717828
-0.75863179
0.92581007
1.3581158
-1.0778287
0.081375316
0.34730558
-0.34371153
0.88086235
0.01386106
0.93387991
0.72847032
1.5330648
-0.15587743
0.2802539
0.83468013
-1.114934
-1.0671315
0.063403034
-0.10945209
-0.86711414
0.65436678
0.8397732
-0.56785201
-0.10717701
-1.1661046
0.80734527
0.32560985
1.0031337
-0.39348518
-0.50596004
1.5225429
-0.50456847
0.087758977
-0.25339545
0.42880722
-0.47828855
-0.011024005
-0.90916407
1.7126943
-0.74006615
-0.031333225
-0.18674451
-0.16127459
-0.17234323
1.1250245
-1.1250245
0.19964779
0.72730845
-0.49880852
-0.39761573
1.1771668
-0.73801962
-0.4391472
-0.19991204
-0.29859595
0.49850799
-0.56067308
0.11806265
-0.078846724
0.24609682
-0.16725009
0.46496873
0.29152992
0.30786595
-0.19975272
0.1379606
0.68928202
0.85927295
-1.37433
0.36037847
0.034965255
-0.86199356
0.81861077
1.5011423
-0.14268899
1.1192418
0.41382306
0.77331146
0.47866517
0.41027408
1.5404204
-0.45370699
0.82286706
-0.46174594
0.52090276
0.31788677
-0.14269785
-0.51884354
0.89552656
-1.0736037
0.7239618
-0.31134078
-0.41262102
0.53893136
1.2124174
0.13677588
-0.2541636
0.97817112
0.54437178
-1.0564628
-0.12547089
1.6076388
-0.68250933
1.1994558
0.31279602
0.0065359744
0.32707479
-0.43002852
-0.014424548
-0.045050364
0.25481613
-0.14939513
0.68930727
-1.4019402
0.7126329
-0.27615299
0.58957932
0.0055620781
0.51341298
0.91284845
-0.51336869
0.035995197
-1.1797687
0.16575165
0.18757301
0.052055659
-0.23962867
0.22562305
-0.024234187
0.51909557
-0.57270154
-0.43578313
-0.73517775
0.43589794
0.83329118
-0.88965692
-0.58644926
1.0300873
-1.1089452
0.77121935
0.40008201
-0.44797131
-0.42091895
-0.17808385
0.03349975
0.22667882
0.19251497
-1.1151001
0.72692722
-0.38438614
0.33287692
1.3659338
0.057686712
0.82613118
-0.25554666
0.97810766
0.38777989
-0.43515708
-0.39294287
0.8523335
0.047070889
0.21486841
-0.79004045
0.98255541
-0.32867653
0.061814587
-0.29940366
0.82030642
0.23247793
-0.16431024
0.075214061
-0.34666711
0.27145305
-0.22795349
0.43131997
-0.48672692
0.028956732
-0.2300635
0.5299081
0.87657985
0.58221441
-0.36728469
-0.027135725
0.70937343
0.1009619
-0.81033534
0.62757477
-0.63002333
1.18263
0.45272457
0.55040909
-0.62029453
-0.35351686
0.91819133
0.91023511
-0.46038892
0.50435705
0.025104029
-1.1817846
1.1566805
0.45508015
1.0651426
0.43842938
0.74818351
-0.023572535
0.98296264
0.11886052
0.091822019
0.15102756
-0.24284958
0.9980119
-1.0230124
0.025291117
0.25084544
-0.089199677
1.0217476
0.34462343
0.66794232
-0.39914921
-0.35816804
-0.024618596
0.53076587
0.19319593
-0.43320302
-0.78849479
0.46343684
-0.66213561
-0.074771544
-1.0774757
-0.54233141
0.019903739
-0.21241353
0.76529578
-0.15326662
0.25698788
-0.10372126
0.091771171
-0.66538769
0.67403738
-0.0086496972
-0.80017064
-0.45388025
0.70199323
-1.1710537
0.55471488
0.34990281
0.2890382
0.12153993
0.20304875
-0.84930098
-0.98789965
-0.20378182
-0.049441221
-0.37682064
-0.12820598
-0.31700999
0.40260319
-1.1566491
0.096606331
0.19215059
-0.18795314
-0.031751204
0.51636679
0.28795612
-0.80432291
0.76760094
-0.40727211
-0.18074822
-0.035381115
-1.3928451
-0.60098858
0.0092909775
0.59169761
-1.5350036
-0.097603329
0.39128592
-0.1906101
-0.55994354
-1.0673686
0.96019156
-0.10747123
0.51774531
-0.37446297
-0.10045091
-0.83489069
-0.7027168
0.034897078
0.5458758
-0.47072705
0.20402647
-0.49516303
0.72429961
0.60426664
0.48214385
-0.19932179
0.15547574
-0.23851538
0.5925487
0.96144947
-0.4544018
-0.78579876
-0.022921053
0.6084338
-1.047069
-1.4195481
0.7931437
0.83672796
0.27777456
0.082812917
0.55747445
-0.82707394
0.80570554
0.10452958
0.1091428
1.0187248
-0.49366481
0.65243555
-0.17337499
1.0722449
0.3805233
0.37502441
-0.78125925
0.40623484
-0.21405155
-0.63212753
-0.63688458
1.3261918
0.35907862
0.80968205
0.96606786
-0.41373743
-0.69040968
-0.40398994
-0.41923222
-0.15973377
0.25155579
-0.25583849
-0.39509729
0.65093578
-0.29235868
-0.07167631
0.36403499
-1.1939244
0.27104361
-0.17927244
0.68299218
-1.1922552
-0.21067563
-0.31508102
1.0199324
0.17178849
-1.1917209
0.82770095
-0.56391188
-0.26378907
0.056594567
-1.0856252
1.0290306
-0.6124153
-0.22135341
0.8337687
1.1500642
-1.114069
-0.31047401
0.73848487
-0.39386144
0.16845803
-0.077779897
0.14387111
0.25098384
1.0653357
0.1825467
0.11596644
-0.29851314
-0.37045167
-1.004146
0.95711063
-0.38113946
0.18041186
-0.69378054
0.81821639
-1.2930236
0.45475113
0.21305693
-0.50541561
0.48296052
-0.89927925
1.1755971
0.26933063
0.27256806
1.1370981
1.1253487
0.14634232
-1.1691532
0.19168045
0.18070816
-1.1734879
0.91126275
1.0960878
-0.22103396
-0.85568893
-0.042387281
0.59986173
0.86091293
0.0011354269
0.69762878
0.22818129
1.0185185
1.195839
0.49856891
0.15818171
0.11015318
-0.93815212
0.54604991
-0.011522768
-0.42598579
0.08644525
-0.83448752
0.38894715
0.44554037
-0.088164264
0.88268657
0.22893136
-0.048872973
-0.70982325
-0.80682615
1.1818506
-0.80085581
-0.53563186
-0.21908821
0.42587053
0.57938852
-0.79180205
-0.52708399
0.050304211
0.25666652
-0.72352358
0.11495256
-0.19344936
0.63601056
0.014646755
-0.49539094
-0.22813264
0.92462053
0.36890578
1.0879623
1.3086413
-0.55303574
-0.75269763
-0.88875058
0.13430256
-0.61278247
0.00069281187
-0.36610186
-1.0030057
1.3691076
-0.14181798
-0.21143053
-1.254752
0.67098027
-1.3001472
0.74816471
-0.21583164
-1.5196546
0.75631444
-1.0649865
-0.24185034
-0.8337453
-0.20322571
-0.39809862
0.74391036
0.38835732
-0.84648702
0.36768553
0.41615108
-1.0191446
-0.095836239
-0.25083087
-0.07544647
0.20326658
-0.28211331
0.64704889
-0.6556964
0.33780969
-0.38565747
-0.086487124
-1.2191417
-0.073881915
-1.1375357
0.75354276
-0.037343137
0.1844427
0.13020215
0.39882319
-0.26759447
-0.13122872
0.42577639
0.51292132
-0.9386977
-0.43228533
0.55001822
0.58263963
0.24506132
-0.060016048
-0.81070435
1.2286039
-0.36335451
-0.86524938
0.26438736
-0.072706911
0.66284788
0.075636985
1.2644951
-0.12565513
-0.44613406
1.0105875
0.48941246
0.43535806
-0.21969097
-0.74095427
-0.15696394
0.63910779
1.0737643
-1.1303834
-1.0553288
-0.54375251
-0.34721153
0.73556885
-0.45067631
0.34411376
-0.72992954
-0.82683134
-0.21165919
0.0684314
0.58892325
-0.01847236
1.1788369
-0.9314568
0.12624862
0.84806365
-1.3447814
0.3282265
1.0165549
-0.87291038
0.386209
0.48670139
0.67326489
0.44624208
-0.4647466
-0.017913552
-0.19957486
-1.0862815
0.79544813
0.079412631
0.1699668
-0.24214
-0.24449782
0.084764043
0.13822165
-1.583998
0.059398383
-0.61934192
-0.37671277
0.59881755
-0.34705065
-0.58307386
0.38994657
-0.92462053
0.84506156
0.22603971
-0.31992781
-0.78546547
-0.5487671
0.3876213
-1.095843
0.29556914
0.81708857
-0.38233855
-0.14157007
0.20956178
-0.86132806
0.038808635
0.82483009
-0.35157473
1.0299707
-0.10078621
-0.14725162
-0.51457737
-0.55651735
0.222923
-0.51824743
-0.30475979
0.82300722
-1.2166844
0.38187026
-0.087885799
-0.19035018
0.31162706
0.22379737
-0.17349316
-0.17884447
0.75823299
-0.60260488
-0.0098104202
-0.17400421
-0.48518338
0.86132806
-1.2184489
-1.0007884
0.0565224
-0.26666272
-0.010843399
-0.59014518
-1.0417644
0.95168495
0.10250837
-0.75904573
1.1532927
-0.73573102
-0.41756167
0.20973173
0.18480115
-0.28063739
-0.26339907
1.0722449
-0.11880801
-0.97776985
1.0972962
-0.11952636
-0.74730237
0.39395792
-0.00044014529
-0.58019012
-0.52513476
-0.27503588
-0.65122439
-0.075452193
-0.9934929
-1.4832263
0.88524043
1.11112
-0.8393272
1.1500642
-0.083630474
0.41901337
-0.21069775
-0.20831562
0.95369934
-0.15825121
-0.64204388
0.24405248
-0.12052064
-0.31095656
0.72324799
0.58252306
0.64893955
-0.16868783
-0.24474796
-0.96071985
-0.21783303
-0.30460866
0.14419757
-0.41159582
-0.74480048
-0.66400106
0.72339944
0.57202879
0.2156461
0.28286189
-0.45210384
0.82458347
0.14110418
0.19441345
-0.29444029
0.58500534
-0.29212936
-0.13500872
-0.3640803
-0.94232783
0.91908536
-0.50261377
0.53458944
-0.41818575
0.30507446
-0.18691194
-0.46803754
0.1120574
-0.086227827
0.92791187
-0.84168404
0.69586072
-0.91390645
-0.25164779
-0.95711063
-0.30261922
0.091408728
0.61178773
-0.18878356
-1.0676962
1.0876391
-0.3915698
0.80721769
0.12915715
0.11489534
0.011063462
-1.0376105
-0.0084245367
0.56956506
-0.40292764
0.6606728
-0.077636042
-0.041243484
0.10033466
-0.56601365
0.0081793436
0.32976494
-1.169068
0.077820708
1.0912473
-0.40296638
-0.39228227
0.61943364
0.55468627
-0.26817836
-0.26356142
-0.34700937
0.49120694
0.013348474
-0.51920581
0.60695158
1.0362483
-1.0362483
0.85238964
-0.24677829
-0.60561134
-0.31554887
-0.76192679
0.32257943
0.11624413
-0.63259366
0.28558429
-0.87263934
-1.0353971
-0.19681692
-0.2849908
0.40305344
0.92320358
-0.81119924
0.46398771
0.85167342
0.9985325
-0.32225925
-0.32181826
-0.64558249
0.28400603
1.009596
-0.12642003
0.83579346
1.2594532
1.2190004
0.014391495
-0.47497524
0.076876619
0.64181261
-0.40235414
0.13627677
0.26607738
-0.44687663
-0.5290093
-0.30702781
0.1857322
0.11157793
-0.042804633
-0.56923298
0.94726359
0.081979718
-0.22169271
0.13971299
0.46797642
0.47589293
0.44251415
0.19659363
0.94665254
-0.51109573
0.80975654
-0.42354754
-0.024636527
-1.114069
1.209057
-0.32381658
-0.66525684
-0.45632153
0.22711756
0.088349173
0.33601151
-0.5338723
0.34412126
0.34497294
-0.87839485
0.23395913
0.56138633
-0.91991033
-0.88371214
0.90916407
-0.34405987
-0.83241334
-0.098862569
0.87850272
0.040748669
0.072424931
-0.65414292
-0.41908187
-0.61631522
-0.089501364
-0.14048231
-0.46804119
1.0004521
-0.61661981
1.0304429
-0.79672454
0.15883026
-0.99538523
0.17760833
-1.1459746
-0.11993247
-0.21863404
1.0816379
-0.5248806
-0.095567985
-0.92760228
-0.013520373
-0.85359377
-0.68498998
-0.28421956
0.77588532
-0.16758925
1.1060843
1.2116344
0.15849
0.060234932
-0.79697008
-0.84656908
0.84656908
-0.9710085
0.10519107
0.084432429
0.200573
0.0043694818
-0.96216061
0.96216061
0.52742356
0.11659761
0.87850272
0.9408276
-0.49727086
-0.21779364
-0.40089165
1.1207398
-0.71984817
0.41146928
0.018548629
-0.43001791
0.35335913
-0.21708237
-0.86088014
0.86088014
0.10519451
-0.80412638
-0.35063312
-0.76005776
-0.75323515
0.82899034
-0.72379583
-0.74676485
-0.77620417
-0.36674185
0.17187222
-0.7579461
0.78993868
0.69587362
0.58707667
-0.052487233
-0.24085164
0.10842989
0.75323515
-0.77620417
-0.64283572
0.9652045
-0.9652045
0.44101952
-0.32631805
-0.17275486
-0.24024165
-0.57095759
0.83862825
-0.9475632
-0.153885
-1.1529105
0.47263733
0.68027316
-0.64928785
-0.10061413
0.25164169
-0.20492225
-0.74344991
-0.56244014
0.91488495
0.7681798
-0.11763572
0.24139881
0.64073858
-0.31317029
-0.47912966
0.33174461
0.62251108
0.62641143
0.70223235
-0.15445093
0.3792146
-1.0717953
-0.65196814
0.92155223
-0.23497542
-1.0990488
0.63100757
0.3916088
-0.52482191
-0.64075214
-0.18004887
-0.042248626
0.11585799
0.38685069
-0.096197018
0.33245707
-0.30393864
-0.077200818
0.53716912
-0.023756139
0.1212152
-0.25350794
1.1694165
0.60007343
-1.0191553
-0.72238689
-0.22517632
1.3528807
-0.75020556
-0.64642006
0.77344059
-0.86080407
0.76728121
0.6452194
0.64277953
-0.76919956
0.52996319
-0.010867612
0.12073225
0.00080768723
-0.037489012
-0.16629281
0.12556306
-0.016064748
0.64212334
0.22802463
0.6840539
-1.0849455
-1.0157985
0.67258351
0.343215
0.56899393
0.21676459
0.52502236
-1.045791
-0.082508569
-0.45697703
-0.58881394
0.80756228
-0.29553459
-0.47219193
0.53445843
-0.074379038
0.065182906
-1.0454106
0.32556239
0.23187398
0.30334627
-0.5056419
0.066328336
0.042527612
-0.68051103
0.11985222
-0.6433042
1.2876299
-0.30124928
0.31564077
0.1081659
-0.64375826
-0.59191505
0.9740902
0.0095833671
-0.65033551
-0.37473294
-0.86426853
-1.1603373
0.54611861
-0.82792389
0.75910335
0.10367024
0.17995875
0.092677641
0.57213774
-0.02013458
-0.87894337
1.1169584
-1.145009
-0.093946273
-0.15055154
-0.45228456
0.48450187
-0.081023217
1.1128772
-0.35128801
1.0639209
0.42354107
-0.45223487
-0.41440299
-0.24452429
-0.11114715
0.21950836
-0.10836121
0.65235084
0.060457731
-0.4399699
0.057369842
1.0523976
-1.1097674
-0.97424342
-0.50264244
-0.3880386
0.35556362
-0.17497391
0.91085529
0.16851685
0.37199181
0.74311386
-0.040881512
-0.58251196
-0.16086986
-0.06496714
-0.45168904
0.27833596
0.64699016
-0.79607598
0.59345024
0.30137356
0.29848816
-0.45233104
0.58002682
-0.86270188
-0.72714428
-0.26097336
-0.2503553
-0.21144166
-0.38106931
0.39583264
-0.014763325
0.47921245
0.1354374
-0.23605152
-0.53870614
-0.067551116
0.81789052
-0.086124022
-0.59733157
-0.57205088
0.91401645
-0.21824011
0.65907286
-0.55163944
0.22532138
-0.88279629
0.89800521
-0.0012533449
1.0108493
-1.1035175
0.68911451
-0.54778353
0.32737253
-0.35053561
-0.74942073
0.65987935
-1.0034568
0.66566797
-0.39359241
-1.0673239
0.83547461
-0.98958737
-0.10067784
-0.16207577
-0.69330082
-0.33087331
0.25395407
-0.1581225
-0.11551018
0.27400018
0.34642358
-0.036768868
0.95078532
0.86716826
-0.4318238
0.48859609
-0.44978745
0.80092151
-0.053856214
-0.49636542
0.25061401
0.16491772
0.087743857
0.46646451
0.30678171
-0.29223488
0.5325264
0.11977734
-0.26930779
0.18853595
-0.20867315
-0.13320296
-0.0061108355
0.29539019
0.45589829
-0.063511003
0.45086277
-0.90456398
0.76030031
0.1377049
0.99185878
0.61989778
0.19453536
-0.63651028
0.44197492
-0.87224979
0.64707348
0.27831294
0.74724256
-0.70471495
0.81050488
0.075022724
-0.3960949
-0.093934592
0.78321661
-0.42324434
-0.71243718
0.77583771
0.29851015
0.044429733
0.71351195
-0.12796167
-0.23601389
0.90168186
-0.0085798657
0.17479718
0.41690042
-1.0635306
0.73265729
0.72710798
0.93383133
0.096338529
0.12316983
-0.79306848
0.086703976
-0.0088992443
0.13307692
0.39627792
-0.59122308
0.32769572
0.098067702
0.36018373
0.4215436
-0.4997436
0.29855796
-0.17823081
-0.013624611
-1.0250611
0.36353559
-0.43108671
0.33899514
-0.035648869
-0.65673572
0.86887411
-0.34661577
-0.67263044
-0.0012560642
0.98651231
-0.72189489
0.23928885
-0.1101317
-0.93133692
1.3288335
-0.10997719
-1.1462726
0.089031115
-0.24226797
0.10439231
-1.0525058
-0.029995263
0.17226876
-0.040653551
0.18991099
0.11880025
0.014276664
-0.092785936
0.08892945
0.44077427
0.0041975489
-0.18242836
-0.088820927
0.16030178
-0.61258634
-0.10731525
-0.39133766
-0.25207311
0.98187003
-0.49672835
0.21584747
-0.25925486
0.19430797
0.032232199
0.67944352
-0.26904371
0.56198345
-0.35507496
0.27845545
0.26345353
-0.74321898
-0.1494504
0.96723536
0.13406061
-0.73333839
-0.34004644
0.90353406
-0.10439007
-0.77975635
0.30963029
0.098629637
-0.11481082
-0.16888208
0.93193223
0.30109626
-0.27948942
0.10236841
-0.60344946
0.70797904
1.0280475
0.56703573
-0.3896602
-0.41495494
0.60862751
-0.93839245
-0.41098843
0.13410207
-0.77742474
0.14838398
-0.75183344
0.1196379
0.18665168
0.39305609
0.81720953
0.22444071
0.465756
0.34994278
0.015190001
0.12546708
-0.40543237
0.26544739
0.14864271
)
;

boundaryField
{
    back
    {
        type            empty;
    }
    out
    {
        type            calculated;
        value           nonuniform List<scalar> 
20
(
1.53366
1.535605
1.4828029
1.5525746
1.5414731
1.5407283
1.5511349
1.553158
1.4797742
1.3181258
1.5522489
1.4049413
1.5372636
1.5354684
1.312572
1.5391028
1.5376075
1.5457825
1.54656
1.3994165
)
;
    }
    bottom
    {
        type            calculated;
        value           uniform 0;
    }
    in
    {
        type            calculated;
        value           nonuniform List<scalar> 
20
(
-1.5
-1.5
-1.5
-1.5
-1.5
-1.5
-1.5
-1.5
-1.5
-1.5
-1.5
-1.5
-1.5
-1.5
-1.5
-1.5
-1.5
-1.5
-1.5
-1.5
)
;
    }
    top
    {
        type            calculated;
        value           uniform 0;
    }
    wall
    {
        type            calculated;
        value           uniform 0;
    }
    front
    {
        type            empty;
    }
}


// ************************************************************************* //
