/*--------------------------------*- C++ -*----------------------------------*\
| =========                 |                                                 |
| \\      /  F ield         | foam-extend: Open Source CFD                    |
|  \\    /   O peration     | Version:     4.1                                |
|   \\  /    A nd           | Web:         http://www.foam-extend.org         |
|    \\/     M anipulation  |                                                 |
\*---------------------------------------------------------------------------*/
FoamFile
{
    version     2.0;
    format      ascii;
    class       volScalarField;
    location    "0.45";
    object      rAU;
}
// * * * * * * * * * * * * * * * * * * * * * * * * * * * * * * * * * * * * * //

dimensions      [0 0 1 0 0 0 0];

internalField   nonuniform List<scalar> 
4393
(
0.00022766407
0.00022729009
0.00022692378
0.00022654953
0.00022616522
0.00022576943
0.00022535978
0.00022493507
0.00022449446
0.00022403774
0.00022356553
0.00022307933
0.00022258163
0.00022207599
0.00022156679
0.00022106019
0.000220562
0.00022007924
0.00021961957
0.00021919059
0.0002188001
0.00021845578
0.00021816518
0.00021793551
0.00021777342
0.00021768487
0.00021767451
0.00021767451
0.00021774564
0.00021789936
0.00021813383
0.00021844405
0.00021882179
0.00021925602
0.00021973342
0.00022023946
0.00022075928
0.00022127867
0.00022178477
0.00022226658
0.00022271508
0.00022312333
0.00022348625
0.00022380038
0.00022406362
0.00022427497
0.00022443449
0.00022454272
0.000224585
0.00022453095
0.00022421023
0.00022390435
0.00022358931
0.00022326236
0.00022292184
0.00022256554
0.00022219258
0.00022180255
0.00022139583
0.00022097368
0.00022053839
0.00022009334
0.000219643
0.00021919271
0.0002187495
0.00021831999
0.00021791182
0.0002175331
0.0002171917
0.00021689551
0.00021665226
0.00021646937
0.00021635388
0.00021631212
0.00021634949
0.00021643698
0.0002164097
0.00021645229
0.00021657877
0.00021679063
0.00021708633
0.0002174607
0.00021790497
0.00021840713
0.00021895289
0.00021952674
0.00022011314
0.0002206975
0.00022126686
0.00022181032
0.00022231916
0.00022278676
0.00022320836
0.00022358071
0.00022390166
0.00022417034
0.00022438823
0.00022454256
0.00022402547
0.00022371646
0.00022341589
0.00022310365
0.00022277703
0.00022243453
0.00022207412
0.00022169525
0.00022129791
0.00022088299
0.0002204524
0.0002200092
0.00021955763
0.00021910317
0.00021865214
0.00021821259
0.00021779203
0.00021739883
0.00021704164
0.00021672867
0.00021646799
0.0002162674
0.0002161343
0.00021607564
0.00021609759
0.0002162052
0.00021629484
0.00021617474
0.00021613567
0.00021618463
0.00021632655
0.0002165631
0.0002168917
0.00021730518
0.00021779197
0.00021833717
0.00021892378
0.0002195343
0.00022015192
0.00022076155
0.00022135032
0.00022190785
0.00022242621
0.00022289963
0.00022332412
0.00022369704
0.00022401729
0.00022428497
0.00022448039
0.00022367023
0.00022336652
0.00022306578
0.00022275031
0.00022241767
0.00022206656
0.00022169511
0.00022130301
0.00022089059
0.00022045917
0.00022001127
0.00021955068
0.00021908256
0.0002186134
0.00021815069
0.00021770362
0.00021728078
0.00021689147
0.00021654503
0.00021625017
0.00021601528
0.00021584833
0.00021575687
0.00021574798
0.00021582792
0.00021600172
0.00021608756
0.00021588121
0.00021575762
0.00021572734
0.00021579909
0.00021597806
0.0002162644
0.00021665234
0.00021713032
0.00021768219
0.00021828888
0.00021893037
0.00021958728
0.00022024212
0.00022088
0.00022148894
0.0002220598
0.00022258598
0.00022306295
0.0002234879
0.0002238596
0.00022417705
0.00022442213
0.00022330854
0.00022300891
0.00022270839
0.00022239002
0.00022205151
0.00022169167
0.00022130881
0.00022090275
0.00022047409
0.00022002455
0.00021955718
0.00021907648
0.00021858853
0.0002181009
0.00021762232
0.00021716329
0.00021673363
0.00021634369
0.00021600363
0.00021572267
0.00021550955
0.00021537245
0.00021531915
0.00021535698
0.00021549254
0.00021573121
0.00021582407
0.00021552701
0.00021531494
0.00021520243
0.00021520259
0.00021532472
0.00021557194
0.00021593978
0.00021641618
0.00021698304
0.00021761842
0.0002182991
0.00021900262
0.00021970882
0.0002204007
0.0002210647
0.00022169063
0.00022227123
0.00022280169
0.00022327916
0.00022370232
0.00022407
0.00022436637
0.00022293113
0.0002226361
0.00022233687
0.00022201654
0.00022167294
0.00022130493
0.00022091086
0.00022049068
0.00022004515
0.00021957631
0.00021908765
0.00021858436
0.00021807342
0.00021756356
0.0002170649
0.0002165894
0.00021614833
0.00021575325
0.00021541519
0.00021514396
0.00021494861
0.00021483753
0.00021481878
0.00021490011
0.00021508875
0.00021539083
0.00021550583
0.00021511225
0.00021480607
0.00021460653
0.000214532
0.00021459673
0.00021480733
0.00021516057
0.0002156433
0.0002162345
0.00021690835
0.00021763755
0.00021839594
0.00021916036
0.00021991157
0.00022063453
0.00022131818
0.00022195486
0.00022253975
0.00022307021
0.00022354513
0.00022396376
0.00022431206
0.00022253848
0.00022224873
0.00022195181
0.00022163053
0.00022128268
0.0002209071
0.00022050211
0.00022006765
0.00021960459
0.00021911515
0.00021860321
0.00021807456
0.0002175371
0.00021700081
0.00021647734
0.00021598038
0.00021552289
0.00021511785
0.00021477728
0.00021451155
0.00021432994
0.00021424103
0.00021425314
0.00021437458
0.00021461352
0.00021497737
0.00021513488
0.00021463749
0.00021422972
0.00021393628
0.00021378203
0.00021378741
0.00021396337
0.00021430795
0.00021480608
0.00021543258
0.0002161564
0.00021694505
0.00021776792
0.00021859842
0.00021941501
0.00022020124
0.00022094541
0.00022163978
0.0002222798
0.0002228633
0.00022338971
0.00022385914
0.00022425896
0.00022213259
0.00022184948
0.00022155604
0.00022123483
0.00022088357
0.00022050101
0.00022008533
0.00021963639
0.00021915501
0.00021864347
0.00021810594
0.00021754876
0.00021698071
0.0002164131
0.00021585936
0.00021533522
0.00021485568
0.0002144354
0.0002140875
0.00021382284
0.00021365084
0.00021358007
0.00021361909
0.00021377685
0.00021406281
0.00021448625
0.00021471278
0.00021410262
0.00021358358
0.00021318684
0.00021294535
0.00021288766
0.00021303034
0.00021337277
0.00021389691
0.00021457166
0.00021535899
0.00021621979
0.00021711809
0.00021802348
0.00021891201
0.00021976608
0.00022057365
0.00022132725
0.00022202296
0.0002226594
0.00022323688
0.00022375653
0.00022420701
0.00022171516
0.00022143954
0.00022115067
0.00022083059
0.00022047686
0.00022008799
0.00021966197
0.00021919842
0.00021869797
0.00021816283
0.00021759729
0.00021700812
0.00021640497
0.00021580058
0.0002152104
0.00021465265
0.00021414485
0.00021370368
0.00021334348
0.00021307551
0.00021290901
0.00021285234
0.00021291407
0.0002131039
0.00021343289
0.0002139129
0.00021424242
0.00021350872
0.00021286615
0.00021235359
0.00021201424
0.00021188748
0.00021199756
0.00021234541
0.0002129084
0.00021364712
0.00021451416
0.00021546201
0.00021644826
0.00021743828
0.00021840578
0.0002193323
0.00022020592
0.00022101992
0.00022177141
0.0002224602
0.00022308778
0.00022365653
0.00022415638
0.00022128819
0.00022102194
0.00022073906
0.0002204213
0.0002200661
0.00021967171
0.00021923577
0.00021875753
0.00021823725
0.00021767691
0.0002170807
0.00021645568
0.00021581229
0.00021516477
0.00021453095
0.00021393208
0.00021338889
0.0002129206
0.00021254288
0.00021226715
0.0002121021
0.00021205538
0.00021213534
0.00021235232
0.00021271935
0.00021325165
0.00021372717
0.00021285716
0.00021207583
0.00021143102
0.00021097905
0.0002107742
0.00021085153
0.00021121385
0.00021183166
0.00021265372
0.00021362003
0.00021467242
0.00021576089
0.00021684622
0.00021790005
0.00021890354
0.00021984553
0.00022072062
0.00022152747
0.00022226748
0.00022294365
0.00022355983
0.00022410733
0.00022085434
0.00022059805
0.00022032226
0.00022000801
0.00021965244
0.00021925342
0.00021880814
0.00021831531
0.00021777464
0.00021718757
0.00021655801
0.00021589306
0.00021520381
0.00021450605
0.00021382035
0.00021317182
0.0002125853
0.00021208326
0.00021168286
0.00021139532
0.00021122806
0.00021118737
0.00021128087
0.0002115194
0.0002119182
0.00021249677
0.00021317234
0.00021215112
0.00021121225
0.00021041385
0.000209829
0.00020953277
0.00020957608
0.00020996425
0.00021065721
0.0002115869
0.00021267631
0.00021385384
0.00021506062
0.00021625276
0.00021740031
0.0002184849
0.00021949691
0.000220433
0.00022129401
0.00022208338
0.00022280598
0.00022346731
0.00022406024
0.00022041451
0.00022017074
0.0002199038
0.00021959457
0.00021924002
0.00021883759
0.0002183839
0.00021787692
0.00021731556
0.00021670047
0.00021603489
0.00021532569
0.00021458433
0.00021382812
0.00021308079
0.00021237232
0.00021173308
0.00021118979
0.00021076135
0.00021045812
0.00021028528
0.00021024678
0.00021034879
0.00021060225
0.00021102479
0.0002116412
0.00021247029
0.00021139515
0.00021027624
0.00020929677
0.00020855126
0.00020814427
0.00020815074
0.00020857956
0.00020937425
0.00021044249
0.00021168426
0.00021301113
0.00021435424
0.00021566526
0.00021691366
0.00021808268
0.00021916538
0.00022016138
0.00022107438
0.00022191038
0.00022267647
0.00022338001
0.00022401558
0.00021997401
0.00021974284
0.00021948582
0.00021918294
0.00021883078
0.00021842621
0.00021796514
0.00021744462
0.00021686246
0.00021621814
0.00021551387
0.0002147558
0.00021395542
0.00021313134
0.00021231087
0.00021153029
0.00021082746
0.000210235
0.00020977378
0.00020945233
0.00020927199
0.00020923294
0.00020933884
0.00020960003
0.0002100365
0.00021067933
0.0002115684
0.00021059729
0.00020927123
0.00020807551
0.0002071312
0.00020658501
0.00020654943
0.00020703897
0.00020797091
0.0002092176
0.00021064779
0.00021215234
0.00021365156
0.00021509369
0.00021644922
0.00021770471
0.00021885735
0.0002199108
0.00022087243
0.00022175129
0.00022255702
0.00022329908
0.00022397387
0.00021953153
0.00021931631
0.00021907138
0.0002187768
0.00021842898
0.00021802424
0.00021755764
0.00021702511
0.00021642303
0.00021574927
0.00021500444
0.00021419342
0.00021332707
0.00021242482
0.00021151782
0.00021065042
0.00020987102
0.00020922045
0.00020872199
0.00020838071
0.00020819176
0.00020814961
0.00020825411
0.00020851413
0.00020895163
0.00020960496
0.00021052692
0.00020976927
0.0002082042
0.0002067477
0.00020555211
0.00020482454
0.00020473784
0.00020531639
0.00020643409
0.00020791139
0.00020957458
0.00021128966
0.00021296617
0.00021455101
0.00021601835
0.0002173604
0.00021858029
0.00021968703
0.00022069244
0.0002216092
0.00022244975
0.00022322581
0.00022393573
0.00021909776
0.00021889796
0.00021866617
0.00021838146
0.00021803978
0.00021763676
0.00021716645
0.00021662343
0.00021600231
0.00021529879
0.00021451119
0.00021364235
0.00021270166
0.00021170842
0.00021069757
0.0002097239
0.00020885091
0.00020813162
0.00020759233
0.00020723224
0.00020703667
0.00020699167
0.00020709163
0.00020734246
0.00020776691
0.00020841103
0.00020934338
0.00020892765
0.00020708737
0.00020531471
0.00020379581
0.00020282329
0.00020266968
0.00020337878
0.0002047499
0.00020652675
0.00020847792
0.00021044093
0.0002123164
0.0002140538
0.0002156349
0.00021706077
0.00021834266
0.00021949638
0.00022053904
0.00022148738
0.00022235689
0.00022316159
0.00022390182
0.0002186643
0.00021848389
0.00021826766
0.00021799505
0.00021766198
0.00021726345
0.00021679246
0.00021624201
0.00021560458
0.00021487316
0.00021404292
0.00021311364
0.00021209205
0.00021099573
0.00020986242
0.00020876009
0.00020777426
0.0002069762
0.00020639606
0.00020602292
0.00020582638
0.00020578012
0.00020587143
0.00020610172
0.00020649273
0.00020709856
0.0002080072
0.00020809806
0.00020594119
0.00020378483
0.00020184427
0.00020052947
0.00020028047
0.00020118376
0.00020290446
0.00020507284
0.00020737933
0.00020963162
0.00021172649
0.00021362269
0.00021531533
0.00021681837
0.00021815379
0.00021934563
0.00022041708
0.00022138923
0.00022228069
0.0002231078
0.00022387279
0.00021825389
0.00021809171
0.00021789215
0.00021763371
0.0002173119
0.00021692099
0.00021645276
0.00021589843
0.00021524791
0.00021449074
0.00021361781
0.00021262445
0.00021151312
0.00021029718
0.00020901459
0.00020774921
0.00020661952
0.00020572553
0.00020510281
0.00020472409
0.00020453449
0.00020449056
0.00020457179
0.0002047739
0.00020511383
0.00020565179
0.00020649807
0.00020730912
0.00020479529
0.00020217856
0.00019968441
0.00019787595
0.00019747738
0.00019867662
0.00020088601
0.00020356951
0.00020631247
0.00020889734
0.00021122788
0.00021328285
0.00021507862
0.00021664701
0.0002180235
0.0002192417
0.00022033137
0.00022131805
0.00022222339
0.00022306583
0.00022384934
0.00021784597
0.00021770627
0.00021752573
0.00021728373
0.00021697594
0.00021659604
0.00021613458
0.00021558089
0.00021492211
0.00021414373
0.00021323122
0.00021217387
0.00021096809
0.00020961972
0.00020816147
0.00020669457
0.00020538736
0.00020438632
0.00020373422
0.0002033767
0.00020321899
0.00020319252
0.00020326873
0.0002034363
0.00020369982
0.00020412115
0.00020483751
0.00020601478
0.00020370956
0.00020054356
0.000197321
0.00019478153
0.00019412408
0.00019578786
0.00019868951
0.00020205457
0.00020532883
0.00020828711
0.00021086048
0.0002130641
0.00021494591
0.00021656126
0.00021796167
0.00021919125
0.0002202864
0.00022127687
0.00022218698
0.00022303693
0.00022383207
0.00021749814
0.00021737917
0.00021721903
0.00021699639
0.00021670676
0.00021634321
0.00021589515
0.00021534992
0.00021469163
0.00021390106
0.00021295666
0.00021183899
0.00021053575
0.00020904069
0.00020737071
0.00020564063
0.00020409499
0.00020295874
0.00020228388
0.00020197274
0.00020186579
0.00020185936
0.00020192223
0.00020204177
0.0002022008
0.00020245682
0.00020297931
0.00020401505
0.00020275132
0.00019897225
0.00019481704
0.00019117654
0.00019002458
0.00019243374
0.00019632538
0.00020059563
0.00020450608
0.00020786726
0.00021067369
0.00021300046
0.00021493963
0.00021657553
0.0002179775
0.00021920017
0.00022028601
0.00022126824
0.00022217315
0.00022302217
0.00022382155
0.00021723134
0.00021713758
0.00021700178
0.00021680299
0.00021653707
0.00021619658
0.00021576975
0.00021524197
0.00021459416
0.00021380205
0.00021283575
0.00021166442
0.00021026437
0.00020861409
0.0002066992
0.00020463237
0.00020277491
0.00020149163
0.00020084198
0.00020065992
0.00020067695
0.00020073928
0.00020082457
0.00020093285
0.00020099912
0.00020105296
0.00020129283
0.00020202822
0.0002022956
0.00019779198
0.00019241856
0.00018708889
0.00018492075
0.00018853378
0.00019384602
0.00019931303
0.00020396081
0.00020772582
0.00021072651
0.00021312875
0.00021508182
0.00021670275
0.00021807855
0.00021927294
0.00022033293
0.00022129388
0.00022218307
0.0002230223
0.00022381818
0.00021729047
0.00021722465
0.00021711914
0.00021695193
0.00021671925
0.00021641341
0.00021602204
0.00021552919
0.00021491334
0.00021414575
0.00021318785
0.00021199381
0.00021052326
0.00020873583
0.0002065626
0.00020406497
0.00020177364
0.00020032092
0.00019975519
0.00019981152
0.00020003146
0.00020018907
0.00020028856
0.00020038219
0.00020031245
0.0002000464
0.00019984322
0.00020006826
0.00020115524
0.00019736893
0.00019062687
0.00018287991
0.00017857386
0.00018412163
0.0001914284
0.00019841746
0.00020386437
0.00020797547
0.00021108535
0.00021348536
0.00021539148
0.00021695252
0.00021826954
0.0002194119
0.00022042838
0.00022135453
0.00022221722
0.00022303772
0.00022382222
0.00021804549
0.00021801462
0.00021795393
0.00021783632
0.00021765811
0.00021741155
0.00021708424
0.00021665947
0.00021611367
0.00021541371
0.00021451138
0.00021334043
0.00021183335
0.00020992906
0.00020748802
0.00020441596
0.00020146665
0.00019985068
0.00019952235
0.00020009302
0.00020073427
0.0002011172
0.00020129776
0.00020150754
0.00020144109
0.00020088834
0.00020027821
0.00019983024
0.00020078239
0.00019973079
0.00019126426
0.00017998591
0.00017090661
0.00017961221
0.00018943665
0.00019823436
0.00020445617
0.00020875254
0.00021181766
0.00021410036
0.00021588057
0.0002173287
0.00021855107
0.00021961652
0.00022057164
0.00022144964
0.00022227532
0.00022306835
0.00022383373
0.00022068482
0.00022073025
0.00022075661
0.00022073207
0.00022065486
0.00022051816
0.00022031082
0.00022001714
0.00021961359
0.0002190657
0.00021832016
0.00021729284
0.00021588073
0.00021400165
0.0002114576
0.00020778479
0.00020386715
0.00020232447
0.00020264936
0.00020438361
0.00020589781
0.00020679916
0.00020721425
0.00020789103
0.00020825647
0.00020728634
0.00020615924
0.00020430195
0.00020494253
0.00020346604
0.00019647349
0.0001811526
0.00016218066
0.00017625948
0.00018865277
0.0001994582
0.00020611589
0.00021021788
0.00021297954
0.00021498806
0.00021654869
0.00021782679
0.00021891832
0.00021988282
0.00022075982
0.00022157727
0.00022235622
0.00022311363
0.00022385251
0.00022642329
0.00022656256
0.00022672003
0.00022684187
0.00022692603
0.00022696779
0.00022696018
0.00022689259
0.00022674691
0.00022649387
0.0002260832
0.0002254181
0.00022433578
0.00022267173
0.00022018987
0.00021575932
0.00020954199
0.00020818631
0.00020939168
0.00021328305
0.00021630695
0.00021820447
0.00021882088
0.00022030888
0.00022204606
9.2977748e-05
9.5427083e-05
9.7689186e-05
9.9885128e-05
0.00010289631
9.4466831e-05
8.619384e-05
0.00010658985
0.00017928096
0.00019338921
0.0002040887
0.00020942146
0.00021250635
0.00021458124
0.00021613114
0.00021737678
0.00021843156
0.0002193602
0.00022020311
0.00022098771
0.00022173406
0.00022245789
0.00022317248
0.00022387816
0.00023918082
0.00023961897
0.00024010835
0.00024058241
0.00024105048
0.00024151696
0.00024198688
0.00024246421
0.00024294802
0.00024342782
0.00024387182
0.00024418941
0.00024416029
0.00024344611
0.00024184634
0.00023798103
0.00022669811
0.00022910918
0.00023523612
0.00024958049
0.0002610693
0.00026989803
0.00012825228
0.00016672951
0.00032289472
0.00046159176
0.00049956686
0.00049956686
0.00049956686
0.00049956686
0.00049956686
0.00045030409
0.0003364719
6.8070156e-05
0.00021292767
0.00021342268
0.00021434665
0.00021546693
0.00021651282
0.00021746074
0.00021832231
0.00021911629
0.00021985958
0.00022056623
0.00022124807
0.00022191538
0.00022257749
0.00022324333
0.00022391002
0.00026410337
0.00026508769
0.00026621423
0.00026738279
0.00026861425
0.00026993356
0.00027137512
0.00027298214
0.00027480779
0.00027691923
0.00027940287
0.00028235832
0.00028588422
0.00029001812
0.00029459568
0.00030194087
0.0002730058
0.00030384037
0.00035536759
0.00037330209
0.00027734698
0.00032218266
0.00049956686
0.00049956686
0.00049956686
0.00049956686
0.00049956686
0.00049956686
0.00049956686
0.00049956686
0.00041266464
0.00041831958
0.00010205146
0.00026651798
0.00023109282
0.00022206042
0.00021924471
0.00021850866
0.00021853162
0.00021886215
0.00021932448
0.00021984588
0.000220395
0.00022095861
0.00022153217
0.00022211565
0.00022271158
0.00022332424
0.00022394724
0.00030180188
0.00030390725
0.00030600366
0.00030817387
0.0003104929
0.00031303436
0.00031588527
0.00031915999
0.00032301864
0.00032770459
0.00033361425
0.00034133565
0.00035145722
0.00036447247
0.00038460717
0.00040210879
0.0002531213
0.00025489797
0.00026018259
0.00049059059
0.00047795381
0.0004882021
0.0004787025
0.00047372613
0.00047746811
0.00045866637
0.00045172958
0.00045352682
0.00044095292
0.00043654511
0.00010694139
0.00010769257
0.00021985544
0.00025237835
0.00023691148
0.0002273785
0.00022308787
0.00022119464
0.00022042803
0.00022022603
0.00022032193
0.00022058385
0.00022094378
0.00022136571
0.00022183055
0.00022232872
0.0002228563
0.00022341298
0.00022398882
0.0002889092
0.00028943602
0.00028964289
0.00028984793
0.00029005252
0.00029028763
0.00029057817
0.00029095948
0.00029148272
0.0002922238
0.00029330169
0.00029442356
0.0002953661
0.00029605533
0.00029334126
0.00010311899
0.00037654616
0.00047124608
0.00047196434
0.00049382508
0.000486134
0.0004824498
0.00012422709
0.00012129411
0.00010078406
0.00010007004
0.00010064583
0.00010199084
0.00010294553
0.00010454057
0.00020125024
0.00020772861
0.0002181479
0.00023908802
0.00023959998
0.0002307336
0.00022593277
0.00022339465
0.00022208846
0.00022147524
0.00022126488
0.00022129806
0.00022148488
0.00022177355
0.00022213386
0.00022254841
0.00022300765
0.00022350718
0.00022403365
0.00022333698
0.00022316544
0.00022287207
0.00022258715
0.00022231801
0.00022208152
0.00022189342
0.00022177689
0.00022176416
0.00022190006
0.00022224891
0.00022215251
0.00022123213
0.00021950109
0.00021682964
0.00021332864
9.5922164e-05
9.9145827e-05
9.9885893e-05
9.9790361e-05
0.00010016556
0.00010019222
0.0002125661
0.00021083936
0.00020895527
0.00020556997
0.00020446249
0.0002039077
0.00020213938
0.00020216104
0.00020334578
0.00020906025
0.00021829327
0.00023223569
0.00023803498
0.00023245877
0.00022783551
0.00022506933
0.0002234579
0.00022256291
0.00022211832
0.00022196352
0.00022200074
0.00022216985
0.00022243356
0.00022276883
0.00022316174
0.00022360445
0.0002240806
0.00021921887
0.00021929509
0.00021941748
0.00021954889
0.0002197007
0.0002198851
0.00022011476
0.00022040584
0.00022077772
0.00022125317
0.00022184825
0.00022162948
0.00022088428
0.00021966037
0.0002179051
0.00021511473
0.00021259809
0.0002140988
0.00021593539
0.00021423801
0.00021240576
0.00021123993
0.00021008353
0.00020836163
0.00020732829
0.00020571176
0.00020480671
0.00020423391
0.00020351044
0.00020398226
0.00020597028
0.00021093257
0.00021859819
0.0002281592
0.00023388006
0.0002331625
0.00022900161
0.00022626811
0.00022453187
0.00022346996
0.00022286229
0.0002225634
0.00022247824
0.00022254474
0.00022272238
0.00022298475
0.00022331496
0.00022370252
0.00022412855
0.00021783188
0.00021790961
0.00021803287
0.00021816953
0.00021832258
0.00021849962
0.0002187092
0.0002189624
0.00021927173
0.00021965077
0.00022002414
0.00021954063
0.0002187918
0.00021772886
0.00021631635
0.00021449032
0.0002133428
0.00021417917
0.00021530338
0.00021351291
0.00021192187
0.00021070396
0.00020954833
0.00020833407
0.00020738022
0.00020632235
0.00020567328
0.00020531437
0.00020524221
0.00020612067
0.00020836769
0.00021266113
0.00021880368
0.00022565994
0.00023034349
0.00023232315
0.00022961117
0.00022706566
0.00022533282
0.00022419675
0.00022348925
0.00022308842
0.00022290872
0.00022289096
0.00022299455
0.00022319182
0.00022346417
0.00022379935
0.00022417646
0.00021715241
0.00021727132
0.00021740911
0.00021755829
0.00021772486
0.00021791531
0.00021813588
0.00021839415
0.00021869717
0.00021905034
0.00021925411
0.00021881896
0.00021817556
0.00021729515
0.00021615651
0.00021490169
0.00021426634
0.00021475994
0.00021504639
0.0002134245
0.00021203034
0.00021088058
0.00020982468
0.00020884446
0.00020802567
0.00020729143
0.00020687429
0.00020676119
0.00020705932
0.00020815473
0.0002103698
0.00021403007
0.00021891068
0.00022404981
0.00022790192
0.00023025472
0.00022983277
0.00022754582
0.00022589773
0.00022475626
0.00022400091
0.00022353555
0.00022328759
0.00022320382
0.00022324592
0.00022338662
0.00022360678
0.00022389315
0.00022422341
0.00021686372
0.000216936
0.00021705086
0.0002171848
0.00021733606
0.00021750825
0.00021770522
0.00021793192
0.00021819227
0.00021848783
0.00021855935
0.00021817687
0.00021765156
0.00021697227
0.00021614998
0.00021535812
0.00021503977
0.00021542113
0.00021499918
0.000213604
0.00021238259
0.00021133887
0.00021040752
0.00020958881
0.000208916
0.00020839933
0.00020816006
0.00020823468
0.00020874027
0.00020991791
0.00021198551
0.00021508546
0.00021898735
0.00022297997
0.00022617454
0.0002283369
0.00022930869
0.00022778233
0.00022626707
0.00022516795
0.00022440499
0.00022390642
0.0002236136
0.0002234809
0.00022347381
0.00022356666
0.00022374074
0.00022398246
0.0002242686
0.00021672234
0.00021683414
0.00021695863
0.00021709334
0.00021724233
0.00021740872
0.00021759428
0.00021780094
0.00021802882
0.00021827485
0.00021828121
0.00021793891
0.00021749309
0.00021694848
0.00021634377
0.00021583559
0.00021569037
0.00021598547
0.00021504935
0.00021386595
0.00021280703
0.00021188419
0.00021107745
0.00021039465
0.00020985888
0.0002095028
0.0002094018
0.00020960853
0.00021022441
0.00021140546
0.00021328755
0.00021591495
0.00021907569
0.00022226661
0.00022494026
0.00022688688
0.00022811787
0.00022784082
0.00022648037
0.00022545394
0.00022471271
0.00022420582
0.00022388799
0.00022372165
0.00022367685
0.00022373038
0.00022386459
0.00022406617
0.00022431139
0.00021665087
0.00021672073
0.00021682661
0.00021694931
0.00021708645
0.00021723923
0.00021740791
0.00021759276
0.00021779194
0.00021800011
0.00021799744
0.00021771787
0.00021736745
0.00021695912
0.00021654019
0.00021623427
0.00021620595
0.00021617339
0.00021513985
0.00021414452
0.00021323766
0.00021243938
0.00021175248
0.00021119055
0.00021077649
0.00021054595
0.00021055345
0.00021085165
0.00021152065
0.0002126621
0.00021435394
0.00021658969
0.00021918779
0.00022179487
0.00022405304
0.00022578813
0.00022697478
0.00022751218
0.00022657191
0.00022563599
0.00022493671
0.00022444046
0.00022411381
0.00022392694
0.00022385478
0.00022387697
0.00022397741
0.00022414345
0.00022435131
0.00021659954
0.00021669059
0.00021679703
0.00021691283
0.00021703961
0.00021717841
0.0002173284
0.00021748847
0.00021765534
0.00021782235
0.0002178228
0.00021758995
0.0002173124
0.0002170088
0.00021672614
0.00021655728
0.00021660744
0.00021610084
0.00021525224
0.00021442112
0.00021365447
0.00021297752
0.00021240431
0.00021195236
0.00021164525
0.00021151629
0.00021160848
0.00021196815
0.00021265543
0.00021373545
0.00021524765
0.00021716134
0.00021932738
0.0002214952
0.00022341925
0.00022495931
0.00022607564
0.00022679842
0.00022657174
0.00022573435
0.00022508986
0.00022461797
0.00022429518
0.0002240987
0.00022400817
0.00022400627
0.00022407872
0.00022421381
0.00022438801
0.0002165694
0.00021663616
0.00021673108
0.00021683838
0.00021695596
0.00021708361
0.0002172195
0.00021736152
0.00021750538
0.00021764371
0.00021767111
0.0002174876
0.00021727796
0.00021706303
0.00021688508
0.00021681328
0.00021672336
0.00021608029
0.0002153839
0.00021469532
0.00021405611
0.00021349322
0.00021302589
0.00021267375
0.00021246019
0.00021241485
0.0002125727
0.00021297187
0.00021365595
0.0002146651
0.00021601439
0.00021766365
0.00021949288
0.00022132131
0.00022297398
0.00022433926
0.00022537397
0.00022608786
0.00022638501
0.00022576659
0.00022518431
0.00022474621
0.00022443684
0.00022423952
0.00022413824
0.00022411866
0.00022416844
0.000224277
0.00022442131
0.00021654761
0.00021662011
0.00021671065
0.00021680938
0.00021691599
0.00021703017
0.00021714966
0.00021727186
0.00021739215
0.00021750327
0.0002175579
0.00021741561
0.00021726163
0.0002171167
0.00021701677
0.00021696066
0.00021663045
0.00021610203
0.00021553304
0.00021496843
0.00021444406
0.00021398639
0.00021361638
0.00021335429
0.00021322234
0.00021324635
0.00021345485
0.00021387792
0.00021454606
0.00021548245
0.00021668746
0.00021811916
0.00021968181
0.00022124236
0.00022267239
0.00022388319
0.00022483329
0.00022552103
0.00022597079
0.00022574796
0.00022523114
0.00022483278
0.00022454374
0.00022435241
0.00022424666
0.00022421493
0.00022424681
0.000224333
0.00022445111
0.00021653869
0.0002165992
0.00021668217
0.00021677367
0.00021687181
0.00021697569
0.0002170826
0.00021718962
0.00021729204
0.00021738294
0.00021744822
0.0002173608
0.00021725369
0.00021716433
0.00021711459
0.00021695076
0.00021658834
0.00021615869
0.00021569786
0.00021524143
0.00021481997
0.00021445818
0.00021417683
0.00021399558
0.00021393485
0.00021401676
0.00021426435
0.00021470057
0.00021534594
0.00021621214
0.00021729118
0.00021854319
0.00021989179
0.00022123708
0.00022248257
0.00022355761
0.00022442462
0.00022507595
0.00022552542
0.00022566854
0.00022524009
0.00022488479
0.00022462079
0.00022444058
0.00022433535
0.00022429612
0.00022431433
0.00022438197
0.00022447743
0.00021653702
0.00021659618
0.00021667371
0.00021675762
0.00021684659
0.00021693967
0.00021703404
0.00021712675
0.00021721329
0.00021728739
0.00021734065
0.00021731874
0.00021724964
0.00021719659
0.00021711044
0.00021688441
0.00021658872
0.00021624321
0.00021587546
0.00021551391
0.0002151845
0.00021490952
0.00021470849
0.00021459967
0.00021460128
0.00021473195
0.00021500999
0.00021545232
0.00021607197
0.000216873
0.00021784301
0.00021894584
0.00022012025
0.00022128989
0.00022238085
0.00022333664
0.00022412433
0.00022473354
0.00022517134
0.00022545592
0.00022521951
0.00022490867
0.00022467265
0.00022450723
0.00022440642
0.00022436349
0.00022437165
0.00022442419
0.00022450037
0.00021654379
0.00021659668
0.00021666856
0.00021674612
0.00021682755
0.00021691173
0.0002169958
0.0002170769
0.00021715091
0.00021721232
0.00021725408
0.00021726384
0.00021722581
0.00021717189
0.00021704431
0.00021685906
0.00021662224
0.00021634962
0.00021606289
0.00021578506
0.00021553804
0.0002153415
0.0002152131
0.00021516927
0.00021522581
0.00021539811
0.00021570036
0.00021614455
0.00021673816
0.00021748026
0.00021835649
0.0002193348
0.00022036579
0.00022139014
0.00022235039
0.0002232012
0.00022391428
0.00022447851
0.00022489678
0.00022518171
0.00022517676
0.00022491024
0.00022470372
0.00022455555
0.00022446203
0.00022441842
0.00022441957
0.00022446006
0.00022452006
0.00021655649
0.00021660623
0.00021667327
0.00021674472
0.00021681894
0.00021689482
0.00021696961
0.00021704069
0.00021710439
0.00021715604
0.00021718988
0.00021719928
0.00021717706
0.00021711641
0.00021701232
0.00021686519
0.00021668087
0.00021647226
0.00021625682
0.00021605333
0.00021588026
0.00021575465
0.00021569205
0.00021570678
0.00021581219
0.00021602066
0.00021634283
0.00021678669
0.00021735559
0.00021804542
0.00021884125
0.00021971504
0.00022062663
0.00022152929
0.00022237782
0.00022313573
0.00022377911
0.00022429721
0.00022469054
0.00022496792
0.00022510102
0.00022489444
0.00022471794
0.00022458848
0.00022450428
0.00022446231
0.00022445892
0.00022448999
0.00022453667
0.00021657452
0.00021662042
0.00021668312
0.00021674933
0.00021681736
0.00021688615
0.00021695312
0.00021701594
0.00021707149
0.00021711593
0.00021714473
0.00021715289
0.00021713529
0.00021708751
0.00021700688
0.00021689524
0.00021675813
0.00021660636
0.00021645426
0.00021631728
0.00021621092
0.00021614972
0.00021614703
0.00021621496
0.00021636446
0.00021660513
0.00021694454
0.00021738741
0.00021793404
0.00021857829
0.00021930546
0.0002200911
0.0002209023
0.00022170185
0.00022245387
0.00022312899
0.0002237073
0.00022417908
0.00022454368
0.00022480741
0.00022498125
0.00022486597
0.00022471913
0.00022460898
0.00022453533
0.00022449663
0.00022449059
0.0002245144
0.00022455036
0.00021659671
0.00021663975
0.00021669866
0.00021676016
0.00021682263
0.00021688515
0.00021694533
0.00021700123
0.00021705028
0.00021708944
0.00021711533
0.00021712434
0.00021711311
0.00021707907
0.00021702131
0.0002169426
0.00021684821
0.00021674739
0.00021665206
0.00021657505
0.00021652927
0.00021652694
0.0002165792
0.00021669601
0.00021688595
0.0002171561
0.00021751132
0.00021795364
0.00021848107
0.00021908618
0.00021975483
0.00022046572
0.00022119167
0.00022190278
0.00022257045
0.0002231711
0.00022368845
0.0002241142
0.00022444734
0.00022469268
0.0002248591
0.00022482822
0.00022471013
0.00022461932
0.00022455688
0.00022452256
0.00022451527
0.00022453359
0.00022456119
0.00021662184
0.00021666247
0.00021671822
0.0002167757
0.00021683336
0.00021689045
0.00021694484
0.00021699498
0.00021703886
0.00021707423
0.0002170987
0.00021710996
0.00021710607
0.000217086
0.00021705012
0.00021700189
0.00021694634
0.00021689155
0.00021684759
0.00021682512
0.00021683483
0.0002168868
0.00021699006
0.00021715244
0.00021738029
0.00021767833
0.00021804903
0.00021849218
0.00021900396
0.0002195761
0.00022019512
0.00022084241
0.00022149535
0.00022212976
0.00022272282
0.0002232558
0.00022371568
0.00022409581
0.00022439543
0.00022461854
0.00022477263
0.00022478547
0.00022469469
0.00022462256
0.00022457129
0.00022454177
0.00022453395
0.00022454781
0.00022456905
0.00021664904
0.00021668793
0.00021674109
0.0002167951
0.00021684853
0.00021690085
0.00021695021
0.00021699546
0.00021703513
0.0002170677
0.00021709172
0.00021710597
0.00021710977
0.00021710332
0.00021708803
0.0002170679
0.00021704778
0.00021703486
0.00021703777
0.00021706536
0.00021712641
0.000217229
0.00021738021
0.00021758578
0.00021784995
0.00021817525
0.00021856198
0.00021900795
0.00021950785
0.00022005276
0.00022062986
0.00022122274
0.00022181244
0.00022237936
0.00022290541
0.00022337597
0.00022378104
0.00022411577
0.00022438003
0.00022457763
0.0002247152
0.00022473902
0.00022467379
0.00022461933
0.00022457882
0.00022455422
0.00022454636
0.00022455641
0.00022457316
0.00021667615
0.00021671456
0.00021676582
0.00021681692
0.00021686666
0.00021691476
0.00021695968
0.00021700068
0.00021703247
0.00021705757
0.00021707937
0.00021709921
0.00021711926
0.00021712655
0.00021713037
0.00021713604
0.00021714833
0.00021717375
0.00021721979
0.0002172938
0.00021740289
0.00021755335
0.00021775034
0.00021799767
0.00021829753
0.00021865038
0.00021905451
0.00021950593
0.00021999799
0.00022052119
0.00022106323
0.00022160947
0.00022214391
0.00022265072
0.00022311575
0.00022352798
0.00022388026
0.00022416963
0.00022439696
0.00022456624
0.00022468372
0.00022469309
0.00022465147
0.00022461331
0.00022458264
0.00022456246
0.00022455435
0.00022455996
0.00022457239
0.00021672156
0.00021675557
0.00021680163
0.00021684653
0.00021688901
0.00021692893
0.00021696517
0.00021699758
0.00021702177
0.0002170414
0.0002170613
0.00021708451
0.00021711511
0.000217142
0.00021717616
0.00021720958
0.0002172511
0.00021731143
0.00021739714
0.00021751434
0.00021766864
0.00021786469
0.00021810588
0.00021839413
0.00021872966
0.00021911097
0.00021953438
0.00021999418
0.0002204824
0.00022098893
0.00022150176
0.00022200764
0.00022249297
0.00022294507
0.0002233532
0.00022370962
0.00022400992
0.00022425318
0.0002244415
0.00022457942
0.00022465012
0.00022464921
0.00022462847
0.0002246043
0.0002245815
0.00022456415
0.00022455487
0.00022455487
0.00022456047
0.00021929699
0.00021928395
0.00021927514
0.00021926331
0.00021924806
0.00021922962
0.00021920713
0.00021918077
0.00021915095
0.00021911856
0.00021908519
0.00021905319
0.00021902583
0.00021900725
0.00021900227
0.00021900247
0.00021901722
0.00021905732
0.00021912882
0.00021923689
0.00021938587
0.00021957884
0.00021981742
0.00022010157
0.00022042939
0.00022079713
0.00022119892
0.00022162694
0.0002220715
0.00022252133
0.00022296414
0.00022338742
0.00022377934
0.00022412978
0.00022443111
0.00022467874
0.00022487118
0.00022500988
0.00022509871
0.0002251433
0.00022512726
0.00022508118
0.00022501899
0.0002249469
0.00022487047
0.00022479471
0.00022472377
0.00022465894
0.00022458783
0.00031359676
0.00021827524
0.00019201989
0.00018544201
0.00019176731
0.00021451311
0.0002531213
0.00022025662
0.00018745862
0.0001586475
0.00041277357
0.00026018259
0.00023261473
0.00023535629
0.00025734267
0.00030385816
0.00037728536
0.00021824834
0.00015678607
0.00012810161
0.00045640754
0.00029082126
0.00025349683
0.00025190582
0.00027058765
0.00031179712
0.00034110627
0.00020019109
0.00014809766
0.00012332274
0.0004521897
0.00031058634
0.00027095092
0.00026554093
0.00028006292
0.00031331617
0.00029136795
0.00018176685
0.00013898575
0.00011781574
0.00044059799
0.00032265207
0.00028324229
0.0002794681
0.00029479857
0.00033027049
0.00025008929
0.00016618641
0.00013121607
0.00011317514
0.00041435813
0.00031954806
0.00028118522
0.00028218446
0.00030489813
0.00037330209
0.0002193224
0.00015413604
0.00012516925
0.00010974151
0.00040895995
0.00033192607
0.00029051122
0.00028864968
0.00031079417
0.00035777517
0.00019614461
0.00014455478
0.00012024577
0.00010720303
0.00040895756
0.0003299898
0.00028451686
0.00027734698
0.00029188848
0.00028069292
0.00017604023
0.00013520518
0.0001150595
0.00010408877
0.00030489349
0.00021587275
0.00014187737
0.00011430795
0.00010133314
9.4660787e-05
9.1230283e-05
8.9599612e-05
8.8984626e-05
8.8838606e-05
0.00037778912
0.00031009864
0.00027847468
0.00028487538
0.00034280816
0.00020579111
0.00014676303
0.0001206594
0.00010689429
9.928878e-05
0.00037344488
0.00032218266
0.00029673796
0.00030896299
0.000323989
0.00018208247
0.00013676651
0.00011513075
0.00010346942
9.6950244e-05
0.00037345045
0.00031926949
0.00028991303
0.00028990114
0.00024944814
0.00016286181
0.00012774358
0.00011016949
0.00010057432
9.5265614e-05
0.0003518232
0.00030153979
0.00029739514
0.00033729128
0.00021070588
0.00014677404
0.00011990083
0.00010586733
9.8073129e-05
9.3763181e-05
0.0003246537
0.00028724432
0.00029515283
0.00032854893
0.00018576104
0.00013695651
0.00011457652
0.00010269212
9.6127922e-05
9.2520529e-05
0.00032465715
0.00030137231
0.00031776737
0.00026626471
0.00016602948
0.00012825228
0.00010979563
9.9896807e-05
9.4513113e-05
9.1740294e-05
0.00032455087
0.0003082447
0.00034360982
0.00021417906
0.00014761019
0.00011950977
0.00010510934
9.7246658e-05
9.2984531e-05
9.0807724e-05
0.00031169155
0.00029914762
0.00034136446
0.00018709814
0.00013606178
0.0001133766
0.00010158029
9.5171589e-05
9.1770832e-05
9.0076568e-05
0.00031169534
0.00030034296
0.00027926666
0.00016672951
0.0001271983
0.00010855481
9.8776099e-05
9.3537113e-05
9.0864226e-05
8.9681354e-05
0.00032303919
0.00030668564
0.00022536647
0.00014868551
0.00011875108
0.00010408097
9.6301397e-05
9.2175031e-05
9.0138265e-05
8.9263487e-05
0.00033566411
0.00035091332
0.00019240078
0.00013592511
0.00011253172
0.00010076575
9.4502887e-05
9.1225325e-05
8.9662323e-05
8.9000995e-05
0.00030631279
0.00032289472
0.00017445373
0.00012883488
0.00010891726
9.8791311e-05
9.3437626e-05
9.0694301e-05
8.9448105e-05
8.899235e-05
0.00030488343
0.00026913157
0.00015943426
0.00012246064
0.00010558489
9.6949711e-05
9.2431743e-05
9.017799e-05
8.9215694e-05
8.891261e-05
0.00040628436
0.0003328346
0.00029749152
0.00029827138
0.00031921044
0.00023731431
0.00015879432
0.00012683478
0.00011035588
0.00010108229
0.00030722085
0.00022050195
0.00022563048
0.00024511694
0.000280201
0.00034758677
0.00047201686
0.00030816715
0.00020818303
0.000158928
0.00036625677
0.00023908237
0.00021791172
0.00022314322
0.0002457881
0.0002920114
0.00037998274
0.00023530563
0.00016613858
0.0001339808
0.00030722502
0.00021783321
0.00022069856
0.00022948764
0.00024910216
0.000291807
0.0003483285
0.00025440679
0.00019668768
0.00016094105
0.0003078858
0.0002160199
0.00021266836
0.00022638176
0.00025489797
0.00030987519
0.00040033221
0.0002692474
0.00018762502
0.00014753312
0.00032893366
0.00022242514
0.00021007101
0.00021880664
0.00024277291
0.0002894952
0.00037911803
0.00025163994
0.00017568738
0.00013937509
0.00015500588
0.00011784248
0.00010205146
9.4454869e-05
9.0982369e-05
8.9962305e-05
9.058554e-05
9.241735e-05
9.5212163e-05
9.8859673e-05
0.00013137991
0.00012144298
0.00011281511
0.00010686811
0.0001031688
0.00010122105
0.0001006562
0.00010121427
0.00010271771
0.00010507353
0.00034880518
0.00018226531
0.00012889359
0.00010799963
9.8056937e-05
9.2977748e-05
9.0435848e-05
8.9303265e-05
8.895627e-05
8.8920517e-05
0.00035737791
0.00016627233
0.00012268
0.00010495674
9.6506452e-05
9.2211305e-05
9.0093381e-05
8.9180919e-05
8.8931209e-05
8.8911521e-05
0.0003041974
0.00015626365
0.00011917886
0.00010353425
9.599632e-05
9.2129505e-05
9.0212535e-05
8.9383797e-05
8.9156393e-05
8.9135565e-05
0.00026483839
0.00014573647
0.00011521647
0.00010192848
9.5427083e-05
9.2033048e-05
9.0326363e-05
8.9576165e-05
8.9351269e-05
8.9265123e-05
0.00023696578
0.00013788139
0.00011194631
0.00010045975
9.4818319e-05
9.184664e-05
9.0347641e-05
8.969976e-05
8.9529726e-05
8.948387e-05
0.00021575814
0.00013125226
0.00010905093
9.9042617e-05
9.4116035e-05
9.1509919e-05
9.0203202e-05
8.9662466e-05
8.9555614e-05
8.9524722e-05
0.00019902043
0.00012565897
0.00010647173
9.7689186e-05
9.3362413e-05
9.1072532e-05
8.9936353e-05
8.9492162e-05
8.9443139e-05
8.944562e-05
0.00018538323
0.00012083431
0.00010413329
9.6380007e-05
9.2560585e-05
9.0549768e-05
8.9571374e-05
8.9216383e-05
8.9188762e-05
8.9090873e-05
0.00017389355
0.00011654957
0.00010193583
9.5068086e-05
9.169207e-05
8.9944127e-05
8.9136928e-05
8.8919097e-05
8.903118e-05
8.9132128e-05
0.00016401945
0.00011272855
9.9885128e-05
9.3784102e-05
9.0790648e-05
8.9276933e-05
8.862189e-05
8.8513183e-05
8.8700098e-05
8.8830775e-05
0.00015525858
0.00010918924
9.787364e-05
9.2461369e-05
8.98186e-05
8.853676e-05
8.8047807e-05
8.8071879e-05
8.8365402e-05
8.8571676e-05
0.00014745289
0.00010598558
9.5993401e-05
9.1197682e-05
8.8867311e-05
8.7801851e-05
8.7479409e-05
8.7651438e-05
8.8092895e-05
8.8443453e-05
0.00014024159
0.00010289631
9.405524e-05
8.982646e-05
8.7788402e-05
8.693381e-05
8.6777882e-05
8.7092103e-05
8.7666806e-05
8.8165328e-05
0.00013351242
9.9984254e-05
9.2169716e-05
8.8487872e-05
8.6750133e-05
8.6129098e-05
8.6174612e-05
8.666394e-05
8.7366458e-05
8.7845758e-05
0.00012712552
9.7190861e-05
9.0298139e-05
8.7153368e-05
8.5733836e-05
8.5378087e-05
8.5680115e-05
8.6439809e-05
8.7467565e-05
8.8410541e-05
0.0001209497
9.4466831e-05
8.8402812e-05
8.5787466e-05
8.471008e-05
8.4649654e-05
8.5240736e-05
8.6278636e-05
8.7542928e-05
8.8587287e-05
0.00011470826
9.1638416e-05
8.6357283e-05
8.4309913e-05
8.3663417e-05
8.400237e-05
8.5007499e-05
8.6480304e-05
8.8211813e-05
8.9767217e-05
0.00010823792
8.8749065e-05
8.4338034e-05
8.299266e-05
8.2949337e-05
8.3853721e-05
8.5427747e-05
8.7472764e-05
8.9776785e-05
9.1921299e-05
0.00010172769
8.619384e-05
8.2870551e-05
8.2406732e-05
8.3158002e-05
8.4821162e-05
8.7175481e-05
9.0029787e-05
9.312703e-05
9.5877666e-05
9.5402383e-05
8.4260126e-05
8.2265364e-05
8.289267e-05
8.4759742e-05
8.7631619e-05
9.1355439e-05
9.5767551e-05
0.0001006292
0.00010545605
8.8383128e-05
8.2309701e-05
8.267571e-05
8.5762361e-05
9.0495285e-05
9.6646752e-05
0.00010403235
0.00011211986
0.00011768896
0.00012036748
8.3105252e-05
8.7472316e-05
9.7458757e-05
0.00010471803
0.00010658985
0.00010850929
0.00011091059
0.00011391916
0.0001174614
0.00012119215
7.9902546e-05
7.3840353e-05
6.9003264e-05
6.7090598e-05
6.7153582e-05
6.8557051e-05
7.0945732e-05
7.4106102e-05
7.7887453e-05
8.2167973e-05
0.00010302397
7.4885025e-05
6.5861806e-05
6.2692939e-05
6.2186261e-05
6.3204796e-05
6.5248861e-05
6.8070156e-05
7.1533141e-05
7.5580976e-05
6.4806421e-05
9.1385234e-05
0.00011242106
0.00013525377
0.00016841476
0.00021949131
0.00023720667
0.00025774252
0.00024477253
9.2904157e-05
9.7928456e-05
0.00010357526
0.0001153944
0.00013472152
0.00016545073
0.00019850964
0.00024416578
0.00030782645
0.00012159594
0.0001175564
0.00011302097
0.00010957363
0.00010710916
0.00010555355
0.00010484233
0.00010491027
0.00010569659
0.00010713303
0.00011640522
0.00011390305
0.00011123487
0.00010927768
0.00010782304
0.00010689032
0.00010648419
0.00010659735
0.00010721355
0.00010826562
0.00011346958
0.00011129819
0.00010966676
0.00010856073
0.00010769257
0.00010715579
0.00010696862
0.0001071231
0.00010758187
0.00010821901
0.00011168979
0.00010922818
0.00010818727
0.00010758338
0.00010706689
0.00010677869
0.00010672328
0.00010687838
0.00010715977
0.00010734475
0.00011058918
0.00010760153
0.00010694139
0.00010666133
0.00010639513
0.00010632281
0.00010643632
0.00010672989
0.0001071553
0.00010758481
0.00010996579
0.00010636261
0.00010597007
0.00010589631
0.00010579323
0.00010586787
0.00010609055
0.00010645472
0.00010689043
0.00010727768
0.00010964804
0.00010533376
0.00010510844
0.00010514486
0.00010512747
0.0001052717
0.00010552059
0.00010586124
0.00010618673
0.00010631251
0.00010954611
0.00010448106
0.00010436931
0.00010446616
0.0001045015
0.00010468994
0.00010495471
0.00010529067
0.00010558467
0.00010567893
0.0001095306
0.00010372268
0.00010375737
0.00010390257
0.00010399301
0.00010423523
0.00010454057
0.00010491817
0.00010525714
0.00010542877
0.00010958427
0.00010308442
0.00010333567
0.00010351263
0.00010364108
0.00010391307
0.00010423081
0.00010461199
0.00010493073
0.00010504936
0.00010981736
0.00010256191
0.00010289704
0.00010308119
0.00010323342
0.00010351946
0.00010383271
0.00010419468
0.00010446017
0.00010447109
0.00011013654
0.0001021598
0.00010258546
0.00010277242
0.00010294553
0.00010324427
0.00010356289
0.00010393677
0.000104223
0.000104317
0.00011056326
0.00010174867
0.00010220911
0.00010247508
0.00010266657
0.00010297349
0.00010329191
0.00010366228
0.000103923
0.00010393498
0.00011105612
0.00010138326
0.00010187536
0.00010224811
0.00010245243
0.00010275873
0.00010306837
0.00010342711
0.00010366545
0.00010366606
0.00011162487
0.00010111086
0.00010154908
0.00010199084
0.00010223885
0.00010253833
0.00010283661
0.00010318387
0.00010340363
0.0001033905
0.00011225021
0.00010091867
0.00010121723
0.00010170416
0.00010204715
0.00010234123
0.00010263125
0.00010296807
0.00010316869
0.00010313203
0.00011291123
0.00010075734
0.00010090601
0.00010144
0.00010189949
0.00010220463
0.00010248421
0.00010280727
0.00010298552
0.00010290689
0.00011362809
0.0001006538
0.00010064583
0.0001011069
0.00010166229
0.00010205949
0.0001023283
0.00010264115
0.00010281273
0.00010274264
0.00011438898
0.00010059966
0.00010043599
0.00010083032
0.00010139674
0.0001018445
0.00010213413
0.00010242697
0.00010257047
0.00010246802
0.00011518703
0.00010064051
0.00010035088
0.0001007086
0.00010126184
0.00010169047
0.00010198118
0.00010227547
0.0001024116
0.0001022922
0.00011594111
0.00010054616
0.00010007004
0.0001003672
0.00010089951
0.00010141682
0.00010188902
0.00010224583
0.0001023575
0.00010224543
0.00011683308
0.00010065076
0.00010001616
0.00010025524
0.00010075088
0.00010121493
0.00010164028
0.00010196011
0.00010204008
0.00010188034
0.00011767538
0.00010070034
9.9908946e-05
0.00010011148
0.00010059764
0.00010103833
0.00010149832
0.00010185623
0.00010193352
0.00010178231
0.00011854646
0.00010078406
9.9830189e-05
9.999283e-05
0.00010046649
0.00010088253
0.00010132425
0.00010170939
0.00010181084
0.00010158866
0.00011942288
0.00010086034
9.9731353e-05
9.9852396e-05
0.00010031432
0.00010070835
0.00010113446
0.00010156598
0.00010175912
0.00010162111
0.00012033376
0.00010094894
9.9628756e-05
9.9698079e-05
0.00010013922
0.00010050391
0.00010090823
0.00010131438
0.00010155429
0.00010147117
0.00012129411
0.00010111052
9.9612951e-05
9.9640339e-05
0.0001000653
0.00010040336
0.00010078611
0.00010116312
0.00010136981
0.00010129485
0.00012223859
0.00010124878
9.9567841e-05
9.9559935e-05
9.9980037e-05
0.00010030618
0.00010068395
0.00010105175
0.00010125435
0.00010122267
0.00012320732
0.00010138277
9.949947e-05
9.9442296e-05
9.9845736e-05
0.00010015034
0.00010051289
0.0001008598
0.00010104269
0.00010098691
0.00012422709
0.00010159695
9.9530412e-05
9.9433585e-05
9.9822637e-05
0.00010010453
0.00010044774
0.00010076725
0.00010091958
0.00010079199
0.00012521299
0.00010178481
9.9537142e-05
9.9413605e-05
9.9806918e-05
0.00010008847
0.00010043758
0.00010076022
0.00010092453
0.00010084846
0.00012619842
0.00010192988
9.9471656e-05
9.9303494e-05
9.9689618e-05
9.9963695e-05
0.00010031248
0.00010062986
0.00010079056
0.00010069411
0.00012725273
0.00010213959
9.9473101e-05
9.9252111e-05
9.9616255e-05
9.9864931e-05
0.00010019222
0.00010048159
0.00010061631
0.00010048507
0.00012831737
0.00010242052
9.9580771e-05
9.9337572e-05
9.9706193e-05
9.9953715e-05
0.00010028315
0.00010056974
0.00010070588
0.00010059257
0.00012928876
0.00010253895
9.9483959e-05
9.9199352e-05
9.956846e-05
9.9819595e-05
0.00010015855
0.00010044892
0.00010058768
0.0001004566
0.00013038722
0.00010282305
9.9574458e-05
9.9247276e-05
9.9603043e-05
9.9838206e-05
0.00010016556
0.00010044109
0.00010057247
0.00010044283
0.00013140204
0.00010302249
9.9580114e-05
9.9225369e-05
9.9590834e-05
9.9836683e-05
0.00010017984
0.00010046721
0.00010061324
0.00010051369
0.00013243976
0.000103214
9.9559077e-05
9.9157123e-05
9.9514019e-05
9.975382e-05
0.00010009574
0.00010037677
0.00010051799
0.00010037121
0.00013351929
0.0001034831
9.963876e-05
9.9201851e-05
9.9555348e-05
9.9790361e-05
0.0001001305
0.00010040471
0.00010054212
0.00010041575
0.00013452539
0.00010367538
9.9643362e-05
9.9175918e-05
9.9534461e-05
9.9775758e-05
0.00010012554
0.0001004045
0.00010055006
0.00010042666
0.00013554605
0.00010393435
9.9741925e-05
9.9256362e-05
9.9625348e-05
9.9874326e-05
0.00010023408
0.00010051707
0.00010066895
0.00010055674
0.00013644822
0.00010408036
9.9732582e-05
9.9233298e-05
9.9620087e-05
9.9885893e-05
0.00010026423
0.00010055755
0.00010070505
0.00010057944
0.00013734729
0.00010429566
9.9837388e-05
9.9340509e-05
9.9734301e-05
9.9919926e-05
0.00010018371
0.00010040275
0.00010053198
0.00010043217
0.00013807073
0.00010442445
9.9926057e-05
9.9313214e-05
9.9517872e-05
9.9653153e-05
9.9965373e-05
0.00010023608
0.00010042608
0.00010035564
0.00013855386
0.00010432793
9.9470706e-05
9.8719772e-05
9.8960222e-05
9.9145827e-05
9.9519508e-05
9.9849798e-05
0.00010009869
0.00010009393
0.00013685551
0.00010298519
9.8260254e-05
9.7624544e-05
9.7993513e-05
9.8332142e-05
9.8869988e-05
9.9361774e-05
9.9773076e-05
9.9918759e-05
0.00013226319
0.00010074046
9.6545608e-05
9.6242604e-05
9.6886804e-05
9.7495705e-05
9.8289003e-05
9.9011256e-05
9.9628313e-05
9.9923901e-05
0.0001220757
9.664331e-05
9.3635319e-05
9.3902831e-05
9.4929013e-05
9.5922164e-05
9.7047294e-05
9.8051211e-05
9.8911609e-05
9.9419646e-05
0.00010374636
3.2779055e-05
3.079957e-05
2.9771711e-05
2.9625136e-05
3.031217e-05
3.1785401e-05
3.3956367e-05
3.672831e-05
4.0050622e-05
5.7941199e-05
6.3362225e-05
6.6975763e-05
7.1484604e-05
7.7490436e-05
8.5071108e-05
9.3804525e-05
0.00010311899
0.00011186471
2.4579543e-05
2.9482793e-05
3.3614619e-05
3.7942779e-05
4.258779e-05
4.7589337e-05
5.2893069e-05
5.8459729e-05
6.4238772e-05
1.9899488e-05
2.6795638e-05
3.2913309e-05
3.8988114e-05
4.5113233e-05
5.1452357e-05
5.7966536e-05
6.4702085e-05
7.1615914e-05
2.0590119e-05
3.1202466e-05
4.172423e-05
5.242905e-05
6.3143135e-05
7.4014693e-05
8.4859894e-05
9.5698334e-05
0.00010632316
6.8506801e-05
9.1348149e-05
9.1601827e-05
0.00012314928
5.8627194e-05
4.9795144e-05
7.7737091e-05
6.5252239e-05
6.5818968e-05
0.00016327961
5.4603464e-05
4.5176344e-05
6.6704507e-05
6.8812663e-05
8.0793308e-05
6.3307339e-05
8.0534796e-05
8.5467661e-05
0.00021682964
2.8331215e-05
0.00022669811
0.0002133428
6.3142008e-05
5.8164308e-05
9.5929415e-05
6.8841739e-05
7.8448225e-05
7.0200911e-05
7.0034342e-05
7.7841083e-05
6.9610653e-05
0.00010134927
8.1532015e-05
7.9480136e-05
0.00011530516
6.8241578e-05
5.9323937e-05
8.3011625e-05
7.7881983e-05
7.3089267e-05
7.3105989e-05
7.7298456e-05
8.5593056e-05
0.0002273785
6.8071042e-05
6.8541825e-05
0.00029334126
6.0948817e-05
6.9238776e-05
7.4111819e-05
9.6123216e-05
7.6138569e-05
7.2714388e-05
6.3568864e-05
8.0369565e-05
7.401495e-05
7.7787865e-05
5.3331963e-05
4.8914967e-05
5.8486061e-05
6.005294e-05
5.8730072e-05
5.7741503e-05
0.00010128216
7.8454152e-05
8.1012201e-05
6.0256281e-05
5.8267213e-05
8.1275088e-05
9.0620834e-05
6.3722473e-05
7.9372442e-05
0.00011333307
6.0931766e-05
5.7915354e-05
7.7379268e-05
0.0001010119
6.7149475e-05
7.6027867e-05
6.7092248e-05
7.9259482e-05
7.0331478e-05
6.9770839e-05
0.00010553482
7.2881283e-05
6.1956226e-05
6.2828817e-05
0.00010693643
8.6364809e-05
7.3200661e-05
7.4211493e-05
6.2628559e-05
6.0600628e-05
9.3583765e-05
0.0001007966
5.9143586e-05
5.6247211e-05
0.00015130669
0.00011878684
8.9787611e-05
2.9694468e-05
5.7544667e-05
5.9433922e-05
5.8247999e-05
6.1806062e-05
7.1716965e-05
7.3031361e-05
0.0001994582
8.8234784e-05
0.00022206042
0.00010265022
6.0617799e-05
6.285528e-05
5.7670344e-05
5.9509902e-05
6.6964169e-05
5.9138097e-05
6.5079089e-05
9.7757804e-05
5.4662036e-05
5.9459904e-05
9.8942214e-05
8.2556324e-05
5.0882815e-05
5.8874466e-05
6.0653969e-05
6.1393491e-05
0.00029459568
0.00021511473
5.7397488e-05
5.8749635e-05
7.4360456e-05
5.8266324e-05
6.6814201e-05
5.8542338e-05
6.4256924e-05
6.5469198e-05
8.2348775e-05
8.9435391e-05
3.6782645e-05
8.0382797e-05
6.0002476e-05
5.4776079e-05
5.6371099e-05
6.0589949e-05
6.0376931e-05
5.0705123e-05
5.2581765e-05
6.5347879e-05
7.334292e-05
3.8275919e-05
5.7334093e-05
5.9647963e-05
0.00010486146
8.66037e-05
0.0002273785
5.7920967e-05
4.7507327e-05
6.7856376e-05
6.2746439e-05
8.5329887e-05
7.9465489e-05
0.00010719349
8.4231649e-05
7.1465777e-05
6.2982159e-05
5.5740809e-05
5.0678464e-05
6.5628042e-05
8.9836108e-05
6.1741658e-05
6.4516175e-05
0.0001914284
6.4596108e-05
7.1445866e-05
6.1872771e-05
6.5119731e-05
0.0002040887
6.0410943e-05
6.2364907e-05
0.00017455514
0.00011977634
0.00023959998
5.5419861e-05
4.9494423e-05
5.1703504e-05
4.9890525e-05
7.4389262e-05
6.6868816e-05
9.0357186e-05
5.1715859e-05
5.8161742e-05
0.00021342268
6.2052938e-05
5.2234776e-05
6.7179147e-05
5.6005993e-05
7.3876793e-05
6.955878e-05
6.7402541e-05
6.3742903e-05
0.00020687429
0.0002000464
0.0002179051
0.00020009302
0.00021203034
8.9932339e-05
6.0798041e-05
6.5367468e-05
0.00011939397
9.46917e-05
6.2751821e-05
6.7616708e-05
9.5757797e-05
6.2925552e-05
5.8162595e-05
8.9596103e-05
0.00038460717
6.5174098e-05
7.7382826e-05
7.1845956e-05
8.7228126e-05
8.2464342e-05
7.3861263e-05
0.0001257755
0.00013510809
0.00010341005
6.2145263e-05
7.2601893e-05
6.1565531e-05
6.5269443e-05
5.8355882e-05
5.6183069e-05
6.7942999e-05
6.649194e-05
9.2320851e-05
8.2024131e-05
6.6223677e-05
7.2982766e-05
5.9856852e-05
6.2968448e-05
0.00021203034
0.00020438361
0.00011946387
9.720059e-05
8.7534924e-05
7.1181589e-05
8.0440252e-05
0.00013719292
6.1772701e-05
6.4507191e-05
6.0003176e-05
6.4028218e-05
5.5656166e-05
5.3902418e-05
0.00020202822
0.00020524221
9.6562132e-05
7.1012633e-05
6.0195783e-05
5.6200472e-05
5.2661726e-05
0.00023798103
0.0002133428
7.0118189e-05
7.4533222e-05
6.027103e-05
6.3245003e-05
5.8800732e-05
6.0398002e-05
6.9641173e-05
8.1156965e-05
4.7782564e-05
5.9766761e-05
5.5302387e-05
6.9050089e-05
7.8354407e-05
7.6322742e-05
0.00010260236
9.3881525e-05
8.7975482e-05
8.6258011e-05
5.8543086e-05
6.15908e-05
6.6263211e-05
7.7055729e-05
0.00020031245
0.00020802567
6.3771747e-05
6.6912114e-05
0.00020687429
0.0002000464
6.6500735e-05
5.9482908e-05
4.9791611e-05
4.7948662e-05
0.00019823436
0.0001219694
0.00026944136
5.8075652e-05
6.6451504e-05
6.6001739e-05
5.9788009e-05
7.9988057e-05
7.3593795e-05
5.9341076e-05
5.619681e-05
7.0681519e-05
5.8019457e-05
9.1590748e-05
7.9808616e-05
6.7447589e-05
6.0665818e-05
7.108002e-05
6.6575029e-05
5.6948401e-05
5.9785821e-05
6.0648183e-05
6.9957641e-05
0.00013204921
9.4187289e-05
8.0037497e-05
6.0450751e-05
6.2961458e-05
8.9906191e-05
5.7958303e-05
4.7323064e-05
5.0221086e-05
6.0858744e-05
5.17433e-05
7.2974093e-05
6.319786e-05
6.1020863e-05
0.00010026295
9.3738889e-05
6.6663739e-05
6.3160156e-05
6.4418939e-05
6.3081678e-05
5.3905973e-05
5.9786269e-05
6.3331052e-05
7.3940275e-05
6.11256e-05
6.3750427e-05
5.882888e-05
6.0947196e-05
7.0150472e-05
5.1069633e-05
8.8393154e-05
7.843364e-05
0.00011434928
9.4206436e-05
0.00020687429
0.0002000464
6.1226553e-05
6.1601843e-05
6.4696729e-05
7.3560054e-05
5.8350265e-05
6.3941618e-05
4.9003342e-05
5.8187452e-05
0.00020612067
0.0002022956
6.1201603e-05
5.9595042e-05
9.7948556e-05
8.7539104e-05
0.00018412163
0.00023803498
9.8261147e-05
8.8635573e-05
0.0001914284
5.3606217e-05
5.9966946e-05
5.5909773e-05
6.6312292e-05
0.00020836769
0.00019779198
0.0002307336
8.2815072e-05
8.7973989e-05
5.5158032e-05
5.9151234e-05
5.6250344e-05
6.8276431e-05
0.00019241856
0.00021266113
7.9091587e-05
9.5492838e-05
0.00019823436
0.00020818631
0.00021504639
6.7924843e-05
7.3450048e-05
6.9347937e-05
7.4427704e-05
8.1773783e-05
9.15225e-05
0.00019241856
0.00021093257
6.4325607e-05
5.998579e-05
6.1552452e-05
6.3915465e-05
9.8360757e-05
8.4902113e-05
0.00030194087
0.00021449032
8.0260542e-05
8.4937214e-05
6.0218865e-05
4.9963652e-05
6.610814e-05
6.0595438e-05
0.00010059174
8.4106294e-05
7.3046284e-05
8.3341046e-05
6.006568e-05
6.1026864e-05
5.5028566e-05
5.131595e-05
0.00011315986
0.00015009841
7.0305476e-05
6.7576069e-05
7.0756234e-05
5.1367767e-05
6.5648162e-05
6.4583264e-05
5.7095797e-05
4.8832099e-05
6.9484094e-05
5.7535624e-05
9.1035979e-05
7.9345366e-05
7.5046553e-05
7.403006e-05
7.101354e-05
0.00011661035
7.8607643e-05
7.0315377e-05
0.0002273785
7.6055423e-05
7.2587475e-05
7.9411764e-05
6.7625557e-05
7.4260094e-05
0.00023803498
5.5235515e-05
6.7964659e-05
0.00018412163
6.6518247e-05
6.8830621e-05
6.465894e-05
6.8032096e-05
5.7584572e-05
8.5005e-05
6.5377723e-05
6.3046057e-05
0.00012483929
0.00017501953
5.1930527e-05
6.1303906e-05
8.1627942e-05
7.9238662e-05
6.139075e-05
6.2798677e-05
6.2246919e-05
6.9250258e-05
7.024321e-05
0.00014685461
6.1905984e-05
6.2471729e-05
7.2782911e-05
7.5073281e-05
7.8638576e-05
6.3223443e-05
5.3488942e-05
8.6716408e-05
6.0412066e-05
6.2409021e-05
0.000114899
9.4638768e-05
0.00013239725
0.00020232447
0.00021504639
8.3164751e-05
7.7003803e-05
6.7358483e-05
7.1393313e-05
0.00018708889
0.00021859819
0.00010041311
9.6070879e-05
7.7232876e-05
7.1236437e-05
0.00018853378
0.00023223569
6.2741076e-05
5.8270139e-05
8.5514346e-05
7.34452e-05
0.00020676119
0.00019984322
7.530775e-05
7.4726347e-05
6.1328506e-05
5.0358432e-05
6.1321235e-05
6.0822995e-05
6.0864056e-05
6.4273772e-05
6.0376647e-05
6.5872092e-05
8.4171339e-05
8.3516059e-05
0.00010161304
6.8040123e-05
6.3356163e-05
9.0802098e-05
0.00010352274
8.5668993e-05
7.8766294e-05
9.0305416e-05
0.00012665553
0.00010041223
8.347867e-05
6.2188617e-05
6.4132047e-05
8.8767463e-05
8.2901751e-05
7.844445e-05
0.00020982468
0.0002011172
0.00020982468
0.00020129776
6.2776974e-05
6.9485466e-05
0.00021088058
0.00020073427
0.00021088058
0.0002011172
0.00020884446
0.00020028856
0.00020884446
0.00020028856
6.5284254e-05
6.1585912e-05
5.4815952e-05
6.5740994e-05
0.00020038219
0.00020802567
0.00020073427
0.00021088058
8.0361315e-05
0.00010410503
0.0002040887
8.7871696e-05
8.9739289e-05
8.6803103e-05
9.0568881e-05
6.0739274e-05
5.098571e-05
0.00019938965
0.00011158128
0.0001246942
6.1463405e-05
5.8172871e-05
6.5322588e-05
6.7542075e-05
5.1148558e-05
5.9726228e-05
0.00013765978
6.373429e-05
5.4143405e-05
5.6932212e-05
5.4725145e-05
8.3722286e-05
5.4893566e-05
6.6006832e-05
7.0195393e-05
4.3994937e-05
6.1446344e-05
5.6319259e-05
6.4928804e-05
6.9390494e-05
7.2690798e-05
7.1924338e-05
0.0001994582
7.7072821e-05
7.4239365e-05
0.00011252999
0.00016394075
5.7503207e-05
6.7114411e-05
7.5421659e-05
7.4901159e-05
0.00010019245
6.1329549e-05
7.5882223e-05
7.2271924e-05
0.00029334126
0.00013529049
7.4380056e-05
0.00010393599
0.00021682964
6.5778568e-05
6.8226333e-05
7.2883138e-05
6.0644221e-05
5.3199958e-05
0.0001048739
6.4580989e-05
8.5747719e-05
6.5720633e-05
5.996741e-05
5.5662777e-05
5.9117642e-05
9.5990035e-05
7.0437983e-05
9.6668325e-05
7.710045e-05
0.00019823436
0.00012183567
8.5635776e-05
8.7542965e-05
0.00023798103
0.0002133428
2.3865298e-05
0.00010717357
7.3818144e-05
8.5087392e-05
6.9780985e-05
0.00022206042
4.0940394e-05
0.00038460717
0.0002179051
7.8535553e-05
6.3695552e-05
3.2662943e-05
0.00018708889
0.00021859819
6.1185979e-05
7.4692653e-05
9.3177448e-05
5.0587083e-05
0.00020531437
0.00019984322
6.4408309e-05
2.005738e-05
0.0002179051
3.0004771e-05
7.6759162e-05
2.1389563e-05
9.0829984e-05
7.1894185e-05
9.9027457e-05
8.1707457e-05
0.00038460717
0.00020818631
0.00021475994
0.00017124496
0.00016794676
0.00016420338
4.4180548e-05
9.2503308e-06
0.00020031245
0.00020729143
3.804391e-05
0.00020438361
0.0002134245
4.0366412e-05
6.0608796e-05
1.5043729e-05
5.1703714e-05
4.8494051e-05
5.4530532e-05
4.7558712e-05
5.1133281e-05
5.9160537e-05
7.2557387e-05
5.5455144e-05
4.2109721e-05
5.8866767e-05
6.3345593e-05
9.9452157e-05
8.2564029e-05
7.0557534e-05
4.8816281e-05
4.551849e-05
5.7628319e-05
4.9347991e-05
5.5316952e-05
5.5230177e-05
5.5605058e-05
4.8948029e-05
5.8232297e-05
5.5415556e-05
5.9233968e-05
0.00020954199
0.00021426634
6.5956646e-05
5.096929e-05
5.6240522e-05
5.2554588e-05
5.4528721e-05
5.6427799e-05
0.00020031245
0.00020729143
0.0002000464
0.00020729143
6.0076033e-05
5.5392472e-05
6.0351532e-05
5.1475366e-05
5.8025314e-05
5.2529767e-05
0.0002134245
0.00020264936
4.5534711e-05
6.7226554e-05
5.1851629e-05
5.7359028e-05
0.00020202822
0.00020524221
8.7170425e-05
4.0822681e-05
4.2202937e-05
4.6943747e-05
4.4659067e-05
6.7641333e-05
5.8188264e-05
7.2137274e-05
9.4064553e-05
0.0002134245
0.00020264936
5.049639e-05
4.5713299e-05
0.00020202822
0.00020524221
0.00020612067
0.0002022956
0.0002022956
0.00020612067
0.00019779198
0.00020836769
0.00019779198
0.00020836769
3.2512276e-05
4.1226794e-05
0.00018708889
0.00021093257
5.9059707e-05
4.986781e-05
5.7049081e-05
5.2241345e-05
4.0812088e-05
4.2745032e-05
0.00019241856
0.00021093257
5.540741e-05
0.00019984322
0.00020676119
5.4046249e-05
3.544462e-05
3.2617e-05
0.00020954199
0.00021475994
6.12314e-05
5.5396122e-05
0.00018492075
0.0002281592
4.6531729e-05
4.3010129e-05
5.286774e-05
5.6794049e-05
4.7190417e-05
4.8064598e-05
3.7832911e-05
4.0984898e-05
7.9510591e-05
3.4819556e-05
3.8552275e-05
5.7100161e-05
9.0633157e-05
3.4014524e-05
3.627272e-05
3.9732346e-05
3.8671422e-05
0.00018492075
0.0002281592
4.3497422e-05
4.3146868e-05
3.3846791e-05
3.3812873e-05
4.635111e-05
4.7631273e-05
4.4483961e-05
4.7311476e-05
4.1374655e-05
4.2417478e-05
4.0983811e-05
4.3131561e-05
3.2720776e-05
4.3368543e-05
4.2407422e-05
4.2786382e-05
2.1018184e-05
3.5893872e-05
3.9527061e-05
3.9321229e-05
4.2907576e-05
4.0946439e-05
5.1763569e-05
3.8012852e-05
4.1399018e-05
3.470934e-05
3.7232343e-05
5.7726286e-05
4.6838507e-05
5.6306159e-05
4.9285584e-05
4.4499809e-05
0.00021342268
3.6827595e-05
4.5952072e-05
3.566897e-05
4.7111572e-05
0.0002307336
3.8261269e-05
3.8161904e-05
5.1035015e-05
4.6284293e-05
0.0001914284
3.3985812e-05
4.3223619e-05
6.4081405e-05
5.1382341e-05
0.00020232447
0.00021504639
6.1863214e-05
5.0596227e-05
3.4559382e-05
3.8356597e-05
2.869663e-05
5.5639006e-05
5.5451164e-05
4.6718806e-05
5.0917111e-05
6.5131534e-05
5.5422046e-05
0.00020954199
0.00021475994
5.1940695e-05
5.5601071e-05
1.4190005e-05
3.9145364e-05
4.2690793e-05
5.2968042e-05
5.5934027e-05
5.0393984e-05
5.6164089e-05
5.5310831e-05
5.7521732e-05
0.00020982468
0.0002011172
0.00020884446
0.00020028856
0.00020073427
0.00021088058
0.00020038219
0.00020802567
0.00021203034
0.00020009302
0.00018492075
0.00021859819
0.00018412163
0.00023803498
3.6796939e-05
4.3839222e-05
4.4066959e-05
4.9855285e-05
0.00021449032
0.00023798103
7.6599021e-05
4.9993307e-05
3.3260648e-05
3.6689258e-05
4.0812027e-05
3.5530422e-05
3.7084135e-05
4.2433436e-05
6.4486165e-05
9.5016969e-05
5.495415e-05
5.7850544e-05
5.5174003e-05
4.8099587e-05
5.4154992e-05
4.0862097e-05
4.611991e-05
7.3216143e-05
5.0755304e-05
4.6690022e-05
8.0096338e-05
)
;

boundaryField
{
    oversetFaces
    {
        type            overset;
        coupledFringe   false;
        conservativeCorrection false;
        setHoleCellValue false;
        holeCellValue   0;
        value           nonuniform 0();
    }
    back
    {
        type            empty;
    }
    out
    {
        type            zeroGradient;
    }
    bottom
    {
        type            zeroGradient;
    }
    in
    {
        type            zeroGradient;
    }
    top
    {
        type            zeroGradient;
    }
    front
    {
        type            empty;
    }
    wall
    {
        type            zeroGradient;
    }
    cylinder
    {
        type            zeroGradient;
    }
    defaultFaces
    {
        type            zeroGradient;
    }
}


// ************************************************************************* //
