/*--------------------------------*- C++ -*----------------------------------*\
| =========                 |                                                 |
| \\      /  F ield         | foam-extend: Open Source CFD                    |
|  \\    /   O peration     | Version:     4.1                                |
|   \\  /    A nd           | Web:         http://www.foam-extend.org         |
|    \\/     M anipulation  |                                                 |
\*---------------------------------------------------------------------------*/
FoamFile
{
    version     2.0;
    format      ascii;
    class       volScalarField;
    location    "1";
    object      static(p)_coeff;
}
// * * * * * * * * * * * * * * * * * * * * * * * * * * * * * * * * * * * * * //

dimensions      [0 0 0 0 0 0 0];

internalField   nonuniform List<scalar> 
4242
(
-229581.69
-228793.36
-228006.44
-227027.87
-225933.46
-224686.04
-223282.82
-221726.73
-220030.77
-218221.55
-216339.71
-214437.35
-212576.37
-210834.23
-209277.27
-207773.35
-234496.82
-233493.15
-232642.21
-231605.54
-230458.92
-229167.35
-227736.27
-226168.21
-224471.34
-222660.88
-220760
-218799.8
-216819.95
-214876.27
-213039.07
-211301.8
-242202.63
-240964.7
-240023.02
-238839.8
-237528.57
-236048.95
-234407.76
-232605.67
-230651.65
-228562.22
-226361.67
-224081.49
-221758.87
-219437.55
-217173.09
-215051.39
-251402.97
-249935.07
-248880.79
-247482.63
-245936.32
-244181.91
-242226.75
-240068.5
-237716.97
-235191.44
-232521.93
-229748.95
-226921.52
-224093
-221317.85
-218703.29
-258349.63
-256700.06
-255580.23
-254019.4
-252315.45
-250369.61
-248193.84
-245782.02
-243143.86
-240299.21
-237280.68
-234133.49
-230913.88
-227684.87
-224505.72
-221431.19
-261946.78
-260171.25
-259035.96
-257391.28
-255621.3
-253589.35
-251315.6
-248791.03
-246024.91
-243036.42
-239858.27
-236536.47
-233128.8
-229702.06
-226324.21
-223092.34
-262215.83
-260396.02
-259292.49
-257650.98
-255895.37
-253877.09
-251619.05
-249112.35
-246365.6
-243397.33
-240239.44
-236936.91
-233546.24
-230133.09
-226760.93
-223534.72
-259278.67
-257508.6
-256469.72
-254914.77
-253241.7
-251325.91
-249183.57
-246809.23
-244211.41
-241408.64
-238431.77
-235323.47
-232136.38
-228931.13
-225761.24
-222728.41
-253396.99
-251775.84
-250831.38
-249443.61
-247924.55
-246200.43
-244275.4
-242147.79
-239826.48
-237329.76
-234686.41
-231935.3
-229123.56
-226306.03
-223531.31
-220889.76
-245008.71
-243633.52
-242806.75
-241659.23
-240369.91
-238922.81
-237314.08
-235543.24
-233619.02
-231557.98
-229384.52
-227130.33
-224832.52
-222533.58
-220271.7
-218120.16
-234506.37
-233486.89
-232825.42
-231983.83
-231012.67
-229935.01
-228747.81
-227448.23
-226042.48
-224542.97
-222966.48
-221332.67
-219661.19
-217969.32
-216261.08
-214531.89
-225138.5
-224513.46
-224030.49
-223506.46
-222850.65
-222085.35
-221234.64
-220308.11
-219315.59
-218271.26
-217190.78
-216087.6
-214969.35
-213836.55
-212680.24
-211393.09
-209967.7
-209431.05
-208981.97
-208446.18
-207848.3
-207189.22
-206475.73
-205719.39
-204936.64
-204148.66
-203380.45
-202659.8
-202019.41
-201496.84
-201086.83
-200663.91
-199922.23
-199573.04
-199257.58
-198902.82
-198518.47
-198109.78
-197685.86
-197260.1
-196850.55
-196479.63
-196172.88
-195957.05
-195860.07
-195911.98
-196125.13
-196422.3
-190509.82
-190326.31
-190156.07
-189976.73
-189795.47
-189621.67
-189468.27
-189352.16
-189294.07
-189317.64
-189447.35
-189706.47
-190117.45
-190701.26
-191448.24
-192240.59
-183040.57
-182976.09
-182924.31
-182886.68
-182871.6
-182891.11
-182960.83
-183100.04
-183331.21
-183678.67
-184166.26
-184815.65
-185647.61
-186678.71
-187883.26
-189116.99
-178275.2
-178274.69
-178292.99
-178339.79
-178425.99
-178565.73
-178776.51
-179079.07
-179496.57
-180052.87
-180770.18
-181667.99
-182764.39
-184065.94
-185505.45
-186856.23
-242282.59
-241043.71
-240101.01
-238916.57
-237603.55
-236121.56
-234477.21
-232671.08
-230712.2
-228617.33
-226411.27
-224126.21
-221800
-219478.26
-217223
-215118.33
-177201.37
-177224.26
-177270.42
-177347.66
-177466.55
-177640.34
-177885.08
-178219.46
-178664.26
-179241.11
-179970.57
-180869.76
-181950.19
-183213.54
-184638.64
-186153.08
-177152.7
-177176.23
-177223.78
-177303.25
-177425.33
-177603.4
-177853.51
-178194.22
-178645.92
-179229.6
-179964.96
-180868.27
-181950.05
-183209.33
-184617.45
-186092.01
-178248.89
-178249.15
-178268.68
-178317.26
-178405.92
-178548.88
-178763.7
-179071.1
-179494.02
-180055.87
-180778.18
-181679.7
-182777.57
-184075.27
-185498.75
-186823.06
-183090.69
-183025.67
-182973.27
-182935.11
-182919.73
-182939.29
-183009.51
-183149.75
-183382.49
-183731.86
-184221.22
-184872.48
-185710.2
-186757.72
-187972.8
-189120.1
-190588.49
-190403.21
-190230.97
-190049.3
-189865.38
-189688.62
-189531.97
-189412.34
-189350.49
-189369.89
-189494.58
-189748.28
-190160.05
-190764.1
-191522.62
-192143.07
-199957.72
-199606.58
-199289.23
-198932.03
-198544.64
-198132.22
-197703.78
-197272.58
-196856.54
-196477.89
-196161.78
-195934.84
-195827.06
-195871.04
-196070.57
-196360.36
-209951.29
-209413.52
-208964.01
-208427.39
-207828.5
-207168.25
-206453.41
-205695.56
-204911.22
-204121.68
-203352.17
-202630.94
-201992.54
-201478.93
-201088.74
-200679.49
-225173.2
-224548.08
-224064.38
-223539.64
-222882.79
-222115.87
-221262.82
-220333.07
-219336.27
-218286.46
-217199.22
-216087.81
-214958.96
-213810.67
-212620.93
-211313.97
-234553.04
-233532.79
-232870.27
-232027.74
-231055.25
-229975.78
-228786.24
-227483.72
-226074.45
-224571.09
-222990.92
-221354.44
-219682.56
-217995.26
-216299.79
-214629.93
-245073.08
-243696.63
-242868.65
-241719.86
-240428.76
-238979.36
-237367.73
-235593.35
-233665.1
-231599.88
-229422.74
-227166.25
-224868.34
-222572.45
-220313.37
-218174.47
-253474.07
-251851.46
-250905.76
-249516.43
-247995.27
-246268.46
-244340
-242208.23
-239882.2
-237380.63
-234733.06
-231979.33
-229167.54
-226353.55
-223582.99
-220960.83
-259362.52
-257590.99
-256550.86
-254994.22
-253318.88
-251400.13
-249253.96
-246874.93
-244271.7
-241463.3
-238481.29
-235369.3
-232180.8
-228976.42
-225805.17
-222780.87
-262302.78
-260481.59
-259376.87
-257733.67
-255975.77
-253954.44
-251692.4
-249180.75
-246428.24
-243453.86
-240290.29
-236983.47
-233590.7
-230177.02
-226802.53
-223585.32
-262035.09
-260258.3
-259121.92
-257475.66
-255703.48
-253668.57
-251390.87
-248861.37
-246089.47
-243094.8
-239910.86
-236584.61
-233174.56
-229746.53
-226367.32
-223143.9
-258437.76
-256787.07
-255666.23
-254103.96
-252397.94
-250449.28
-248269.73
-245853.14
-243209.37
-240358.7
-237334.53
-234183.11
-230961.29
-227731.47
-224554.4
-221489.29
-251489.02
-250020.1
-248964.85
-247565.38
-246017.13
-244260.08
-242301.37
-240138.6
-237781.7
-235250.35
-232575.33
-229798.16
-226968.5
-224140.13
-221371.34
-218769.6
-234563.16
-233558.83
-232707.07
-231669.6
-230521.73
-229228.52
-227795.22
-226224.25
-224523.66
-222708.71
-220802.7
-218837.14
-216852.7
-214907.97
-213076.63
-211332.78
-229627.24
-228839.02
-228052.07
-227073.82
-225979.43
-224731.65
-223327.47
-221769.51
-220070.53
-218257.09
-216370.17
-214463.02
-212599.91
-210861.65
-209317.07
-207832.02
-205405.02
-205270.35
-205098.8
-204960.05
-204928.68
-205026.88
-205244.09
-205562.73
-205958.72
-206396.24
-206828.96
-207204.75
-207471.69
-207587.05
-207541.51
-207312.78
-206276.73
-206206.26
-206178.47
-206158.11
-206103.23
-206046.53
-206049.59
-206134.91
-206269.41
-206412.95
-206539.62
-206618.69
-206612.9
-206493.72
-206265.75
-205946.56
-206544.9
-206481.04
-206434.85
-206392.23
-206369.65
-206371.08
-206339.51
-206223.06
-206059.77
-205941.25
-205885.24
-205786.35
-205558.28
-205180.3
-204687.02
-204111.23
-206754.97
-206705.5
-206666.77
-206635.15
-206611.45
-206599.66
-206616.65
-206698.43
-206862.02
-207013.72
-206965.07
-206595.54
-205731.27
-204683.61
-203643.21
-202662.46
-205603.67
-205600.65
-205613.84
-205647.09
-205703.11
-205785.05
-205895.51
-206036.19
-206211.15
-206435.67
-206583.12
-206319.66
-205317.69
-203981.77
-202594.63
-201240.57
-203336.84
-203363.93
-203411.1
-203480.53
-203575.02
-203696.44
-203844.79
-204021.22
-204236.62
-204498.74
-204708.83
-204507.06
-203805.66
-202695.8
-201426.72
-200177.88
-203321.85
-203349.35
-203397.39
-203468.25
-203564.89
-203689.27
-203841.45
-204022.41
-204241.21
-204498.55
-204684.83
-204453.23
-203727.68
-202638.66
-201458.04
-200243.08
-205631.06
-205628.39
-205642.18
-205676.19
-205733.1
-205815.99
-205927.6
-206070.36
-206246.04
-206453.61
-206545.47
-206222.54
-205209.3
-203867.11
-202473.32
-201121.23
-206804.99
-206755.25
-206716.35
-206684.67
-206661.11
-206649.84
-206667.88
-206751.58
-206915.72
-207054.67
-206973.56
-206560.89
-205675.97
-204603.63
-203525.14
-202474.31
-206598.23
-206533.83
-206487.38
-206444.74
-206422.36
-206424.38
-206393.9
-206278.62
-206116.02
-205994.66
-205924.48
-205802.25
-205547.05
-205141.33
-204623.43
-204023.27
-206312.77
-206241.92
-206213.95
-206193.65
-206138.62
-206081.29
-206083.3
-206167.05
-206298.71
-206437.61
-206557.23
-206626.67
-206609.72
-206479.69
-206246.87
-205888.33
-205426.71
-205292.23
-205120.79
-204982.07
-204950.58
-205048.4
-205264.87
-205582.35
-205976.69
-206411.94
-206841.56
-207213.25
-207475.23
-207586.44
-207546.02
-207300.62
-215412.87
-218498.76
-217608.55
-216799.86
-215850.11
-214789.68
-213635.2
-212399.67
-211108.04
-209794.42
-208497.72
-207264.87
-206160.65
-205207.63
-204198.62
-215458.8
-218530.91
-217643.34
-216834.3
-215883.93
-214822.56
-213666.63
-212428.91
-211134.38
-209817.35
-208517.44
-207282.23
-206174.98
-205210.15
-204217.27
-210029.37
-212988.64
-212977.09
-212632.14
-212449.05
-212315.71
-212162.37
-211976.48
-211755.07
-211491.55
-211174.74
-210788.31
-210317.31
-209762.2
-208822.47
-210000.89
-212963.42
-212950.2
-212605.44
-212423.18
-212291.07
-212139.6
-211956.41
-211738.66
-211480.01
-211169.53
-210791.46
-210328.91
-209790.88
-209033.71
-211590.61
-211657.33
-210540.61
-210500.89
-203334.38
-204333.78
-197907.14
-204257.4
-205546.82
-202507.57
-202236.19
-201757.59
-201764.56
-203586.83
-203863.92
-202694.11
-199775.49
-205482.71
-202069.12
-206409.69
-203706.47
-207563.92
-205927.26
-206307.66
-206149.6
-199655.16
-201663.17
-201464.77
-200768.96
-202603.98
-203677.06
-206379.32
-204594.46
-209172.55
-202562.56
-203249.02
-204469.81
-205395.14
-200194.95
-204161.3
-202599.77
-200369.4
-204311.94
-203826.27
-201156.76
-202678.75
-201787.4
-208992.35
-201794.75
-196684.63
-203350.88
-200971.48
-201940.51
-201952.85
-210793.75
-192237.42
-199618.79
-203994.45
-210288.53
-205042.01
-204103.1
-202231.2
-201483.87
-203666.29
-203542.72
-201953.68
-201993.42
-203660.55
-211472.54
-203512.62
-202581.86
-203317.91
-204323.46
-203387.77
-202318.82
-205760.78
-202168.74
-202740.29
-202745.4
-201638.65
-204191.77
-202360.15
-202847.45
-202762.72
-203256.75
-209086.16
-209576.89
-203539.24
-203960.65
-204710.9
-201538.42
-202662.14
-209950.55
-202738.91
-203889.79
-202633.47
-195986.13
-204832.71
-200673.62
-200176.44
-202662.53
-197312.34
-210521.08
-199955.3
-202727.04
-204007.57
-202640.3
-202611.58
-203960.85
-205720.07
-204325.45
-202721.13
-204299.07
-209366.42
-211689.46
-199162.9
-204432.66
-201367.72
-206702.11
-202824.24
-198619.7
-202499.51
-202744.27
-198996.54
-199227.84
-204370.45
-200326.56
-204403.77
-207783.44
-200488.48
-203300.78
-209262.31
-204427.22
-199603.77
-204682.22
-201520.62
-202728.93
-202745
-202676.33
-204844.14
-197127.36
-202658.52
-210760.28
-203841.46
-200727.32
-204059.47
-205733.93
-203644.3
-202666.59
-202658.45
-203773.84
-204306.42
-203148.75
-202066.69
-202094.63
-203616.59
-202376.45
-198668.61
-202815.17
-200958.93
-209733.53
-203331.53
-202866.81
-202650.4
-219402.75
-219363.22
-200498.17
-199506.01
-203172.79
-202756.58
-203161.86
-202096.73
-206382.13
-202705.61
-206133.71
-196377.55
-202399.31
-202723.67
-203517.8
-200531.24
-202953.31
-202726.47
-203722.79
-203344.82
-201942.02
-206067.38
-205349.96
-202185.12
-202237.68
-201699.91
-200624.02
-202713.34
-202188.03
-204212.33
-202765.28
-202703.78
-206831.99
-199795.35
-203484.2
-201394.05
-202697.43
-202424.8
-202235.97
-195641.03
-201962.47
-202312.77
-207557.69
-202965.15
-199463.16
-201434.16
-199999.73
-202856.87
-198699
-202668.43
-203628.62
-203347.08
-203030.32
-202337.79
-202754.74
-202539.45
-202746.93
-200924.89
-200308.5
-201666.2
-204130.01
-204494.83
-202824.99
-202703.99
-203881.74
-199333.23
-199358.16
-202689.77
-204854.39
-201537.31
-199279.25
-197929.58
-202779.62
-205172.66
-207255.64
-202124.21
-203000.32
-200769.76
-204080.95
-202755.51
-202534.93
-202585.74
-202154.68
-205260.36
-198145.92
-203392.74
-205223.44
-201436.84
-202557.2
-205358.2
-201885.49
-196133.78
-202652.43
-202626.64
-205424.28
-202639.15
-199891.09
-202284.59
-202735.71
-203930.85
-204223.43
-202688.31
-202781.24
-202829.28
-203520.82
-203153.35
-202563.33
-204516.52
-202729.55
-203781.91
-202574.85
-203595.33
-203013.62
-199809.08
-206619.38
-202918.23
-198540.85
-199370.04
-203202.58
-202585.04
-203056.73
-202882.01
-202410.62
-208662.77
-200867.27
-206162.97
-202681.34
-203230.88
-202271.86
-203118.33
-201962.18
-200813
-208491.34
-202610.8
-198485.87
-204408.55
-202349.25
-200700.87
-202172.32
-204426.72
-202514.99
-207127.85
-205778.36
-197825.47
-196162.07
-204560.85
-202248.09
-202904.65
-203805.28
-200446.58
-207308.38
-204290.83
-202694.87
-204438.04
-203131.48
-202775.36
-202442.27
-202534.2
-194785.8
-204440.88
-207669.34
-200079.2
-202569.99
-202724.57
-202491.89
-203434.61
-207887.78
-202563.98
-202680.22
-202669.61
-192319.44
-203128.26
-203243.85
-201073.96
-204660.26
-207344.01
-203706.79
-202676.9
-202796.73
-202612.12
-208994.01
-204641.56
-202692.25
-198993.1
-202655.25
-202626.42
-208766.48
-202543.19
-205765.81
-202595.8
-202677.48
-211440.08
-201597.49
-202123.11
-203742.5
-208885.72
-204454.22
-202823.94
-207163.85
-201588.02
-202247.27
-201236.49
-202682.56
-210667.07
-197445.33
-200232.38
-202353.71
-208797.07
-202641.59
-199712.81
-208713.41
-209910.08
-195767.5
-202804.09
-202202.64
-202113.1
-201527.09
-205163.62
-209727.41
-202372.79
-204910.4
-199592.67
-200234.31
-203447.44
-205114.86
-203205.2
-203898.73
-202658.58
-202271.03
-212210.36
-202718.95
-202115.31
-212008.08
-202742.64
-202393.98
-203946.6
-203025.59
-201588.17
-193154.57
-204502.6
-202576.31
-205423.25
-202565.25
-207489.71
-201099.99
-204915.32
-203652.46
-203038.78
-201363.63
-202774.44
-203204.34
-201371.73
-202735.9
-203303.23
-203073.24
-202127.87
-202071.81
-202671.2
-204067.28
-202702.55
-204603
-202921.41
-203657.03
-201601.99
-199452.37
-197758.52
-207708.75
-202695.92
-200024.17
-202602.97
-202001.96
-202073.84
-204294.68
-204398.85
-199855.47
-202313.11
-202640.02
-207354.8
-207218.22
-203514.03
-209626.57
-206459.62
-203892
-202680.58
-207804.45
-204595.44
-202750.43
-202744.12
-203719.23
-201072.56
-202757.82
-206176.16
-207658.54
-202668.89
-205251.25
-202523.23
-204357.22
-203051.67
-202643.54
-202000.5
-201947.42
-199050.25
-202334.47
-203985.28
-202207.49
-201330.18
-201556.53
-200550.22
-199924.75
-204394.24
-201311.91
-202816.59
-198220.1
-203227.31
-203103.26
-204305.16
-202782.12
-202754.92
-191955.73
-202917.9
-204326.51
-207024.46
-204943.65
-202687.12
-206026.98
-209680.38
-202701.33
-200843.94
-201645.07
-210910.87
-200909.24
-202613.22
-205312.82
-204164.77
-209490.17
-204141.78
-202945.93
-202316.1
-202641.23
-203467.78
-202077.17
-203059.52
-197986.38
-202115.43
-202163.52
-205033
-218727.85
-203962.84
-202660.11
-200526.7
-202653.88
-202868.98
-204522.33
-203726.21
-207020.58
-218687.71
-202979.5
-201509.07
-202726.95
-201281.13
-202795.32
-203891.35
-202032.08
-202993.52
-210719.9
-203551.47
-207408.5
-202234.58
-209140.16
-199433.19
-202047.45
-209729.35
-199576.3
-202427.42
-211759.35
-199705.33
-201883.03
-201877.15
-201400.15
-201531.65
-217468.23
-205101.64
-207991.81
-202759.18
-207824.02
-199683.93
-201231.67
-201246.41
-202249.85
-204743.45
-203876.59
-202653.22
-202697.23
-199843.96
-206967.37
-204180.69
-202627.83
-217482.84
-197902.78
-207967.95
-204910.77
-202997.66
-209154.74
-206799.29
-202816.31
-212232.57
-204619.47
-203434.15
-201492.55
-201425.65
-203863.76
-207139.01
-208808.87
-199650.93
-198067.33
-198342.43
-201816.72
-202899.71
-201287.64
-199998.26
-197811.41
-200625.7
-196135.96
-202689.4
-201583.33
-200594
-202550.89
-203806.46
-202667.62
-200927.42
-199402.24
-201716.81
-212159.66
-201535.64
-203172.08
-191973.48
-201063.11
-202684.76
-192432.97
-199592.87
-204174.29
-204228.77
-200149.14
-192490.96
-206560.81
-203256.2
-200210.23
-203002.8
-196693.22
-200181.89
-199976.93
-204413.75
-202639.35
-199610.61
-199924.24
-192000.24
-201881.35
-202732.39
-201509.55
-205187.94
-204908.9
-204417.11
-210902.28
-192053.37
-203882.26
-202705.27
-203815.8
-197705.1
-198618.6
-207068.48
-206953.97
-202588.91
-200187.5
-207600.82
-210697.39
-205016.3
-206407.71
-202051.31
-202070.57
-203186.06
-203687.28
-203086.84
-202070.11
-203853.12
-205904.12
-200951.31
-204249.01
-203273.96
-207778.66
-193931.98
-206342.45
-202015.39
-202693.04
-202503.96
-201517.64
-204009.16
-192645.82
-203905.36
-202670.3
-200864.02
-202757.69
-210570.97
-202770.05
-204884.45
-202644.77
-203794.93
-202447.54
-207968.61
-198122.35
-207724.16
-202588.33
-201703.64
-206032.12
-199117.94
-202810.81
-197848.84
-203678.05
-189991.64
-203126.32
-203491.32
-210407.13
-195003.13
-208096.48
-202674.17
-202706.04
-202401.94
-202566.7
-209949.68
-201259.84
-201494.78
-201936.15
-216506.43
-202671.76
-201347.36
-202727.46
-216525.29
-201867.9
-202607.33
-206469.56
-202774.68
-202427.24
-199877.7
-204680.84
-212915.09
-201780.13
-203534.25
-202634.65
-202626.03
-204344.33
-204981.71
-201634.61
-203094.72
-201117.3
-203648.78
-198224.29
-212914.17
-203227.28
-203889.08
-212692.99
-201376.01
-199839.92
-202626.85
-204685.81
-202756.59
-200060.76
-200501.51
-205334.81
-202077.88
-202659.26
-204026.54
-201487.78
-199270.89
-201501.09
-203205.79
-199925.22
-202597.05
-212662.69
-200794.41
-202991.84
-205735.88
-203027.52
-203507.59
-204436.07
-202802.48
-203626.24
-204635.53
-202466.22
-202681.36
-206303.31
-204358.78
-204209.86
-204061.82
-203233.12
-209009.23
-206589.93
-206480.69
-201658.69
-206379.85
-197642.06
-202411.85
-201801.36
-204370.84
-201718.44
-208529.76
-202510.57
-205729.88
-209134.76
-204520.21
-203039.04
-206027.9
-204009.22
-203533.23
-202564.49
-204354.58
-200210.28
-203173.29
-202646.56
-201442.61
-200091.76
-204791.02
-197871.39
-205487.37
-187696.46
-200748.86
-205552.95
-203709.2
-202628.98
-201908.04
-199293.8
-204280.89
-202681.82
-202799.37
-202404.91
-201582.34
-203190.8
-202674.8
-202890.64
-202674.35
-198020.89
-202714.94
-200434.01
-199393.47
-199853.26
-200088.86
-200559.84
-201591.03
-202713.76
-201630.13
-204346.21
-203484.47
-202642.42
-202559.43
-197748.41
-204961.11
-207295.51
-202159.93
-199750.97
-203507.04
-199489.41
-201261.85
-204035.13
-196615.56
-202543.18
-203017.23
-203423.61
-202632.61
-202652.9
-203201.3
-202471.75
-192129.35
-202927.79
-203453.75
-200740.98
-202475.93
-202392.13
-202615.11
-202796.4
-199651.28
-203942.66
-203639.19
-202927.84
-201142.02
-202431.55
-201916.23
-203196.77
-202695.76
-202753.54
-201895.76
-200281.1
-201680.12
-204878.52
-202628.36
-202705.17
-206212.05
-201721.09
-203026.47
-203443.22
-192870.18
-204710.71
-192915.22
-207415.83
-204975.13
-202320.62
-203908.03
-201365.88
-202712.39
-198787.58
-202661.77
-200199.13
-203201.77
-204881.75
-205379.66
-212145.8
-201808.1
-202712.44
-203824.97
-199803.38
-204448.74
-199774.96
-204394.45
-203207.99
-200309.98
-201538.23
-202802.76
-202113.4
-203002.48
-211966.89
-202390.28
-187970.71
-209819.93
-204804.24
-202572.18
-194154.58
-201449.58
-212926.49
-204211.66
-202667.03
-203508
-204472.81
-211511.19
-203546.23
-201514.92
-211348.91
-204271.58
-200911.75
-202578.2
-203100.45
-203479.96
-202703.8
-202494.35
-202646.27
-201457.42
-202415.86
-202660.77
-203524.67
-199409.28
-200608.46
-197738.74
-199993.31
-207380.98
-209626.27
-202598.91
-205366.31
-202434.23
-211700.61
-206584.56
-204240.9
-203983.42
-205419.61
-199842.07
-204302.68
-202617.76
-204510.33
-202985.98
-199883.02
-203368.05
-202429.93
-202568.87
-211954.6
-204133.7
-202563.54
-202695.86
-202618.24
-201157.71
-201842.17
-189458.72
-202663.57
-202656.98
-202755.14
-203333.22
-211308.52
-207500.04
-204921.77
-205334.5
-204844.18
-197990.62
-195010.96
-210741.5
-202680.67
-199242.99
-212243.72
-203567.48
-201781.08
-209568.78
-210134.94
-201017.14
-202512.68
-201423.19
-202699.49
-203283.65
-205366.23
-199923.62
-196720.49
-209479.26
-202315.22
-196005.87
-202789.87
-201892.34
-203224.45
-198587.73
-203346.27
-203337.79
-202485.27
-202668.23
-203022.53
-207494.83
-190600.07
-208386.31
-207764.39
-202932.46
-207477.12
-195015.42
-207306.37
-199729.39
-204872.45
-206672.42
-202714.84
-202316.74
-201978.78
-205127.35
-202504.4
-209325.64
-201785.4
-200467.12
-197159.49
-205767.47
-205963.23
-199851.54
-203440.79
-202471.71
-203031.56
-212455.8
-208605.01
-203839.19
-203540.38
-204662.22
-202772.76
-201444.1
-199343.33
-201325.35
-209199.85
-202780.46
-206373.16
-202909.32
-202555.21
-196995.06
-199558.25
-202804.01
-199886.92
-203857.83
-199295.72
-202337.04
-203407.14
-200996.16
-195282.81
-220268.98
-200522.89
-202880.88
-207691.11
-202642.7
-220220.77
-202768.82
-200706.9
-205849.82
-202713.14
-201134.89
-203466.03
-202107.17
-209838.78
-213062.83
-203026.01
-202799.43
-202398.91
-203165.25
-197960.1
-208153.25
-207479.69
-199711.74
-202720.63
-208640.97
-202443.1
-201547.78
-200705.24
-208043.34
-202233.77
-202207.9
-204076.77
-203464.52
-206017.3
-202682.62
-202538.76
-211180.21
-202438.62
-202491.98
-204192.57
-203216.47
-214647.57
-203090.36
-193518.24
-214482.3
-198139.11
-208007.16
-202880.19
-199277.02
-202959.67
-204067.95
-218725.27
-204534.21
-190640.71
-202469.91
-210976.23
-207637.35
-201311.91
-218655.21
-201686.11
-202775.31
-197475.67
-202525.07
-202185.88
-202855.23
-198882.84
-204181.2
-202708.84
-203100.51
-209029.7
-202606.49
-201846.17
-204524.32
-203962.3
-202457.53
-202719.09
-201211.57
-187597.86
-202774.01
-199059.3
-205432.06
-200473.68
-201699.29
-201876.05
-193273.97
-202943.5
-199726.93
-198626.51
-205317.1
-199407.46
-210601.98
-204432.08
-202640.02
-201950.04
-203121.93
-202643.63
-203725.77
-202121.41
-202214.46
-206816.21
-189473.03
-207117.7
-200094.68
-210408.59
-200455.62
-200998.26
-204827.25
-196596.52
-199626.98
-201609.04
-200947.71
-203178.87
-202828.83
-201863.78
-203633.2
-203150.73
-216451.48
-216370.47
-202919.91
-203717.5
-203100.17
-202707.18
-204432.37
-202875.39
-202997.19
-207844.33
-202823.3
-204325.33
-204994.86
-202655.84
-204313.36
-201648.41
-203742.42
-202679.53
-201747.32
-219835.26
-199169.8
-202634.55
-204310.37
-199577.7
-205409.95
-219786.03
-202862.17
-202610.57
-206194.43
-200941.71
-203137.53
-216626.78
-202656.63
-197888.52
-204482.59
-202439.13
-202682.59
-203458.13
-216471.24
-199675.43
-202564.02
-206526.22
-202667.87
-204503.04
-209677.26
-200377.22
-200450.3
-202845.57
-200884.75
-202987.81
-206459.25
-209483.68
-202404.91
-203440.46
-204208.2
-205652.33
-202860.37
-188587.33
-202797.82
-194995.2
-202426.17
-194045.22
-206658.32
-206335.17
-203052.03
-201691.91
-201677.28
-198892.94
-204690.38
-202615.47
-198271.83
-200791.45
-202879.27
-204053.9
-202886.47
-199316
-201185.22
-202695.98
-202440.81
-203086.45
-203709.23
-203181.87
-201596.75
-201457.47
-204134.57
-202210.48
-211340.58
-201135.14
-200708.02
-202163.39
-203843.01
-202612.84
-202715.56
-193244.65
-203321.19
-203722.46
-202761.31
-199055.6
-196809.63
-209140.22
-203446.51
-202873.86
-198929.61
-190243.31
-202772.82
-202450.79
-200900.04
-203025.26
-202654.96
-202648.87
-204444.57
-199675.06
-202648.39
-203998.16
-205613.92
-201658.33
-202659.97
-204435.56
-203137.69
-202773.98
-202834.25
-206218.68
-203686.98
-212031.72
-206137.72
-202649.71
-202745.99
-203559.7
-199247.79
-199973.65
-201124.06
-207192.59
-202652.12
-200446.4
-206191.93
-211821.89
-200830.83
-202643.08
-200857.14
-202452.75
-210385.19
-212916.13
-202506.46
-200329.01
-200306.5
-202959.84
-207985.11
-202604.8
-203583.46
-202090.04
-198641.08
-206368.53
-200150.56
-198592.22
-202759.81
-195472.28
-190329.37
-201159.93
-202464.05
-208162.89
-200018.68
-206364.03
-198127.03
-201927.96
-207050.93
-201783.23
-196463.75
-197865.01
-202661.2
-202658.53
-211558.03
-202830.07
-198096.49
-202279.09
-202332.99
-212720.84
-202419.25
-201858.23
-197855.18
-214139.6
-205570.69
-207945
-206778.05
-195346.31
-202647.14
-202477.04
-204482.98
-200423.99
-203887.61
-202652.65
-215026.96
-202807.79
-202844.22
-214896.51
-202487.84
-215113.73
-202888.78
-202306.25
-203405.18
-202643.66
-201494.02
-199451.01
-202450.81
-202646.55
-204319.03
-202842.01
-204398.26
-201832.72
-203065.49
-201767.77
-201181.43
-211350.99
-214930.8
-208657.43
-202568.23
-202714.62
-202644.88
-202491.04
-202633.55
-201354.48
-202372.33
-202679.8
-200706.96
-198714.45
-204213.94
-196407.87
-203925.28
-202963.27
-210613.47
-200542.7
-218375.83
-199069.49
-202761.81
-203207.2
-202045.65
-204380.41
-204392.74
-213116.68
-203090.09
-201309.09
-202887.77
-200059.25
-202737.91
-202520.31
-202722.19
-202694.89
-198475.99
-203157.96
-203970.66
-203753.9
-201107.29
-204687.52
-203468.3
-202754.21
-202792.74
-203293.12
-192969.75
-204270.61
-202699.81
-204226.54
-199563.44
-205171.64
-206671.11
-200882.31
-200644.83
-218456.02
-202767.51
-202709.42
-200289.43
-202815.22
-201650.19
-202937.43
-204598.39
-202640.68
-199836.74
-201550
-192402.14
-209394.51
-202564.03
-201883.13
-213432.26
-213428.22
-192787.5
-200042.58
-202417.6
-205327.41
-203056.65
-202795.45
-198752.56
-202667.34
-199867.89
-197034.82
-202755.29
-208486.49
-197872.7
-204503.73
-202548.26
-202899.97
-201659.67
-200235.06
-203895.88
-202708.24
-202392.8
-202385.45
-206631.92
-209239.98
-202676.62
-202943.31
-208826.92
-201497.72
-202712.9
-203164.02
-199996.82
-206824.6
-202712.44
-203759.47
-202709.63
-202840.98
-202187.45
-205190.51
-213817.32
-202134.99
-189709.35
-199163.5
-202217.59
-202258.36
-200050.73
-202611.27
-210722.13
-202422.14
-210923.17
-201734.26
-201739.18
-208290.95
-205377.89
-204617.51
-201067.42
-209840.63
-204392.11
-193194.79
-195700.29
-203403.78
-188452.16
-200901.14
-211832.24
-202727.64
-214218.53
-190547.01
-202096.35
-213627.1
-212019.21
-202911.04
-202740.63
-202750.82
-199347.08
-191361.71
-203586.3
-205510.6
-202103.39
-201644.79
-205374.61
-201605.23
-203068.3
-202636.29
-203981.3
-202815.39
-203641.66
-209973.17
-202007.78
-204189.45
-203355.86
-202981.25
-214658.25
-202523.21
-204426.33
-211618.07
-201664.05
-200056.57
-214596.83
-203037.32
-204730.06
-202667.38
-199453.53
-199935.49
-206326.97
-201183.31
-189852.8
-200255.41
-203725.61
-201652.73
-202830.32
-200531.05
-194041.7
-203132.4
-203160.73
-204109.09
-214729.96
-204588.18
-200593.49
-202543.76
-202716.89
-202316.97
-204776.42
-201866.49
-195032.03
-207732.61
-205708.85
-202776.9
-201827.89
-202766.43
-202794.28
-202824.53
-215800.09
-199649.26
-201441.18
-198479.7
-215633.11
-203084.72
-198303.51
-207764.02
-208336.67
-201386.2
-207365.81
-204038.34
-214675.85
-218281.03
-218236.12
-196940.22
-202659.12
-208857.55
-205545.69
-202780.44
-202236.08
-203928.49
-203074.04
-206513.26
-202618.94
-206625.41
-204431.65
-202564.03
-207335.27
-202173.98
-198821.75
-204137.22
-199411.12
-204982.85
-204083.28
-199218.57
-203497.1
-216249.4
-200749.58
-203566.33
-206846.58
-203020.75
-204393.24
-202265.81
-202927.03
-202420.99
-202478.2
-198587.91
-202671.57
-204445.33
-201573.93
-202599.17
-203081.17
-203242.88
-208226.61
-196596.48
-202796.8
-202325
-203906.13
-202705.18
-202666.66
-203023.56
-189794.3
-202556.65
-205643.49
-213231.13
-193891.61
-205018.73
-203704.57
-202817.32
-201141.97
-197105.81
-203000.49
-205919.57
-206639.23
-199668.39
-201812.92
-200556.92
-202691.14
-202682.76
-199281.22
-203226.84
-203579.32
-206031.7
-206660.07
-202602.23
-206440.96
-193597.51
-202967.42
-202725.15
-204234.88
-203327.97
-204793.4
-202666.83
-203596.75
-200398.65
-202283.78
-213031.38
-216484.39
-204965.31
-203245.83
-213348.43
-190665.12
-204360.94
-204380.81
-202356.64
-202384.62
-204509.59
-202480.98
-206378.26
-200333.38
-202652.64
-202908.6
-200561.9
-202769.57
-199979.13
-200292.34
-200608.17
-204911.79
-202672.95
-200520.43
-206973.2
-201742.04
-204600.79
-202945.96
-199999.73
-202666.09
-202642.22
-200936.17
-202773.99
-202081.85
-216359.96
-201151.74
-201884
-208062.93
-203523.84
-202568.52
-203505.84
-201462.23
-203019.15
-204377.85
-200633.57
-203231.63
-203823.06
-198205.13
-202686.3
-202678.96
-191508.48
-197238.88
-204896.85
-202962.19
-205229.89
-203722.52
-201709.49
-200294.04
-203472.93
-205255.57
-202615.13
-202739.59
-205173.55
-199454.36
-204520.79
-202892.75
-199880.28
-204434.1
-202563.36
-202662.26
-210756.3
-204136.69
-202511.23
-210965.53
-205010.66
-200412.46
-190769.71
-202642.04
-202676.02
-202530.64
-209239.04
-202691.93
-202512.82
-202606.3
-202714.07
-202749.32
-213482.48
-204936.25
-202501.05
-202480.11
-204505.78
-205707.68
-216315.94
-196558.33
-202632.66
-199799.56
-203336.07
-198840.44
-198828.76
-205271.09
-213275.93
-199430.57
-204872.9
-205621.61
-201561.54
-199386.34
-201191.62
-200757.49
-203439.93
-206492.51
-199248.95
-203099.85
-202547.1
-202658.02
-201313.55
-202326.43
-202680.59
-200419.79
-202834.41
-200276.87
-202740.47
-202804.46
-202231.6
-201268.72
-204434.53
-202667.71
-202589.93
-203214.27
-206920.18
-202653.36
-207070.71
-202794.29
-202924.15
-201560.79
-203003.94
-194882.81
-200987.39
-203239.53
-199502.81
-202317.65
-196239.24
-201167.67
-204995.16
-203990.35
-208370.82
-202751.38
-203012.4
-202498.26
-207241.52
-209940.11
-203322.32
-202981.92
-202732.39
-202801.43
-195234.53
-200736.52
-202741.57
-211471.16
-202269.77
-203050.67
-206544.71
-202225.15
-195297.78
-200151.99
-204255.72
-202390.91
-214654.66
-202773.68
-204260.35
-202644.82
-202676.4
-202805.56
-203358.15
-202447.79
-201538.96
-203885.47
-200972.34
-200223.14
-202374.26
-202420.62
-202567.46
-208247.82
-203330.47
-211306.04
-198055.59
-201991.06
-204930.32
-202826.31
-198491.58
-206357.55
-202664.99
-204891.06
-203004.4
-202843.58
-202639.12
-203011.64
-205786.83
-202571.89
-214572.95
-203049.68
-202208.76
-202103.52
-203056.37
-204665.67
-203787.14
-202510.48
-204126.1
-198468.13
-204222.03
-206730.8
-194577.69
-202677.37
-205100.92
-201065.36
-202966.26
-203926.31
-200062.44
-204582.3
-199108.56
-213705.55
-208381.99
-204493.72
-203168.84
-203001.73
-202856.72
-201690.39
-202604.37
-209721.85
-205133.59
-202853.25
-202463.68
-202372.65
-201074.55
-201772.53
-191841.2
-202551.01
-200972.69
-202736.04
-205135.45
-208095.12
-204049.18
-203087.79
-204379.86
-202575
-199206.63
-204056.38
-202958.96
-204063.35
-202676.03
-203349.85
-202565.87
-204234.15
-201760.21
-205181.18
-199868.5
-202742.7
-199809.15
-203684.55
-204084.66
-202691.35
-202622
-200352.86
-198583.62
-202693.44
-202124.23
-215655.54
-200427.86
-202729.63
-203045.88
-201543.06
-207746.22
-202525.3
-202565.61
-194617.49
-202751.69
-205517.15
-201634.42
-209782.33
-202204.42
-203192.5
-204630.28
-202516.86
-205135.64
-202593.34
-202070.33
-203105.1
-202301.83
-202566.33
-204819.33
-199750.23
-208678.44
-205284.85
-202176.46
-202887.77
-198917.23
-215554.12
-202453.12
-202783.34
-204924.07
-202631.7
-204313.53
-203056.66
-200629.47
-202775.84
-213512.52
-206927.45
-205464.37
-205887.56
-215426.58
-202586.83
-197205.88
-203209.55
-198466.02
-204504.08
-199748.05
-206000.13
-203737.15
-202803.55
-204727.91
-202256.82
-204311.61
-202719.93
-202686.44
-203040.24
-206205.37
-206674.28
-201782.1
-201730.35
-203364.39
-202455.77
-200194.66
-202667.37
-202791
-203763.05
-205568.8
-202582.89
-202661.32
-201169.11
-203104.07
-208295.61
-202911.56
-205095.09
-203297.1
-201540.1
-202126.03
-202612.56
-202251.5
-207866.64
-209113.18
-201914.31
-199193.52
-204242.68
-204372.53
-200111.27
-202513.31
-201524.57
-205236.77
-205181.92
-200427.24
-202780.8
-207627.06
-203228
-205517.24
-204575.72
-215525.66
-205274.95
-202752.63
-202657.08
-202601.35
-207857.65
-203139
-201397.42
-202739.14
-204283.14
-206111.32
-209189.24
-202841.54
-203294.38
-201175.77
-194562.07
-202666.14
-204359.78
-202640.01
-202830.74
-204622.16
-203009.67
-200052.51
-202739.75
-202423.48
-205250.35
-200000.13
-202858.08
-202350.79
-201122.19
-203758.2
-204498.82
-202708.47
-204495.72
-204617.57
-202656.79
-201981.78
-202800.67
-202764.46
-202747.68
-202494.11
-202626.44
-200990.72
-202250.75
-202666.59
-202658.22
-202966.25
-213943.11
-201026.42
-202588.35
-214696.68
-202613.97
-198219.89
-208407.94
-202216.09
-200531.03
-202598.42
-199332.81
-202653.39
-202852.12
-202311.63
-202609.16
-205285.39
-203137.97
-209481.22
-202812.85
-202977.14
-202675.03
-198887.16
-202667.03
-203104.19
-202643.7
-202540.69
-209707.39
-202581.13
-204301.28
-199608.43
-207877.09
-204673.44
-203038.45
-205719.76
-202697.81
-199150.13
-204756.89
-203135.6
-202963.21
-205203.36
-193877.33
-199731.06
-199732.6
-201093.98
-202625.01
-205431.62
-202699.99
-203596.44
-201812.18
-204702.75
-202417.44
-204025.47
-204377.93
-206521.86
-199091.82
-204842.8
-205343.17
-204565.97
-206604.36
-203104.3
-204562.04
-202769.81
-204355.26
-202639.15
-198605.92
-204279.32
-203014.53
-204472.52
-202674.64
-200301.54
-202728.51
-201860.27
-208483.98
-201248.55
-202672.88
-202746.34
-200364.88
-201754.74
-199271.24
-203730.21
-208282.19
-202661.63
-200587.61
-202740.04
-202149
-201172.18
-202492.47
-202767.71
-204357.8
-200395.51
-208004.27
-203133.62
-200438.17
-203007.47
-202650.74
-204458.72
-203883.23
-200687.32
-205562.04
-203804.61
-201611.73
-198981.75
-204092.57
-203957.06
-202853.1
-202880.8
-206664.14
-203083.07
-200885.95
-202423.31
-204601.07
-201676.65
-202920.58
-202645.02
-205891.32
-201926.16
-203021.65
-202632
-200425.17
-196148.3
-204762.96
-206303.92
-204852.77
-205162.15
-201184.41
-204184.79
-207663.46
-205259.23
-208441.86
-202923.43
-201742.79
-216277.39
-210066.39
-200993.12
-202263.29
-200205.05
-201888.21
-203952.44
-200184.92
-201790.15
-206786.71
-202303.11
-198222.48
-206285.32
-202149.51
-202982.14
-202670.45
-202147.43
-206409.89
-199114.97
-200037.89
-203020.24
-205034.11
-202667.84
-206736.31
-202662.14
-203004.07
-195404.52
-203758.8
-195440.61
-200922.48
-204367.52
-200047.1
-206696.91
-206163.59
-202618.88
-202766.57
-201819.31
-208175.97
-202768.64
-202821.07
-196752.16
-201564.09
-207429.09
-199012.95
-200816.22
-196363.37
-199903.91
-198678.34
-204918.29
-208754.77
-202657.76
-204950.71
-204906.46
-204324.17
-202689.73
-203980.58
-201161.1
-202023.05
-206064.86
-199306.05
-203995.49
-203165.55
-202250.19
-205106.03
-204177.54
-202452.49
-201348.05
-202673.8
-205268.24
-202748.16
-204374.67
-202663.83
-202519.79
-202699.32
-214538.95
-202187.18
-202589.02
-206279.8
-204091.34
-202623.4
-201141.73
-202526.03
-202642.89
-202728.33
-202558.89
-202969.44
-203883.2
-204685.1
-202306.25
-202809.33
-202690.07
-197699.55
-202711.01
-203784.76
-206890.75
-204828.66
-196532.81
-204831.44
-201992.6
-201602.67
-198714.62
-196416.14
-200689.27
-204594.8
-206724.84
-201513.48
-202662.01
-203212.49
-193692.52
-202673.8
-202428.48
-202512.96
-198495.41
-202653.91
-205626.18
-204019.19
-196046.54
-194887.62
-206053.98
-208433.91
-204168.96
-198761.76
-202299.9
-203009.45
-202796.43
-202176.37
-208846.34
-202739.53
-203689.66
-194825.02
-202455.88
-200839.05
-202842.57
-201314.42
-196796.62
-203956.29
-207977.13
-199840.1
-199682.93
-199973.77
-207109.54
-202116.16
-202124.74
-200946.32
-209230.21
-195427.46
-202667.84
-206311.29
-202677.1
-215064.51
-208576.67
-204544.08
-202445.86
-203697
-204116.2
-202954.73
-204310.21
-202468.96
-200062.53
-205208.73
-204061.04
-203008.13
-204566.28
-205626.55
-203346.19
-201909.31
-201614.33
-207918.5
-204734.89
-202562.5
-202635.11
-207270.33
-214298.14
-200143.19
-203837.03
-200783
-208164.51
-202680.08
-201886.67
-203350.93
-204854.05
-201940.34
-208379.94
-206795.66
-202342.85
-208342.17
-200976.87
-198770.67
-205953.51
-202129.09
-203691.71
-196158.75
-202529.05
-202743.84
-202594.29
-202933.02
-200055.99
-202623.74
-202159.65
-202899.18
-202689.22
-198312.52
-205217.49
-201850.36
-201869.57
-205459.44
-202714.63
-204759
-193150.16
-204194.13
-201044.6
-201468.43
-202756.32
-205579.24
-203981.2
-207526.21
-203453.3
-204869.32
-203896.32
-208518.8
-202523.72
-210379.51
-199113.39
-203733.53
-200414.21
-202859.55
-202744.2
-204728.35
-201765.3
-201775.86
-200435.8
-195557.37
-202859.8
-207508.13
-202544.04
-200258.99
-203958.8
-202688.18
-209017.54
-205566.84
-205742.55
-202709.36
-198758.9
-200779.3
-200710.95
-205123.81
-200910.01
-202826.36
-201930.66
-203245.02
-204036.51
-202666.65
-205793.08
-204095.5
-207373.94
-202579.33
-198529.91
-204377.78
-202682.62
-201913.53
-202126.16
-203066.41
-204572.32
-205130.26
-206269.31
-202269.74
-201218.73
-203208.21
-202757.51
-202782.35
-202228.99
-203319.39
-207768.15
-204102.54
-202111.02
-198253.93
-202162.87
-202725.81
-202313.97
-204394.89
-204071.41
-203413.69
-202174.85
-204918.96
-202664.21
-201228.98
-202674.62
-196464.98
-202659.15
-196960.9
-211139.97
-202306.29
-203401.32
-203317.78
-206490.48
-203977.65
-207932.84
-202783.73
-203054.72
-202675.34
-206699.05
-203256.2
-209510.28
-207734.97
-194656.37
-200044.95
-203048.81
-201514.29
-204051.36
-204393
-203807.28
-202672.95
-204055.94
-202533.31
-198740.17
-200083.47
-202264.98
-202280.59
-203488.07
-202576.75
-202828.8
-203277.48
-202720.3
-200601.26
-202613.35
-201246.14
-202789.42
-206585.76
-203462.56
-202053.84
-205854.7
-208079.63
-199348.9
-201641.21
-203111.2
-202889.86
-202893.11
-208067.73
-204065.53
-202606.17
-197223.6
-204390.77
-202887.34
-202828.73
-201763.34
-197648.39
-201132.67
-200648.08
-202722.47
-200690.31
-205219.15
-201042.4
-203652.23
-201902.55
-198564.8
-208103.03
-202933.15
-202711.66
-204448.51
-202897.94
-202572.66
-199917.64
-211892.25
-201620.04
-198523.03
-205588.32
-202674.33
-203406.17
-202959.05
-200371.65
-202949.68
-203907.78
-203508.07
-204022.42
-202768.47
-199969.9
-204636.97
-202238.17
-203862.87
-202691.9
-208907.56
-199561.76
-202127.96
-202553.26
-202222.95
-203069.92
-204156.98
-203620.55
-216467.57
-203978.7
-201019.36
-205973.08
-194952.5
-202430.29
-200021
-201303.34
-208462.16
-202157.66
-207769.13
-197219.19
-202912.77
-213254.12
-202848.77
-194906.47
-202722.42
-205434.53
-202307.74
-193849.53
-204143.17
-204250.08
-203550.49
-197734.47
-202626.56
-201955.42
-202137.48
-195843.03
-202677.86
-202704.77
-202771.88
-203971.87
-202668.23
-202711.94
-207451.79
-197346.25
-202792.66
-202889.45
-203594.66
-204101.02
-202616.36
-203416.95
-207152.67
-202609.17
-202942.91
-205946.46
-201963.12
-200480.34
-204116.71
-205774.19
-207522.72
-205384.15
-201389.24
-202740.86
-205791.24
-202647.75
-201460.26
-204203.38
-203872.52
-202685.95
-203373.81
-202692.18
-204995.4
-200323.37
-201178.43
-202651.73
-202827.44
-205237.45
-204258.85
-202686.65
-202711.88
-200921
-203394.83
-202690.58
-205264.22
-200996.3
-202719.2
-203664.44
-203297.44
-204470.52
-197756.23
-202726.42
-206036.24
-200866.68
-202714.14
-202792.52
-202411.6
-201879.92
-202664.1
-201843.05
-202511.78
-202723.13
-202617.01
-205827.1
-208571.92
-202267.19
-202299.03
-197353.6
-201279.72
-206119.95
-202556.34
-201398.42
-201261.85
-202402.31
-203281.56
-208317.3
-200895.73
-206722.11
-202300.38
-203783.47
-202657.03
-202628.76
-208560.29
-201298.41
-202457.68
-202487.91
-202074.21
-199897.04
-208355.19
-197269.22
-200152.07
-204102.96
-203378.7
-201854.92
-201906.91
-198611.17
-197153.18
-202833.93
-195480.78
-202632.42
-206059.88
-205160.18
-203458.78
-199365.72
-208336.89
-202669.08
-204040.31
-199847.35
-201619.12
-202962.95
-202652.91
-202664.64
-203205.35
-195095.2
-202217.62
-203667.69
-202451.65
-202898.02
-199990.81
-202609.06
-202841.13
-202703.89
-203109.06
-204861.45
-210298.75
-203585.01
-203119.62
-202940.18
-202754.38
-203923.93
-202896.79
-200093.93
-205856.5
-207626.21
-204550.94
-202711.31
-202417.35
-203116.37
-204136.36
-207229.15
-203778.03
-204646.57
-203269.96
-203755.98
-198840.85
-202815
-207956.77
-208832.59
-203583.06
-200394.18
-199803.35
-205686.36
-200912.23
-210608.09
-200776.7
-202604.03
-204533.4
-202674.17
-206848.75
-199840.29
-200370.15
-204289.58
-202727.26
-202832.76
-206139.38
-210751.41
-202765.68
-202682.72
-187879.32
-201859.27
-218812.1
-218831.32
-202963.32
-207090.68
-203543.72
-194185.92
-200245.11
-205305.1
-202693.23
-201077.3
-203371.82
-211334.81
-203374.59
-201164.59
-202679.28
-201644.28
-203556.55
-202033.42
-202696.87
-203338.8
-203831.74
-203277.2
-199793.13
-202158.64
-201153.18
-202826.39
-204186.03
-201665.36
-203789.49
-203309.6
-203651.67
-201734.99
-201692.03
-201689.22
-201733.28
-201056.39
-203713.74
-200394.25
-203477.35
-200953.79
-201632.14
-197418.96
-201644.83
-202590.86
-202457.73
-201701.44
-201714.12
-203896.34
-201713.94
-201702.81
-202240.53
-209080.53
-209231.37
-200762.87
-202692.44
-203456.74
-199331.16
-201714.6
-202713.01
-204190.07
-206069.36
-199802.83
-204846.73
-202059.96
-203592.75
-206405.96
-187921.33
-203441.18
-202571.54
-212246.65
-202637.19
-196694.03
-202067.55
-202570.68
-200597.74
-197596.5
-202629.24
-200188.97
-200193.25
-202468
-203411.04
-203499.66
-204755.21
-205025.76
-197300.7
-202688.36
-202708.19
-202331.07
-201703.2
-199542.8
-199694.2
-203377.42
-203295.12
-206222.48
-202519.98
-204895.08
-205424.55
-202891.93
-199704.53
-200188.13
-201668.4
-201897.66
-201862.71
-199405.64
-202832.76
-212096.98
-213274.7
-202550.83
-195019.16
-204141.02
-201939.76
-205339.03
-203064.26
-201691.67
-203723.2
-204601.78
-204523.72
-204974.6
-201155.64
-202683.13
-206256.14
-202910.76
-204108.98
-202905.41
-200586.76
-206145.94
-205477.5
-202727.77
-200098.59
-205863.95
-205544.39
-200291.77
-205304.62
-201709.41
-203500.16
-202675.13
-202789.25
-203356.96
-203274.02
-202507.85
-205119.93
-203198.83
-202875.95
-202902.58
-205190.53
-199006.15
-205884.43
-202715.59
-203203.17
-202264.06
-203282.39
-197025.1
-206073.67
-202698.22
-202738.53
-202864.16
-202648.93
-204541.71
-202423.45
-201046.99
-205628.38
-202541.1
-203348.49
-196631.28
-200111.42
-200780.86
-202140.84
-202678.24
-206789.75
-203625.96
-202689.7
-205346.14
-204610.72
-203127.06
-202870
-202248.21
-202853.37
-202883.7
-202792.91
-209210.22
-202287.48
-205198.01
-202873.51
-202621.46
-206466.04
-202035.42
-197302.49
-200803.27
-202856.01
-200446.5
-200053.27
-202962.01
-205985.02
-202695.41
-203518.12
-204032.35
-202586.63
-202630.19
-203377.52
-200160.19
-201375.93
-201872.37
-203333.64
-206136.71
-202535.02
-203690.9
-202700.04
-201290.81
-202481.35
-202828.57
-202930.4
-202784.63
-200730.45
-202447.79
-193855.02
-205746.81
-202575.7
-201176.79
-202920.31
-203821.63
-204597.96
-208066.34
-198340.91
-197115.4
-204995.6
-205703.65
-201245.17
-196165.54
-202462.13
-202589.9
-202610.7
-200946.38
-203838.05
-202731.31
-197610.04
-202267.47
-202320.62
-199683.65
-202893.09
-204568.55
-206105.02
-202922.83
-207379.96
-200904.01
-202551.45
-207019.76
-201633.03
-204575.67
-204023.81
-205401.71
-204411.43
-200646.43
-201291.24
-206801.28
-201220.94
-196172.36
-202376.67
-202621.95
-202447.64
-203206.61
-204218.15
-197964.12
-201604.14
-200812.37
-200160.5
-204166.17
-199832.83
-205817.27
-201456.29
-202909.67
-204626.06
-200324.73
-202660.54
-202526.03
-200530.92
-199574.56
-207287.84
-200983.39
-205589.96
-202617.02
-203458.28
-202666.33
-202790.81
-207129.98
-207457.26
-202877.79
-202622.57
-204681.28
-203199.47
-195547.68
-202314.42
-202646.25
-202657.7
-197512.92
-202971.09
-205459.05
-202770.82
-203262.29
-209730.61
-201137.62
-203152.08
-202784.85
-200449.46
-206297.73
-200830.77
-202507.22
-201324.97
-205567.69
-205056.99
-203878.67
-202904.04
-202836.66
-202779.09
-206669.88
-199154.79
-203694.34
-202225.8
-201334.83
-203426.63
-211249
-202544.55
-198791.87
-204375.82
-202490.05
-206739.69
-202437.06
-201767.62
-200737.71
-201063.16
-203339.24
-201262.43
-205456.42
-205218.32
-205616.1
-202244.28
-204018.63
-200872.23
-202552.22
-202121.72
-199742.46
-205768.59
-199860.89
-202744.84
-202221.08
-202466.85
-204883.88
-200819.49
-206952.44
-204685.44
-205259.84
-202134.64
-205689.04
-202794.62
-207298.17
-206047.55
-202978.76
-199421.55
-202692.84
-200706.99
-203560.52
-206007.34
-206691.51
-202812.46
-202439.22
-202329.61
-204952.22
-203447.04
-203025.43
-204097.37
-203196.91
-200369.26
-202599.34
-196349.05
-196347.76
-203311.27
-203183.47
-203092.06
-204931.81
-202537.51
-202310.17
-201872.74
-206253.24
-202458.09
-208904.4
-204897.43
-203151.69
-206165.2
-208019.46
-206574.99
-202911.74
-203999.22
-205425.5
-201597.17
-202579.21
-206059.7
-194734.81
-201409.05
-206665.83
-199082.66
-202698.09
-203649.86
-209155.6
-202106.96
-202901.77
-201929.59
-205691.29
-202338.68
-200893.32
-200949.87
-202491.94
-198251.8
-202624.26
-205499.44
-204172.19
-204552.23
-201321.63
-204201.49
-200410.77
-205114.28
-204013.42
-204442.96
-202944
-202496.33
-206453.92
-193973.91
-202655.54
-202092.63
-202473.52
-204973.85
-202016.29
-202812.93
-202699.66
-202622.14
-207293.07
-202405.62
-202632.12
-201488.89
-199614.83
-201924.72
-204577.23
-201419.18
-205554.22
-203200.71
-204976.5
-199568.32
-208344.94
-201566.15
-201918.26
-205505.25
-207101.66
-199989.03
-204673.69
-200958
-207726.24
-202136.35
-202067.74
-213197.74
-205799.23
-202646.65
-202936.74
-210285.79
-212971.68
-206286.11
-203414.35
-204836.46
-204622.05
-204883.17
-197301.77
-196336.88
-201782.4
-201151.49
-206923.5
-203385.65
-207480.53
-204519.19
-199823.02
-203217.7
-199300.99
-204254.94
-205079.83
-202544.26
-207487.81
-202513.14
-199567.41
-202941.52
-201741.08
-202631.11
-203673.98
-202226.43
-205210.61
-200009.25
-199903.21
-202268.88
-198550.51
-205073.78
-202055.87
-204108.34
-210293.12
-202937.59
-205442.29
-202684.52
-203739.23
-204749.13
-204266.51
-202769.41
-202940.75
-202683.8
-199583.1
-201485.79
-202761.3
-201793.08
-202736.34
-202919.12
-202626.82
-203896.64
-202483.86
-195433.4
-202590.02
-208707.55
-202680.9
-202546.71
-203538.28
-204483.95
-206354.82
-202791.67
-206651.71
-201297.42
-202429.01
-201197.16
-202623.65
-202651.78
-206525.5
-195876.68
-200338.62
-204136.95
-203283.22
-202326.48
-202560.61
-204333.09
-201275.82
-201085.55
-201419.73
-202641.13
-206054.43
-202303.19
-205869.96
-204370.57
-198846.47
-203296.46
-202733.91
-195985.99
-199737.56
-202611.68
-207829.03
-204138.54
-204624.91
-207363.26
-203099.83
-207565.3
-202691.18
-202485.31
-202563.71
-202519.24
-200471.68
-204541.44
-203811.8
-199277.89
-200701.32
-199801.82
-203232.01
-202641.3
-202783.56
-205082.02
-205387.75
-204311.13
-200818.95
-202672.04
-202680.4
-203143.61
-201181.34
-206059.66
-206728.01
-202619.14
-202602.65
-202718.15
-201725.78
-197513.57
-202520.45
-202914.04
-205824.61
-200869.85
-209691.02
-202797.73
-209144.7
-204582.35
-208633.23
-201539.59
-205592.87
-203283.35
-201150.79
-200630.84
-202893.93
-206326.79
-205848.88
-205798.55
-204696.31
-201248.82
-205978.03
-205722.84
-204666.49
-205657.35
-200558.91
-200233.76
-204889.56
-206681.06
-207498.97
-211247.82
-206622.02
-200546.87
-200599.32
)
;

boundaryField
{
    back
    {
        type            empty;
    }
    out
    {
        type            calculated;
        value           uniform -202650;
    }
    bottom
    {
        type            calculated;
        value           nonuniform List<scalar> 
30
(
-204257.4
-201794.75
-202666.59
-201883.03
-204413.75
-203094.72
-204370.84
-202712.44
-202932.46
-202875.39
-204325.33
-203458.13
-203887.61
-202392.8
-203355.86
-202780.44
-204137.22
-203704.57
-203231.63
-202751.69
-203009.67
-204092.57
-202124.74
-202692.18
-203116.37
-203778.03
-202832.76
-203556.55
-201713.94
-202692.44
)
;
    }
    in
    {
        type            calculated;
        value           nonuniform List<scalar> 
20
(
-201638.65
-201509.07
-199976.93
-201501.09
-200210.28
-200467.12
-201311.91
-199867.89
-201067.42
-201313.55
-201065.36
-199868.5
-200194.66
-200779.3
-200480.34
-199990.81
-200776.7
-201632.14
-201701.44
-201702.81
)
;
    }
    top
    {
        type            calculated;
        value           nonuniform List<scalar> 
30
(
-201787.4
-202856.87
-201877.15
-203086.84
-202714.94
-203507.04
-203216.47
-204313.36
-203709.23
-203446.51
-202385.45
-204109.09
-203004.4
-202775.84
-203104.07
-204359.78
-202666.59
-202116.16
-202744.2
-204390.77
-202933.15
-203907.78
-204258.85
-202686.65
-204102.96
-203755.98
-202693.23
-203374.59
-202826.39
-201714.12
)
;
    }
    wall
    {
        type            calculated;
        value           nonuniform List<scalar> 
48
(
-229581.69
-234496.82
-242202.63
-251402.97
-258349.63
-261946.78
-262215.83
-259278.67
-253396.99
-245008.71
-234506.37
-225138.5
-209967.7
-199922.23
-190509.82
-183040.57
-178275.2
-242282.59
-177201.37
-177152.7
-178248.89
-183090.69
-190588.49
-199957.72
-209951.29
-225173.2
-234553.04
-245073.08
-253474.07
-259362.52
-262302.78
-262035.09
-258437.76
-251489.02
-234563.16
-229627.24
-205405.02
-206276.73
-206544.9
-206754.97
-205603.67
-203336.84
-203321.85
-205631.06
-206804.99
-206598.23
-206312.77
-205426.71
)
;
    }
    front
    {
        type            empty;
    }
}


// ************************************************************************* //
