/*--------------------------------*- C++ -*----------------------------------*\
| =========                 |                                                 |
| \\      /  F ield         | foam-extend: Open Source CFD                    |
|  \\    /   O peration     | Version:     4.1                                |
|   \\  /    A nd           | Web:         http://www.foam-extend.org         |
|    \\/     M anipulation  |                                                 |
\*---------------------------------------------------------------------------*/
FoamFile
{
    version     2.0;
    format      ascii;
    class       volScalarField;
    location    "0.9";
    object      p;
}
// * * * * * * * * * * * * * * * * * * * * * * * * * * * * * * * * * * * * * //

dimensions      [0 2 -2 0 0 0 0];

internalField   nonuniform List<scalar> 
4242
(
-13465.849
-13071.68
-12678.22
-12188.934
-11641.733
-11018.021
-10316.41
-9538.3665
-8690.3858
-7785.7754
-6844.8554
-5893.6736
-4963.1848
-4092.1171
-3313.6345
-2561.6736
-15923.413
-15421.577
-14996.11
-14477.771
-13904.462
-13258.677
-12543.136
-11759.108
-10910.673
-10005.442
-9054.9993
-8074.8989
-7084.9744
-6113.1352
-5194.5332
-4325.9012
-19776.32
-19157.351
-18686.515
-18094.904
-17439.287
-16699.478
-15878.884
-14977.834
-14000.827
-12956.111
-11855.836
-10715.746
-9554.4344
-8393.7763
-7261.543
-6200.696
-24376.484
-23642.535
-23115.397
-22416.316
-21643.162
-20765.955
-19788.378
-18709.252
-17533.486
-16270.719
-14935.964
-13549.476
-12135.758
-10721.503
-9333.9251
-8026.6434
-27849.813
-27025.031
-26465.116
-25684.7
-24832.725
-23859.804
-22771.918
-21566.009
-20246.928
-18824.604
-17315.339
-15741.746
-14131.94
-12517.435
-10927.858
-9390.5969
-29648.388
-28760.621
-28192.975
-27370.637
-26485.645
-25469.674
-24332.797
-23070.513
-21687.455
-20193.211
-18604.136
-16943.232
-15239.402
-13526.028
-11837.106
-10221.172
-29782.913
-28873.008
-28321.243
-27500.486
-26622.681
-25613.542
-24484.519
-23231.172
-21857.8
-20373.665
-18794.717
-17143.451
-15448.119
-13741.545
-12055.464
-10442.359
-28314.334
-27429.297
-26909.855
-26132.384
-25295.845
-24337.953
-23266.784
-22079.615
-20780.7
-19379.319
-17890.882
-16336.73
-14743.189
-13140.565
-11555.62
-10039.204
-25373.491
-24562.916
-24090.689
-23396.801
-22637.273
-21775.211
-20812.696
-19748.892
-18588.237
-17339.876
-16018.203
-14642.648
-13236.779
-11828.014
-10440.653
-9119.8776
-21179.354
-20491.76
-20078.375
-19504.614
-18859.952
-18136.402
-17332.039
-16446.616
-15484.507
-14453.987
-13367.257
-12240.164
-11091.259
-9941.7875
-8810.847
-7735.0784
-15928.182
-15418.442
-15087.71
-14666.912
-14181.335
-13642.505
-13048.904
-12399.115
-11696.237
-10946.481
-10158.238
-9341.3346
-8505.5919
-7659.6599
-6805.5404
-5940.9442
-11244.245
-10931.728
-10690.244
-10428.225
-10100.321
-9717.6723
-9292.3156
-8829.0508
-8332.7938
-7810.6277
-7270.3863
-6718.799
-6159.6745
-5593.2726
-5015.1196
-4371.5437
-3658.8495
-3390.5233
-3165.9876
-2898.0928
-2599.1511
-2269.6104
-1912.8656
-1534.6953
-1143.3227
-749.3309
-365.22341
-4.9002069
315.2934
576.58155
781.58537
993.04323
1363.8824
1538.4776
1696.2112
1873.5875
2065.7627
2270.1077
2482.0689
2694.9485
2899.7261
3085.1842
3238.5577
3346.4754
3394.9668
3369.0072
3262.4326
3113.8512
6070.0898
6161.8447
6246.9625
6336.634
6427.2647
6514.1645
6590.8652
6648.9196
6677.9622
6666.1806
6601.3253
6471.7647
6266.277
5974.3721
5600.8777
5204.7051
9804.7134
9836.9565
9862.8446
9881.6606
9889.2015
9879.4452
9844.5837
9774.98
9659.3929
9485.6639
9241.8722
8917.1764
8501.1968
7985.6434
7383.3714
6766.5024
12187.399
12187.652
12178.506
12155.107
12112.003
12042.135
11936.745
11785.466
11576.717
11298.564
10939.908
10491.004
9942.8041
9292.0295
8572.2736
7896.8834
-19816.298
-19196.858
-18725.507
-18133.288
-17476.776
-16735.781
-15913.605
-15010.54
-14031.102
-12983.666
-11880.637
-10738.104
-9574.9995
-8414.1287
-7286.5005
-6234.166
12724.314
12712.869
12689.791
12651.167
12591.724
12504.83
12382.461
12215.269
11992.87
11704.444
11339.717
10890.119
10349.903
9718.2305
9005.6791
8248.4583
12748.648
12736.885
12713.111
12673.375
12612.334
12523.302
12398.247
12227.892
12002.041
11710.201
11342.522
10890.866
10349.976
9720.333
9016.2754
8278.9953
12200.553
12200.423
12190.658
12166.369
12122.042
12050.563
11943.148
11789.451
11577.993
11297.065
10935.909
10485.148
9936.2158
9287.3658
8575.6241
7913.4702
9779.6557
9812.1638
9838.366
9857.4452
9865.136
9855.3573
9820.246
9750.1253
9633.7535
9459.0724
9214.3904
8888.7612
8469.8979
7946.1389
7338.6008
6764.9511
6030.7562
6123.3974
6209.517
6300.3516
6392.3087
6480.6895
6559.0161
6618.8294
6649.7571
6640.0564
6577.7122
6450.862
6244.974
5942.9519
5563.6898
5253.4651
1346.1397
1521.7114
1680.388
1858.986
2052.6824
2258.891
2473.113
2688.7125
2896.7334
3086.0559
3244.1115
3357.5806
3411.4725
3389.4814
3289.7141
3144.8228
-3650.6395
-3381.7594
-3157.0015
-2888.6911
-2589.2488
-2259.1204
-1901.7014
-1522.7775
-1130.6057
-735.83997
-351.0839
9.5291496
328.73129
585.53511
780.6302
985.25578
-11261.608
-10949.052
-10707.2
-10444.83
-10116.405
-9732.9458
-9306.4199
-8841.5421
-8343.1412
-7818.2364
-7274.6157
-6718.9097
-6154.4863
-5580.3385
-4985.469
-4331.9861
-15951.525
-15441.404
-15110.142
-14688.879
-14202.632
-13662.899
-13068.127
-12416.865
-11712.231
-10960.55
-10170.463
-9352.227
-8516.2855
-7672.6356
-6824.897
-5989.9663
-21211.546
-20523.319
-20109.331
-19534.934
-18889.383
-18164.687
-17358.872
-16471.681
-15507.554
-14474.943
-13386.374
-12258.129
-11109.173
-9961.2261
-8831.6857
-7762.2355
-25412.039
-24600.736
-24127.883
-23433.217
-22672.641
-21809.232
-20845.004
-19779.12
-18616.104
-17365.318
-16041.533
-14664.669
-13258.774
-11851.777
-10466.496
-9155.4162
-28356.266
-27470.498
-26950.433
-26172.114
-25334.441
-24375.068
-23301.985
-22112.469
-20810.856
-19406.651
-17915.648
-16359.654
-14765.402
-13163.213
-11577.586
-10065.437
-29826.394
-28915.798
-28363.44
-27541.838
-26662.887
-25652.225
-24521.203
-23265.377
-21889.123
-20401.934
-18820.148
-17166.739
-15470.35
-13763.51
-12076.265
-10467.661
-29692.547
-28804.15
-28235.961
-27412.834
-26526.741
-25509.287
-24370.439
-23105.686
-21719.736
-20222.403
-18630.429
-16967.307
-15262.28
-13548.265
-11858.661
-10246.952
-27893.884
-27068.538
-26508.118
-25726.983
-24873.971
-23899.641
-22809.866
-21601.574
-20279.686
-18854.351
-17342.267
-15766.557
-14155.645
-12540.735
-10952.203
-9419.6469
-24419.51
-23685.05
-23157.426
-22457.691
-21683.566
-20805.042
-19825.688
-18744.302
-17565.852
-16300.175
-14962.666
-13574.079
-12159.25
-10745.064
-9360.671
-8059.7999
-15956.579
-15454.416
-15028.536
-14509.799
-13935.868
-13289.261
-12572.611
-11787.124
-10936.833
-10029.356
-9076.3499
-8093.5717
-7101.35
-6128.9844
-5213.3182
-4341.3899
-13488.619
-13094.51
-12701.036
-12211.912
-11664.714
-11040.828
-10338.735
-9559.7556
-8710.2655
-7803.5439
-6860.0853
-5906.5131
-4974.9539
-4105.8239
-3333.534
-2591.0095
-1377.5098
-1310.1716
-1224.3966
-1155.0217
-1139.3365
-1188.4389
-1297.0439
-1456.3596
-1654.3547
-1873.1175
-2089.4764
-2277.3713
-2410.839
-2468.523
-2445.7524
-2331.3861
-1813.3596
-1778.1259
-1764.2268
-1754.0478
-1726.6073
-1698.2607
-1699.7909
-1742.4468
-1809.6965
-1881.4683
-1944.8067
-1984.3383
-1981.4438
-1921.857
-1807.8718
-1648.2793
-1947.4422
-1915.5107
-1892.415
-1871.1068
-1859.8153
-1860.5335
-1844.7486
-1786.5217
-1704.8753
-1645.6142
-1617.611
-1568.1676
-1454.1324
-1265.1451
-1018.5097
-730.61219
-2052.4779
-2027.7389
-2008.3739
-1992.5683
-1980.7143
-1974.8231
-1983.3153
-2024.207
-2105.999
-2181.8503
-2157.5265
-1972.7667
-1540.6304
-1016.8016
-496.60245
-6.2292391
-1476.8303
-1475.3158
-1481.9146
-1498.5372
-1526.5481
-1567.5181
-1622.7475
-1693.0895
-1780.5652
-1892.8276
-1966.5555
-1834.825
-1333.8442
-665.88546
27.686533
704.71637
-343.42022
-356.9643
-380.5496
-415.26447
-462.50908
-523.21616
-597.39247
-685.60476
-793.30776
-924.36441
-1029.4118
-928.52593
-577.83119
-22.901116
611.63827
1236.0616
-335.92861
-349.6767
-373.69464
-409.12844
-457.44727
-519.63368
-595.72491
-686.20481
-795.60657
-924.27474
-1017.4178
-901.61387
-538.84023
5.6700042
595.98014
1203.462
-1490.5316
-1489.1978
-1496.09
-1513.0936
-1541.5503
-1582.9933
-1638.8022
-1710.1782
-1798.018
-1901.8038
-1947.7327
-1786.2677
-1279.6496
-608.55277
88.343801
764.38706
-2077.4971
-2052.6255
-2033.175
-2017.3349
-2005.5549
-1999.9199
-2008.9376
-2050.7884
-2132.8606
-2202.3318
-2161.7795
-1955.4409
-1512.9807
-976.81064
-437.56887
87.847947
-1974.1171
-1941.9152
-1918.6903
-1897.3711
-1886.1819
-1887.1932
-1871.9513
-1814.3085
-1733.0122
-1672.3281
-1637.2413
-1576.1225
-1448.5235
-1245.6644
-986.71604
-686.63571
-1831.391
-1795.9676
-1781.9818
-1771.8301
-1744.3159
-1715.6523
-1716.6544
-1758.5279
-1824.3571
-1893.8101
-1953.616
-1988.3398
-1979.8592
-1914.8474
-1798.4361
-1619.1627
-1388.3653
-1321.1235
-1235.4061
-1166.0451
-1150.2983
-1199.2082
-1307.4458
-1466.1855
-1663.3555
-1880.9784
-2095.7843
-2281.6315
-2412.6203
-2468.223
-2448.0116
-2325.3088
-6381.4319
-7924.3797
-7479.2732
-7074.9307
-6600.053
-6069.839
-5492.6003
-4874.8334
-4229.0186
-3572.2077
-2923.8599
-2307.4362
-1755.3264
-1278.8161
-774.30944
-6404.4003
-7940.4538
-7496.6719
-7092.1507
-6616.9654
-6086.2827
-5508.3137
-4889.4546
-4242.1884
-3583.6751
-2933.7223
-2316.1162
-1762.4887
-1280.0741
-783.63779
-3689.6991
-5169.3298
-5163.5554
-4991.0779
-4899.5344
-4832.8637
-4756.1914
-4663.2476
-4552.5405
-4420.7832
-4262.3738
-4069.1603
-3833.6564
-3556.1011
-3086.2383
-3675.4419
-5156.7083
-5150.0973
-4977.7184
-4886.5868
-4820.533
-4744.7978
-4653.2009
-4544.328
-4415.0006
-4259.7633
-4070.7287
-3839.4506
-3570.4393
-3191.8528
-4470.3004
-4503.6643
-3945.3235
-3925.4423
-342.19179
-841.89163
2371.4303
-803.7006
-1448.41
71.214938
206.90505
446.20544
442.72163
-468.41357
-606.9631
-22.052579
1437.2554
-1416.3564
290.44006
-1879.843
-528.23477
-2456.9608
-1638.6309
-1828.8308
-1749.7986
1497.4185
493.41267
592.61716
940.52101
23.009337
-513.52954
-1864.6588
-972.23274
-3261.2741
43.719588
-299.51298
-909.90521
-1372.5714
1227.5252
-755.65168
25.112809
1140.299
-830.97072
-588.13315
746.62087
-14.376668
431.29823
-3171.1749
427.62657
2982.683
-350.44144
839.26123
354.74486
348.574
-4071.8723
5206.29
1515.6045
-672.22585
-3819.2637
-1196.003
-726.55171
209.39952
583.06473
-508.14375
-446.36149
348.16089
328.28734
-505.27658
-4411.2708
-431.30797
34.067541
-333.95574
-836.72873
-368.88273
165.59088
-1555.3914
240.62846
-45.147178
-47.70192
505.67337
-770.88328
144.92402
-98.724461
-56.3622
-303.37613
-3218.0781
-3463.4458
-444.61757
-655.32448
-1030.4516
555.78991
-6.072147
-3650.2741
-44.453234
-619.89599
8.2655999
3331.9348
-1091.3555
988.18864
1236.7789
-6.2674639
2668.8278
-3935.5394
1347.3501
-38.520648
-678.78657
4.8491621
19.208309
-655.42353
-1535.0359
-837.72619
-35.564003
-824.53305
-3358.2099
-4519.7283
1743.552
-891.32741
641.14088
-2026.0543
-87.118967
2015.1486
75.247237
-47.135062
1826.7293
1711.0801
-860.22465
1161.7207
-876.88619
-2566.7157
1080.7624
-325.39137
-3306.1511
-888.60985
1523.117
-1016.1091
564.68868
-39.465598
-47.498194
-13.167461
-1097.0676
2761.3193
-4.2612295
-4055.14
-595.72934
961.34166
-704.73541
-1541.9638
-497.14848
-8.2972487
-4.2248235
-561.91798
-828.20754
-249.37305
291.65323
277.68669
-483.29476
136.77408
1990.6935
-82.582637
845.5368
-3541.7625
-340.76403
-108.40712
-0.19766298
-8376.3762
-8356.6134
1075.9125
1571.9922
-261.39467
-53.289429
-255.92792
276.63232
-1866.0646
-27.804262
-1741.8575
3136.2251
125.34439
-36.83616
-433.89999
1059.3816
-151.65243
-38.236423
-536.39362
-347.41043
353.98776
-1708.6917
-1349.9805
232.43979
206.16213
475.04288
1012.9885
-31.669837
230.98471
-781.16356
-57.638715
-26.891775
-2090.9924
1427.3241
-417.10292
627.97343
-23.712651
112.60006
207.01418
3504.4842
343.76451
168.61747
-2453.846
-157.57543
1593.4219
607.92111
1325.1356
-103.43272
1975.5007
-9.214301
-489.30818
-348.53968
-190.15817
156.10368
-52.371976
55.273491
-48.464325
862.5534
1170.7493
491.89806
-740.00356
-922.41693
-87.494953
-26.997204
-615.86854
1658.3873
1645.9204
-19.886978
-1102.1955
556.34364
1685.3739
2360.209
-64.807829
-1261.3323
-2302.8184
262.89585
-175.16267
940.11809
-715.4756
-52.756926
57.536589
32.131211
247.6576
-1305.1783
2252.0399
-371.37
-1286.7175
606.57789
46.398849
-1354.0979
382.25344
3258.1094
-1.2142523
11.678758
-1387.1393
5.4237722
1379.4555
182.7076
-42.855992
-640.42533
-786.7161
-19.153071
-65.621907
-89.639384
-435.40879
-251.67436
43.334851
-933.25989
-39.773309
-565.95362
37.574151
-472.66509
-181.81031
1420.4614
-1984.6923
-134.11549
2054.573
1639.9779
-276.29153
32.479514
-203.36238
-116.00398
119.68969
-3006.3856
891.36657
-1756.4867
-15.669172
-290.44042
189.07129
-234.16332
343.90885
918.50162
-2920.6701
19.598588
2082.0634
-879.27772
150.37549
974.56592
238.83839
-888.36271
67.502907
-2238.9273
-1564.1816
2412.2662
3243.9637
-955.42613
200.95566
-127.32491
-577.64057
1101.7082
-2329.19
-820.41631
-22.434677
-894.0216
-240.73845
-62.679646
103.8651
57.899779
3932.0997
-895.43761
-2509.6687
1285.4008
40.006559
-37.287053
79.055644
-392.30515
-2618.8897
43.012297
-15.110217
-9.804725
5165.2775
-239.12994
-296.92378
788.01751
-1005.1293
-2347.0079
-528.39646
-13.452346
-73.367269
18.942486
-3172.0067
-995.78225
-21.123918
1828.4472
-2.6247271
11.790427
-3058.2389
53.403924
-1557.9066
27.101499
-13.738839
-4395.044
526.25687
263.44291
-546.25228
-3117.8609
-902.10835
-86.96946
-2256.9233
530.98804
201.36333
706.75446
-16.277911
-4008.5339
2602.3356
1208.8101
148.14389
-3073.5374
4.206445
1468.5957
-3031.7047
-3630.0408
3441.2502
-77.044894
223.67726
268.45005
561.45403
-1256.8081
-3538.7079
138.60467
-1130.2023
1528.6671
1207.8473
-398.71836
-1232.4286
-277.59812
-624.36696
-4.2923479
189.48527
-4780.1789
-34.472986
267.34278
-4679.0401
-46.320318
128.00796
-648.29789
-187.79563
530.91234
4747.7154
-926.29903
36.84611
-1386.6259
42.374609
-2419.8543
775.00565
-1132.6574
-501.22889
-194.39017
643.18307
-62.222159
-277.16854
639.13272
-42.95148
-326.61441
-211.61805
261.06494
289.09593
-10.600652
-708.6391
-26.275542
-976.5022
-135.70413
-503.51728
524.00371
1598.8137
2445.7384
-2529.3747
-22.962482
1312.9141
23.517107
324.01921
288.08027
-822.33795
-874.4236
1397.263
168.44616
4.9891131
-2352.3985
-2284.1102
-432.01662
-3488.2838
-1904.8091
-621.002
-15.290063
-2577.2268
-972.71861
-50.217023
-47.058804
-534.61605
788.71772
-53.909845
-1763.081
-2504.2708
-9.4462061
-1300.6232
63.385761
-853.61312
-200.83433
3.2292928
324.75064
351.28954
1799.8748
157.76424
-667.64275
221.25637
659.91186
546.73704
1049.8882
1362.6253
-872.1223
669.0447
-83.29398
2214.9482
-288.65311
-226.63203
-827.57929
-66.058109
-52.460943
5347.1338
-133.94952
-838.2565
-2187.2283
-1146.8231
-18.558884
-1688.49
-3515.1896
-25.665506
903.0279
502.46406
-4130.4362
870.3791
18.391008
-1331.4078
-757.38653
-3420.0857
-745.88756
-147.96699
166.95248
4.3862994
-408.89109
286.41745
-204.75863
2331.8095
267.28294
243.23719
-1191.5014
-8038.9228
-656.41937
-5.0530602
1061.6502
-1.9402717
-109.49104
-936.16659
-538.10537
-2185.29
-8018.8546
-164.74893
570.46464
-38.476686
684.43477
-72.659985
-620.67716
308.96006
-171.76128
-4034.9527
-450.73329
-2379.2483
207.7079
-3245.0812
1608.4062
301.2739
-3539.6756
1536.8501
111.28922
-4554.6753
1472.3361
383.48344
386.42629
624.92469
559.17583
-7409.1138
-1225.8188
-2670.9064
-54.592565
-2587.0098
1483.0372
709.16327
701.79656
200.07725
-1046.7277
-613.2966
-1.6097527
-23.613995
1403.0179
-2158.6834
-765.34358
11.083714
-7416.4194
2373.6114
-2658.9758
-1130.3826
-173.83269
-3252.3709
-2074.6477
-83.15597
-4791.2861
-984.73535
-392.07416
578.72248
612.1768
-606.88169
-2244.5071
-3079.4353
1499.5324
2291.3341
2153.787
416.6374
-124.85582
681.18032
1325.8694
2419.2945
1012.1521
3257.0204
-19.698666
533.33502
1027.9991
49.557031
-578.23251
-8.8091672
861.29064
1623.8776
466.59738
-4754.8288
557.1793
-261.03852
5338.2582
793.44573
-17.381358
5108.514
1528.5664
-762.14581
-789.38432
1250.4275
5079.5206
-1955.4049
-303.09889
1219.8856
-176.40096
2978.391
1234.0568
1336.5356
-881.87537
5.3240948
1519.6943
1362.8819
5324.88
384.32419
-41.194937
570.22595
-1268.9708
-1129.4501
-883.55708
-4126.1386
5298.3126
-616.13032
-27.635545
-582.90081
2472.45
2015.7013
-2209.2409
-2151.9837
30.544568
1231.2508
-2475.4118
-4023.6938
-1183.1514
-1878.8541
299.34424
289.71634
-268.02932
-518.64165
-218.41864
289.9439
-601.56228
-1627.0601
849.3439
-799.50542
-311.98091
-2564.3296
4359.0125
-1846.2272
317.30393
-21.520317
73.019943
566.18122
-679.5786
5002.0904
-627.6778
-10.150094
892.98776
-53.842713
-3960.4858
-60.024574
-1117.2273
2.613112
-572.46508
101.22775
-2659.3027
2263.825
-2537.0833
30.832628
473.18175
-1691.0586
1766.0307
-80.405056
2400.579
-514.02736
6329.1805
-238.158
-420.66115
-3878.5678
3823.4322
-2723.2384
-12.08525
-28.02014
124.03255
41.65066
-3649.8412
695.07881
577.6124
356.92434
-6928.215
-10.878008
651.32187
-38.730959
-6937.6446
391.05072
21.335769
-1909.7823
-62.338871
111.37975
1386.1506
-1015.4224
-5132.5472
434.93684
-442.12556
7.6752229
11.987569
-847.16549
-1165.8566
507.69315
-222.36081
766.351
-499.38899
2212.8563
-5132.0833
-288.64151
-619.54081
-5021.4955
636.99283
1405.0379
11.572629
-1017.9065
-53.293945
1294.6209
1074.2442
-1342.4054
286.05822
-4.628248
-688.26812
581.10703
1689.5559
574.45541
-277.89468
1362.3917
26.475733
-5006.3429
927.7944
-170.92056
-1542.9399
-188.75953
-428.79493
-893.03497
-76.241669
-488.1177
-992.76289
91.888356
-15.67781
-1826.655
-854.38786
-779.93114
-705.91042
-291.55822
-3179.6173
-1969.9653
-1915.3458
495.65713
-1864.9238
2503.9682
119.07354
424.32235
-860.42021
465.78086
-2939.8782
69.715761
-1539.9379
-3242.381
-935.10413
-194.51853
-1688.9487
-679.60917
-441.6141
42.752617
-852.29148
1219.8575
-261.64657
1.7181433
603.69323
1279.1202
-1070.5086
2389.3046
-1418.6867
7476.7674
950.5717
-1451.4731
-529.59875
10.50852
370.97987
1678.0995
-815.44346
-15.910545
-74.686437
122.54531
533.82788
-270.4009
-12.400146
-120.31952
-12.175692
2314.5528
-32.468655
1107.9955
1628.2655
1398.372
1280.5697
1045.0788
529.48356
-31.881938
509.93435
-848.10612
-417.23361
3.7918542
45.285561
2450.797
-1155.553
-2322.7576
245.03446
1449.5142
-428.52167
1580.2951
694.07383
-692.56589
3017.2178
53.40981
-183.61503
-386.8069
8.6960779
-1.4491458
-275.65132
89.124145
5260.3225
-138.89636
-401.87477
954.5076
87.036598
128.93532
17.443371
-73.198042
1499.3617
-646.33057
-494.59735
-138.91793
753.98963
109.22284
366.88362
-273.38402
-22.881463
-51.768705
377.11922
1184.4505
484.93848
-1114.2583
10.818453
-27.584663
-1781.0248
464.45599
-188.2336
-396.61021
4889.9114
-1030.355
4867.3885
-2382.9154
-1162.5661
164.68974
-629.01548
642.05915
-31.192603
1931.2113
-5.8872884
1225.4326
-275.88419
-1115.8751
-1364.8313
-4747.8996
420.9495
-31.219206
-587.48447
1423.3077
-899.36946
1437.5217
-872.22353
-278.99694
1170.0076
555.88669
-76.380906
268.29918
-176.2392
-4658.4463
129.85942
7339.6462
-3584.962
-1077.1189
38.911959
4247.7101
600.21198
-5138.2421
-780.83106
-8.5132917
-429.00101
-911.40692
-4430.5946
-448.1155
567.53882
-4349.4558
-810.79227
869.12452
35.897417
-225.22388
-414.98015
-26.898735
77.825691
1.8653815
596.29147
117.06912
-5.3877812
-437.33608
1620.3601
1020.772
2455.6317
1328.3435
-2365.4901
-3488.1381
25.545531
-1358.1545
107.88559
-4525.3076
-1967.2806
-795.4515
-666.71149
-1384.805
1403.9651
-826.33921
16.119015
-930.16294
-167.99037
1383.49
-359.02376
110.03311
40.566466
-4652.2996
-741.84763
43.22958
-22.928609
15.881963
746.14567
403.91547
6595.6374
-6.7830331
-3.491205
-52.568738
-341.61042
-4329.2591
-2425.0197
-1135.8874
-1342.2488
-1097.0901
2329.6885
3819.5223
-4045.7476
-15.336362
1703.504
-4796.8572
-458.74166
434.45931
-3459.3888
-3742.4717
816.42859
68.662391
613.40322
-24.742653
-316.82465
-1358.1147
1363.1922
2964.757
-3414.6331
167.39059
3322.0651
-69.936818
378.83216
-287.22421
2031.1368
-348.13377
-343.89293
82.363654
-9.1170249
-186.26297
-2422.4145
6024.9627
-2868.1578
-2557.1965
-141.23013
-2413.5625
3817.2891
-2328.1849
1460.3051
-1111.2252
-2011.2103
-32.421138
166.6278
335.60854
-1238.6739
72.800925
-3337.82
432.29984
1091.4418
2745.2554
-1558.7336
-1656.617
1399.2291
-395.39745
89.144749
-190.77832
-4902.9006
-2977.5034
-594.59723
-445.19144
-1006.1119
-61.37821
602.94947
1653.3322
662.32539
-3274.9244
-65.231937
-1861.5814
-129.65917
47.3925
2827.4671
1545.8755
-77.006433
1381.5421
-603.91412
1677.1387
156.48146
-378.56821
826.92084
3683.593
-8809.488
1063.5561
-115.4382
-2520.5538
3.6479971
-8785.3842
-59.409786
971.55211
-1599.9109
-31.57245
757.55638
-408.01398
271.41539
-3594.3897
-5206.4181
-188.00451
-74.71266
125.54681
-257.62536
2344.948
-2751.625
-2414.8436
1469.1266
-35.317043
-2995.4844
103.44879
551.11018
972.37803
-2696.6701
208.11317
221.0521
-713.38624
-407.26149
-1683.6482
-16.307895
55.620424
-4265.104
105.69178
79.008861
-771.28284
-283.23289
-5998.7839
-220.1811
4565.8788
-5916.151
2255.447
-2678.5803
-115.09272
1686.4884
-154.83386
-708.97561
-8037.6326
-942.10718
6004.6451
90.046145
-4163.1143
-2493.675
669.04356
-8002.6064
481.94292
-62.65748
2587.1635
62.46741
232.06037
-102.61678
1883.5791
-765.60266
-29.4202
-225.25351
-3189.8486
21.754437
401.91566
-937.15833
-656.14846
96.236904
-34.544359
719.21662
7526.0693
-62.002662
1795.3518
-1391.0316
1088.1598
475.35704
386.97566
4688.016
-146.74928
1461.5331
2011.7444
-1333.5525
1621.2701
-3975.9913
-891.03798
4.988554
349.97802
-235.96606
3.1850023
-537.8839
264.29505
217.77098
-2083.1073
6588.487
-2233.8501
1277.6595
-3879.2942
1097.1879
825.87217
-1088.6238
3026.739
1511.5107
520.47828
851.14254
-264.43354
-89.417173
393.10884
-491.59919
-250.36697
-6900.739
-6860.2372
-134.9569
-533.7527
-225.08599
-28.588219
-891.18314
-112.69261
-173.59511
-2597.1625
-86.647794
-837.66621
-1172.4278
-2.9183069
-831.68009
500.7969
-546.20881
-14.766834
451.33794
-8592.6272
1740.1002
7.7247319
-830.18467
1536.1501
-1379.9749
-8568.0184
-106.08652
19.71723
-1772.214
854.14307
-243.76403
-6988.389
-3.3168523
2380.7382
-916.29534
105.43344
-16.296028
-404.06397
-6910.6217
1487.2841
42.99095
-1938.1079
-8.9362782
-926.5199
-3513.6295
1136.3915
1099.851
-97.783382
882.62653
-168.90443
-1904.6262
-3416.8392
122.5472
-395.22994
-779.0994
-1501.1669
-105.18702
7031.3371
-73.908865
3827.4004
111.91657
4302.3906
-2004.1577
-1842.5865
-201.01564
479.04411
486.36214
1878.5276
-1020.1881
17.266419
2189.0836
929.2748
-114.63343
-701.95022
-118.23724
1667.0002
732.38959
-22.988568
104.59462
-218.22339
-529.61386
-265.93549
526.62462
596.26639
-742.28339
219.76158
-4345.288
757.42985
970.9883
243.30637
-596.50641
18.580294
-32.78132
4702.6765
-335.59371
-536.23191
-55.656962
1797.2018
2920.1832
-3245.1107
-398.25308
-111.92868
1860.1933
6203.3467
-61.408731
99.604391
874.97906
-187.62905
-2.4809532
0.56488034
-897.28643
1487.4678
0.8036594
-674.08116
-1481.9598
495.837
-4.9855511
-892.78129
-243.8433
-61.990743
-92.124323
-1784.3382
-518.48869
-4690.8584
-1743.8595
0.14723073
-47.99611
-454.84987
1701.1066
1338.1743
762.97181
-2271.2933
-1.062176
1101.8026
-1770.9635
-4585.9467
909.58566
3.457922
896.42779
98.623342
-3867.596
-5133.0641
71.770206
1160.4952
1171.7511
-154.92032
-2667.555
22.598212
-466.73196
279.97929
2004.4589
-1859.2648
1249.7222
2028.8892
-54.902584
3588.8584
6160.3126
745.03628
92.977165
-2756.4431
1315.6581
-1857.0123
2261.4846
361.02081
-2200.4659
433.38719
3093.1277
2392.4925
-5.5989032
-4.2668347
-4454.0152
-90.037173
2276.755
185.45422
158.5041
-5035.4193
115.37552
395.88364
2397.4105
-5744.7996
-1460.3473
-2647.5016
-2064.0242
3651.8429
1.4295194
86.47804
-916.49072
1113.0054
-618.80637
-1.3250728
-6188.4805
-78.895968
-97.109599
-6123.2556
81.07813
-6231.8628
-119.39023
171.87435
-377.5919
3.1691693
577.99205
1599.4953
99.594897
1.7228601
-834.51268
-96.003762
-874.13254
408.64178
-207.74548
441.1167
734.28691
-4350.4964
-6140.4022
-3003.7132
40.883311
-32.310227
2.5579688
79.482063
8.2251943
647.76221
138.83368
-14.901672
971.52049
1967.7756
-781.96872
3121.063
-637.64046
-156.63631
-3981.7323
1053.6486
-7862.915
1790.2571
-55.905347
-278.59772
302.17642
-865.20413
-871.37054
-5233.3423
-220.04366
670.45696
-118.88428
1295.3732
-43.953554
64.844789
-36.093933
-22.443377
2087.0066
-253.9804
-660.33093
-551.95233
771.35665
-1018.758
-409.15093
-52.107419
-71.368802
-321.56108
4840.123
-810.30544
-24.905364
-788.26882
1543.2783
-1260.8192
-2010.5574
883.84563
1002.5824
-7903.0142
-58.756555
-29.710014
1180.2839
-82.610077
499.90484
-143.71609
-974.1946
4.6623017
1406.6281
549.99904
5123.9309
-3372.2554
42.985428
383.43722
-5391.1289
-5389.1126
4931.2502
1303.7086
116.19916
-1338.7048
-203.32676
-72.727405
1948.7177
-8.6710843
1391.0536
2807.5903
-52.642973
-2918.2473
2388.6498
-926.86224
50.869226
-124.98463
495.16376
1207.4712
-622.94136
-29.121778
128.59792
132.27752
-1990.9576
-3294.9896
-13.308727
-146.65529
-3088.4625
576.13918
-31.450969
-257.01009
1326.5854
-2087.2984
-31.22008
-554.73336
-29.814347
-95.491392
231.27379
-1270.2565
-5583.6589
257.50532
6470.325
1743.2508
216.20569
195.82174
1299.6362
19.364573
-4036.0637
113.93057
-4136.5825
457.87062
455.41042
-2820.4747
-1363.9463
-983.75364
791.28775
-3595.3166
-871.05615
4727.6035
3474.8537
-376.88993
7098.9223
874.42958
-4591.1225
-38.819596
-5784.2674
6051.4966
276.82221
-5488.5532
-4684.6058
-130.51979
-45.312689
-50.409578
1651.4589
5644.1467
-468.15085
-1430.3
273.30232
502.60272
-1362.3036
522.38436
-209.14945
6.8572284
-665.65191
-82.697563
-495.83074
-3661.5858
321.10755
-769.72606
-352.92813
-165.62545
-6004.1269
63.39678
-888.16537
-4484.0343
492.97508
1296.713
-5973.4174
-193.66199
-1040.0302
-8.6905527
1598.2337
1357.2525
-1838.4842
733.34705
6398.6019
1197.2969
-537.80689
498.63233
-90.160236
1059.4728
4304.1497
-241.20021
-255.36478
-729.54294
-6039.9797
-969.08878
1028.2555
53.1224
-33.443282
166.51271
-1063.2091
391.75288
3808.9859
-2541.3027
-1529.4227
-63.452233
411.05462
-58.215497
-72.141988
-87.265793
-6575.0426
1500.3702
604.41104
2085.1505
-6491.5559
-217.35928
2173.2442
-2557.0122
-2843.3319
631.89887
-2357.9029
-694.16911
-6012.9272
-7815.5131
-7793.0597
2854.8875
-4.5618529
-3103.7727
-1447.8428
-65.222264
206.96078
-639.24487
-212.02223
-1931.6307
15.530528
-1987.7056
-890.8236
42.983785
-2342.634
238.0081
1914.1269
-743.60962
1619.4414
-1166.4246
-716.64022
1715.7153
-423.54948
-6799.6995
950.20855
-458.16724
-2098.2906
-185.37375
-871.61969
192.09463
-138.51319
114.50624
85.89813
2031.0432
-10.786458
-897.66681
538.0348
25.414981
-215.58404
-296.44171
-2788.3039
3026.7606
-73.400031
162.49851
-628.06425
-27.589135
-8.3303654
-186.77758
6427.8474
46.676912
-1496.7431
-5290.563
4379.1943
-1184.3672
-527.2843
-83.659325
754.01589
2772.0972
-175.24657
-1634.7867
-1994.615
1490.8027
418.54195
1046.541
-20.56944
-16.380917
1684.3889
-288.42128
-464.66149
-1690.8509
-2005.0367
23.887279
-1895.4815
4526.2436
-158.71062
-37.577251
-792.438
-338.98476
-1071.6986
-8.4126141
-473.37307
1125.6737
183.10806
-5190.6923
-6917.1941
-1157.6573
-297.91701
-5349.2188
5992.4399
-855.47121
-865.40725
146.67796
132.69116
-929.79514
84.511382
-1864.1276
1158.3078
-1.3180339
-129.3005
1044.0508
-59.786747
1335.4345
1178.8292
1020.9153
-1130.8933
-11.473499
1064.787
-2161.6003
453.98138
-975.39641
-147.982
1325.1363
-8.0456341
3.8915335
856.91475
-61.992859
284.07571
-6854.9831
749.132
383.00181
-2706.4678
-436.9185
40.739819
-427.92004
593.8841
-184.57513
-863.92487
1008.2128
-290.81292
-586.53037
2222.4371
-18.149717
-14.478099
5570.7608
2705.5593
-1123.423
-156.09479
-1289.9469
-536.26064
470.25469
1177.9801
-411.46401
-1302.7848
17.433513
-44.794778
-1261.7752
1597.8211
-935.39343
-121.37323
1384.86
-892.05193
43.319169
-6.1279121
-4053.1489
-743.3435
69.384138
-4157.7651
-1180.3321
1118.7709
5940.1449
3.981184
-13.012059
59.678922
-3294.5167
-20.965412
68.589892
21.850122
-32.03731
-49.660301
-5416.2394
-1143.1233
74.474655
84.942913
-927.89064
-1528.8408
-6832.9728
3045.8354
8.6713187
1425.2178
-343.03678
1904.7778
1910.6206
-1310.546
-5312.9668
1609.7156
-1111.4502
-1485.8053
544.2291
1631.8288
729.18982
946.25642
-394.96697
-1921.2513
1700.5226
-224.92317
51.449442
-4.0120757
668.22219
161.78495
-15.294434
1115.1075
-92.204142
1186.5654
-45.235346
-77.230329
209.20016
690.6387
-892.26707
-8.8558874
30.034081
-282.13621
-2135.0891
-1.682136
-2210.3535
-72.144804
-137.07432
544.60282
-176.97127
3883.597
831.30366
-294.76466
1573.5934
166.17331
3205.3779
741.16216
-1172.5777
-670.17574
-2860.4083
-50.688837
-181.20226
75.870967
-2295.7622
-3645.055
-336.16153
-165.95837
-41.195505
-75.71579
3707.7325
956.73826
-45.783074
-4410.58
190.11458
-200.33265
-1947.3527
212.42626
3676.1094
1249.0027
-802.85757
129.54342
-6002.3319
-61.838974
-805.17762
2.5899361
-13.198293
-77.779794
-354.07394
101.10588
555.52115
-617.73688
838.82923
1213.4279
137.87179
114.69077
41.268499
-2798.9081
-340.23529
-4328.0169
2297.2038
329.47163
-1140.1626
-88.156401
2079.2111
-1853.7746
-7.4945927
-1120.5291
-177.20084
-96.791424
5.4394857
-180.82064
-1568.414
39.053018
-5961.4742
-199.84253
220.62118
273.23897
-203.18524
-1007.8343
-568.56899
69.757523
-738.05017
2090.934
-786.01426
-2040.4015
4036.1568
-13.685006
-1225.46
792.32065
-158.13039
-638.1525
1293.782
-966.15112
1770.7194
-5527.7757
-2865.997
-921.85978
-259.42078
-175.86309
-103.35849
479.80563
22.816308
-3535.9257
-1241.7927
-101.62339
93.159673
138.67687
787.72505
438.73246
5404.4002
49.494609
838.65353
-43.020401
-1242.724
-2722.5626
-699.58998
-218.89557
-864.92735
37.499855
1721.6863
-703.19262
-154.47876
-706.67662
-13.013685
-349.92326
42.064167
-792.07316
444.89465
-1265.5916
1390.7514
-46.347948
1420.4249
-517.27402
-717.33207
-20.674273
13.999182
1148.5698
2033.1889
-21.718729
262.88232
-6502.7692
1111.0717
-39.815671
-197.9406
553.47123
-2548.1105
62.352328
42.194086
4016.2536
-50.844597
-1433.575
507.7881
-3566.164
222.78993
-271.25136
-990.13808
66.570208
-1242.8188
28.331542
289.83565
-227.55163
174.08562
41.835463
-1084.6639
1449.8856
-3014.2202
-1317.4257
236.77065
-118.88441
1866.3872
-6452.0593
98.439582
-66.669538
-1137.0369
9.150398
-831.76636
-203.33094
1010.2635
-62.919093
-5431.2572
-2138.7255
-1407.1854
-1618.7776
-6388.2921
31.587062
2722.0594
-279.77264
2091.9895
-927.04026
1450.9768
-1675.0657
-543.5751
-76.773594
-1038.9548
196.58817
-830.80547
-34.964745
-18.217332
-195.12065
-1777.6851
-2012.1413
433.95215
459.82531
-357.1963
97.117037
1227.6686
-8.6836868
-70.498665
-556.52391
-1459.401
33.555916
-5.6599544
740.44748
-227.03411
-2822.8057
-130.78226
-1222.5447
-323.54925
554.94783
261.98422
18.72091
199.24773
-2608.3228
-3231.5905
367.84355
1728.2385
-796.34296
-861.26478
1269.3655
68.346839
562.71718
-1293.3855
-1265.959
1111.3809
-65.402446
-2488.5273
-289.00104
-1433.6225
-962.86153
-6437.8277
-1312.4765
-51.313358
-3.54144
24.324361
-2603.8244
-244.50073
626.28887
-44.569192
-816.5708
-1730.6598
-3269.6181
-95.768352
-322.18906
737.11768
4043.9658
-8.0702937
-854.89111
4.9939688
-90.367824
-986.07862
-179.83587
1298.7442
-44.874597
113.25774
-1300.177
1324.9344
-104.03751
149.60639
763.90416
-554.1018
-924.40855
-29.235284
-922.86045
-983.78531
-3.3964975
334.10947
-75.337037
-57.231782
-48.841112
77.945969
11.777699
829.63927
199.62562
-8.2964452
-4.1120289
-158.1243
-5646.5584
811.78799
30.825527
-6023.3393
18.013064
2215.053
-2878.9687
216.9537
1059.4832
25.791551
1658.5947
-1.6951387
-101.0617
169.18443
20.417653
-1317.6935
-243.98791
-3415.6114
-81.427017
-163.5692
-12.515213
1881.4187
-8.5141729
-227.09425
3.1486878
54.653814
-3528.6948
34.436346
-825.64221
1520.7872
-2613.5451
-1011.719
-194.22363
-1534.8798
-23.902883
1749.9337
-1053.4467
-242.80048
-156.60474
-1276.6779
4386.333
1459.4702
1458.698
778.01172
12.496754
-1390.8098
-24.993362
-473.22019
418.90999
-1026.3753
116.27881
-687.73514
-863.96626
-1935.9282
1779.0897
-1096.4018
-1346.5831
-957.98454
-1977.1818
-227.14799
-956.02167
-59.907311
-852.63034
5.4248301
2022.0423
-814.66096
-182.26642
-911.26071
-12.321846
1174.2311
-39.255754
394.86663
-2916.9875
700.72464
-11.442227
-48.170485
1142.5577
447.63194
1689.3803
-540.10323
-2816.0973
-5.8164203
1031.193
-45.021442
250.50058
738.90884
78.764653
-58.854859
-853.90121
1127.2463
-2677.1329
-241.80778
1105.9173
-178.7366
-0.37036546
-904.36082
-616.61308
981.34015
-1456.0192
-577.30709
519.13329
1834.1234
-721.28634
-653.53083
-101.55056
-115.40114
-2007.0721
-216.53711
882.02497
113.34625
-975.53717
486.6746
-135.28947
2.4894531
-1620.6587
361.92015
-185.82659
8.9984679
1112.414
3250.85
-1056.4821
-1826.9617
-1101.386
-1256.0758
732.79663
-767.39625
-2506.7284
-1304.6172
-2895.9311
-136.71576
453.60555
-6813.6931
-3708.1948
828.43854
193.35687
1222.4774
380.89399
-651.21937
1232.542
429.92231
-2068.3532
173.44404
2213.7602
-1817.6581
250.2437
-166.07024
-10.225616
251.28311
-1879.9456
1767.5144
1306.0532
-185.12199
-1192.0577
-8.9218337
-2043.154
-6.0709732
-177.03453
3622.7413
-554.40014
3604.6967
863.76114
-858.75996
1301.4518
-2023.4565
-1756.7972
15.561982
-58.286293
415.34591
-2762.9839
-59.322197
-85.536264
2948.9193
542.95286
-2389.5468
1818.5247
916.88866
3143.3163
1373.0462
1985.8307
-1134.1451
-3052.3878
-3.8824824
-1150.3562
-1128.2277
-837.08669
-19.865056
-665.28935
744.44766
313.4769
-1707.4277
1671.9749
-672.74566
-257.77342
199.90507
-1228.0164
-763.77229
98.754913
650.97623
-11.897756
-1309.1196
-49.079035
-862.33525
-6.9134666
65.106788
-24.65902
-5944.4738
231.41199
30.488931
-1814.9026
-720.67064
13.298669
754.13307
61.983398
3.5558009
-39.166688
45.553702
-159.71846
-616.59969
-1017.5521
171.87366
-79.663093
-20.033025
2475.2246
-30.506484
-567.37835
-2120.375
-1089.3288
3058.5922
-1090.7215
328.69844
523.66431
1967.6893
3116.9298
980.36422
-972.39977
-2037.4191
568.25887
-6.0059879
-281.24322
4478.7387
-11.898669
110.76112
68.51799
2077.295
-1.9539089
-1488.0915
-684.59303
3301.7302
3881.1884
-1701.9897
-2891.9579
-759.48024
1944.1174
175.05027
-179.72396
-73.214898
236.81325
-3098.1712
-44.762874
-519.83035
3912.4911
97.062259
905.47604
-96.282778
667.7874
2926.6892
-653.14593
-2663.5642
1404.9477
1483.5359
1338.1135
-2229.7689
266.91757
262.63098
851.8405
-3290.1044
3611.2712
-8.9187561
-1830.6461
-13.55023
-6207.2585
-2963.3341
-947.03954
102.07155
-523.49836
-733.09853
-152.36342
-830.10677
90.519582
1293.7367
-1279.3664
-705.51813
-179.06452
-958.13915
-1488.2745
-348.09539
370.34662
517.83421
-2634.2499
-1042.4435
43.750516
7.444414
-2310.1616
-5824.0712
1253.4049
-593.51737
933.49919
-2757.2579
-15.039076
381.6663
-350.46428
-1102.0236
354.83119
-2864.969
-2072.8295
153.57674
-2846.0855
836.56475
1939.6655
-1651.7581
260.45535
-520.85417
3245.6244
60.472682
-46.920938
27.854222
-141.51197
1297.0057
13.130221
245.17559
-124.58986
-19.608109
2168.7393
-1283.7465
399.81934
390.21406
-1404.7195
-32.31564
-1054.5002
4749.9174
-772.06589
802.70037
590.7873
-53.160633
-1464.6206
-665.60213
-2438.1047
-401.65024
-1109.658
-623.15775
-2934.3999
63.139488
-3864.7546
1768.3038
-541.7678
1117.897
-104.77567
-47.099904
-1039.1764
442.35067
437.07041
1107.0986
3546.3145
-104.89878
-2429.0648
52.980522
1195.5023
-654.40157
-19.088316
-3183.772
-1458.4187
-1546.2755
-29.681102
1945.5513
935.34828
969.52488
-1236.906
869.99535
-88.1812
359.67016
-297.50942
-693.25635
-8.32332
-1571.5401
-722.75085
-2361.9682
35.332906
2060.0441
-863.8902
-16.309659
368.23675
261.91795
-208.20572
-961.15853
-1240.1323
-1809.6552
190.12785
715.63571
-279.10681
-53.753681
-66.173895
210.50567
-334.69722
-2559.0776
-726.27125
269.48952
2198.0352
243.56616
-37.90631
168.01584
-872.44353
-710.70384
-381.84533
237.57699
-1134.4825
-7.1030044
710.50832
-12.31202
3092.5109
-4.5739038
2844.5494
-4244.9838
171.85348
-375.66028
-333.89096
-1920.2396
-663.82432
-2641.4187
-66.863908
-202.36025
-12.672427
-2024.5248
-303.10194
-3430.139
-2542.4839
3996.8155
1302.527
-199.40424
567.85398
-700.6826
-871.50039
-578.64275
-11.472827
-702.97107
58.344363
1954.9147
1283.2669
192.50954
184.70252
-419.03399
36.627463
-89.401765
-313.74224
-35.151829
1024.3714
18.324743
701.93222
-69.712052
-1967.8804
-406.28149
298.08097
-1602.3489
-2714.8123
1650.5504
504.39693
-230.60113
-119.92819
-121.55462
-2708.8632
-707.7662
21.915964
2713.201
-870.38682
-118.67143
-89.364666
443.33089
2500.8074
758.66453
1000.9588
-36.237454
979.84494
-1284.5743
803.79804
-501.1172
373.72545
2042.5983
-2726.5126
-141.57458
-30.83094
-899.25417
-123.97117
38.668548
1366.1801
-4621.1278
514.9796
2063.483
-1469.1598
-12.166447
-378.08443
-154.52491
1139.1722
-149.84015
-628.88898
-429.03321
-686.21221
-59.235054
1340.0481
-993.48436
205.9131
-606.43671
-20.949384
-3128.7805
1544.1184
261.0185
48.37004
213.52393
-209.95825
-753.49178
-485.27662
-6908.7848
-664.35202
815.31945
-1661.5397
3848.7517
109.85655
1314.5019
673.32918
-2906.0796
246.16837
-2559.5671
2715.4042
-131.38584
-5302.0567
-99.384025
3871.765
-36.208425
-1392.2642
171.1319
4400.2341
-746.5857
-800.04259
-450.24643
2457.7636
11.722268
347.28951
256.26054
3403.4826
-13.928519
-27.386821
-60.940386
-660.9349
-9.1150096
-30.968643
-2400.893
2651.8729
-71.329658
-119.72714
-472.33163
-725.50816
16.821293
-383.47661
-2251.3366
20.414516
-146.45608
-1648.2287
343.4418
1084.8304
-733.3545
-1562.096
-2436.3609
-1367.075
630.37979
-45.43082
-1570.6176
1.1240212
594.86788
-776.69039
-611.26214
-17.972719
-361.90714
-21.089665
-1172.7001
1163.3177
735.78497
-0.86559582
-88.719012
-1293.7242
-804.42316
-18.32323
-30.940711
864.49788
-372.41475
-20.28914
-1307.1113
826.84916
-34.598963
-507.21865
-323.71982
-910.25974
2446.8828
-38.210104
-1693.1188
891.66126
-32.07074
-71.259595
119.19882
385.04133
-7.051874
403.47479
69.10755
-36.563137
16.495461
-1588.549
-2960.9593
191.40359
175.48286
2648.2009
685.14199
-1734.9744
46.830645
625.78979
694.07619
123.84268
-315.77841
-2833.6513
877.13288
-2036.0556
174.8118
-566.73389
-3.5163582
10.620709
-2955.1436
675.79446
96.162177
81.044172
287.89615
1376.4806
-2852.5946
2690.3873
1248.9657
-726.48154
-364.34986
397.54165
371.54736
2019.4129
2748.41
-91.963881
3584.6073
8.7882593
-1704.9411
-1255.0908
-404.39143
1642.1388
-2843.4448
-9.5407649
-695.15283
1401.3248
515.43806
-156.47416
-1.4570949
-7.3194744
-277.67314
3777.4009
216.18979
-508.84471
99.172518
-124.00848
1329.5966
20.469931
-95.56316
-26.942601
-229.52808
-1105.7249
-3824.3748
-467.50621
-234.8085
-145.09181
-52.189092
-636.96708
-123.39741
1278.0339
-1603.2495
-2488.1067
-950.47177
-30.65449
116.32446
-233.18369
-743.18134
-2289.5737
-564.01732
-998.28725
-309.97993
-552.99156
1904.576
-82.497807
-2653.3856
-3091.2968
-466.53229
1127.9121
1423.3271
-1518.1766
868.88507
-3979.047
936.6482
22.985896
-941.69888
-12.082946
-2099.3734
1404.8545
1139.9228
-819.78842
-38.630002
-91.379409
-1744.6924
-4050.7057
-57.840328
-16.360971
7385.3378
395.36388
-8081.0521
-8090.6587
-156.6595
-2220.339
-446.86127
4232.0377
1202.4437
-1327.5502
-21.614115
786.35044
-360.91028
-4342.4043
-362.29572
742.7051
-14.640214
502.85987
-453.2769
308.28908
-23.435621
-344.39943
-590.87005
-313.60151
1428.4336
245.68274
748.40993
-88.194938
-768.01655
492.32189
-569.74682
-329.79815
-500.83328
457.50306
478.98695
480.39139
458.36025
796.80343
-531.86815
1127.8759
-413.67428
848.10513
508.92852
2615.5187
502.58494
29.57129
96.134934
474.27802
467.94013
-623.1723
468.03056
473.59533
204.73572
-3215.2669
-3290.6869
943.56343
-21.220531
-403.3723
1659.4176
467.69966
-31.50646
-770.03655
-1709.6797
1423.5846
-1098.3629
295.01994
-471.37673
-1877.9785
7364.3337
-395.59105
39.231178
-4798.3231
6.4047845
2977.9848
291.22416
39.662086
1026.1299
2526.7487
10.381346
1230.5146
1228.373
91.000723
-380.5203
-424.82914
-1052.6024
-1187.8779
2674.65
-19.180706
-29.094395
159.46495
473.4015
1553.5979
1477.8979
-363.71006
-322.5622
-1786.2385
65.008643
-1122.5385
-1387.2771
-120.96328
1472.7355
1230.9352
490.80156
376.16728
393.64308
1622.1795
-91.38221
-4723.4878
-5312.3484
49.58575
3815.4185
-745.51105
355.1196
-1344.5147
-207.12949
479.16335
-536.60009
-975.88946
-936.86133
-1162.3005
747.18216
-16.566302
-1803.0713
-130.37887
-729.49007
-127.70694
1031.618
-1747.9686
-1413.7508
-38.8861
1275.702
-1606.9749
-1447.196
1179.1135
-1327.3122
470.29431
-425.0791
-12.564841
-69.623764
-353.48165
-312.00941
71.073002
-1234.9669
-274.41766
-112.97601
-126.28765
-1270.2661
1821.9268
-1617.2123
-32.794923
-276.58786
192.97143
-316.19702
2812.4479
-1711.8318
-24.108683
-44.266218
-107.08215
0.53370427
-945.85616
113.27706
801.50352
-1489.189
54.452233
-349.24502
3009.3588
1269.2879
934.57
254.5801
-14.120012
-2069.8732
-487.98145
-19.848802
-1348.0721
-980.36022
-238.5305
-110.00195
200.8965
-101.68717
-116.85208
-71.457305
-3280.1086
181.25913
-1274.0073
-111.75517
14.271754
-1908.0219
307.28764
2673.7554
923.36462
-103.00748
1101.7514
1298.3667
-156.00683
-1667.5115
-22.702754
-434.06061
-691.1777
31.686422
9.905056
-363.75942
1244.9064
637.03229
388.81583
-341.82031
-1743.3553
57.489459
-520.4504
-25.019868
679.59567
84.322854
-89.284979
-140.19794
-67.313515
959.77596
101.10592
4397.4915
-1548.405
37.149628
736.60762
-135.15632
-585.81708
-973.97965
-2708.1703
2154.5465
2767.3015
-1172.8022
-1526.826
702.41301
3242.2311
93.936498
30.049393
19.648537
851.81018
-594.02322
-40.655012
2519.9783
191.26637
164.69066
1483.1771
-121.54625
-959.2727
-1727.5109
-136.41321
-2364.9818
872.9941
49.276741
-2184.8826
508.48336
-962.83604
-686.90471
-1375.8529
-880.71499
1001.7826
679.37878
-2075.6367
714.5283
3238.8197
136.66531
14.024298
101.18184
-278.30317
-784.07709
2342.939
522.93016
918.81577
1244.7479
-758.0872
1408.5841
-1583.6355
596.8527
-129.83397
-988.03008
1162.635
-5.2689148
61.982673
1059.5415
1537.72
-2318.9181
833.30321
-1469.9785
16.491271
-404.14149
-8.1634255
-70.403573
-2239.9882
-2403.6291
-113.89336
13.713183
-1015.6403
-274.73354
3551.1581
167.7878
1.8748859
-3.8513716
2568.5383
-160.54683
-1404.5253
-60.409388
-306.14544
-3540.3034
756.18761
-251.03874
-67.425923
1100.269
-1823.8643
909.61656
71.388895
662.51399
-1458.8434
-1203.4923
-614.33244
-127.01836
-93.331994
-64.545165
-2009.9392
1747.606
-522.17167
212.09841
657.58663
-388.31583
-4299.5003
52.724497
1929.0627
-862.91302
79.97526
-2044.8463
106.46773
441.18997
956.14576
793.41885
-344.61947
693.78278
-1403.2096
-1284.1571
-1483.0482
202.85777
-684.31531
888.8832
48.888774
264.14113
1453.7708
-1559.2971
1394.5539
-47.422272
214.46123
91.575266
-1116.9413
915.25397
-2151.2194
-1017.7221
-1304.9195
257.67954
-1519.5193
-72.312272
-2324.0862
-1698.7743
-164.37855
1614.225
-21.420497
971.50647
-455.25912
-1678.6687
-2020.756
-81.231075
105.38995
160.19317
-1151.1111
-398.5192
-187.71528
-723.68558
-273.4531
1140.372
25.329923
3150.4766
3151.1219
-330.63532
-266.73484
-221.02902
-1140.9068
56.2459
169.91696
388.63068
-1801.6206
95.952681
-3127.2023
-1123.7124
-250.84459
-1757.5977
-2684.7289
-1962.4969
-130.87195
-674.61082
-1387.7525
526.41505
35.394062
-1704.8488
3957.5927
620.4736
-2007.9144
1783.6693
-24.046811
-499.93197
-3252.7987
271.52034
-125.88356
360.20347
-1520.6451
155.66258
878.34106
850.06535
79.028975
2199.0979
12.871992
-1424.7218
-761.09261
-951.11727
664.18744
-775.74428
1119.613
-1232.1421
-681.70864
-896.48207
-147.00054
76.837248
-1901.9598
4338.0468
-2.7708357
278.68515
88.238436
-1161.9242
316.85327
-81.463729
-24.829982
13.930698
-2321.5349
122.18932
8.9375601
580.55534
1517.5858
362.64069
-963.61397
615.41001
-1452.1124
-275.35451
-1163.2506
1540.8387
-2847.4706
541.92432
365.87131
-1427.6258
-2225.8294
1330.4826
-1011.8451
845.99853
-2538.1194
256.82302
291.13175
-5273.8707
-1574.617
1.6726091
-143.36892
-3817.8962
-5160.84
-1818.0548
-382.17329
-1093.2278
-986.02765
-1116.5845
2674.116
3156.5573
433.80181
749.25298
-2136.7515
-367.82685
-2415.2648
-934.59292
1413.4873
-283.84973
1674.5036
-802.47289
-1214.9132
52.870758
-2418.9035
68.43229
1541.297
-145.75932
454.46027
9.4467118
-511.99162
211.78601
-1280.3044
1320.3733
1373.394
190.56105
2049.7466
-1211.8876
297.06426
-729.16979
-3821.5627
-143.79602
-1396.1445
-17.261983
-544.61609
-1049.5655
-808.25369
-59.707196
-145.37469
-16.900777
1533.4472
582.10727
-55.651778
428.46174
-43.169221
-134.56012
11.589369
-623.31871
83.07188
3608.3017
29.991566
-3028.7721
-15.450691
51.643054
-444.14106
-916.97311
-1852.4121
-70.834012
-2000.8569
676.29064
110.49274
726.41838
13.174901
-0.89180197
-1937.7509
3386.6582
1155.6892
-743.47346
-316.60877
161.75969
44.694849
-841.54471
687.08992
782.22383
615.13302
4.434514
-1702.2174
173.40488
-1609.9808
-860.28549
1901.7659
-323.2321
-41.956928
3332.0051
1456.2187
19.160962
-2589.5169
-744.26944
-987.45349
-2356.6309
-224.91425
-2457.6506
-20.590083
82.344972
43.146385
65.380235
1089.1617
-945.71851
-580.89852
1686.0555
974.34219
1424.091
-291.00724
4.3497144
-66.783049
-1216.0083
-1368.8746
-830.56289
915.52522
-11.02144
-15.198926
-246.80503
734.33221
-1704.8305
-2039.0076
15.428531
23.674637
-34.076337
462.11118
2568.2139
64.77496
-132.01899
-1587.305
890.0737
-3520.5126
-73.86739
-3247.3502
-966.17731
-2991.6136
555.20288
-1471.4334
-316.67333
749.60702
1009.5781
-121.96369
-1838.3939
-1599.4376
-1574.2769
-1023.1566
700.58805
-1664.0155
-1536.4202
-1008.246
-1503.6776
1045.5431
1208.1202
-1119.782
-2015.5325
-2424.4856
-4298.9133
-1986.0117
1051.5644
1025.3395
)
;

boundaryField
{
    back
    {
        type            empty;
    }
    out
    {
        type            totalPressure;
        rho             none;
        psi             none;
        gamma           1;
        p0              uniform 0;
        value           uniform 0;
    }
    bottom
    {
        type            zeroGradient;
    }
    in
    {
        type            zeroGradient;
    }
    top
    {
        type            zeroGradient;
    }
    wall
    {
        type            zeroGradient;
    }
    front
    {
        type            empty;
    }
}


// ************************************************************************* //
