/*--------------------------------*- C++ -*----------------------------------*\
| =========                 |                                                 |
| \\      /  F ield         | foam-extend: Open Source CFD                    |
|  \\    /   O peration     | Version:     4.1                                |
|   \\  /    A nd           | Web:         http://www.foam-extend.org         |
|    \\/     M anipulation  |                                                 |
\*---------------------------------------------------------------------------*/
FoamFile
{
    version     2.0;
    format      ascii;
    class       volScalarField;
    location    "0.1";
    object      p;
}
// * * * * * * * * * * * * * * * * * * * * * * * * * * * * * * * * * * * * * //

dimensions      [0 2 -2 0 0 0 0];

internalField   nonuniform List<scalar> 
4242
(
-0.26180887
-0.26342117
-0.2644268
-0.26424306
-0.2620375
-0.25650415
-0.24611036
-0.22961165
-0.2065529
-0.17736934
-0.14328353
-0.10599636
-0.067512423
-0.030242944
0.0038576702
0.038177743
-0.45663784
-0.45673581
-0.45597215
-0.45301635
-0.44604436
-0.43293964
-0.41199973
-0.38268551
-0.34608981
-0.30454787
-0.26057579
-0.21599018
-0.17186227
-0.12917162
-0.08909997
-0.05083643
-0.66872996
-0.66861424
-0.66768077
-0.66464213
-0.65758856
-0.64405009
-0.621492
-0.58823749
-0.54440122
-0.49210278
-0.43464336
-0.37514466
-0.31584513
-0.2582246
-0.20341502
-0.15310835
-0.86475328
-0.86414343
-0.86269444
-0.85915102
-0.85153819
-0.83724912
-0.81342962
-0.77784166
-0.7299432
-0.67135534
-0.60518915
-0.53471816
-0.46269293
-0.39121067
-0.32189619
-0.25765214
-1.0175681
-1.0165767
-1.014765
-1.0109394
-1.0030857
-0.98845925
-0.96388537
-0.92657705
-0.87536782
-0.81157716
-0.73847513
-0.65981807
-0.57864941
-0.4971689
-0.41713437
-0.33997863
-1.1172199
-1.1159623
-1.1139538
-1.1101305
-1.1025526
-1.0884679
-1.0645018
-1.0273841
-0.97521889
-0.90867711
-0.83098372
-0.74642263
-0.6585483
-0.56991617
-0.48272993
-0.39968866
-1.160786
-1.1593533
-1.1572773
-1.1536799
-1.1468084
-1.1340545
-1.1120116
-1.0770592
-1.0265972
-0.9604785
-0.88151321
-0.79424128
-0.70287899
-0.61047008
-0.51941007
-0.43262977
-1.1495729
-1.1480551
-1.1460139
-1.1427811
-1.1368701
-1.1259502
-1.1067649
-1.0755326
-1.0290625
-0.96632092
-0.88941146
-0.80280449
-0.71123107
-0.61827799
-0.5265759
-0.43958317
-1.086906
-1.0853686
-1.0834355
-1.080661
-1.0758772
-1.067135
-1.0514913
-1.0251977
-0.98462383
-0.92785033
-0.85606297
-0.7733611
-0.68481634
-0.59462632
-0.50583121
-0.42212474
-0.98617127
-0.98475232
-0.98301251
-0.98065082
-0.9767818
-0.96984658
-0.95732425
-0.93574271
-0.90135149
-0.85157159
-0.78662293
-0.70993081
-0.62658926
-0.54127024
-0.45741193
-0.37893827
-0.83542226
-0.83401827
-0.8324253
-0.83057973
-0.82796416
-0.82357077
-0.81551908
-0.80080467
-0.77560264
-0.73647088
-0.68220536
-0.61501042
-0.53962183
-0.46102439
-0.3825991
-0.30754517
-0.71938957
-0.71822878
-0.71709541
-0.71597338
-0.71451466
-0.71193714
-0.70654382
-0.69534719
-0.67423841
-0.63917359
-0.5883315
-0.52384865
-0.45119753
-0.37648027
-0.3037342
-0.233433
0.032520631
0.033391043
0.034624057
0.037236835
0.042428413
0.051250866
0.064307134
0.08140826
0.10150582
0.12289485
0.14382562
0.16293412
0.17921894
0.19179028
0.20081262
0.2101788
0.25992874
0.25834362
0.25705461
0.25676426
0.25808305
0.26166147
0.26789984
0.27664774
0.28710919
0.29802619
0.30802774
0.31589995
0.3206196
0.32123581
0.31722464
0.31029833
0.46670071
0.46495648
0.46328431
0.46210262
0.46165245
0.46217838
0.4637305
0.46597692
0.4681729
0.46931101
0.46836294
0.46445075
0.45683168
0.44481217
0.42832106
0.40990492
0.61994858
0.61796202
0.61591748
0.61408124
0.61244917
0.61099977
0.60955772
0.60767073
0.60460078
0.59942857
0.59121889
0.57914212
0.5624611
0.54054627
0.51368415
0.48495285
0.72625125
0.72413371
0.72187172
0.71962901
0.71725539
0.71455311
0.71116078
0.7064655
0.69963331
0.68974058
0.67593881
0.65754264
0.63397988
0.60493245
0.57178598
0.54001089
-0.66993581
-0.6698265
-0.66890264
-0.66587663
-0.65883884
-0.64531885
-0.62277983
-0.58954084
-0.5457117
-0.49340857
-0.43593327
-0.37641102
-0.31708885
-0.25950252
-0.20496185
-0.15510111
0.75331427
0.75134524
0.74917825
0.74691424
0.74434864
0.74122238
0.73712814
0.73145948
0.72346486
0.71235925
0.69743669
0.67814532
0.65412357
0.62527456
0.59205849
0.55612673
0.75380665
0.75182785
0.74965074
0.74737679
0.74480026
0.74166034
0.73754696
0.73185012
0.72381523
0.71265716
0.69767487
0.67832644
0.65426777
0.62545869
0.59253899
0.55744041
0.72676704
0.72464155
0.72237175
0.72012138
0.71773842
0.71502289
0.71161069
0.70688613
0.70001348
0.69007
0.67621208
0.65776188
0.63416045
0.60514906
0.57227637
0.54104069
0.61997271
0.61799623
0.61596316
0.61413785
0.61251461
0.61106911
0.60962173
0.60771488
0.60460555
0.59937251
0.59108448
0.57890864
0.56204219
0.5397238
0.5125358
0.48535928
0.46645261
0.46472887
0.46307965
0.46192118
0.46149471
0.46204485
0.46362126
0.46589088
0.46810689
0.46926102
0.46833078
0.46443456
0.4567187
0.44421826
0.42733499
0.41229894
0.26063627
0.25905871
0.25777937
0.25749976
0.25883121
0.26242733
0.26869379
0.27748683
0.28801648
0.29902924
0.30915906
0.3171944
0.32209267
0.32289675
0.31925455
0.3123873
0.034074015
0.03493957
0.036167401
0.038772632
0.043951746
0.052755896
0.065789183
0.082866542
0.10294208
0.12431126
0.14521974
0.16429046
0.18049016
0.19287208
0.20156567
0.21071655
-0.71848912
-0.7173288
-0.7161951
-0.71507265
-0.71361473
-0.71104102
-0.70565637
-0.69447389
-0.67338195
-0.6383285
-0.58747885
-0.52295442
-0.45021002
-0.37524837
-0.30171946
-0.23180048
-0.83479581
-0.83338707
-0.83178789
-0.82993583
-0.82731492
-0.82291952
-0.81487217
-0.80017192
-0.77499672
-0.73590573
-0.6816954
-0.61457443
-0.53929335
-0.46086973
-0.38296682
-0.30992138
-0.98574121
-0.98431761
-0.98257208
-0.98020503
-0.97633253
-0.9693978
-0.95688271
-0.93531816
-0.90095614
-0.85121849
-0.78632377
-0.70969447
-0.62641987
-0.54115398
-0.45737163
-0.37922872
-1.086692
-1.0851515
-1.0832147
-1.0804373
-1.0756526
-1.0669136
-1.0512799
-1.0250064
-0.98446543
-0.92773985
-0.85601577
-0.77339243
-0.68494333
-0.59486467
-0.5062479
-0.42319749
-1.1495255
-1.1480068
-1.1459648
-1.1427321
-1.1368236
-1.1259102
-1.106738
-1.0755281
-1.0290924
-0.96639861
-0.88954954
-0.80301334
-0.71151838
-0.61863968
-0.52703133
-0.44040581
-1.1608942
-1.1594634
-1.15739
-1.1537967
-1.1469318
-1.1341888
-1.112163
-1.0772363
-1.0268106
-0.96073899
-0.88183026
-0.79462144
-0.70332496
-0.61097292
-0.52000367
-0.43359087
-1.1175031
-1.1162502
-1.1142481
-1.110433
-1.1028666
-1.088798
-1.0648542
-1.0277662
-0.97563854
-0.90914141
-0.8314976
-0.7469887
-0.6591648
-0.57057128
-0.48346892
-0.40070522
-1.018092
-1.0171077
-1.0153054
-1.011492
-1.0036542
-0.98904835
-0.96450059
-0.92722379
-0.87605011
-0.8122974
-0.73923462
-0.66061831
-0.57948865
-0.49804283
-0.41812525
-0.34125429
-0.86559885
-0.86499697
-0.86355896
-0.86002944
-0.85243399
-0.83816621
-0.81437143
-0.77880996
-0.73093748
-0.6723735
-0.60623001
-0.53578335
-0.46378324
-0.39234118
-0.32320056
-0.25925429
-0.45815263
-0.45825441
-0.457497
-0.45454899
-0.4475847
-0.43448382
-0.41353906
-0.38420531
-0.34757073
-0.30596876
-0.2619162
-0.21723268
-0.1730089
-0.1302999
-0.090350998
-0.051773523
-0.2629794
-0.26459171
-0.26559697
-0.26541181
-0.26320252
-0.25766233
-0.24725706
-0.23073993
-0.20765496
-0.17843537
-0.14430168
-0.10695947
-0.06844136
-0.031207915
0.0028393229
0.037250094
-0.43749309
-0.43686896
-0.43587929
-0.43444992
-0.4323419
-0.42907238
-0.42368942
-0.41454256
-0.39932535
-0.37567568
-0.34235769
-0.30035554
-0.25277247
-0.20352296
-0.15623234
-0.11323597
-0.34329077
-0.34282664
-0.34220426
-0.34134618
-0.34010248
-0.33815225
-0.33473606
-0.32832208
-0.31648291
-0.29638629
-0.26610564
-0.2261754
-0.1799685
-0.13223882
-0.087193524
-0.047525092
-0.17881492
-0.17834682
-0.17777301
-0.17709085
-0.17622112
-0.17501208
-0.17306102
-0.16943323
-0.16241496
-0.14965343
-0.12904475
-0.10017441
-0.065157214
-0.027813885
0.0082597232
0.040799474
-0.049445195
-0.049403307
-0.049230711
-0.048828786
-0.048090064
-0.046827542
-0.044646455
-0.040760661
-0.033870352
-0.022324496
-0.0047914316
0.018695415
0.04611374
0.074071294
0.09936799
0.12012703
0.051373212
0.051094215
0.050923199
0.050998384
0.051443741
0.052467121
0.05446041
0.0581106
0.064459498
0.074775613
0.089954009
0.10961493
0.13161822
0.15265115
0.16968344
0.18104972
0.11981581
0.11904659
0.11837188
0.11799422
0.11806737
0.11887389
0.12087358
0.12477442
0.13158185
0.14234141
0.15745229
0.17591182
0.19510042
0.21147944
0.22195707
0.22439927
0.11993756
0.1191687
0.11849452
0.11811732
0.11819066
0.11899697
0.12099607
0.1248964
0.13170382
0.1424664
0.1575894
0.17607904
0.19533071
0.21183218
0.22257864
0.22583664
0.051549856
0.051274286
0.051107531
0.051187299
0.051637346
0.052665382
0.054662857
0.058316
0.064665761
0.074979822
0.090153633
0.10980749
0.13179598
0.1527927
0.16980928
0.18094009
-0.04893971
-0.048895268
-0.048718976
-0.04831263
-0.047568861
-0.046300646
-0.044113317
-0.040220757
-0.033322387
-0.021764346
-0.0042085317
0.019323131
0.046825476
0.074930367
0.10055233
0.12226248
-0.17809893
-0.17762829
-0.17705015
-0.17636206
-0.17548484
-0.17426655
-0.17230453
-0.16866427
-0.16163148
-0.14885045
-0.12820988
-0.099281434
-0.064159071
-0.026649038
0.0096755707
0.042713222
-0.34239494
-0.34192949
-0.34130436
-0.34044236
-0.339194
-0.33723897
-0.33381896
-0.32740327
-0.31556417
-0.29546576
-0.26517336
-0.22520912
-0.17893709
-0.13114698
-0.086020292
-0.044715219
-0.43666995
-0.43604609
-0.43505656
-0.43362711
-0.43151888
-0.42824903
-0.42286532
-0.41371597
-0.39849166
-0.37482574
-0.34147669
-0.29942368
-0.25177558
-0.20249053
-0.15504387
-0.11116479
-0.12906253
-0.13042037
-0.12853961
-0.12326033
-0.11413075
-0.10019978
-0.081053014
-0.057176758
-0.029915802
-0.00099597369
0.028039265
0.055811043
0.080680221
0.10203542
0.12460104
-0.13042851
-0.13177387
-0.12987014
-0.12455793
-0.11539192
-0.10142304
-0.082240722
-0.058331562
-0.031034566
-0.0020684403
0.027026731
0.054871178
0.079854016
0.10155741
0.12383495
-0.57922008
-0.57885911
-0.57824693
-0.57696875
-0.57400829
-0.56755372
-0.55490124
-0.53281498
-0.4987454
-0.45257229
-0.39723271
-0.33725857
-0.27691722
-0.21869953
-0.15731137
-0.58007125
-0.57970449
-0.5790842
-0.57779442
-0.57481833
-0.56834501
-0.55567405
-0.53357606
-0.49951105
-0.45337089
-0.39810483
-0.3382332
-0.27795735
-0.22033587
-0.16323415
-0.12416049
-0.12552949
-0.57910886
-0.57996452
0.054298512
0.051002415
0.26945457
0.046741985
-0.004043167
0.037592039
0.15434359
0.20482983
0.20263918
0.13429679
0.12662702
0.018537753
0.22429449
0.022178128
0.15926015
-0.015518541
0.10382519
-0.053739531
-0.01400458
0.03189955
-0.030664975
0.22755802
0.20897293
0.19840643
0.19837747
0.042545197
0.037234689
0.030401418
0.039441251
-0.032102104
0.042182409
0.14116776
0.058195318
0.030797449
0.21424046
0.045666425
0.015731217
0.20972263
0.094180811
0.10258736
0.082851281
0.010811857
0.20329361
-0.02780285
0.20160459
0.29934154
0.035969499
0.19625877
0.17033531
0.17007346
-0.15554974
0.40790438
0.2285766
0.11705701
-0.092732324
0.025512552
0.1148536
0.15428237
0.19723965
0.03838622
0.038722119
0.17904973
0.17655202
0.10847271
-0.16061094
0.11435004
0.033588659
0.045818022
0.087992082
0.035544178
0.042059162
0.0021070484
0.046228856
0.013394293
0.014498181
0.20693469
0.038087695
0.044545046
0.02184746
0.13975374
0.059660223
-0.10402863
-0.038468242
0.037354904
0.094362127
0.054124178
0.1754358
0.0057002886
-0.11285418
0.012919091
0.039176174
0.038140644
0.31667646
0.079501706
0.20053581
0.20966816
0.0011977503
0.28451252
-0.15811581
0.21738881
0.012724262
0.044803223
0.040191011
0.013976017
0.042030063
0.020084923
0.074864317
0.012032741
0.095491883
-0.033481862
-0.13048939
0.23708376
0.085819627
0.080869507
0.019517098
0.021780123
0.25095475
0.01285672
0.020085702
0.24116434
0.23962866
0.10807419
0.15484929
0.0577611
-0.10173603
0.18256633
0.11921679
-0.14214463
0.034822182
0.22690966
0.10005602
0.075944623
0.028074299
0.00864362
0.032369246
0.080110077
0.28843999
0.0059370708
-0.15345824
0.042531065
0.20327552
0.046859975
-0.0081488283
0.047304455
-0.0042767447
-0.0037000635
0.04065988
0.036891079
0.02864614
0.17347371
0.17168441
0.041628281
0.042224263
0.24970662
0.028484295
0.19406746
-0.11873177
0.11984912
0.030206558
0.012332637
-0.34422786
-0.34206864
0.20428972
0.22714193
0.12568716
0.028536825
0.026840387
0.15932348
0.0062833137
0.017724506
0.00044350324
0.30692981
0.049604928
0.028230523
0.041079813
0.20637563
0.13257949
0.018414574
0.038904809
0.056241937
0.16351326
0.014404162
0.032622235
0.040685589
0.049440397
0.17124991
0.19817909
0.056825689
0.066934849
0.036470116
0.018290288
0.037106001
0.016335547
0.14117447
0.11169176
0.19758486
0.027019913
0.036435917
0.1562193
0.32525102
0.1621153
0.047703836
-0.041603367
0.1338956
0.23178574
0.17850497
0.2189272
0.035780538
0.24830078
0.02115702
0.026180362
0.04467997
0.12835549
0.15132119
0.017888434
0.010829811
0.013946973
0.19870708
0.20662619
0.075983822
0.084020456
0.081314583
0.1361571
0.011125813
0.10707318
0.15005535
0.23106338
0.0099436206
0.058625843
0.071904539
0.14812707
0.26907245
0.023780687
0.080683106
0.011235249
0.038683756
0.036600702
0.19424584
0.039514983
0.016701179
0.040734116
0.0096046271
0.047814209
0.062003861
0.26238481
0.1204918
0.033223108
0.19076882
0.025349422
0.076589842
0.16554953
0.31309299
0.019503843
0.010185732
-0.00094052129
0.005326089
0.21712368
0.047690171
0.012438413
0.03814467
0.045991756
0.0019457301
0.027639228
0.029879798
0.11297236
0.04773352
0.038743682
0.041207872
0.019588764
0.10261856
0.14465707
0.10982333
0.12877626
0.22237477
-0.010504786
0.036331441
0.25236204
0.23467934
0.038764895
0.025351271
0.070541313
0.04294049
0.034923673
-0.024522848
0.12453611
-0.030999295
0.038975885
0.1232327
0.048988215
0.039977137
0.16200782
0.10162287
-0.020370417
0.0026911542
0.25482293
0.10165432
0.037747644
0.20456053
0.044617036
0.055366247
0.057466091
0.01412811
0.046256785
0.2703223
0.31406474
0.098428961
0.042651027
0.1337543
0.041066436
0.2088795
-0.040384196
0.041700087
0.037410973
0.068093912
0.12757449
0.036546818
0.050595913
0.034387411
0.34844767
0.033792994
0.023892854
0.21545923
0.0025048033
0.015199173
0.034163691
0.11823677
0.018799106
0.024589473
0.035439985
0.0097197963
0.40726979
0.067608443
0.13602938
0.19642588
0.034789345
-0.0014237192
0.11417916
0.016666901
0.020654033
0.035821889
-0.011180972
0.066708019
0.036061295
0.24060233
0.012458281
0.023603236
-0.0059186282
0.055685482
0.046025031
0.0078724046
0.013608946
-0.19706152
0.070370883
0.157411
0.044156476
-0.034141618
0.051596808
0.05490874
-0.086626961
0.18225973
0.04881971
0.18103201
0.017538365
-0.1923292
0.28067381
0.21108997
0.053448721
-0.065340197
0.021232457
0.22648634
-0.029775042
-0.027312425
0.32465613
0.14666552
0.15970811
0.051020517
0.089241939
0.07197263
-0.023296365
0.052171412
0.054260878
0.22940561
0.21210341
0.060628826
0.072216986
0.12362213
0.045872834
0.0089821745
0.15307392
-0.10614024
0.025704772
0.046593382
-0.10121438
0.031216272
0.050302728
0.038420521
0.047923623
0.081316833
0.38567004
0.063476667
0.0042469786
0.0095232217
0.033675616
-0.0050917576
0.18609731
0.024230878
0.040770656
0.036037517
0.19107194
0.038512783
0.12440167
0.19313918
0.0022899781
0.038980918
0.12796202
0.16542633
0.16842796
0.011848441
0.039053449
0.015480194
0.028746079
0.047635109
0.038153715
0.19190694
0.23313694
0.27209934
-0.025951965
0.024705926
0.22004091
0.03946684
0.16896388
0.16545115
0.068684906
0.073088753
0.19455835
0.15338843
0.034618306
0.013865297
0.016927411
0.10920862
-0.080401681
-0.018279692
0.10623653
0.03598932
-0.0011783813
0.056642148
0.029027962
0.0036428849
0.038154154
0.19741585
0.034511561
-0.0091699926
0.0022243148
0.01774085
0.061407086
0.049970963
0.1161192
0.13430005
0.014817502
0.17204173
0.17508384
0.24189722
0.041706462
0.092477567
0.15825306
0.1835345
0.19568119
0.2066287
0.21642677
0.035230348
0.15937452
0.035381988
0.2619299
0.043464913
0.035418575
0.071900054
0.021978099
0.025174951
0.41574663
0.040878378
0.045136694
-0.031353765
0.028081485
0.0010346133
0.018546673
-0.049756238
0.04133801
0.19436128
0.19552559
-0.093824198
0.13194972
0.0053474922
0.046481509
0.040435124
-0.044964789
0.04087843
0.1325278
0.054826382
0.019073315
0.037801608
0.055783936
0.13258736
0.27244176
0.16363162
0.15937902
0.052744092
-0.31441443
0.03849729
0.0072521022
0.10981466
0.01467847
0.027373401
0.037972225
0.038526899
-0.033828199
-0.31232625
0.035935345
0.19919415
0.14141949
0.19574027
0.023594796
0.10482426
0.064392408
0.030702704
-0.088390243
0.041113533
-0.036361649
0.062235254
-0.089636886
0.23260731
0.16438072
-0.097451749
0.22931104
0.038264857
-0.17920908
0.22401975
0.17442212
0.17428647
0.19630362
0.18625904
-0.30223703
0.037060144
-0.00033240877
0.032245461
0.0036131677
0.16739438
0.19294755
0.18425998
0.051339847
0.069718589
0.10320706
0.041325136
0.012783532
0.22364591
0.028686833
0.086964314
0.034283116
-0.30063708
0.26987651
-0.097984197
0.07279582
0.13150244
-0.13513218
0.011725446
0.026265922
-0.17439186
0.028867162
0.049299133
0.1815325
0.18626641
0.10843818
0.024780257
-0.071981077
0.22688489
0.26453674
0.2576895
0.16563673
0.053782496
0.18250962
0.2157406
0.27102048
0.20503244
0.31324625
0.028594558
0.19667287
0.19900486
0.014212125
0.042549777
0.057305537
0.19129246
0.23052264
0.18125518
-0.14648126
0.17466254
0.037403261
0.41555582
0.18890609
0.010630586
0.40466178
0.22943501
0.038300818
0.071562592
0.13928742
0.40256828
0.029802101
0.060170637
0.21338869
0.040679911
0.29939641
0.20960183
0.22090729
0.056600032
0.0011574459
0.14536215
0.22235508
0.41606322
0.17134261
0.039420133
0.17561744
0.026358618
0.015053123
0.069972977
-0.083178994
0.4132151
0.043484147
0.0100515
0.10093723
0.27313904
0.25511604
-0.034650458
0.0078501474
0.036043051
0.21572562
-0.071635044
-0.077998456
0.044352343
0.015333993
0.18046601
0.17990745
0.046395882
0.049204831
0.133861
0.095398539
0.039427785
0.0018893447
0.18973164
0.063164029
0.035888886
0.0072155161
0.36992132
0.059707345
0.16068983
0.012673492
0.040044831
0.18193727
0.038340467
0.39940689
0.045180224
0.0061020128
0.19534002
0.023517197
-0.05045335
0.020748823
0.027196506
0.021287682
0.099106394
0.063527466
0.002832492
0.26653234
-0.088694608
0.14766015
0.169619
0.066891351
0.24052514
0.022249184
0.27089888
0.051122621
0.46317919
0.06360142
0.1073217
-0.04650305
0.34323137
-0.086289625
0.0053059008
0.033916686
0.16492456
0.14959254
-0.12502603
0.1850635
0.17748053
0.10875879
-0.20559269
0.033315943
0.090819738
0.010754789
-0.20618269
0.096190177
0.013255871
0.031594646
0.033286804
0.028294982
0.22251864
0.057412145
-0.1780986
0.17644092
0.10981138
0.0022324956
0.142694
0.040817323
0.041811481
0.083334709
0.13183212
0.12684479
0.042317259
0.26630366
-0.1278883
0.044680556
0.043247466
-0.12229453
0.19590935
0.22401737
0.0022855641
0.030089438
0.019256695
0.21656772
0.20863129
0.021184855
0.15780155
0.013359946
0.10121956
0.11758907
0.14691147
0.20067249
0.060444318
0.14206735
0.029748842
-0.16033811
0.20038995
0.13130558
0.02041106
0.030584851
0.036516955
0.032116192
0.024792513
0.057091151
0.071084446
0.041698382
0.013309162
0.057157072
0.072677299
0.035484483
0.103449
0.12078687
-0.12875409
0.034019958
0.03629231
0.067028633
0.012587941
0.27802058
0.036851809
0.17532287
0.054729702
0.17615758
-0.051639314
0.058155477
0.0030502563
-0.082876248
0.06339171
0.12852039
0.063559283
0.10008784
0.037916932
0.14654878
0.039721652
0.21558309
0.040757528
0.031862876
0.17709716
0.21834469
0.054677717
0.27018132
0.026017506
0.51872883
0.11140922
0.018627154
0.041829874
0.01303846
0.061950157
0.23620468
0.039542879
0.022952791
0.033158632
0.038066838
0.078860178
0.047584735
0.024474013
0.023130305
0.0087842497
0.26592804
0.013422616
0.21023896
0.23397848
0.22093844
0.21925683
0.20120726
0.17466344
0.0079721977
0.069981642
0.034142045
0.037185751
0.0022489577
0.15201224
0.27335913
0.029480674
-0.017609982
0.064485196
0.22561206
0.043359866
0.23163618
0.19042328
0.097421831
0.30526205
0.15306733
0.13112437
0.046336499
0.0091001299
0.0045932605
0.035137844
0.02898826
0.41163417
0.13484255
0.11462205
0.19442411
0.14902384
0.15263886
0.019528158
0.031534786
0.22351962
0.099904277
0.11024697
0.045804603
0.1867456
0.037595877
0.16571611
0.12408283
0.015349963
0.033198492
0.078664256
0.21422468
0.071084712
0.026513644
0.01176254
0.050186837
-0.0065693973
0.1675788
0.050544893
0.11253261
0.39645249
0.05780241
0.39390255
-0.052234336
0.062350799
0.1562653
0.051815368
0.17981778
0.02693762
0.24615591
0.05299145
0.21525771
0.036831878
0.031864845
0.011317546
-0.092444633
0.16667302
0.018728997
0.037012435
0.22457585
0.077344159
0.14023733
0.031926755
0.1215562
0.21284897
0.17591706
0.05129274
0.15987002
0.13094275
-0.088136792
0.15299998
0.51116789
-0.063535959
0.071062455
0.043232469
0.36268372
0.17519861
-0.17931142
0.08345909
0.022958769
0.10814402
0.075482455
-0.070715799
0.039573621
0.18539052
-0.06703516
0.11653699
0.10505555
0.043826438
0.029587603
0.039490447
0.055158158
0.073095576
0.0078069385
0.18439261
0.030102705
0.14225013
0.11471187
0.23088836
0.20042432
0.27367624
0.21703547
-0.031356487
-0.058354891
0.080655208
0.024848006
0.036163249
-0.12282099
-0.0070298922
0.089906014
0.096065512
0.057396178
0.22407558
0.034914064
0.0092240095
0.033141496
0.1332489
0.18039159
0.12211811
0.030130711
0.037709417
-0.12999796
0.039574225
0.029358981
0.024813464
0.14295726
0.18292715
0.17075251
0.47579203
0.049037347
0.020720371
0.13750315
0.042022198
-0.11768332
-0.028012486
0.023027302
0.015762898
0.073048009
0.26775807
0.34250231
-0.117462
0.021365457
0.23543651
-0.15525336
0.03746946
0.0766542
-0.012405211
-0.11457162
0.19188034
0.14546513
0.18311074
0.011688859
0.054428622
0.03748544
0.21681162
0.30283563
-0.010275834
0.15481806
0.31762543
0.13664816
0.065888649
0.034786793
0.25244068
0.048413197
0.034085283
0.034400805
0.023070902
0.12844651
-0.073282315
0.44966248
0.0013379623
-0.066484401
0.021520207
0.022981893
0.34086875
-0.021812264
0.21220841
0.049600308
0.050368961
0.017647156
0.061023845
0.16538162
0.043036082
0.041444118
-0.076345332
0.06763146
0.21108935
0.2904296
0.026315625
-0.0050452493
0.22115327
0.1280548
0.14846852
0.031960348
-0.16087894
-0.0036156551
0.044478244
0.12627867
0.032217622
0.018784115
0.18027429
0.23135468
0.18525274
-0.050118524
0.015939218
0.057230717
0.064514916
0.036013112
0.29376494
0.21529434
0.0063503727
0.22306073
0.039524532
0.23460891
0.043121909
0.11392646
0.19356563
0.33656653
-0.34361979
0.1108452
0.028854082
0.018008919
0.007875822
-0.34178695
0.016813601
0.19636824
-0.001369867
0.024067734
0.18861716
0.041351776
0.050062769
-0.091997902
-0.17106611
0.030635507
0.056991781
0.15047381
0.035901278
0.26757877
-0.048805229
-0.002103388
0.19487676
0.018438783
-0.11371817
0.02682512
0.07200861
0.19615921
0.024260369
0.16463988
0.16652055
0.038564956
0.044714961
-0.00057954291
0.011955633
0.022851524
-0.10637127
0.050692771
0.033669983
0.044116564
0.026168688
-0.17440526
0.032560396
0.37808857
-0.17026385
0.26736109
0.026323765
0.025955865
0.23431375
0.040450907
0.041236733
-0.29336195
0.054205072
0.44765286
0.146252
-0.10013186
-0.0061403778
0.19786935
-0.29112212
0.070263528
0.13969797
0.28106638
0.040404322
0.049637744
0.024794731
0.24595711
0.081592605
0.022764544
0.040373952
-0.045583006
0.0020717265
0.16876832
0.052916567
0.095588356
0.14752569
0.026615295
0.088861762
0.52095457
0.13860635
0.15598979
0.0077574135
0.11368702
0.18055461
0.068398808
0.38592459
0.036124757
0.13260929
0.16811937
0.027648354
0.16037065
-0.079110569
0.061871059
0.0022930415
0.069761528
0.031897758
0.0040801752
0.04318036
0.16415811
0.05518098
-0.020857617
0.47517457
-0.021063784
0.21704065
-0.073949208
0.20215893
0.18851057
0.047967095
0.30155685
0.21560537
0.071994614
0.19007853
0.033538382
0.026615876
0.16351595
0.042640078
0.038177076
-0.2093573
-0.20718268
0.043636969
0.041564951
0.030631876
0.017861617
0.032281984
0.025880346
0.029599366
-0.045301702
0.039013743
0.060186439
0.04393485
0.00089456672
0.070050107
0.067992772
0.11436891
0.024656425
0.18166625
-0.31569879
0.23821692
0.020350235
0.036861006
0.22602662
0.058227333
-0.31395084
0.035742089
0.051292156
-0.0034916441
0.19718586
0.037542782
-0.23835964
0.0008192202
0.26981298
0.032192426
0.15231622
0.0078889316
0.11115571
-0.2340426
0.19044844
0.020350742
-0.033054851
0.012908517
0.073120769
-0.055883297
0.21261347
0.11765118
0.026413714
0.19398033
0.039387528
-0.0083544923
-0.050930031
0.035547892
0.039043256
0.086982932
0.039750466
0.052053131
0.49828568
0.030820537
0.34106625
0.048564754
0.36415063
-0.010860417
-0.015677464
0.0454903
0.18531941
0.19770889
0.24704487
0.03005992
0.0076069493
0.25952388
0.19925825
0.022625471
0.045161107
0.02745513
0.23500251
0.1896109
0.0048440209
0.057395121
0.030178461
0.025002942
0.12252862
0.17750879
0.1206645
0.041406291
0.15387618
-0.18056231
0.18535718
0.090658872
0.044826093
0.039311744
0.14637608
0.013585365
0.38480199
0.12462958
0.04288355
0.017111122
0.2393313
0.29683362
-0.11218961
0.11527851
0.062053576
0.174942
0.4576308
0.041806638
0.14764759
0.19154664
0.038233699
0.0070296807
0.049746145
0.045516517
0.22758592
0.0074006783
0.04202917
0.0084660547
0.1723475
0.0096264856
0.031272433
0.039936956
0.019303697
0.031869636
0.0417648
0.055750745
-0.10877426
0.0432509
0.008017711
0.1405458
0.10841343
0.2369297
0.12917479
0.088621334
-0.040811592
0.0011007973
0.20466675
0.051650418
-0.10348723
0.091670908
0.0046013137
0.15751142
0.066783748
-0.12713731
-0.1432567
0.031766354
0.20687478
0.21245763
0.023280684
-0.04924544
0.0055648737
0.041946483
0.1075317
0.25200384
-0.039373428
0.21262634
0.2529059
0.01243858
0.33003857
0.45646238
0.19391231
0.039030471
0.01543595
0.17032905
0.04780415
0.26393345
0.16396435
0.043173223
0.062767519
0.30837518
0.26982394
0.015710865
0.0018291439
-0.10803807
0.042010131
0.26652255
0.1524676
0.15260335
-0.13789935
0.06166006
0.075282981
0.27368291
-0.25576374
0.039411915
0.020405881
0.049777241
0.33246763
0.010041723
0.036088053
0.06106459
0.21123658
0.052264168
0.0080834313
-0.17539773
0.020262424
0.043687733
-0.17223013
0.061317359
-0.19463292
0.036635214
0.12966409
0.11633408
0.015962936
0.17838505
0.16071997
0.032939345
0.0057256693
0.037485963
0.033892884
0.065146478
0.1768965
0.055682757
0.18043902
0.19478309
-0.1023098
-0.18965414
-0.035710554
0.0090179866
0.013267901
0.0054629295
0.041506227
0.015707
0.17865247
0.054601013
0.01779688
0.09305351
0.24796222
0.10206495
0.30601251
0.039092662
0.027865993
-0.16165192
0.20100855
-0.34326576
0.24184532
0.015363949
0.051976007
0.059826124
0.09876662
0.066630431
-0.23193836
0.037083229
0.19297449
0.027059797
0.21797665
0.014871537
0.041038019
0.018279137
0.029262957
0.25388276
0.12537551
0.092011268
0.10090698
0.18832621
0.053624927
0.03984735
0.016521215
0.025421916
0.043854219
0.3913617
0.03660409
0.0064433297
0.038339868
0.22819365
0.020005945
0.012683676
0.090698127
0.20217545
-0.34421527
0.028643938
0.018109747
0.20681989
0.03058085
0.17535265
0.027344713
0.031685117
0.038195062
0.22373057
0.067215696
0.40576148
-0.098122003
0.049729541
0.05551002
-0.11689598
-0.11718351
0.39690009
0.21947017
0.12948822
0.014075967
0.036228948
0.022049922
0.24784257
0.0034703961
0.22331827
0.29021654
0.0054119326
-0.031205558
0.27065072
0.030750758
0.14828796
0.037523455
0.20211004
0.1785245
0.040186001
0.016449093
0.15992541
0.16030202
-0.014190743
-0.070688294
0.0085174924
0.043509082
-0.069984345
0.098295336
0.008092228
0.028430987
0.17929712
0.0087985194
0.020664688
0.043924425
0.030569927
0.027982276
0.15689699
0.019351481
-0.17150674
0.069688119
0.47192206
0.23947132
0.16289982
0.16047058
0.12600561
0.011354331
-0.066956679
0.044997856
-0.071852077
0.19572687
0.19325848
-0.074561353
0.012857668
0.034185761
0.19901787
-0.072235582
0.051200831
0.38528031
0.32355863
0.12002082
0.50108607
0.14738501
-0.088814036
0.014792952
-0.25159807
0.45081632
0.15759979
-0.16629734
-0.093287583
0.13241446
0.010844568
0.040255413
0.23297214
0.43120917
0.045077709
0.011653904
0.046368191
0.064954498
0.086629028
0.17203693
0.073669504
0.054450104
0.040690455
0.1491083
0.041007865
-0.076228943
0.061280478
0.11897926
0.033145709
0.034145192
-0.15720226
0.15837875
0.11206367
-0.16950594
0.19942721
0.19485635
-0.15555671
0.050528026
0.047511395
0.0023830037
0.23289177
0.22136669
-0.0026409724
0.19735412
0.46860928
0.1143999
0.098707138
0.17197778
0.025132292
0.20083492
0.36469081
0.044520063
0.053578555
0.075657888
-0.20744143
0.031057753
0.20400949
0.030501766
0.010998887
0.16299987
0.026222391
0.055700521
0.33976637
-0.078243616
0.022703016
0.1397975
0.065989036
0.030332803
0.018732435
0.13663998
-0.20105248
0.2282524
0.079178373
0.25553835
-0.19677916
0.031803733
0.25854739
-0.062525137
-0.096381424
0.1782121
-0.032652602
0.058865985
-0.20572132
-0.26944164
-0.26806666
0.29326391
0.061335313
-0.053052009
0.038863073
0.012626726
0.0651766
0.1016255
0.04251272
-0.020485419
0.02469534
0.0073983935
0.07634435
0.035482707
-0.024245037
0.04474274
0.24640125
0.066308032
0.23666024
0.095827144
0.10384246
0.23536154
0.047382669
-0.31159003
0.10487449
0.1106133
-0.023809356
0.038139744
0.072747206
0.051210429
0.033561895
0.15334178
0.15003399
0.25332314
0.019822039
0.034952197
0.17204424
0.041381531
0.034025445
0.047722699
-0.01853863
0.30377087
0.14089837
0.058377739
0.10364678
0.030914711
0.0073195103
0.033636572
0.4674034
0.014798377
-0.013694272
-0.16238348
0.36785286
0.036639076
0.047859251
0.13864349
0.19215203
0.28994638
0.029655262
0.053244272
-0.0068637006
0.22768246
0.16574121
0.20420128
0.059515849
0.0047051225
0.23650048
0.050993995
0.041041388
0.050978335
0.045886979
0.01388485
0.050902152
0.37653497
0.054986792
0.021628407
0.039485898
0.11808097
0.022082862
0.0038142187
0.060071226
0.15759403
0.055907211
-0.157
-0.24910131
0.022231725
0.12763883
-0.25455583
0.4482651
0.047917476
0.037089571
0.031112079
0.050443017
0.086459374
0.023840124
-0.0054525725
0.20637618
0.0011727885
0.050787593
0.20790325
0.02279476
0.21558195
0.11560732
0.20619131
0.027179878
0.017768991
0.20256013
-0.055338592
0.1687481
0.031491395
0.029474243
0.22047273
0.0012345773
0.011284513
0.19002968
0.02703482
0.15717346
-0.2450562
0.097282747
0.071648623
-0.014461008
0.060349564
0.017916298
0.039669994
0.18884934
0.048820266
0.038309995
0.2069189
0.027613281
0.041492378
0.26213583
0.021402078
0.0044118993
0.42795709
0.28513137
0.097743979
0.029852663
0.040747514
0.099930139
0.064936729
0.20630258
0.0428748
0.071255666
0.0020286733
0.031331474
0.072349052
0.23446387
0.10653707
0.057724757
0.2229501
0.051481864
0.027178988
0.0018914087
-0.063916584
0.055670109
0.027675621
-0.068967667
0.029969535
0.20891674
0.44456367
0.004048088
0.0044598911
0.066871994
-0.11920043
0.0056186189
0.068513538
0.012393688
0.031362512
0.046152585
-0.13582686
0.024740166
0.04348234
0.064009634
0.085253595
0.031283098
-0.31073162
0.30215424
0.00097655218
0.22175572
0.12947722
0.2474209
0.24863215
0.085217556
-0.13087111
0.23202396
0.06032746
0.076593657
0.15855699
0.23071166
0.19684265
0.095435878
0.12756875
-0.048921743
0.23738755
0.051934425
0.0227306
0.042722282
0.19659889
0.055389538
0.0046391023
0.20645992
0.14446233
0.21405646
0.061395017
0.018988502
0.16013544
0.18982492
0.047943714
0.0038842319
0.037537423
0.034923934
-0.0070091568
0.0012165755
-0.016328939
0.14270483
0.028042617
0.17355028
0.032206515
0.34365466
0.18832898
0.032329534
0.19041081
0.15272424
0.31036786
0.103757
0.050327046
0.040020657
-0.038578364
0.024900953
0.052902946
0.14522245
-0.053727698
-0.10322448
0.12113389
0.04253329
0.029911935
0.027205114
0.33536896
0.10683564
0.016738375
-0.20344935
0.049671746
0.028152282
0.060447541
0.047726325
0.33557318
0.21606292
0.083192942
0.041420807
-0.21365197
0.018939079
0.038584323
0.0014282047
0.0048306471
0.011919487
0.039573083
0.053715972
0.17859175
0.040994353
0.18819118
0.2146589
0.15642204
0.1536082
0.022213757
-0.02213167
0.064817692
-0.15041847
0.26524241
0.06558167
0.085142396
0.13583822
0.25988717
0.064856844
0.0027040967
0.02854204
0.029078257
0.063427352
0.026238614
0.025071573
-0.022204051
0.03153308
-0.21256695
0.045902938
0.053987483
0.048406046
0.034342229
0.029057055
0.10074996
0.025763695
0.036722647
0.25589481
0.037687854
-0.00034020515
0.35332633
0.017321019
0.081595109
0.19964971
0.024271956
0.092944891
0.21790403
0.031074419
0.23980805
-0.2681826
-0.067252908
0.066890833
0.031143216
0.032405031
0.025860308
0.06037505
0.02485972
-0.073862059
0.02145181
0.13782677
0.039797442
0.048353372
0.14597704
0.18323679
0.41935504
0.025477741
0.19164339
0.027816072
0.024265643
-0.018243144
0.038621442
0.033323899
0.065397537
0.14304785
0.237781
0.11240716
0.075102518
0.037842921
0.01489244
0.051761445
0.0051515178
0.10869247
0.067841422
0.011014118
0.2235729
0.023290897
0.22469288
0.045935298
0.038332608
0.026143915
0.011732141
0.21225557
0.25183897
0.019024656
0.056460081
-0.24791933
0.10873965
0.037782377
0.033316677
0.09056927
-0.023349939
0.027824533
0.022062354
0.35052929
0.0029367955
0.056953789
0.17974249
-0.076105156
0.15359218
0.033412743
0.050191947
0.040094061
0.017104946
0.040643141
0.079951047
0.038992596
0.052143448
0.029467256
0.044088954
0.22605149
-0.078069776
0.014565884
0.044223537
0.13864866
0.24512337
-0.21692105
0.038542823
0.038810635
0.020816508
0.020743398
0.046084793
0.044376619
0.20027824
0.0062031903
-0.25086754
-0.051388123
0.032995649
-0.00087834651
-0.21305178
0.099718495
0.28753653
0.050828751
0.25433701
0.055316061
0.22189868
0.060156349
0.043454063
0.018012383
0.025303864
0.15319908
0.041021131
0.011510838
0.017290568
0.030487228
0.05556206
0.009105294
0.061617438
0.18690372
0.038276291
0.052934089
0.21595628
0.023308195
0.14351881
0.09802672
0.0022340244
0.020649175
0.018948774
0.19833399
0.027177818
-0.047819389
0.049239351
0.03232452
0.032434026
0.19065979
0.056206673
0.031432149
0.05192462
-0.035483707
-0.11370171
0.063277236
0.23777412
0.10974633
0.10739336
0.21711592
0.031227794
0.10984106
0.043631502
0.014287489
0.20768631
0.03596969
-0.078272906
0.054987982
0.056309624
0.054763563
-0.24541883
0.065358553
0.021630999
0.0008100706
0.03086809
-0.073424192
0.050145779
0.073516343
0.14429052
0.036003433
-0.0039265182
-0.13008174
0.025081194
0.040510675
0.11794102
0.35311707
0.016471047
0.063604471
0.0056101334
0.023368202
0.03573399
0.026431494
0.21638661
0.042408055
0.1476796
0.016627553
0.22041697
0.14439588
0.048171056
0.18781922
0.094316245
0.085654481
0.0098936476
0.052008338
0.028318882
0.0045984884
0.089614818
0.016923796
0.019476156
0.1390954
0.031697057
0.011575742
0.19159704
0.15897602
-0.0065956957
-0.0051937971
0.041255465
-0.22653558
0.13574957
0.0035433035
-0.24192238
0.14178546
0.26062016
-0.074591354
0.054411909
0.2004864
0.0012326543
0.2332705
0.0019701036
0.03878605
0.045121269
0.020378264
0.046617744
0.12396814
-0.03076837
0.023305165
0.055135056
0.0018501814
0.24502201
0.0041954888
0.043335344
0.00096764185
0.028856532
-0.036114401
0.14446935
0.035397158
0.2292686
-0.032741711
0.066008369
0.029107029
-0.0032546442
0.0080347152
0.23961711
0.037932287
0.12616344
0.0269962
0.014697775
0.36963989
0.22221974
0.2244871
0.1871668
0.14613567
0.033873176
0.0084060083
0.048781792
0.074243535
0.087953428
0.045409571
0.038567
0.041921411
-0.024841387
0.24047741
0.085259499
0.021936102
0.030745563
-0.0025930737
0.030298172
0.082591597
0.025884943
0.045394706
0.0056566209
0.250942
0.10171272
0.10103069
0.097664751
0.14304774
0.209857
0.0095544177
0.061257616
-0.0080220688
0.11859835
0.0036519092
0.017783164
0.20485212
0.17241072
0.23398234
0.11447785
-0.0034403122
0.0021512055
0.20231198
0.0093420014
0.15630008
0.19009481
0.027968277
0.14713672
0.036855966
0.10033391
-0.055593754
0.034733167
0.21001992
0.028039069
0.01739524
0.059847329
0.11169588
0.20227066
0.044223634
0.040554383
0.18601438
0.24403923
0.040038489
0.085748209
0.040281149
0.034018559
-0.0044830267
0.036766827
0.20179939
0.051731517
0.0667326
0.17553107
0.032241691
0.0045609585
0.0025436892
0.1716592
0.034856721
0.14675916
0.13258078
0.31245604
0.043723184
-0.00020564012
0.077736507
0.021472064
0.10468329
0.093739999
-0.02950095
0.026503731
-0.045658403
0.068717017
0.12236625
-0.29588053
-0.088710881
0.19702829
0.043417194
0.21664249
0.064134018
0.046237561
0.20917525
0.17227659
-0.046565927
0.058402753
0.26177549
0.064476554
0.046187058
0.045383608
0.0049083021
0.044178306
-0.020464369
0.2389211
0.22125317
0.04046652
0.055314274
0.14414645
0.057285952
0.014973549
0.024193199
0.33222306
0.04806562
0.33026818
0.10616604
0.076625693
0.22077345
0.058815328
0.014936235
0.021191218
0.010454026
0.17172622
-0.10524028
0.020656936
0.041461858
0.29790821
0.18841476
-0.040975592
0.24154222
0.10002933
0.30729682
0.22277351
0.25021801
0.023598461
-0.12200727
0.00072056454
0.025132336
0.023818569
0.035576878
0.016366137
0.038944482
0.19790644
0.057578289
-0.010509614
0.23624835
0.040039474
0.078382357
0.049497469
0.037697174
0.083988787
0.043677957
0.09747436
0.0091831677
0.064713198
0.14242018
0.03641415
0.001439087
0.031101179
0.025423868
-0.22583332
0.06153574
0.033538983
0.0025848684
0.097269181
0.012161977
0.1109769
0.027227277
0.032813538
0.14453172
0.033313445
0.029036891
0.039082378
0.087674552
0.048077724
0.046730026
0.007040512
0.2738276
0.012048782
0.040459722
-0.00097951118
0.055378835
0.30358673
0.039244422
0.17067337
0.17200879
0.24877945
0.30657823
0.20618007
0.089105322
-0.040950887
0.19248331
0.047004399
0.035702698
0.3740049
0.0067858392
0.017110494
0.025926789
0.25506757
0.029645525
0.012962151
0.036372469
0.31508585
0.34506733
0.0055971922
-0.12819773
0.041872273
0.2466035
0.039564417
0.03086514
0.14936939
0.088702864
-0.059736861
0.01937559
0.10622019
0.34576507
0.045768896
0.19871465
0.021786875
0.1123947
0.29666638
0.090102543
-0.042594507
0.22369616
0.22263567
0.21691535
-0.018259024
0.18076744
0.18009971
0.19982401
-0.1201528
0.33209831
0.002364551
0.0092223133
0.029419812
-0.25130334
-0.072003001
0.037384569
0.032788147
0.04408655
0.037503411
0.031874159
0.043659931
0.14855251
0.21680553
0.013030239
0.08510762
0.029245362
0.034338141
0.05750263
0.11527269
0.075996789
0.17161854
-0.021091186
0.023431992
0.049714127
0.011939769
-0.058517187
-0.22031622
0.21100393
0.039376672
0.20358112
0.0021872554
0.013730063
0.061058612
0.11770275
0.076762441
0.063314492
-0.0027059019
-0.036179422
0.055507365
-0.052432188
0.097699706
0.25172075
0.072235993
0.058230752
0.10166717
0.31274299
0.015692465
0.0059665411
0.052028916
0.023330443
0.21935518
0.021673551
0.055768535
0.022964562
0.0095123751
0.26093043
0.082414001
0.18191346
0.18027506
0.076987957
0.014240403
0.042200133
0.38752398
0.075244666
0.18864895
0.075967331
0.022607216
0.035502492
0.04278154
0.0013724492
0.044272829
0.022620477
0.11520371
-0.074572047
0.033805155
-0.10647309
0.23865685
0.1188012
0.2105363
0.02295714
0.020805763
0.047048105
0.18886427
0.187108
0.10524207
0.32739802
0.046492213
-0.035447982
0.024272401
0.12703059
0.038731455
0.014940848
-0.10613735
0.058234008
0.011023709
0.012368174
0.24893415
0.20415379
0.10236143
0.019661894
0.20196605
0.02377523
0.056375049
0.033685717
0.043433066
0.014587762
0.028105929
0.038462703
0.0049967387
0.0442654
0.25458201
0.1042191
0.016159245
0.061233425
0.16128132
0.031226194
0.099982616
0.047803876
-0.023794848
0.039317248
0.18232586
0.032856358
0.020519016
0.020582044
0.054904527
0.036468343
-0.017128916
0.040028716
0.16212608
0.26128776
0.053308006
0.13899023
0.16516032
0.057506923
0.037717571
0.1373127
0.11057501
0.033909859
0.0016131829
0.19062308
0.0035852263
0.30572816
0.0053078674
0.29258622
-0.12192907
0.069795641
0.038006233
0.045583953
0.045718558
0.078888796
-0.017717124
0.023717212
0.082671376
0.0037896756
0.041018797
0.037441248
-0.10896333
-0.023332728
0.34944868
0.13587327
0.019685323
0.077555713
0.037839391
0.050784333
0.12410419
0.013358561
0.081992313
0.025296848
0.24987067
0.21575643
0.16782392
0.16698069
0.045554683
0.031064308
0.049162381
0.13409117
0.010761692
0.10233217
0.0074420362
0.18168644
0.02098393
-0.033430571
0.046731476
0.059451727
0.0084722585
-0.060552513
0.23152818
0.17110193
0.038404954
0.023697405
0.1304778
-0.068114119
0.097243255
0.016829787
0.28644613
0.060898574
0.13223345
0.024188948
0.17199691
0.27513319
0.19220008
0.20702508
0.020548292
0.20590412
0.01321554
0.092883701
0.12666634
0.057171164
0.25203539
-0.076193546
0.023767165
0.026252812
0.03230125
0.029999953
0.075381599
0.22251767
-0.15658633
0.080681174
0.25453915
0.011782883
0.014791644
0.033676442
0.027359251
0.21219646
0.044895146
0.034745495
0.034032069
0.037820152
0.14112339
0.22067678
0.027646532
0.15545656
0.041805511
0.0060820168
-0.069366408
0.22913545
0.070843451
0.1579504
0.073423659
0.10561058
0.038477567
0.045200726
-0.29723132
0.046755926
0.091724263
0.0096416751
0.34219174
0.088658418
0.21765706
0.1796374
-0.036718602
0.044766154
-0.013578413
0.28624453
0.025857025
-0.20563509
0.023238663
0.34358289
0.017086566
0.0064865759
0.071545954
0.36959015
0.036669657
0.075884302
0.039634025
0.27384505
0.0084954352
0.058879085
0.072947013
0.32028804
0.0069814901
0.03580213
0.014633097
0.084997135
0.007010725
0.019115595
-0.04786284
0.28277623
0.016461834
0.033394706
0.043259277
0.092601316
0.015565273
0.13637282
-0.056076723
0.02636686
0.034448921
0.0045160757
0.066783538
0.2100053
0.036425533
0.031520246
-0.021957853
0.018619232
0.083285901
0.021342167
0.0042452926
0.034456191
0.075852891
0.040885024
0.042310606
0.01010576
0.051753619
0.14045851
0.022296576
0.11747917
0.18293078
0.1405688
0.020370128
0.046195704
0.045392633
0.14157999
0.044095914
0.19931881
0.037244521
0.015943221
0.020343
0.18818255
0.011595845
0.046336238
0.036181634
0.041840095
0.2725808
0.022572239
0.02267028
0.11350083
0.010808183
0.017498694
0.032833611
0.16412518
0.027480107
0.16521651
0.027056536
0.016594096
0.026187713
0.035580198
-0.12723152
0.16155653
0.15937547
0.28275209
0.080277591
0.039740517
0.14348681
0.17787789
0.09306823
0.044706144
0.033505355
-0.085781748
0.19331371
-0.034854269
0.037732089
0.040188119
0.00095184419
0.016484431
-0.049215912
0.18594303
0.15513168
0.15292915
0.053528778
0.22150611
-0.033618336
0.28494429
0.12209213
0.03726528
0.033028904
0.16387738
0.082437774
0.25245492
0.28775848
0.035613098
0.33046487
0.0047056215
0.040746268
0.019511536
0.038422224
0.23372281
-0.0366112
0.002013705
0.04420889
0.12745018
0.17153963
0.078830247
0.0008536454
0.0043960869
0.13863218
0.33872179
0.058044842
0.040626491
0.044824595
0.039891454
0.22076334
0.061105467
0.027580622
0.018836421
0.032055264
0.026065885
-0.0914336
0.048172485
0.033450321
0.030690344
0.021240071
0.039656823
0.021398928
0.21410064
0.0034698699
-0.035159009
0.043514297
0.04282281
0.094732981
0.03199559
0.11651273
0.0064942153
0.091923108
0.051495562
0.043309376
0.098371938
0.24690155
0.022525485
-0.061997444
-0.051422362
0.04497438
0.21045322
0.22319744
-0.010382824
0.17477596
-0.11687751
0.20461421
0.00826101
0.043471949
0.00083850528
-0.058264042
0.2241643
0.20591443
0.043167854
0.043913125
0.023658855
0.023117096
-0.1206518
0.052670484
0.0058740767
0.51603718
0.16461637
-0.27407797
-0.27467071
0.030282944
0.00982146
0.040109602
0.36131067
0.216058
0.050032972
0.0061890648
0.19743921
0.12594837
-0.2069696
0.033929026
0.095613651
0.0081549353
0.17384325
0.043301475
0.052769965
0.015716022
0.046707475
0.033098707
0.040750186
0.2244987
0.089065083
0.09533618
0.030947867
0.038925532
0.21413754
0.058204121
0.048062976
0.039608063
0.20705991
0.22350368
0.2223124
0.20809532
0.1990162
0.039211598
0.20815752
0.044876437
0.20010877
0.20905848
0.28170984
0.16981432
0.010527457
0.056264334
0.2475926
0.22953362
0.12132641
0.22888039
0.24853309
0.050328444
-0.051237951
-0.05556703
0.19466416
0.0088505973
0.039726179
0.23232769
0.18825141
0.063529689
0.040279873
0.024808929
0.22484998
0.033687346
0.05218302
0.042276334
0.017314655
0.51483905
0.03682351
0.15501048
-0.17294192
0.044727336
0.29923147
0.063385455
0.028384831
0.20762433
0.27681376
0.020307286
0.21446686
0.2115443
0.046777972
0.039594866
0.043221169
0.070732967
0.018532749
0.28411517
0.0060988405
0.014566536
0.058680947
0.19164319
0.23078745
0.22736736
0.042757285
0.032632444
0.0061909163
0.023304693
0.026065272
0.04784719
0.040935663
0.22274458
0.21110198
0.097800233
0.18042071
0.18326505
0.23375672
0.03303232
-0.16274504
-0.21803622
0.079707949
0.34064921
0.039925376
0.064730104
0.071738716
0.042665944
0.082293371
0.041569034
0.048760149
0.045699503
0.034177571
0.084074732
0.0069826101
0.00084734885
0.025071783
0.039648048
0.027602178
0.20032968
0.02808327
0.068894001
0.016174405
0.2185149
0.0077205363
0.084274424
0.21505873
0.088998649
0.058841953
0.04242321
0.0048364152
0.029455733
0.040731486
0.039098887
0.023890494
0.06296356
0.04031302
0.027128949
0.027409613
0.030575418
0.24295459
0.021492632
0.0091500614
0.13046007
0.042767354
0.041436065
0.29088728
-0.016499326
0.020465188
0.051115645
0.081499478
0.026801885
0.077343547
0.1487678
0.1910922
0.010235974
0.0079835845
0.039825042
0.30083089
0.21713797
0.19428326
0.073018893
0.002209487
0.0010421556
0.04357313
0.0074613501
0.051578882
0.062699563
0.041376298
0.026195827
0.03790071
0.029394882
0.028836031
0.033869251
-0.10634805
0.15946957
0.060338313
0.030445291
0.033158046
0.017824662
0.07614711
0.28365598
0.19356746
0.030999848
0.20942918
0.21382161
0.029087153
0.05357336
0.0064036445
0.046319581
0.039600782
0.019484604
0.0058891843
0.041763627
0.21037885
0.18238608
0.1678078
0.037897343
0.05035259
0.048044069
0.053073487
0.012127386
0.18470168
0.047744605
0.035521384
0.031457709
0.044360778
0.20396808
0.0065060205
0.36934389
0.026840188
0.045477997
0.091930728
0.028270635
0.094119307
0.028886462
-0.058995979
0.25927958
0.28890481
0.062671325
0.012341104
0.18756458
0.3127234
0.018813321
0.010002519
0.031372491
0.2006328
0.094143782
0.02519331
0.2762406
0.052209751
0.046322159
0.22750268
0.03188636
0.030585639
0.011261293
0.02989093
-0.012838623
0.19037919
0.031240642
-0.010747427
0.17528498
0.075122591
0.038490005
0.00917402
0.047581909
0.099272895
0.17972559
-0.041349134
0.083828532
0.31187339
0.036486832
0.046391908
0.15733281
0.041819534
0.035859103
0.2683648
0.09367201
0.10035151
0.21052769
0.036086557
0.22403391
0.032805284
0.17576631
0.045214756
0.029517103
0.20957871
0.018489775
0.030418018
0.20612312
0.22613195
-0.010686502
0.19456009
0.050031223
0.024621015
0.041663097
0.015448198
0.02242238
-0.039941915
-0.011349968
0.031732168
0.045703229
0.032528545
0.037591087
0.32819636
0.15097416
0.0085988728
0.024451399
0.27902239
0.032470348
0.086537284
0.044451034
0.038389882
-0.1172519
0.19314287
0.031913402
0.047999686
0.20576241
-0.021922155
0.19194507
0.04850948
0.08047709
0.04998675
0.05849185
0.11429343
0.14737556
0.15045722
0.015938786
-0.027285735
0.23708814
0.11827526
0.047728775
0.17844873
0.12543878
-0.12298369
0.079649998
0.24797013
0.11124667
0.046886693
-0.00015462794
0.030622132
0.17374074
0.20441944
0.087100672
0.037557361
0.086774102
0.07037263
0.0042583573
0.066968255
0.046219975
0.037665094
0.19642196
0.048348653
0.052991817
0.2261168
0.042495934
0.22528908
0.04727608
0.042352977
0.039495582
0.037343367
0.19363449
-0.022230866
0.074162868
0.01531251
0.089878542
0.04384105
0.018889067
-0.0074547227
0.00068310947
0.033940175
0.23051135
0.0079964129
0.199113
0.04185873
0.031501671
-0.027999725
0.022886163
0.04260888
0.039143226
0.066188574
0.041061357
0.1422217
0.037982638
0.036483879
0.20705637
0.028068679
0.30800133
0.30794719
0.038612533
0.043145078
0.055564325
0.06600832
0.028261328
0.054119611
0.17092873
0.01552263
0.028370811
-0.092096817
0.040469294
0.031063523
0.030192533
-0.11152869
0.020388049
0.04721342
0.086413924
0.020770818
0.20394284
0.029066751
0.032671404
0.3477161
0.17614715
-0.032391643
0.17430839
0.046459607
0.04140792
-0.14017546
0.15660918
0.028560643
0.086007292
-0.00012583734
0.040986018
0.19551089
0.19975091
0.014085833
0.26071796
0.018935889
0.048696526
0.040824871
0.049574491
0.078346714
0.044097091
0.20432726
0.056415761
0.12073532
0.045456354
0.029265825
0.035056149
0.023217735
0.36664538
0.012087193
0.16640813
0.021631657
0.019959209
0.057764156
0.028760288
0.015087314
0.026681387
-0.063871243
0.085091731
0.046875582
0.18289008
0.23071702
0.10189908
0.039922193
0.18787485
0.082603073
0.12942387
0.097781582
0.23052771
-0.092482138
0.183307
0.17029017
0.08489714
-0.0013940369
0.21473891
0.062466561
0.19666687
-0.10520587
0.052664237
0.08019156
-0.14328697
-0.00105921
0.010326798
0.025738658
-0.1707857
-0.13750231
0.022433669
0.040573282
0.063622346
0.057157378
0.099198088
0.28420387
0.3082683
0.16594322
0.18855252
0.0030453683
0.039381612
-0.04465885
0.034276484
0.22007227
0.03900976
0.23562076
0.086061941
0.016937884
0.023144025
-0.088281478
0.029690501
0.22649187
0.028436682
0.087759893
0.021360079
0.12854667
0.15298932
0.057472663
0.21477985
0.21841724
0.16054801
0.25319703
0.018980958
0.17136569
0.082667767
-0.16473211
0.028379143
0.038743976
0.017328456
0.12951937
0.10524209
0.086998835
0.067586178
0.038509492
0.004923759
0.23131403
0.085250713
0.011251345
0.17769613
0.016904131
0.039821571
0.010357912
0.12669442
0.036607492
0.3306331
0.023222364
-0.084616802
0.00072725875
0.026356916
0.13198054
0.046810359
-0.017156271
0.069470955
-0.014117307
0.18939729
0.038301099
0.1827668
0.02182347
0.023274669
-0.025179914
0.31939406
0.20675145
0.042919653
0.028496884
0.073856445
0.032700703
0.046878325
0.17981778
0.1853863
0.07953879
0.021940185
0.007711132
0.080135491
-0.0021385802
0.082504668
0.24635576
0.037548105
0.01541015
0.31777725
0.22282068
0.010641531
-0.036129552
0.037543545
0.04427591
0.023395507
0.035468839
0.018819873
0.035341356
0.15304748
0.03273954
0.1506053
0.20412898
0.080214652
0.041898982
0.23403687
0.2012514
0.22468622
0.036667001
0.0097737685
0.14785954
0.060166364
0.011665784
0.052384678
0.19960957
0.0037374414
0.0048417981
0.03560295
0.085235169
0.010126956
-0.0048611838
0.034191977
0.012640625
0.021374273
0.071111763
0.27942592
0.028425169
0.027789086
0.01592499
0.20180354
-0.11006404
0.020461038
-0.091730006
0.046965392
-0.085767716
0.072989872
0.020160602
0.13775565
0.084754845
0.20043673
0.027195745
0.0054707636
-0.00307315
0.012502291
0.040654746
0.080548245
-0.0084436947
-0.00085708851
0.043082112
0.016559409
0.20651614
0.21455176
0.10182908
0.062463647
-0.10220828
-0.21338895
0.063979814
0.21434456
0.21282063
)
;

boundaryField
{
    back
    {
        type            empty;
    }
    out
    {
        type            totalPressure;
        rho             none;
        psi             none;
        gamma           1;
        p0              uniform 0;
        value           uniform 0;
    }
    bottom
    {
        type            zeroGradient;
    }
    in
    {
        type            zeroGradient;
    }
    top
    {
        type            zeroGradient;
    }
    wall
    {
        type            zeroGradient;
    }
    front
    {
        type            empty;
    }
}


// ************************************************************************* //
