/*--------------------------------*- C++ -*----------------------------------*\
| =========                 |                                                 |
| \\      /  F ield         | foam-extend: Open Source CFD                    |
|  \\    /   O peration     | Version:     4.1                                |
|   \\  /    A nd           | Web:         http://www.foam-extend.org         |
|    \\/     M anipulation  |                                                 |
\*---------------------------------------------------------------------------*/
FoamFile
{
    version     2.0;
    format      ascii;
    class       surfaceScalarField;
    location    "0.1";
    object      phi;
}
// * * * * * * * * * * * * * * * * * * * * * * * * * * * * * * * * * * * * * //

dimensions      [0 3 -1 0 0 0 0];

internalField   nonuniform List<scalar> 
6703
(
5.6407019e-06
8.5665489e-06
-1.4207251e-05
9.3222564e-06
3.1216055e-05
-3.489761e-05
1.0655297e-05
6.4721813e-05
-6.6054855e-05
7.9981478e-06
0.00011200887
-0.00010935173
-1.3099954e-06
0.00017571901
-0.00016641087
-2.0798537e-05
0.00025730804
-0.0002378195
-5.3721909e-05
0.00035554229
-0.00032261891
-0.00010179644
0.00046658778
-0.00041851325
-0.00016455358
0.00058539555
-0.00052263842
-0.00023947741
0.0007090954
-0.00063417156
-0.00032379386
0.00083943313
-0.00075511668
-0.00041607688
0.00098182552
-0.0008895425
-0.00051662333
0.001142424
-0.0010418775
-0.00062697188
0.0013266205
-0.001216272
-0.00074932009
0.0015398722
-0.001417524
0.0017891029
-0.0016531544
-0.00088526858
-2.2845403e-07
8.795003e-06
-1.1278281e-06
3.211543e-05
-3.2019674e-06
6.6795953e-05
-7.3010263e-06
0.00011610793
-1.4753229e-05
0.00018317121
-2.7516472e-05
0.00027007128
-4.8584897e-05
0.00037661071
-8.1465859e-05
0.00049946875
-0.00012914504
0.00063307474
-0.00019299469
0.00077294504
-0.00027282631
0.00091926475
-0.00036805796
0.0010770572
-0.00047878584
0.0012531519
-0.00060605531
0.00145389
-0.0007515041
0.001685321
0.0019538769
-0.00091627812
-4.6853713e-08
8.8418567e-06
-3.2843791e-07
3.2397014e-05
-1.1465905e-06
6.7614105e-05
-3.0496902e-06
0.00011801103
-6.977531e-06
0.00018709906
-1.4439925e-05
0.00027753367
-2.7695957e-05
0.00038986674
-4.966562e-05
0.00052143841
-8.3088011e-05
0.00066649713
-0.00012945437
0.0008193114
-0.00018902299
0.00097883337
-0.00026169742
0.0011497316
-0.00034792982
0.0013393843
-0.00044880272
0.0015547629
-0.00056573701
0.0018022553
0.0020886481
-0.00070050821
3.61962e-07
8.4798947e-06
1.4653042e-06
3.1293672e-05
3.3197914e-06
6.5759618e-05
5.6841825e-06
0.00011564664
7.8754797e-06
0.00018490776
8.5477162e-06
0.00027686144
5.5081681e-06
0.00039290629
-4.2234679e-06
0.00053117005
-2.3735651e-05
0.00068600931
-5.4965394e-05
0.00085054115
-9.7907089e-05
0.0010217751
-0.0001512489
0.0012030734
-0.00021437913
0.0014025145
-0.00028749773
0.0016278815
-0.00037080887
0.0018855664
0.002180294
-0.00046245479
6.8667322e-07
7.7932214e-06
2.9485732e-06
2.9031772e-05
7.1436651e-06
6.1564526e-05
1.3421011e-05
0.0001093693
2.1490365e-05
0.0001768384
3.0350267e-05
0.00026800154
3.8064244e-05
0.00038519231
4.177754e-05
0.00052745675
3.8089084e-05
0.00068969777
2.4246203e-05
0.00086438403
-2.5295334e-07
0.0010462742
-3.3890437e-05
0.0012367109
-7.4964409e-05
0.0014435885
-0.00012255005
0.0016754671
-0.00017628735
0.0019393037
0.0022419395
-0.00023793281
9.2261636e-07
6.8706051e-06
4.0606741e-06
2.5893714e-05
1.010033e-05
5.552487e-05
1.9607793e-05
9.9861834e-05
3.2773219e-05
0.00016367298
4.9074292e-05
0.00025170046
6.6957927e-05
0.00036730868
8.3737223e-05
0.00051067745
9.5934044e-05
0.00067750095
0.00010036923
0.00085994883
9.5727829e-05
0.0010509156
8.3094193e-05
0.0012493445
6.5019208e-05
0.0014616635
4.3525264e-05
0.0016969611
1.9923832e-05
0.0019629051
0.0022660505
-4.1871409e-06
1.0875912e-06
5.7830139e-06
4.8612675e-06
2.2120038e-05
1.2287927e-05
4.809821e-05
2.4323619e-05
8.7826142e-05
4.1657542e-05
0.00014633905
6.4332051e-05
0.00022902595
9.1323172e-05
0.00034031756
0.00012029744
0.00048170319
0.00014785203
0.00064994635
0.00017051635
0.00083728452
0.0001863312
0.0010351008
0.00019591488
0.0012397609
0.00020196048
0.0014556179
0.00020732288
0.0016915987
0.00021401575
0.0019562123
0.0022575909
0.00022247533
1.1763867e-06
4.6066272e-06
5.3204108e-06
1.7976013e-05
1.3618031e-05
3.980059e-05
2.736852e-05
7.4075653e-05
4.7751741e-05
0.00012595583
7.5433008e-05
0.00020134469
0.00011005647
0.00030569409
0.00014984314
0.00044191653
0.00019165985
0.00060812964
0.00023189114
0.00079705324
0.00026803289
0.00099895902
0.00030014319
0.0012076506
0.00033083771
0.0014249233
0.00036354725
0.0016588891
0.00040092696
0.0019188326
0.0022137218
0.00044479602
1.2144925e-06
3.3921347e-06
5.5573771e-06
1.3633129e-05
1.4371709e-05
3.0986258e-05
2.9205601e-05
5.9241761e-05
5.1627057e-05
0.00010353438
8.2856621e-05
0.00017011512
0.0001232398
0.00026531091
0.00017173398
0.00039342234
0.00022577639
0.00055408722
0.00028193596
0.00074089367
0.00033741682
0.00094347815
0.00039175311
0.0011533143
0.00044737775
0.0013692987
0.00050837383
0.001597893
0.00057878865
0.0018484177
0.0021304889
0.00066202155
1.1115244e-06
2.2806103e-06
5.1129652e-06
9.6316881e-06
1.3372976e-05
2.2726247e-05
2.7644128e-05
4.497061e-05
4.9939949e-05
8.1238556e-05
8.2218896e-05
0.00013783617
0.00012579324
0.00022173657
0.00018059432
0.00033862126
0.00024474966
0.00048993189
0.00031505436
0.00067058897
0.00038849083
0.00087004169
0.00046413368
0.0010776714
0.00054416162
0.0012892708
0.00063316914
0.0015088855
0.00073697346
0.0017446134
0.0020043708
0.00086309163
1.1488035e-06
1.1318068e-06
5.4625168e-06
5.3179748e-06
1.4480149e-05
1.3708615e-05
3.0010205e-05
2.9440553e-05
5.40645e-05
5.7184261e-05
8.8566e-05
0.00010333467
0.00013487638
0.00017542619
0.00019326047
0.00028023717
0.0002626002
0.00042059215
0.00034075871
0.00059243047
0.00042571681
0.00078508359
0.000517015
0.00098637323
0.00061660353
0.0011896822
0.00072835575
0.0013971333
0.00085663694
0.0016163322
0.0018533131
0.0010076946
1.1968029e-06
-6.4996115e-08
5.3790453e-06
1.1357324e-06
1.3724317e-05
5.3633438e-06
2.7736974e-05
1.5427896e-05
4.9060059e-05
3.5861176e-05
7.9348419e-05
7.3046314e-05
0.00012009851
0.0001346761
0.00017238959
0.00022794609
0.00023655248
0.00035642926
0.00031194048
0.00051704247
0.00039704266
0.00069998141
0.00049009852
0.00089331736
0.0005900623
0.0010897185
0.00069711919
0.0012900764
0.00081185528
0.0015015961
0.0017294316
0.00093573679
-6.5377864e-06
-7.7473201e-06
1.4285106e-05
-1.3787898e-05
-2.7873429e-05
3.5123541e-05
-2.3270587e-05
-5.6983938e-05
6.6466627e-05
-3.6261854e-05
-9.6918066e-05
0.00010990933
-5.4255918e-05
-0.00014892254
0.0001669166
-7.8996631e-05
-0.00021305591
0.00023779662
-0.00011242142
-0.0002877955
0.00032122029
-0.00015653475
-0.0003703485
0.00041446183
-0.00021278589
-0.00045801404
0.00051426518
-0.00028220961
-0.00055004561
0.00061946933
-0.00036544706
-0.00064845406
0.00073169151
-0.00046291034
-0.00075695758
0.00085442087
-0.00057487783
-0.00087928239
0.00099124988
-0.00070176024
-0.0010184535
0.0011453359
-0.00084517459
-0.0011770023
0.0013204167
-0.001357741
0.0015243171
-0.0010117507
-1.3695063e-06
-6.3778138e-06
-6.3165433e-06
-2.2926392e-05
-1.6401739e-05
-4.6898743e-05
-3.3433274e-05
-7.9886531e-05
-5.9396407e-05
-0.00012295941
-9.631384e-05
-0.00017613848
-0.00014605961
-0.00023804974
-0.00021015627
-0.00030625183
-0.00028967828
-0.00037849204
-0.00038547252
-0.00045425138
-0.00049866896
-0.00053525762
-0.0006311339
-0.00062449265
-0.00078556692
-0.00072484937
-0.00096532335
-0.00083869706
-0.0011739528
-0.00096837292
-0.0011171468
-0.0014145469
-1.4456938e-06
-4.93212e-06
-6.6325044e-06
-1.7739582e-05
-1.7241648e-05
-3.6289599e-05
-3.533296e-05
-6.179522e-05
-6.3228066e-05
-9.5064301e-05
-0.00010328335
-0.0001360832
-0.00015758245
-0.00018375063
-0.00022768696
-0.00023614733
-0.0003146471
-0.00029153189
-0.00041936188
-0.0003495366
-0.00054310059
-0.00041151892
-0.00068785349
-0.00047973974
-0.00085638628
-0.00055631658
-0.0010521546
-0.00064292871
-0.001279438
-0.00074108954
-0.00085202165
-0.0015445632
-1.6298819e-06
-3.3022381e-06
-7.4773925e-06
-1.1892071e-05
-1.9383964e-05
-2.4383027e-05
-3.9525282e-05
-4.1653901e-05
-7.0270635e-05
-6.4318948e-05
-0.00011392248
-9.2431348e-05
-0.00017241157
-0.00012526155
-0.00024711676
-0.00016144214
-0.00033899649
-0.00019965216
-0.00044903646
-0.00023949663
-0.00057874519
-0.00028181019
-0.00073039557
-0.00032808936
-0.00090699623
-0.00037971592
-0.0011121892
-0.00043773571
-0.0013498188
-0.00050345992
-0.0005797739
-0.0016220666
-1.7125971e-06
-1.589641e-06
-7.7883527e-06
-5.8163155e-06
-2.0099319e-05
-1.2072061e-05
-4.0890943e-05
-2.0862277e-05
-7.2612028e-05
-3.2597864e-05
-0.00011765545
-4.7387922e-05
-0.00017807596
-6.4841041e-05
-0.00025545929
-8.4058806e-05
-0.00035108585
-0.0001040256
-0.0004663254
-0.00012425708
-0.00060301281
-0.00014512278
-0.00076360669
-0.00016749549
-0.0009511374
-0.00019218522
-0.0011691924
-0.00021968072
-0.0014229663
-0.00024968604
-0.00027983675
-0.0017229034
-4.4936405e-08
8.8371015e-06
-8.7921651e-06
-3.1998951e-07
3.2381147e-05
-3.2106094e-05
-1.1256017e-06
6.7583922e-05
-6.677831e-05
-3.0087249e-06
0.00011796353
-0.00011608041
-6.9073394e-06
0.00018703199
-0.00018313338
-1.432812e-05
0.00027744602
-0.00027002524
-2.7524938e-05
0.00038975898
-0.00037656216
-4.9410192e-05
0.00052131219
-0.00049942694
-8.2716053e-05
0.00066635503
-0.00063304917
-0.00012893005
0.00081915314
-0.00077293915
-0.00018831453
0.00097865207
-0.00091926758
-0.00026078937
0.0011495072
-0.0010770323
-0.00034683381
0.0013390724
-0.001253028
-0.00044753693
0.0015542837
-0.0014535806
-0.00056420536
0.0018014627
-0.0016847942
0.0020871213
-0.0019532018
-0.00069812487
-1.5828131e-06
-6.8279191e-09
-7.3753999e-06
-2.3728673e-08
-1.9400009e-05
-4.7452369e-08
-4.0182987e-05
-7.929878e-08
-7.2661449e-05
-1.1940175e-07
-0.00011988308
-1.6628672e-07
-0.00018450768
-2.1644741e-07
-0.00026830211
-2.643783e-07
-0.00037202527
-3.0244152e-07
-0.00049596304
-3.1929887e-07
-0.0006407883
-2.9752189e-07
-0.00080806918
-2.1460597e-07
-0.0010002018
-5.2641381e-08
-0.0012200612
1.7871253e-07
-0.0014701459
3.9870292e-07
4.0547637e-07
-0.0017503882
-1.5911976e-06
1.5843696e-06
-7.4117457e-06
5.7968194e-06
-1.9490682e-05
1.2031484e-05
-4.0362331e-05
2.079235e-05
-7.2971342e-05
3.2489609e-05
-0.00012037086
4.7233236e-05
-0.00018522221
6.4634897e-05
-0.0002692877
8.3801117e-05
-0.00037331165
0.00010372151
-0.00049754666
0.00012391571
-0.00064260044
0.00014475626
-0.00080993205
0.000167117
-0.0010017759
0.00019179122
-0.0012207883
0.00021919112
-0.001469331
0.00024894134
0.00027927724
-0.0017482027
-1.7213471e-06
3.3057168e-06
-7.8272652e-06
1.1902737e-05
-2.0197571e-05
2.440179e-05
-4.1086031e-05
4.168081e-05
-7.2949073e-05
6.4352651e-05
-0.00011818478
9.2468943e-05
-0.00017884861
0.00012529872
-0.0002565201
0.00016147261
-0.00035246273
0.00019966414
-0.00046801113
0.00023946411
-0.00060493397
0.0002816791
-0.00076557902
0.00032776204
-0.0009528265
0.00037903871
-0.001170105
0.00043646958
-0.0014222456
0.00050108195
0.0005749016
-0.0017178699
-1.6256606e-06
4.9313774e-06
-7.4589189e-06
1.7735996e-05
-1.9338495e-05
3.6281366e-05
-3.9438405e-05
6.178072e-05
-7.0128329e-05
9.5042575e-05
-0.00011371373
0.00013605434
-0.00017212949
0.00018371448
-0.00024675473
0.00023609786
-0.00033853644
0.00029144585
-0.0004484302
0.00034935787
-0.00057789345
0.00041114235
-0.00072912886
0.00047899745
-0.00090506466
0.0005549745
-0.0011093005
0.00064070538
-0.0013457686
0.00073755009
0.00084560158
-0.0016164686
-1.4346375e-06
6.3660149e-06
-6.5851459e-06
2.2886504e-05
-1.7125375e-05
4.6821594e-05
-3.5107487e-05
7.9762832e-05
-6.2846481e-05
0.00012278157
-0.00010269329
0.00017590115
-0.00015672583
0.00023774702
-0.00022649625
0.00030586828
-0.00031303763
0.00037798723
-0.00041722415
0.00045354438
-0.00054030477
0.00053422297
-0.00068428615
0.00062297884
-0.00085203056
0.00072271891
-0.0010472066
0.00083588137
-0.0012748806
0.00096522412
0.0011167822
-0.0015460612
-1.3701303e-06
7.7361452e-06
-6.3185885e-06
2.7834962e-05
-1.6404999e-05
5.6908005e-05
-3.3435239e-05
9.6793072e-05
-5.9390348e-05
0.00014873668
-9.6287251e-05
0.00021279805
-0.00014599473
0.00028745449
-0.00021003541
0.00036990897
-0.00028949712
0.00045744893
-0.00038526491
0.00054931218
-0.00049855244
0.00064751051
-0.00063139824
0.00075582464
-0.00078686116
0.00087818183
-0.00096904032
0.0010180605
-0.0011824559
0.0011786397
0.0013621385
-0.0014278122
-6.5428508e-06
1.4278996e-05
-1.3813765e-05
3.5105877e-05
-2.3335439e-05
6.6429679e-05
-3.6386262e-05
0.00010984389
-5.4461785e-05
0.0001668122
-7.9305928e-05
0.0002376422
-0.0001128585
0.00032100707
-0.0001571257
0.00041417617
-0.00021357268
0.00051389591
-0.00028326304
0.00061900254
-0.00036688285
0.00073113032
-0.00046490091
0.0008538427
-0.00057762775
0.00099090866
-0.00070531665
0.0011457494
-0.00084883391
0.0013221569
0.0015260384
-0.0010127338
1.2015087e-06
-1.1251399e-06
-7.6368845e-08
5.3855209e-06
-5.2938951e-06
1.1098829e-06
1.3729756e-05
-1.3658834e-05
5.3145989e-06
2.7738379e-05
-2.9354449e-05
1.5345826e-05
4.9054202e-05
-5.7049448e-05
3.5733625e-05
7.9331027e-05
-0.00010313826
7.2861432e-05
0.00012006244
-0.00017515681
0.00013442539
0.00017232242
-0.00027988697
0.000227627
0.00023643475
-0.00042015725
0.00035604492
0.00031174531
-0.00059190769
0.00051659712
0.00039673588
-0.0007844619
0.00069947133
0.00048963526
-0.00098561899
0.00089271962
0.00058936142
-0.001188715
0.0010889888
0.00069591546
-0.0013957417
0.0012891876
0.00080951797
-0.0016138568
0.0015002543
-0.0018500737
0.0017240922
0.00093549947
1.1493862e-06
-2.2745261e-06
5.4653523e-06
-9.6098613e-06
1.448823e-05
-2.2681712e-05
3.0028695e-05
-4.4894915e-05
5.4101448e-05
-8.1122201e-05
8.8632729e-05
-0.00013766954
0.00013498718
-0.00022151126
0.00019343192
-0.00033833171
0.0002628514
-0.00048957673
0.00034111481
-0.0006701711
0.00042621903
-0.00086956612
0.00051774136
-0.0010771413
0.00061771277
-0.0012886864
0.00073023352
-0.0015082624
0.00086056109
-0.0017441844
-0.0020056182
0.0010161056
1.112543e-06
-3.387069e-06
5.1178141e-06
-1.3615132e-05
1.3385898e-05
-3.0949795e-05
2.767117e-05
-5.9180187e-05
4.9989316e-05
-0.00010344035
8.2301084e-05
-0.00016998131
0.00012592075
-0.00026513092
0.00018078083
-0.00039319179
0.00024500876
-0.00055380466
0.0003153985
-0.00074056083
0.00038893068
-0.00094309831
0.00046467588
-0.0011528865
0.00054479603
-0.0013688065
0.0006338174
-0.0015972838
0.00073723098
-0.001847598
-0.0021291734
0.00086078616
1.2156048e-06
-4.6026739e-06
5.5624934e-06
-1.7962021e-05
1.4385065e-05
-3.9772366e-05
2.9233105e-05
-7.4028228e-05
5.1676445e-05
-0.00012588369
8.2937305e-05
-0.00020124217
0.00012336231
-0.00030555593
0.00017190899
-0.00044173847
0.00022601377
-0.00060790944
0.00028224464
-0.00079679171
0.00033780659
-0.00099866027
0.00039223898
-0.0012073189
0.00044798698
-0.0014245545
0.00050915669
-0.0016584535
0.00057984989
-0.0019182912
-0.0022132064
0.00066388288
1.1771302e-06
-5.779804e-06
5.3238791e-06
-2.210877e-05
1.3627109e-05
-4.8075596e-05
2.7387094e-05
-8.7788213e-05
4.7784662e-05
-0.00014628125
7.5485755e-05
-0.00022894326
0.00011013447
-0.00034020464
0.00014995083
-0.00048155483
0.00019179977
-0.00064975837
0.00023206345
-0.00083705539
0.00026823601
-0.0010348328
0.00030037482
-0.0012394577
0.00033109123
-0.0014552709
0.00036379282
-0.0016911551
0.00040105289
-0.0019555513
-0.0022566088
0.00044445531
1.0876735e-06
-6.8674775e-06
4.8617736e-06
-2.588287e-05
1.2289486e-05
-5.5503308e-05
2.4327188e-05
-9.9825915e-05
4.1664353e-05
-0.00016361842
6.4343395e-05
-0.0002516223
9.1339989e-05
-0.00036720124
0.00012031969
-0.00051053454
0.00014787812
-0.00067731679
0.00017054283
-0.0008597201
0.00018635308
-0.0010506431
0.00019592619
-0.0012490308
0.00020195094
-0.0014612957
0.00020726702
-0.0016964712
0.00021385416
-0.0019621384
-0.0022648566
0.00022210197
9.2203321e-07
-7.7895107e-06
4.0582539e-06
-2.9019091e-05
1.0094596e-05
-6.153965e-05
1.9597126e-05
-0.00010932845
3.2755998e-05
-0.00017677729
4.9049051e-05
-0.00026791535
6.6923467e-05
-0.00038507565
8.3692545e-05
-0.00052730362
9.5878196e-05
-0.00068950245
0.00010030076
-0.00086414266
9.5643578e-05
-0.0010459859
8.2987564e-05
-0.0012363748
6.4874835e-05
-0.001443183
4.3313127e-05
-0.0016749094
1.9579931e-05
-0.0019384052
-0.0022403963
-4.8803492e-06
6.8584622e-07
-8.475357e-06
2.9451009e-06
-3.1278345e-05
7.135421e-06
-6.572997e-05
1.3405815e-05
-0.00011559884
2.1466507e-05
-0.00018483798
3.0317188e-05
-0.00027676603
3.8023301e-05
-0.00039278176
4.173256e-05
-0.00053101288
3.8047054e-05
-0.00068581694
2.4215326e-05
-0.00085031093
-2.6731208e-07
-0.0010215033
-3.3890985e-05
-0.0012027511
-7.4964343e-05
-0.0014021096
-0.00012256548
-0.0016273083
-0.00017631802
-0.0018846527
-0.0021787346
-0.00023797974
3.6174456e-07
1.4645461e-06
3.3184976e-06
5.6831868e-06
7.8771952e-06
8.5571798e-06
5.534394e-06
-4.1662934e-06
-2.3628202e-05
-5.4785997e-05
-9.7637187e-05
-0.00015088112
-0.00021391834
-0.00028694297
-0.00037013299
-0.00046174626
-2.2473818e-07
-8.5674269e-06
-1.1124991e-06
-3.1218333e-05
-3.1647779e-06
-6.4726031e-05
-7.2283134e-06
-0.00011201687
-1.4627461e-05
-0.00017573423
-2.7311486e-05
-0.00025734121
-4.8266403e-05
-0.00035560724
-8.099109e-05
-0.00046670225
-0.0001284652
-0.00058557506
-0.00019205908
-0.00070934527
-0.00027159177
-0.00083973489
-0.00036651443
-0.00098210968
-0.00047700627
-0.0011425361
-0.00060423922
-0.0013263476
-0.00074994831
-0.0015390851
-0.0017877061
-0.00091544402
5.645823e-06
-1.421325e-05
9.3422492e-06
-3.4914759e-05
1.0706581e-05
-6.6090363e-05
8.1036986e-06
-0.00010941399
-1.1213703e-06
-0.00016650916
-2.0498982e-05
-0.0002379636
-5.3290213e-05
-0.00032281601
-0.00010121743
-0.00041877504
-0.00016381994
-0.00052297255
-0.00023858029
-0.00063458491
-0.00032272095
-0.00075559423
-0.00041483911
-0.00088999153
-0.00051533367
-0.0010420416
-0.00062596549
-0.0012157158
-0.00074900435
-0.0014160463
-0.0016516975
-0.00088501296
1.6338495e-07
-2.6101131e-07
9.7626362e-08
1.24529e-06
-7.2475992e-08
-1.0094291e-06
4.3489322e-06
1.8997319e-06
-5.003374e-06
1.1145548e-05
7.7627546e-06
-1.455937e-05
2.4183125e-05
2.0951889e-05
-3.3989466e-05
4.6846214e-05
4.6712987e-05
-6.9376076e-05
8.2826221e-05
9.2085783e-05
-0.00012806579
0.00013505342
0.00016471864
-0.00021694584
0.00020452891
0.00026996961
-0.0003394451
0.0002898698
0.00040722769
-0.00049256858
0.00038808616
0.0005684296
-0.00066664596
0.00049627082
0.00074133833
-0.00084952299
0.00061323561
0.00091612565
-0.0010330904
0.0007401111
0.0010902579
-0.0012171334
0.00087967204
0.0012681799
-0.0014077409
0.0014569517
-0.0016130914
0.0010358118
3.0944661e-07
-5.7045792e-07
1.4098501e-06
-1.1728795e-06
3.9069203e-06
-5.973383e-07
8.9940471e-06
2.6756278e-06
1.8661169e-05
1.1284767e-05
3.6018356e-05
2.93558e-05
6.5411928e-05
6.269221e-05
0.00011193782
0.00011819275
0.00018014027
0.00020176716
0.00027257994
0.00031478802
0.0003895118
0.00045149773
0.00052998206
0.00060086808
0.0006935316
0.0007525761
0.00088160999
0.00090217949
0.0010981689
0.001051621
0.0012062364
0.0013488842
3.6466775e-07
-9.3512567e-07
1.8719249e-06
-2.6801367e-06
5.3007699e-06
-4.0261833e-06
1.1782055e-05
-3.8056577e-06
2.2960988e-05
1.0583394e-07
4.1156682e-05
1.1160106e-05
6.9561654e-05
3.4287238e-05
0.00011231222
7.5442185e-05
0.00017419399
0.00013988539
0.00025975937
0.00022922264
0.0003722864
0.00033897071
0.00051344233
0.00045971214
0.00068390013
0.00058211831
0.00088435295
0.00070172667
0.0011160774
0.00081989657
0.00094076645
0.0013815473
-4.9664613e-09
-9.3015921e-07
1.817105e-07
-2.8668136e-06
1.0099484e-06
-4.8544212e-06
3.3714777e-06
-6.167187e-06
8.8725511e-06
-5.3952394e-06
2.0145486e-05
-1.1282882e-07
4.1079835e-05
1.3352889e-05
7.6852153e-05
3.9669867e-05
0.00013343284
8.3304697e-05
0.00021657522
0.00014608026
0.0003306738
0.00022487213
0.00047817688
0.00031220906
0.00065995852
0.00040033667
0.00087639875
0.00048528645
0.0011285049
0.00056779037
0.00065012716
0.0014191442
-2.6467198e-07
-6.6548722e-07
-1.0196459e-06
-2.1118397e-06
-2.1210228e-06
-3.7530443e-06
-3.0415441e-06
-5.2466657e-06
-2.5668025e-06
-5.869981e-06
1.6604473e-06
-4.3400786e-06
1.3636272e-05
1.3770638e-06
3.9319708e-05
1.3986431e-05
8.6278257e-05
3.6346148e-05
0.00016264393
6.9714592e-05
0.0002751757
0.00011234035
0.00042771384
0.00015967093
0.00062108549
0.00020696501
0.00085443363
0.00025193831
0.0011268422
0.00029538182
0.00033911898
0.0014378504
-6.6432645e-07
-1.1607649e-09
-2.7723124e-06
-3.8537572e-09
-6.5179075e-06
-7.4492091e-09
-1.1752388e-05
-1.2185565e-08
-1.7603996e-05
-1.8372854e-08
-2.1917402e-05
-2.667248e-08
-2.0501797e-05
-3.8541079e-08
-6.4584608e-06
-5.690541e-08
2.9974925e-05
-8.7237858e-08
9.9826246e-05
-1.3672815e-07
0.00021237754
-2.1095056e-07
0.00037236265
-3.1418404e-07
0.00057978365
-4.5598174e-07
0.00083239208
-6.7011691e-07
0.0011288321
-1.0581537e-06
-2.0514267e-06
0.0014700025
-6.648879e-07
6.6372713e-07
-2.774634e-06
2.1058924e-06
-6.5238361e-06
3.7417529e-06
-1.1765065e-05
5.229043e-06
-1.7628466e-05
5.8450288e-06
-2.1961367e-05
4.3062286e-06
-2.057658e-05
-1.4233287e-06
-6.5803836e-06
-1.4053101e-05
2.9781872e-05
-3.6449494e-05
9.9524983e-05
-6.987984e-05
0.00021190651
-0.00011259247
0.00037161154
-0.00016001922
0.00057853853
-0.00020738296
0.0008301978
-0.0002523294
0.0011245927
-0.00029545307
-0.00033701917
0.0014595605
-2.6425018e-07
9.2797731e-07
-1.0185601e-06
2.8602023e-06
-2.1197192e-06
4.842912e-06
-3.0414199e-06
6.1507437e-06
-2.5707941e-06
5.374403e-06
1.6471359e-06
8.8298634e-08
1.3605634e-05
-1.3381827e-05
3.9260722e-05
-3.9708189e-05
8.6176003e-05
-8.3364774e-05
0.0001624789
-0.00014618274
0.00027492922
-0.00022504279
0.00042738708
-0.00031247707
0.0006207503
-0.00040074619
0.00085434635
-0.00048592545
0.0011276575
-0.00056876422
-0.0006509914
0.0014416297
-5.9942886e-09
9.3397161e-07
1.7702753e-07
2.6771805e-06
9.9748766e-07
4.0224519e-06
3.3446427e-06
3.8035887e-06
8.8210878e-06
-1.0204206e-07
2.0053943e-05
-1.1144556e-05
4.0925685e-05
-3.425357e-05
7.6603361e-05
-7.5385865e-05
0.00013304459
-0.00013980601
0.00021598504
-0.00022912319
0.0003297939
-0.00033885165
0.0004768801
-0.00045956328
0.00065804765
-0.00058191374
0.0008735355
-0.0007014133
0.0011240153
-0.00081924406
-0.00093737492
0.0014103989
3.6264657e-07
5.7132504e-07
1.8626826e-06
1.1771445e-06
5.2769284e-06
6.082061e-07
1.1733643e-05
-2.6531255e-06
2.2874844e-05
-1.1243243e-05
4.1015724e-05
-2.9285436e-05
6.9343554e-05
-6.25814e-05
0.00011198751
-0.00011802982
0.0001737238
-0.00020154229
0.0002590932
-0.00031449259
0.00037135994
-0.00045111839
0.00051217403
-0.00060037737
0.0006821822
-0.00075192191
0.000882037
-0.0009012681
0.0011130852
-0.0010502923
-0.0012040853
0.0013797956
3.0709035e-07
2.6423469e-07
1.3995418e-06
8.469302e-08
3.8808951e-06
-1.8731472e-06
8.9417217e-06
-7.7139521e-06
1.8568602e-05
-2.0870123e-05
3.5867916e-05
-4.658475e-05
6.5182638e-05
-9.1896122e-05
0.00011160662
-0.0001644538
0.0001796835
-0.00026961917
0.00027197393
-0.00040678303
0.00038873262
-0.00056787708
0.00052900506
-0.0007406498
0.0006923333
-0.00091525016
0.00088019358
-0.0010891284
0.0010966138
-0.0012667125
-0.0014538904
0.0013464189
1.5524139e-07
1.089933e-07
1.2236008e-06
-9.8366639e-07
4.3054648e-06
-4.9550112e-06
1.1069791e-05
-1.4478278e-05
2.4063503e-05
-3.3863835e-05
4.6673128e-05
-6.9194375e-05
8.2596811e-05
-0.00012781981
0.00013477631
-0.0002166333
0.0002042268
-0.00033906966
0.0002895791
-0.00049213532
0.00038785521
-0.00066615319
0.00049615889
-0.00084895348
0.00061331502
-0.0010324063
0.00074044447
-0.0012162578
0.00088023463
-0.0014065027
-0.00161272
0.0010390642
2.8001177e-07
-7.1745073e-08
6.5483631e-07
1.1470055e-06
1.5483391e-06
1.3710393e-06
-2.408089e-07
-4.5778966e-06
-1.3320407e-05
-2.8489425e-05
-5.2475791e-05
-8.8175592e-05
-0.00013914448
-0.000209667
-0.00030503401
-0.00043215
2.8063851e-07
-7.185651e-08
6.5690316e-07
1.1522487e-06
1.5596915e-06
1.3927143e-06
-2.0300665e-07
-4.5162135e-06
-1.3223582e-05
-2.8339165e-05
-5.2241887e-05
-8.7812544e-05
-0.00013860422
-0.0002089841
-0.00030461368
-0.00043199407
1.5884101e-07
-3.262446e-08
5.1842876e-07
1.3859764e-06
3.2557662e-06
6.9228234e-06
1.3528406e-05
2.4522102e-05
4.1497362e-05
6.5959159e-05
9.9277296e-05
0.00014304343
0.00019962594
0.00027255574
0.00036630742
0.0004776796
1.5893359e-07
-3.263025e-08
5.1890334e-07
1.3874295e-06
3.2591397e-06
6.9293786e-06
1.3539688e-05
2.4539944e-05
4.1524098e-05
6.5997989e-05
9.9333441e-05
0.00014312781
0.00019975583
0.00027269887
0.00036655413
0.00048289428
0.001318089
-0.0033308224
0.0020127334
0.0081067369
-0.0084473635
0.00034062663
0.0011893038
-0.0031984868
0.0020091831
0.0081067369
-0.002230608
-2.5375131e-05
0.0022559832
-0.0082066941
0.0050981882
0.003108506
-0.0011372436
0.0044236865
-0.0032864429
0.0075226223
0.0030828349
-0.010605457
0.0078403512
0.0021423022
-0.0099826534
0.0013213774
-0.0017535274
-0.0019653627
0.0015333686
0.0035195211
0.0064631786
-0.0099826997
-0.0036278038
-0.0037981724
0.0074259762
-0.0075637871
0.0035430756
0.0040207115
-0.0016645295
0.0040350338
-0.0023705043
0.0034691058
3.3487736e-05
-0.0035025936
0.0073975067
-0.0077030953
0.00030558863
0.00073804584
0.0015455906
-0.0022836365
0.0015175535
-0.0017812249
0.00026367137
0.006346072
-0.0023553735
-0.0039906985
-0.00077376825
-0.0014568398
-0.0076626889
0.0040348852
-0.0094558023
0.0094731489
-1.7346584e-05
0.0007340604
0.0085466431
-0.0092807035
7.1943693e-05
-0.0056928199
0.0056208762
0.0044752644
0.0013485148
-0.0058237792
-0.0039956266
-0.0059617865
0.0099574131
0.0064667974
-0.0021964571
-0.0042703403
0.0013220714
0.0064228675
-0.0077449389
-0.0023176781
0.0056791031
-0.003361425
0.0067033262
-0.0022280618
0.0020480537
-0.0014983263
-0.0005497274
-0.0002089841
0.0084128489
-0.0082038648
0.0062588736
0.00015804079
-0.0064169144
0.0011034195
-0.0061469546
0.0050435351
0.0087346026
-0.0074000047
-0.0013345979
0.0077069779
-0.0081375913
0.00043061333
-0.004758463
0.0058618825
0.0056513441
-0.0032772451
-0.002374099
-0.0087529914
0.0017656644
0.006987327
0.0031402316
-0.004497898
0.0013576664
0.010031041
-0.0043350354
-0.0056960056
0.0075226223
-0.0023467227
0.0057281781
-0.0033814554
0.0078403512
-0.00083967301
0.0036765946
-0.0028369216
-0.0018970216
0.0065511571
-0.0046541355
-0.0098336084
0.004221002
0.0056126064
-0.0075226223
0.011466144
-0.0039435219
-0.0078403512
0.011571803
-0.0037314514
0.0031279175
-0.00016817671
-0.0029597408
-0.0038193861
0.0017065494
0.0021128367
0.0014111172
-0.0027029543
0.0012918371
0.00096071767
0.0011987059
-0.0021594235
-0.0029497959
0.0057438235
-0.0027940276
0.00047558847
0.0054891224
-0.0059647109
0.00096257748
-0.00193725
0.00097467252
-0.0055164091
0.0035067428
0.0020096663
-0.010544198
0.0011529265
0.0093912712
0.0084157414
-0.003072813
-0.0053429284
0.007749614
0.00066612743
0.0056251894
0.0041431913
-0.0097683807
0.0052618601
0.0044111198
-0.0096729798
-0.002512253
0.0050901213
-0.0025778682
0.0010886142
-0.0042701599
0.0031815457
-0.0067239627
0.0069491831
-0.00022522042
0.0043761435
-0.0079428934
0.0035667498
0.0044874108
0.0017451923
-0.0062326031
-0.00099691008
0.0062233984
-0.0052264883
-0.0090464489
0.0071494272
-0.0024873841
0.0069664742
-0.0044790901
0.0015893018
0.001879804
-0.0048638822
0.0044538133
0.00041006883
0.0048380406
0.0062566777
-0.011094718
0.0087574069
-0.0080957518
-0.00066165511
0.00054419772
-0.002620907
0.0046992292
-0.0020783222
0.0068937033
-0.0034015734
-0.0034921299
0.0097581175
-0.0087947255
-0.00096339203
0.0078260542
-0.0069332433
-0.0008928109
0.0026418061
-0.0038652378
0.0012234317
-0.002465525
0.0012186449
0.0012468801
0.0014151679
-0.003732846
-0.011505407
0.0080673664
0.0034380408
0.0022993628
0.0050981439
0.0024016899
-0.0091305277
0.0067288378
-0.0045331618
0.0076398034
-0.0031066416
-0.0010226571
-0.0060263512
0.0070490083
0.0029727086
-0.0024813418
-0.00049136686
0.00049778957
0.0082596173
0.0053018471
0.00010961577
-0.0054114628
-0.0076975121
0.0031468756
0.0045506364
0.00053739836
0.0035953679
-0.0041327663
0.0032403821
0.0024109621
0.0043838765
0.0024575477
-0.0068414243
0.0045845087
-0.001763077
-0.0028214317
-0.004688355
-0.0053500598
0.003054512
-0.0018652082
-0.0011205418
-0.0013721115
0.0024926533
-0.0029087795
0.0056448204
-0.0027360409
-0.0030502964
0.0078883369
-0.0057002765
0.0075300958
-0.0018298193
-0.0059182125
-0.0017792996
-3.589638e-05
0.0077428743
0.0081243731
-0.0075477093
-0.00057666377
-0.0051682874
-0.0023954998
-0.011356644
0.0074715179
0.0038851258
-0.011471126
0.0082579342
0.0032131918
0.005806303
-0.0026250358
-0.0031812672
0.0014348322
-0.003781555
0.0023705382
-0.0053203341
2.1450474e-05
0.0042241439
-0.0042455943
0.0031960532
-0.0041929633
-0.001561622
0.0047018536
0.0019902152
0.0043558569
0.0065562595
0.003201858
0.003831533
-0.0038100826
0.00296622
0.0071494026
-0.010115623
0.0098927272
-0.005675191
-0.0042175361
-0.0022103426
0.0047890198
-0.0025786772
-0.00010408035
0.0015151976
0.0020717321
-0.0011110144
0.0010144776
0.0010572589
-0.0020717365
0.01057799
-0.010786974
0.0012706497
0.0001746064
-0.0014452561
0.0017660438
-0.0003281934
-0.0075610993
0.0081663705
-0.0006052712
-0.0022602347
0.0012978729
0.00096236181
0.0035839093
-0.0036420248
5.8115476e-05
-0.0055867123
0.005114052
0.0004726603
0.0019512805
-0.00098870301
-0.00047853788
0.0049497959
-0.004471258
-0.0046557251
0.0085347765
-0.0038790514
0.0034953738
0.0065356671
0.0077562551
-0.0033801116
0.0034818747
0.0023244282
-0.0034998237
0.0026601507
0.0063956009
-0.007418258
-0.0033720796
0.0022515378
0.0055765652
0.0025478079
0.0053586968
-0.010830964
0.0054722671
0.0030343261
0.0015142621
-0.0015396373
-0.0030797876
0.0043978766
0.0074394587
-0.0074394587
-0.0022177393
-0.0013371748
0.0066390219
0.0010576594
-0.0036785664
-0.00036644006
0.0062786408
-0.0059122007
-0.0040928014
0.0097179908
-0.0042793836
0.0095412437
0.0082906066
-0.0048044568
-0.0034861498
0.0044063192
0.0030001225
-0.0052104651
0.0057924481
-0.0076058637
0.0018134156
0.0059348451
-0.0058629014
0.0006623925
-0.00043999667
-0.0069169557
0.0073569524
0.0092804744
0.0016305363
-0.010911011
-0.0061845596
0.0091507796
-0.0045190415
0.0049638375
-0.0046415949
0.0050860503
-0.00040398357
0.0047878601
0.00010778645
0.0036500203
-0.0037578068
-0.0058219839
-0.00024693227
0.0060689162
0.0034807194
-0.0081364445
-0.0084584813
0.0080920412
0.0060559134
0.002733004
-0.0087889174
-0.00088314958
-0.0033556214
0.0042387709
-0.0036463081
0.0071658292
-0.0059740853
0.0024181925
0.0035558928
0.0037486839
-0.0032112855
0.0011591879
-0.0065786211
0.0054194332
0.0064318634
-0.0071684282
0.00073656478
0.0056678673
0.0026227393
-0.010107217
0.0053487537
0.00052174252
0.0073043117
0.0062464191
0.0048250059
-0.0088206326
-0.0011471034
0.0037889095
-0.0070701648
0.0055967144
0.0014734504
-0.0072103532
0.0063272037
0.0037048624
0.004942678
-0.0086475404
0.0068994035
6.7070734e-05
-0.0045351874
0.0056943754
-0.0020961312
-0.0049740336
-0.0011771179
-0.0022268325
0.0034039504
0.0028101329
-0.0046495738
0.001839441
0.00090577213
0.0028987353
-0.0038045074
-0.00657332
0.0017955798
0.0047777402
0.0010499823
0.0078102598
-0.0088602422
-0.0060318522
-0.0029262599
0.0089581121
0.0017535529
0.0047132445
-0.0028036967
0.00013814601
0.0026655507
-0.0064096315
-0.0012934638
0.0080091191
-0.0072750587
0.0070904534
-0.00065859001
-0.005586857
-0.0029982053
0.0085850623
-0.0045959445
-0.0019962512
0.0065921957
-0.00077342149
0.0031123532
-0.0023389317
-0.00035267544
0.0059493898
-0.0028081996
-0.0036567852
0.0064649848
0.0038813537
-0.0003376986
-0.0035436551
-0.0053203953
0.0048617022
0.00045869305
-0.0066212573
0.0036603571
0.0029609002
-0.0059433897
0.0038472586
0.0038636902
-0.0076618626
0.0092804744
0.0011939493
0.0025792154
-0.0037731648
0.0093449061
-0.0074859397
-0.0018589664
-0.0066804013
0.0076164228
-0.003129012
-0.0059384495
-0.0016226498
0.0003463434
-0.0056655915
0.0053192481
-0.0069858971
0.0080358794
0.0037463701
-0.0073002936
0.0035539235
0.0035627007
0.0048275485
-0.0083902491
-0.0044749116
0.003547528
-0.0047246459
0.0032474644
-0.0037260023
-0.0078546093
-0.0035020344
0.0070382887
-0.00081489032
0.0073155103
-0.0060293871
-0.0012861232
0.0056920183
0.0046937543
-0.010385773
0.0013955387
-0.0046727838
2.8247909e-05
0.0028420585
-0.0028703064
-0.0027334723
0.0039274217
-0.0033321813
0.0090241996
-0.009318976
0.0091377932
0.00018118282
-0.0011943549
0.0061441507
0.00022497367
-0.0030286704
0.002528007
-0.0025635416
3.5534608e-05
0.0018896492
-0.0089880652
0.007098416
-0.0031419262
-0.00022880968
0.0033707359
-0.00086750123
-0.004777168
0.0056446693
0.0046839357
0.0022154678
0.001618482
0.0070957522
-0.0087142342
-0.0041416133
0.0019147808
0.006778271
0.0015844243
-0.0083626954
0.00018917457
0.0076210853
0.0037404602
0.002962866
0.010181113
-0.001889472
-0.0082916415
-0.0039653378
-0.00089854436
-0.0078706376
0.0026195107
0.0052511269
0.00078650787
-0.0039001898
0.003113682
-0.0055170751
0.0054822434
3.4831711e-05
-0.0014106222
0.0076694958
0.007775378
-0.011605347
0.0038299686
0.0042023137
0.0021255409
-0.0063278547
-0.0030502504
-0.00027502117
0.0033252716
-0.00089557026
-0.0023818933
0.0032774635
0.0029031731
0.00050765131
0.0088372548
-0.0032440784
0.0069904484
0.0024731368
-0.00095558334
0.0070409528
0.0018104595
-0.0088514123
0.0031127558
-0.0030049694
-0.0054268735
0.0026186739
0.0098193783
-0.00078879664
0.0083501693
-0.0075613727
0.00075131795
-0.0081513226
-0.0099784531
0.0056247957
0.0043536573
0.0092731674
-0.0027025573
-0.0049033064
-0.0072737929
-0.0014791985
-0.0053070532
0.0070522454
-0.0037109942
-0.0044956999
0.0077879437
-0.0064658723
-0.0076040614
0.0084296407
-0.00082557936
-0.0056541175
0.0059597061
-0.0026409655
-0.0026794298
0.00078518973
0.0065303206
-0.00017484538
-0.0054118669
-0.0035000923
-0.002473993
-0.0011965185
0.0080195789
-0.0068230604
-0.0031800519
0.0039665597
-0.0059101685
0.0061372162
-0.00022704779
6.0407333e-05
-0.0077411867
0.0076807794
0.0073667501
-0.00064923394
-0.0067175162
0.0032362133
-0.0035392415
0.0003030282
0.0064637874
-0.0073550273
0.00089123998
0.0005530633
0.0061328096
-0.0066858729
0.0048897758
-0.0041843936
-0.00070538223
-0.0033696225
0.0022504054
0.001119217
0.0016554603
-0.0024292285
-2.9466039e-05
-0.0060023862
-0.00065573361
-0.0060682291
-0.0081919726
0.0080115526
-0.0079511453
-0.003861764
-0.001654645
-0.0042316585
0.0019154169
0.0023162415
0.0048849921
-0.0042147713
-0.00067022078
0.0015512814
-0.007726813
0.0061755316
4.270453e-05
0.0024853024
-0.0029037122
-0.00023821407
0.0048789354
-0.00019499962
-0.0045589633
-0.0062720006
0.0058887777
-0.0014349643
0.0021306267
-0.01057799
0.0084473635
0.0067701952
-0.0037476008
-0.0030225943
-0.00081140829
-0.0047483277
0.0055597359
-0.0043414102
0.0021449531
-0.0041122953
0.0034591612
0.00065313409
-0.0022841553
0.00014574128
0.002138414
-0.0028628249
-0.00018742549
0.0044768085
0.0014119692
-0.00068768036
-0.0051343036
0.00528318
0.00029338517
-0.0031686045
-0.0039954629
0.0071640674
0.0022946554
0.00080530062
-0.003099956
-0.0071139944
0.0089080821
-0.0017940877
0.0064417624
-0.0032948867
0.010877149
-0.0071234583
-0.0037536906
-0.0057640074
-0.0075220155
0.0045957556
-0.0059892845
0.0016142452
0.0043750393
-0.0056801587
0.0062332221
0.0008948182
-0.0031789735
-0.0036080504
-0.0029652696
0.0037765753
-0.0029017934
-0.00087478193
0.005725164
-0.0059000094
-0.0069218368
0.0084731182
-0.0010696107
0.0074136444
-0.0063440337
-0.0075630351
0.0024577348
0.0051053002
-0.0053666068
0.0054666695
-0.00010006269
0.0036568715
-0.0028096352
-0.00084723624
0.0082669855
-0.0040646717
0.0058448904
0.00059687194
0.0040358141
0.0054553734
-0.0094911875
-0.00088870396
-0.0013319548
0.0022206587
-0.0026722332
0.0037988401
-0.0011266068
-0.0022588397
0.00032158969
-0.011903008
0.007428096
0.0020196122
-0.0067101346
0.0046905223
-0.00030651071
-0.003523706
0.0038302167
0.0034138407
-0.0043118558
0.00089801518
0.006468251
0.0011792947
-0.0076475457
-0.0084352524
0.0021190273
0.0063162251
-0.0057717909
9.1632109e-05
0.0028979044
0.00075896708
-0.0079412452
-0.0013777308
0.0012358551
0.003862333
0.0030709601
-0.0022705067
-0.00080045341
0.0036522948
0.0066547069
-0.010307002
0.006513857
0.00085289313
0.0029715646
0.00080501075
0.0027845027
0.0039856925
-0.0038376717
0.0014822982
0.0078653683
0.0023157452
-0.0083048733
0.0021203136
-0.0031617598
0.0017896483
0.005912703
-0.002766218
-0.0031464849
-0.004305495
0.0056236042
-0.0036595803
-0.001964024
0.0042053078
0.00068446805
-0.0062669579
0.0083975846
0.0057696932
-0.0029595603
0.0023064615
-0.0086648245
0.0070265051
0.0016383195
-0.0062660531
0.0047113396
0.0015547135
0.0038789753
-0.0043336646
0.00045468932
-0.00084728596
0.0073104646
-0.0013244979
-0.0048816247
0.0024357878
0.0024458369
0.0053211805
0.00034336899
-0.0063326535
-0.005676031
0.003321811
0.00235422
-0.00061627689
-0.0069877845
-0.0019098423
-0.0057528467
0.0042941332
0.0005908589
0.0044078249
-0.0023704539
-0.002037371
-0.0023036127
0.0030606557
-0.00075704301
-0.0017790932
-0.00047974652
-0.0088143494
0.0016686859
0.0071456634
-0.0032847024
-0.0029813508
0.003725982
-0.0026782345
-0.0010477474
-0.00095861527
0.00444049
0.0045221147
-0.0023824013
-0.0021397135
0.005737163
-0.0029995301
-0.0027376329
0.0054812216
0.0036565716
-0.0048846294
0.006928999
-0.0020443696
-0.0067056849
0.00080567546
-0.00056156301
-0.0021106702
-0.0011076888
0.0043480709
-0.0079295265
0.0046415687
0.0097808798
-0.0057450658
0.0064022568
0.0052094298
-0.0040522014
-0.0011572284
0.0068556401
0.00076571048
-0.0076213506
0.002292802
0.0053147709
-0.0041299891
-0.0011847818
0.007408778
-0.0076202336
0.00021145555
0.0029018621
0.0028353008
0.0059894744
0.0065317598
-0.0039363009
-0.0025954589
-0.0018580491
0.0058899422
-0.0040318932
-0.0017547492
-0.0020646369
0.0057471753
0.0051299735
-0.0015598236
0.0086007764
0.0013746971
0.00098413525
-0.0023588324
-0.0014289487
0.0075617583
-1.3619316e-05
-0.0035625788
0.0035761981
-0.0057387167
0.0035797407
0.002158976
-0.0022673276
0.010305668
-0.00080813695
-0.0094975315
-0.0041520053
0.0057704872
0.0063966014
0.0013787767
-0.0015850049
-0.0059370106
-0.0058066035
-0.008091318
-0.0035140286
-0.0066435776
-0.0069059681
-0.00083521862
-0.0030171977
-0.003899758
0.0025271116
-0.010589764
0.0080626529
0.0021831505
-0.010691214
0.0085080635
-0.0067875942
0.010439889
-0.0055126907
0.0070971151
-0.0018366222
0.0034365935
0.0017442326
-0.0051808261
0.0065847971
-5.3037275e-05
-0.0041093378
-0.0060849665
0.010194304
-0.010953428
0.0042355538
0.0067178741
0.0018992284
-0.0078093968
-0.0061357406
0.0022355508
0.0054919475
-0.0051002504
-0.00039169704
0.0085402938
-0.0016846537
0.0084279439
0.00057583956
-0.0090037834
0.0088925879
-0.0067094374
-0.0062872378
0.0019161997
0.0068808361
-0.0087970358
0.0030549612
0.0035762495
-0.0066312108
-0.00060495284
0.0023709966
-0.0080477642
0.0023821727
-0.0034953371
0.0093402275
0.0050518948
-0.00045501437
-0.0045968805
0.0050261796
-0.00047513669
-0.0045510429
-0.00058613982
0.0099922603
-0.0094061204
0.0037665627
0.0019772607
-0.0032023135
0.001937709
0.0012646045
0.0028572076
0.0057237643
0.0032343478
0.0081488653
0.00052399218
0.0068847858
-0.0068173739
-0.0031610792
-0.010071124
-0.0050271611
-0.0068758465
0.0061930409
-0.005596169
-0.0038174426
0.00062722547
0.0031902172
-0.0076103761
0.0067630902
0.0022214939
-0.0059105812
0.0036890873
-0.0029507615
0.0045650067
-0.00088450945
-0.00026517831
0.0011496878
0.0075845974
0.0035107884
-0.011095386
0.0093813335
-0.0039946144
-0.0053867191
-0.0061786447
-0.0065480227
-0.0054894693
0.0020966494
0.0033928199
0.0071770457
-0.0027002372
-0.0059543894
0.0082537523
-0.0075504619
0.0029545174
-0.0063080399
-0.00025956779
0.0065676077
0.0033254965
0.0052211466
-0.0046349497
-0.0012196771
-0.0017495936
0.0029692707
0.0072569666
-0.0040844961
-0.0031724705
-0.0021539649
0.0018257715
-0.0029068219
0.0075025776
0.0054938593
-0.0019030604
-0.0035907989
0.00044509367
0.0075406759
-0.0079857696
-0.0070283802
9.9238448e-05
0.0069291418
0.00034805961
-0.0092831785
0.0074527455
0.001830433
0.0097390965
-0.008973386
-0.00073946097
0.0024460104
0.0017949575
0.0046688298
0.0015496383
-0.0086636328
6.3911028e-05
0.0065077298
-0.0060321413
-0.0044092746
-0.0044126212
-0.0027977321
0.0049737208
0.0075873911
-0.0062388763
0.00066725395
-0.0047427424
0.0040754884
-0.0049395707
0.0082650672
-0.0020442279
0.0055523643
-0.0035081364
-0.0017333404
-0.0016362821
-0.010638096
0.0095799363
0.00105816
0.00048813468
0.0054919453
-0.0059800799
0.00054538678
0.0050579573
0.0016159961
-0.0015578807
-0.007407784
-0.00045222045
0.0047550201
-0.0043027996
-0.0086053166
0.00099494047
0.0019196994
0.0058299145
0.0041579193
-0.0046101397
0.007131173
0.0033799081
-0.010511081
-0.00085260789
-0.0013210492
0.0021736571
0.0015084845
0.0073841035
-0.0063790783
-0.0070956477
0.0075837824
-0.0042081888
-0.00031085271
0.0061423144
5.1067287e-05
-0.0061933817
-0.0049632038
-0.0056748925
-0.0017438331
-0.0024878254
0.0028692393
0.0046967266
-0.0075659659
0.0068108723
-0.0071842161
0.00037334375
0.0084424798
-0.0091577795
0.0023585664
-0.004353544
-0.00028805092
-0.0077562942
0.0065597757
-0.00071342158
-0.0027000304
0.003413452
-0.0029334821
0.0087489413
-0.0058154592
-0.0073935293
0.0030925705
-0.0022686608
-0.0047621915
0.0070308523
-0.0014401877
0.0081533521
-0.0067131643
-0.0021195419
0.005618145
-0.003498603
0.0076173402
0.0026883282
-0.0031749909
0.0028372923
-0.0060162616
0.0024148285
0.00055788008
-0.0014523824
0.0054872675
-0.0060419775
0.0024431351
-0.0049244769
-0.0022473513
-0.004373906
-0.0073819996
0.0017951425
-0.0022834654
0.0022052725
-0.0069383915
-0.0022682232
0.0032675799
0.0016962577
-0.0040162262
0.0077210886
-0.0038164394
-0.0065254227
-0.0010948109
-0.003856592
-0.0013106636
0.0023251412
0.0088068727
-0.0041803184
-0.0017630713
-0.0060387736
-0.00053984751
0.0064444661
-0.0021753865
-0.0042690795
0.0034608239
0.0034883592
-0.00057897023
-0.0053392422
0.0060792075
0.0042309598
-0.010310167
-0.0028821656
0.0067561156
-0.00387395
0.0049767
-0.0028917916
-0.0020849085
0.005909547
-0.00081140316
-0.0063165887
0.00488764
0.00318072
0.0019053303
0.0055617699
-6.7910558e-05
-0.0012847527
0.0014593591
-0.0046745844
0.00060159092
0.0047728465
-0.0053744374
1.3120139e-05
0.0047988009
-0.0051053116
0.0099809145
-0.0031700422
-0.0024533198
-0.0018168401
0.0040515148
-0.0026226269
-0.0014288879
0.0016315925
0.0039920117
-0.0081702395
0.00018786905
0.0079823705
0.0087830927
-0.0046171836
-0.0041659091
-0.0048965339
0.0017152667
0.0049491756
-0.0028161039
-0.0021330716
0.00020960285
0.0037143069
-0.0039239098
0.0020141093
-0.0031356181
-0.00014087185
0.0039724049
0.0027417316
0.002396293
0.0036310219
-0.0060273149
-0.0063394266
0.0018062648
0.003482932
0.0021618884
-0.0027571362
0.0026162643
0.0054185563
-0.0085871608
0.00053051301
0.0022962462
-0.0028267593
-0.0042258689
0.0082788536
-0.0040529847
-0.0015621567
0.0023270654
0.0022574433
-0.0043013675
0.0071706068
-0.0062505835
0.0087983914
0.0061467627
-0.0037504697
-0.0026707888
-0.0030679279
0.00033079626
0.0038933476
0.00069104021
0.00067807034
-0.0013691106
-0.003317798
0.00031380708
0.0030039909
-0.0063455226
0.0042144395
0.0021310831
0.00102019
0.0066605894
-0.0024668466
0.0015781426
0.0018132545
-0.0032848413
0.0014715869
-0.0097217411
0.0063895598
-0.0032063076
0.0052077152
-0.0071175575
0.004025026
0.0032319406
0.0096399055
-0.0092918459
-0.00032524305
0.0025756485
-0.0012718098
-0.0010400107
0.0023118206
-0.0050727554
0.00029558738
0.0013107464
-0.0028419947
0.0027439412
0.0052676115
0.0026623568
-0.0021318438
0.0023278508
0.0043612826
0.0056387174
-0.0054847557
-0.004552963
0.0029229915
-0.0032482345
0.0055457782
0.002416575
-0.0019893725
-0.00042720248
-0.010011897
0.003724659
-0.0039188329
0.0030232626
0.0065562637
-0.0056746374
-0.00088162628
0.0027871456
-0.00053116242
0.010102915
-0.0053498971
-0.0047530178
0.0043082219
0.000665499
-0.00033779866
0.0024506354
0.0016194416
-0.0043613465
0.0090551008
0.0053984015
-0.008009199
0.0026107975
-0.00099861338
-0.0010107603
-0.0006919919
0.0017027522
-0.0011537957
-0.0020485178
0.0047426022
-0.0047562215
-0.0014376533
-0.0062350795
0.0068109191
-0.0020303303
0.00058445517
0.0014458751
0.0043388868
0.00071907045
0.0091883435
-0.0059647748
-0.0032235687
0.007097413
-0.0043818155
-0.0027155975
0.0073733429
0.007292419
0.0017020223
-0.0056383232
-0.0033380504
0.002190947
0.0075845974
0.0034452288
-0.00064929565
-0.0027959331
-0.0030154652
-0.0013355225
-0.0028798906
0.0042154132
-0.00020751847
0.0037872592
0.010786974
-0.0088707746
0.0085146395
-0.0019634824
0.001120108
-0.0012353216
0.0021301398
0.0018290999
0.0009078303
-0.0027369302
-0.0043029377
0.0070359417
-0.0032698547
-0.0064518864
-0.0062432408
-0.0011387588
0.0055459561
0.0032371366
-0.0065491213
0.0055675697
0.00098155164
0.0026657956
-0.0030035943
0.0012405735
0.0062895222
0.0049728219
-0.010453948
0.005481126
-0.0028078905
0.0052654382
0.01138355
-0.001644454
0.003903167
-0.0010052626
0.0069807259
0.00047201959
0.00029204321
0.0051970792
-0.0086645425
0.0080482656
-0.0076691063
0.0017147169
0.0041768207
-0.0032710485
0.0011327362
-0.0024979056
0.00086293772
0.0016349679
0.0012556745
-0.0015230489
0.00026737439
-0.002179208
0.0071955026
-0.0050162946
0.0033368656
0.0019436181
0.0009644276
-0.0029080457
0.0021955021
-0.0020949938
-0.0001005083
-0.005812236
-0.0026230164
-0.0032018049
-0.0016798197
-0.0021179554
-0.0017472824
-0.0017002492
8.3780622e-05
0.0010920563
0.002144157
-0.00034828193
0.0090809503
-0.0087326684
0.0040051751
-0.0010336106
0.0027355961
-0.0008720118
-0.0018635844
-0.0018861725
-0.00014415778
-0.0027539911
0.0043320413
0.0013917231
0.0016914329
-0.0010003927
-0.0021434897
0.007487915
-0.0053444253
0.0018319472
0.00041959062
-0.0056472636
0.0014669452
-0.00053887541
0.0023521299
0.002382636
-0.0013499648
-0.0010326712
0.0036462536
-0.0041079999
0.0066904029
-0.0023583616
0.0032873114
0.00043867058
-0.0063266929
0.0052570822
0.0035319412
-0.003994396
0.0012690242
0.0021762046
0.0068170402
-0.0049400933
0.0001917656
-0.00033238173
-0.0030772327
0.0058464097
-0.002769177
0.00042298182
-0.0061758285
-0.0076287294
0.0022774265
0.0053513029
-0.0020120382
-0.0021988501
0.0042108883
-0.0029853917
-0.0068656993
0.0062795595
0.0051074541
-0.0097958091
-0.0072372991
-0.00017048495
0.0063290694
-0.0081231572
0.0051721174
0.0011606127
0.0021266986
0.007131173
-0.0021274347
0.0031846936
-0.0037489044
-0.0033427204
0.0070916247
-0.001958718
0.0011061101
0.0021817467
0.003027683
0.0042568979
0.0033595249
-0.00501001
0.0022456263
0.0030691446
0.005075637
-0.00086584217
-0.0057336876
0.0065995297
0.0043635507
-0.0097136105
-7.1241313e-05
-0.0040132548
-5.1711976e-06
0.0013398807
0.00085562139
0.009825102
-0.0024487803
-0.0073763217
-0.0071037337
0.0011390228
0.00075590049
-0.0054518212
0.0046959207
0.0079884802
-0.0080909507
0.00010247053
-0.001720685
0.0045778926
0.0029512394
0.00071929649
0.0024028026
-0.0024598135
0.0025979595
0.0034383923
-0.0076642612
0.0051210108
-0.0027504726
-0.0020956176
0.0075141739
-0.0067559095
0.0018159699
0.0045112337
-0.0086458775
0.0072056898
-0.0053352583
-0.0037111905
-0.0025753119
0.0060119054
0.0071156744
0.0028652401
-0.00088908368
0.0020438871
-0.0011548034
-0.0008826941
-0.0047377773
0.0056204714
-0.0048312716
-0.010057449
0.00098053532
0.0024869853
-0.0034675206
0.0069400871
-0.0010450163
-0.005504105
0.0048093794
-0.0070149027
0.0005569885
0.0007962813
-0.0013532698
0.00068277474
-0.0052796552
0.00071176237
-0.0052628053
0.0017686556
0.0041440473
0.0026847918
0.0023521643
-0.0031253658
0.00077320146
0.0040547578
-0.0070529631
0.0027664791
-0.0094759165
0.0083124351
-0.0010396798
0.0058934441
-0.0048537643
0.00082652739
0.0053202353
-0.00077309667
0.0023623985
-0.0033046284
0.0035142312
0.0024741855
0.0085731764
-0.0018588546
-0.0067143218
0.00095817525
0.0025920178
-0.0035501931
-0.0013631899
0.0044557604
0.004859046
-0.0075783467
0.00064510337
0.0074371117
0.0010053681
0.0072647779
0.0027352221
-0.0011469807
-0.0068041646
0.0032962476
0.0033941553
-0.0028715417
0.0028574429
1.4098818e-05
-0.0095010617
0.0056707002
0.0038303615
0.0077586481
-0.00050867286
-0.0030102685
0.0035189414
0.0067586479
-0.001566327
-0.00018406117
0.0032698059
-0.0027995368
-0.00047026913
-0.0035606581
-0.00047872316
0.0092771146
0.0052606892
0.0041206443
-0.0059152185
0.0018901353
0.0040250832
-0.0069418516
0.0088156476
-0.0024865781
-0.0006236919
-0.0080408506
0.0057712085
-0.0061035902
0.0069655368
-0.0051703942
-0.00097568119
0.0043589136
-0.0033832324
-0.0007411127
-0.0045659405
0.0081096316
-0.0027342677
-0.0053753639
-0.0092137551
0.0089509804
0.00026277474
0.010814597
-0.0053592237
0.00083622299
-0.0039718411
0.0074136444
0.0055636435
0.0042614585
-0.0017341364
0.0061085236
0.00053533853
-0.0066438621
-0.00253737
-0.0069636917
0.0026383859
-0.0053091747
0.0035232879
-0.0066299295
0.010281597
-0.0067862228
0.0011760525
-0.0039422705
-0.0011088703
0.0047045966
-0.0035957263
0.0067787454
-0.011285944
0.0058011882
-0.0086073594
0.0064281514
-0.0044115412
0.0039028683
0.00056672551
0.0059895382
0.0048162263
0.00067572119
0.0040185694
-0.0049448556
0.00092628616
0.0018714862
0.0080673664
0.0046816477
-0.0078929426
0.003275759
0.0045441728
0.00054594844
-0.0088563742
0.0067128845
0.0090497851
-0.0016959412
-0.0073538439
-0.003352813
0.0060476168
-0.0026948039
0.0079501024
0.00069203415
-0.0086421366
-0.0076759333
-0.0036100105
-0.00026732701
0.0054247079
-0.0051573809
0.0020963033
-0.005173536
0.0013939858
0.0024890284
-0.0018874375
-0.0094254762
0.0025597769
-0.0028841191
0.00010739549
0.0027767236
-0.0049365347
0.0073187074
0.0022091287
0.0085559169
0.0046763975
-0.0044965494
0.0047790842
0.0023513057
0.0042334914
0.0015171081
-0.0029770099
0.0014599018
-0.0068808725
-0.0052656294
-0.00037569111
-0.005210868
-0.0048465809
0.008282437
-0.0068907139
0.0036855324
-0.0025249196
0.0001115869
0.007153191
0.0061438318
-0.0028963673
0.0055405815
-0.0052485383
0.0019874297
0.0060010505
0.0057720814
-0.0029333862
-0.0028386952
-0.0045224292
0.00098953996
0.0035328893
-0.0023998958
0.0034894615
-0.0010895657
-0.0031382487
0.0067692706
-0.0087221421
0.0061409268
0.0025812153
-0.0028710751
0.0016357535
-0.0034664669
-0.0056640608
0.0021472407
-0.0014091949
0.0069124411
-0.00046797502
0.0046238293
0.0027602742
0.0042400257
-0.011892381
0.0076523553
-0.002498264
0.0055280591
0.0027507945
-0.0037227381
0.00054268627
-0.003048455
0.0058329577
0.00092286624
0.004747834
0.0061760134
-0.0051558235
-0.006143409
0.0028639393
0.0026108251
0.0012923419
0.0082579342
-0.00047046327
0.0053380608
-0.0092120108
0.0037341605
0.0032653064
-0.00042324789
0.0019242091
0.0028286344
-0.0047528434
-0.00014896578
0.0064865097
-0.00071070317
0.0022278112
-0.0067894717
0.0037410166
0.0053627058
-0.007358957
-0.0085939183
0.0067350637
0.0026875545
0.0013176206
-0.0028108985
0.0012445716
0.0026887684
-0.0047329963
0.0036529976
0.0033852912
-0.0040277099
0.0071461537
-0.0031184438
-0.00017347287
-0.0030859019
0.00068600607
-0.0013136554
-0.0020689759
0.0033826313
0.0040466675
0.0042070847
0.0057926449
0.0043131767
-0.0051958708
0.0034025623
0.0061888255
-0.00026702973
-0.0059217957
0.0062472213
-0.01041313
0.0034885042
0.0011635443
0.0037674792
-0.00049767329
0.0017013847
-0.0057290946
-0.0084458115
0.0088123229
-0.00036651137
0.0068549529
0.0027470988
-0.00074113406
0.0036323749
-0.0028912409
-0.00086653633
0.0088166388
-0.0065319201
-0.00045126819
-0.0047342593
0.0051855275
0.0012893203
0.0058436958
-0.0047053695
0.00045977515
0.004928635
-0.0042613811
0.0020619462
0.0021975438
0.0039109797
-0.0051895738
0.0016894815
0.0026515159
-0.0047710578
0.0018597132
0.0019391269
-0.0034738658
-0.0022007716
-0.00059749832
0.0053997919
-0.0029093449
-0.002490447
0.0035832751
-0.0060572681
-0.00054634212
0.0050905149
0.0016242674
0.0053630596
-0.0016161778
-0.0078620467
0.0069962045
0.0029426446
0.0058406324
0.0031926404
-0.0090332728
-0.0052559618
-0.0015890288
0.0068449906
-0.0090176308
0.0073216896
0.00086976433
-0.0021804279
-0.0072439939
0.0067927258
0.0073834727
-0.0028328363
-0.0027124922
-0.0026078419
0.0033029568
0.0089916046
-0.0055532123
0.002681694
-0.0054159617
0.0066085684
-0.0038240256
-0.00050963901
0.0022704577
-0.001584006
-0.0012268926
0.0027403501
0.0030317313
-0.0036568206
-0.0049484959
-0.00037885543
-0.0055595941
-0.0064100861
0.0068551798
0.0020819939
-0.0020315869
0.0039916215
-0.0019600346
-0.0034720234
0.00084939642
0.0013060712
0.0030834508
-0.0043895221
-0.0055331945
-0.0003773867
0.0025444882
-0.0057462931
-0.001003006
-0.0021759674
-0.0038073554
0.0011756194
0.002631736
-0.007931161
0.0042743404
-0.0046775894
-2.7780125e-05
0.0062462226
0.0028088262
-0.0037845074
-0.003286732
0.0035037437
-0.0010447157
-0.002459028
-0.0084551541
0.00072484808
-0.0058591517
-0.0053584512
0.0085955878
-0.0016602869
0.0077394944
0.0030941534
0.0013037232
-0.00026548002
0.0047518583
-0.0044863783
-0.0043938496
0.0016328435
-0.0032978453
0.0001864189
-0.0021467397
0.0019603208
0.0010951564
-0.0020981625
0.006229713
-0.0020455954
-0.0038696232
0.0075921883
-0.0078595153
0.0032969031
-0.0051999635
-0.0062585732
0.0029057602
0.0110806
-0.0039311725
0.0046125866
0.0039724757
0.00060913282
0.0018401297
-0.0008620044
0.002440147
-0.0024055942
0.003210605
-0.00011361287
0.001907143
-0.0017935301
-0.0092137551
-0.0033991988
0.00099360459
-0.0031241579
0.0010153912
0.0021087666
0.0027846394
0.00086504962
0.0017938733
-0.0048242722
0.0094025881
-0.0045783159
0.0048450968
0.00031052919
-0.0066896075
0.0085227179
-0.0087881979
-0.0056577039
0.00045745656
0.0052002474
-0.0038030089
-0.001873022
0.0040982364
0.0070752355
0.0029247645
-0.0073517666
0.0045540345
0.0026602461
-0.0020330206
-0.0019884401
0.0025439897
-0.00055554955
-0.0007890188
-0.0018006825
0.0025897013
-0.0068982979
0.00010799348
0.0067903045
-0.0037196885
0.0017076503
-0.0023714941
0.0031304612
0.010529548
-0.00076897342
0.0026802735
-0.0019113001
0.001251768
0.0016928754
-0.0065171476
-0.0043002393
0.0057671845
-0.00084652907
-0.0061201709
-0.0025059618
0.0051947303
0.0030477754
0.0038881356
-0.00043131043
0.0026507099
-0.0022193995
0.0021752705
-0.0013102209
0.007093763
0.0031878336
-0.0042663124
0.0086275951
0.0034386516
-0.0047758264
-0.0038963256
0.0043689859
0.0009244977
-0.0065822017
-0.0063813548
0.005087891
-0.0058004978
-0.0026546563
-0.0022948948
-0.0039857135
-0.0032099034
-0.0003359741
0.0035458775
-0.00044295573
-0.0067412604
-0.0033216405
0.00095014634
0.0092328565
-0.0033922241
-0.0041314421
0.0071783064
0.0021600617
-0.0093383681
-0.00092626019
0.0036333483
-0.0027070881
-8.9203907e-05
0.0032794211
0.0075705894
-0.0048888955
0.0056752773
-0.0066771159
0.0008568046
0.0042680966
-0.0051249012
0.0049421821
-0.0034058814
0.0080605097
0.0001418693
-0.008202379
-0.003694575
-0.00095499879
0.0013096415
0.0027253923
-0.0008523668
-0.0013557094
0.0034176556
-0.0018677628
0.00071685619
-0.0042405622
0.0011347631
0.0010405074
-0.0070365361
0.0087294115
-0.001329184
0.0065201612
-0.00067375145
0.0040399574
-0.0052343123
-0.0043491317
-0.0015317765
-0.0017549555
0.0013149404
0.0082263033
0.0014830314
0.0082349595
-0.002848808
-0.0033837951
-0.0047837449
0.0034482224
-0.0052602277
0.001279201
0.0028398721
0.0057073988
-0.0013323595
0.0070703214
0.0088580549
-0.0084584813
0.0042194076
-0.0020376608
-4.547152e-05
-0.0068528264
-0.003283533
0.00027993874
0.0043300025
-0.0020843763
-0.00029576765
0.0019286112
-0.0017649802
-0.0015328651
0.009602108
-0.0063800759
-0.0032220321
0.00073974612
0.0023312139
0.0045388987
-0.0068951011
-0.00065260819
-0.0041655557
0.00017984226
0.0090859114
-0.00067306248
0.00084266269
0.0027088001
0.00059703416
-0.004159613
0.0027249413
-0.0043048147
0.00017337267
-0.0050657088
0.0061467344
-0.0010810256
0.0018228275
-0.002536249
0.00051042449
0.0025440875
-0.0051378383
0.0095441574
-0.0031085332
0.003307125
0.006294983
-0.0028641544
0.0049608038
0.0067276279
-0.0026809603
0.0062091946
0.0013613948
0.0016890582
0.0046333138
-0.006322372
-0.0026026857
0.0052542016
-0.009512807
0.004959844
-0.0049551002
0.0028189535
0.0070226689
0.0015324165
-0.0042118463
0.0026651672
0.0058696094
-0.0037894123
0.0019313632
-0.00050363115
-0.0033127098
-0.0034431997
-0.0026453328
-0.00042154597
0.0030817921
-0.0029845752
-0.0002253282
-0.0032286952
-0.0057075615
0.00094536996
0.0010871663
-0.0030765388
0.0002731146
0.0068226376
-2.026494e-05
0.0029715043
-0.0013443346
-0.0013009982
0.0032847821
-0.00070352926
0.00052768851
0.0037805333
-0.0027346837
0.0078646572
-0.010526231
0.0049334744
0.0055927564
-0.010736765
0.0022909536
-0.0094195342
-9.3272827e-05
-0.0079577367
0.0042088323
-0.0016205396
-0.0001585536
0.0039276749
-0.003584306
-0.0047309735
0.00020854428
-0.0020945259
0.00039427675
0.005022107
-0.0038935144
-0.0011285926
-0.0024910468
-0.0051708158
0.00047692467
0.0038619622
-0.0036400969
0.00075597784
0.0026983255
-0.0036245857
-0.00078579276
0.0075146305
-0.0047510605
0.0019141389
0.00014933955
-0.0041203388
-0.00049669392
-0.0023748478
-0.0031445768
0.0012620503
0.0069917711
-0.0082538215
0.0025470055
0.00094245596
-0.0061915283
0.0051983244
0.00043056871
-0.0056288932
0.00063477196
0.0028971692
0.00065831748
0.0029879361
0.0052418242
0.0014096899
-0.006651514
0.002949206
0.002808926
-0.005758132
0.0055149683
0.0029146724
-0.0026603813
0.0044046138
0.0089509804
0.0013292178
0.0067312919
0.00053931605
0.00028921878
-0.0062262294
0.0077369251
-0.0057250623
-0.0043172039
0.0096399055
0.005808613
0.0032628578
-0.00457753
0.0013146722
-0.0059153097
0.0091640365
-0.0033667372
-0.0057972993
-0.0041697429
-0.0055657897
0.0016694641
0.00054145905
0.0064615821
-0.0070030412
-0.0011022863
-0.0011138903
0.0022161766
-0.0041671797
0.0024175862
-0.0017218995
-0.0043096951
0.005112757
0.0062415826
-0.0013896871
-0.0048518955
0.00072577835
-0.003605669
-0.0068329661
0.0047373485
0.007412094
-0.0022137695
-0.0039291787
0.004109021
-0.004794195
-0.0052509521
-0.0051712987
0.00075975757
-0.0014050139
-0.0040990911
-0.0024843872
0.00071071163
0.0017736756
0.0050953108
0.0039288888
-0.0085134764
0.0085134764
-0.0040643794
0.0042377521
0.0020045275
0.0055543594
-0.0050129004
-0.0012315961
-0.00054962874
-0.0097214755
0.0044612478
0.0054760667
-0.00116289
0.0071868224
-0.0034130113
0.0016691782
-0.0079487795
0.0092108298
0.00066414929
-0.0054068917
0.0027208113
-0.005889491
0.0031686797
-0.003017026
-0.00032111924
0.0033381453
-0.0022685211
0.0067458199
-0.0044772988
-0.0026380819
-0.0050071546
0.0076452364
0.005744889
0.0012777799
0.0050327278
-0.0055402113
0.00050748349
-0.0040423728
-0.0017310534
0.0015469922
-0.0071923533
0.004489796
0.00024533644
0.0028670168
0.00028052532
0.0011123656
-0.0028671148
0.002005081
0.0019711967
0.0054143942
0.0021262817
0.0097767179
-0.002810268
-0.0069664499
-0.010113839
0.0051742685
-0.0024435792
0.0014328189
0.0054498958
-0.0055211371
0.0096426694
-0.0060125046
-0.0036301648
-0.005165792
0.0017136761
-0.0085319507
0.0013654357
-0.0022545194
-0.00061200118
-0.0073367783
-0.0027489292
0.00065393537
-0.0080131075
-0.0051113773
0.0047854337
-0.00079974115
0.0092278468
-0.0066804013
-0.00088664994
-0.00073388962
-0.00030465645
-0.0018227782
0.0008198046
0.001967341
0.004235903
-0.0034800025
0.002039107
-0.0022072838
0.005906828
-0.0058817532
-2.5074872e-05
-0.0036581268
-0.00033301888
0.0039911457
-0.0062328789
0.00077118624
0.0054616926
-0.0040816499
-0.0029061399
0.0030925588
-0.0069594302
-0.0034263425
-0.0029332239
-0.00027308365
-0.0069751943
0.00078366598
-0.0079065772
0.0010662816
0.0028680387
-0.00020568196
-0.00042086609
0.001639511
-0.0090109549
0.0090109549
0.0047674895
-0.001719714
0.000736845
-0.0020811796
-0.0020492691
-0.0048033529
0.0066066334
-0.0018032805
0.0042315909
-0.00028548459
-0.0059934229
-0.0011423134
-0.0073145877
0.0084569011
0.0064721571
-0.00023057453
0.00077588757
-0.002100809
0.0013249214
-0.0052624784
-0.0018550791
0.0086385664
-0.0088580549
0.00073606299
0.0026716695
-0.0034077325
0.0082847944
0.0021550947
0.0040360631
-0.002111854
0.0055628542
-0.003873796
0.00022663437
-0.0081332116
-0.0065158986
-0.00067645479
-0.0043899807
-0.0025936764
0.0019453467
0.00064832962
0.003693182
-0.0042283309
-0.00079929545
-0.0065152922
-0.0014403336
0.0051006907
-0.00014770484
-0.00052965777
-0.0039682402
0.0023508913
-0.0042393575
-0.0026784204
-0.00060642092
7.186412e-05
-0.0029636557
0.0037882151
-0.00066370873
-0.0029581785
0.0036218872
-0.0041306298
0.00073618939
0.0011421657
-0.0018783551
0.0028020352
0.0016932235
-0.0044952587
0.0026901788
-0.00027239693
0.0042558078
-0.0039834109
0.0036071519
0.0039546064
-0.002963905
-0.0025187558
-0.0066949993
-0.0047973551
0.003041492
0.0017558631
0.0051098002
0.0045328693
0.0041281728
0.0025108491
-0.0021174333
0.0018127768
0.00080772477
-0.0050659251
0.0042582003
-0.0013822448
-0.00098030559
0.0023625504
0.0025851396
-0.00089216489
0.0054332336
-0.0045410688
-0.00076614087
-0.0076241082
-0.0011485749
0.0034448211
-0.00061292268
-0.0014816033
-0.0074951128
-0.00039782977
-0.0058243107
0.0029914744
-0.0028846072
0.0025113895
-0.0013303244
-0.0011810651
0.00012571794
-0.0029418219
-0.0047092821
0.0016990136
0.0018829226
-0.0042648158
-0.0019767769
-0.0060201352
0.0041524893
0.0018676459
0.001381371
-0.00089830712
-0.0023001797
0.0033158502
-0.010186056
0.004460994
-0.0057809293
0.00097757647
9.0238164e-05
0.003192564
-0.00036335915
0.0044171974
-0.0040538382
0.0042334444
0.0016564978
0.0022443087
-0.0036527739
0.0033618909
0.00029088303
-0.00037478255
0.0054075104
-0.0030144954
-0.0020500678
-0.0025836382
-0.00054051963
0.0072613076
-0.0052584283
0.0029899072
-0.0093550216
0.0011511567
-0.0012352722
0.0072134627
-0.0059781906
0.0076523553
0.0035481673
-0.0029133953
0.0095795088
-0.0074604815
-0.00053910519
0.003644115
-0.0029857975
0.0017589525
-0.0055094222
0.00029022885
-0.006814232
0.0070873466
-0.00073482065
-0.0069286206
0.0054494221
0.001376371
-6.232178e-05
0.0073802379
-0.0022749377
0.00096263307
-0.0049733193
-0.0017849464
0.0067582657
0.00012059393
-0.0062241841
0.0026007748
0.0021714294
-0.0047722042
-0.0016661447
-0.0058289681
0.00026562314
-0.0045201114
0.0020141496
-0.0053204705
-0.0099757756
0.0069254793
-0.0066706722
0.0015328339
0.0086742311
-0.0072978601
-0.0021072155
0.0039369945
-0.001829779
-0.0031302854
-0.0032023682
0.002840817
-0.0083279129
0.0054870959
-0.0043218355
-0.0029474427
0.0027837024
0.00016374027
0.0034880183
0.0003320914
-0.0038201097
-0.0027866203
0.003951666
-0.0011650456
0.0047303778
0.0033708907
-0.0081012685
0.0028769109
-0.00083780381
0.0024442847
-0.0029409786
0.0039296014
-0.0024907479
0.0079300795
-0.0054393315
-0.0039164118
-0.0028254202
0.005426195
-0.0044844656
0.0063746009
0.0033232068
0.00045778499
-0.0037809918
0.0069052217
-0.0044291195
0.0021456542
0.0076570558
-0.0009964664
0.0070827967
-0.0060067322
-0.0053668541
-0.00019296672
-0.0064959636
0.0066889304
-0.0079320361
-0.0031688138
-0.008890357
0.0016452744
0.0072450826
0.0062093349
0.0037829253
0.0082963329
-0.0065024596
0.0049792583
0.0079225936
-0.005762532
-0.0019962941
-0.0062837473
0.0020879644
-0.0034199192
-0.0077634253
0.0063092021
0.0014542232
-0.0097461172
0.0064719347
0.0032741825
-0.0075337304
0.0001557214
0.007378009
-0.0049386531
0.0054739916
-0.0029221113
0.0042281825
-0.00069950409
0.0054983049
-0.0033531513
0.0030201324
-0.00021857743
-0.0054742425
0.0038446029
0.0057770452
-0.005253053
0.0065176314
-0.0067105982
0.002513055
-0.00018598962
0.0067215861
-0.0020451885
0.0014051334
-0.0022917833
-0.0022174947
0.0069478725
0.0026632849
0.002345467
-0.0076079454
-0.0019218988
-0.0017195341
0.0021660501
0.0013376936
0.0035213956
-0.00027102209
-0.0035535278
0.0038245499
0.0027020541
0.0027903793
-0.0021320196
-0.00073905548
-0.0033650661
0.0017316244
-0.0003212255
0.00080035386
-0.0027597926
0.0019594387
-0.007841672
0.009672105
-0.0040644292
-0.0011460359
-0.0062505346
-0.0039355217
-0.0037852337
0.012172937
-0.0064748189
-0.0056981181
-0.004617104
0.0020144183
-0.001679717
0.0042242052
0.00087891194
-0.0019811982
0.0020525376
0.0012249259
-0.0065338416
-0.0047310153
-0.005382824
-0.0014442385
0.0040576761
0.0012795562
-0.0053372323
0.006694263
-0.0086073594
-0.0088563742
-0.0019464527
-0.0048426887
-0.0042674135
-0.0030876138
0.00042744276
-0.0034000552
0.0029726124
-0.0065329254
-0.0064065358
-0.0046333327
0.011039869
0.0010406722
-4.7758317e-05
0.0047903605
-0.0057083594
0.0050263173
-0.0019228727
-0.0031034446
0.00099685668
0.0067593984
-0.0064404058
0.0068361563
0.0046860172
-8.1685363e-05
-0.0046043318
0.0046675353
-0.00041172752
0.0055285963
-0.0017614346
-0.0037671617
0.0018272243
0.0036464683
0.0082250915
0.00028297198
0.008043039
1.9613899e-05
-0.0030048402
-0.0018838701
-0.0026951569
0.0029728549
-0.0026370335
0.0082571035
-0.0079109921
0.010053294
-0.0010367564
0.0027370503
0.0014783629
0.0055172568
-0.00082673449
0.0054795812
0.0045204188
0.0052480272
-0.0025392271
0.00034659464
-0.0024707168
0.0021241221
0.0022008644
-0.0032408751
0.0037837584
-0.0032794281
-0.00050433021
0.0013235932
-0.00092957074
-0.0014830247
0.0041705793
-0.002053182
-0.0033602701
-0.0010688495
-0.00088667517
0.0022251803
-0.0013385051
0.00048307615
-0.003769519
0.0047942731
-0.00037707569
-0.0014597986
0.0040706237
-0.0046398474
-0.0058289033
0.0060276632
-0.0024723169
-0.0022008971
-0.0030259072
0.0037619702
-0.00582281
0.0017051983
0.0041034147
-0.00076878156
0.0017268763
-0.00095809472
-0.0019299311
0.0052667968
0.0014823241
0.00073112106
0.0045891143
0.0045620861
-0.0011153312
-0.00085003148
0.0084689776
0.00541071
-0.0025708379
0.00043621663
-0.0049206822
0.0015332197
-0.00021184235
0.0075311119
-0.0075311119
0.0069769498
-0.00041717408
-0.001075457
0.0012681903
-0.00048266876
-0.002477072
-0.001294899
-0.0047834855
0.0012366996
0.006277931
0.0056731859
0.0038600554
-0.0095332413
-0.0052742396
0.0071734679
0.0051290375
-0.0015457624
0.0085411897
-0.0030616085
-0.0026177286
-0.0021378349
0.0038070131
0.0040853369
0.0049956134
0.0018173005
-0.0039277374
0.0039896387
-6.1901332e-05
-0.0021711674
-0.0019895049
0.0062464027
0.0043464725
-0.0027148799
-0.0092918459
-0.0020596935
-0.0033864408
0.0054461342
-0.0045774844
0.0060357488
-0.0043220728
-0.0045717603
-0.0020228457
0.0065946059
0.0066363391
0.0012519979
-0.0017375503
0.00080579158
0.00093175867
0.00024312875
-0.0043422199
-0.0046668269
0.0043958048
0.0019834339
0.0018003244
-0.0013027951
0.00017662467
0.0011261704
-0.0050102466
-0.0082466548
0.0022771112
-0.0036466484
0.00024114065
-0.008000445
0.0015105064
-0.0028004631
0.0081385239
0.0026718224
0.0039409276
-0.0048330925
0.0015597387
-0.0063549239
-0.00058959835
-0.0015728748
0.001459262
-0.0013283511
2.5556037e-05
0.0039768969
0.0021574349
-0.0023038261
-0.0035726255
0.0058764515
-0.0026592364
-0.0027499564
-0.0023678772
-0.0023831833
-0.0014240121
0.0042260473
-0.0026268105
-0.0026166824
0.0052434929
0.0071603646
-0.0016684193
-0.0074097185
0.0074097185
-0.003185903
0.0034158942
0.00032554574
-0.00013676276
-0.0069416658
0.0070784285
-0.0051308372
0.0029770956
0.0021537416
-0.0009468271
-0.0029466873
-0.0032503362
0.0040215224
-0.0088707746
-0.00067616306
-0.00078512677
0.0014612898
-0.00083535106
0.0018687994
-0.0010334483
0.0049781245
-0.00027383213
-0.0027896823
0.0012281421
0.0025393371
-0.0032940493
0.0042711451
-0.0034369526
0.00079127788
0.0061856719
-0.0044703932
0.0072306673
-0.0045795817
0.0067887104
0.005659925
-0.0048522002
0.0059475438
-0.0067731232
-0.0023135295
0.00018502444
-0.0030207472
0.0028357228
0.0070719066
-0.00014276483
0.0029093682
0.0039230773
-0.0032386092
-0.001708975
-0.005912217
-0.0031054138
0.0040237567
-0.0035875401
0.0041230108
-0.0046357885
-0.0085446545
0.0025183033
0.0066547325
0.0001759112
-0.0034213596
0.0030018792
-0.0027243618
0.00065972488
0.0035779722
0.0041431164
-0.0086843717
0.0086843717
-0.0054813454
-0.003112573
-0.0022749526
0.0064959546
-0.0020302094
0.0095258243
-0.0081966064
-0.003729858
-0.0015329473
-0.0035929566
0.0060817222
-0.0024887657
-0.0063224868
0.0035220237
-0.0023046403
-0.0032047819
-0.00036311526
-0.0058874193
-0.0017111528
0.0063928005
0.003363295
0.00077211467
-0.0041354097
-0.0025489431
-0.0038473838
-0.0014322714
-0.0008346552
0.0086383348
-0.00080718102
-4.4055195e-05
0.0031215547
-0.0017738718
-0.0013823034
0.0013592465
-0.0031807496
0.0098201872
-0.0066394376
0.0010613731
-0.0028173472
-0.0020410524
0.0060648092
-0.0036972935
-0.00049480885
-0.0031840854
-0.0013934446
-0.0012237428
-0.0073390711
0.0076796978
-0.0020164736
0.0026459786
0.0056784071
-0.0027765449
0.0012561777
0.0033217149
0.0044394587
-0.0066916135
0.0022521548
-0.0039836227
0.0036625035
-0.0041225575
0.00019482005
0.0041738117
-0.0057942355
0.0011229633
0.0059754527
-0.0039427071
-0.00045114248
-0.0028237995
-0.0043257023
-0.00083280057
-0.0046883365
0.0030858625
0.0057513923
-0.00053272514
0.00025373898
-0.0016359838
-0.0022624949
0.0022765937
-0.002681342
0.00090747027
0.0082242269
-7.0874831e-05
0.0059564878
-0.0084938578
0.0012967349
-0.0031963408
-0.00030616878
-0.0033601392
0.0036663079
-0.0038606764
-0.00077863482
-0.0030683445
0.0038469793
0.0023426933
0.0039002478
-0.0033093889
-0.0019232454
0.0029559127
0.0056000042
-0.00055547457
0.0062233419
-0.0033303337
0.0055603863
0.0014918592
-0.0074598974
-0.0081056053
0.005656825
-0.0064065358
-0.0092655978
0.0059988122
0.0032667857
-0.0012303711
0.0043502282
-0.0087708001
0.0072904102
0.0014803899
0.00050970803
0.0029494532
0.00078564972
-0.0015544313
0.0047629881
0.0047628361
-0.0073170746
0.0040935059
0.0075073618
-0.0042222519
0.0059274502
-0.0038687337
0.001047302
-0.0037728982
-0.0048059991
-0.0094866634
0.0050773888
-0.0048375469
-0.0015308875
0.00085472448
0.00083631367
-0.0016716647
0.0029224604
-0.0016514576
-0.0066376418
0.0019031117
0.0047345301
-0.0032289902
-0.0030988645
-0.0092983894
0.0045041943
-0.0041781816
0.0017263902
0.0057626145
-0.0040968321
-0.007004836
0.00097269469
-0.0071162713
0.0027947871
0.0019727024
0.0015616799
0.001315231
-0.0022988654
0.00021419994
0.0027467464
-0.0029609464
0.0013380412
0.0061715715
-0.005960116
-0.0053928905
0.00083677429
0.0045561162
-0.0036978173
-0.0049662165
0.0015713518
0.0028844086
-0.0055640062
-0.0017877604
-0.0024994839
-0.0023308916
0.0028405996
-0.0029935674
-0.0070393634
-0.0025948611
-0.0031271936
0.0023381748
0.0022438663
-0.0071825194
-0.0019037695
-0.0051918782
-0.00014673076
-0.0021224604
0.001322007
-0.0030197946
6.1616077e-05
-0.0031398923
0.0023709188
0.0013261559
0.0041559536
-0.0058671065
0.0057186597
-0.0036378575
0.0027443812
0.0092927786
-0.0096558938
0.00082019649
0.0017237932
-0.0022345315
0.00043384907
-0.0066349339
0.00039985437
0.0067974001
0.0023910466
-0.00098591324
0.0010585135
-0.0046712507
-0.0046271387
0.0076622727
-0.0031245027
0.0062886947
-0.003164192
-0.0044506494
-0.0020656466
0.0027632492
-0.0015664903
-0.0075020051
0.00078884072
-0.00088368087
0.0027121326
0.0094130765
-0.0040511004
-0.0053619761
0.0006295462
-0.0033295766
0.0004645951
-0.0037440232
0.0032936727
-0.0028662299
-0.0012044155
-0.0069402249
-0.0023253729
0.0027402948
-0.0053671053
0.0082575873
-0.0072768734
-0.00098071391
-0.0056114364
0.0026518761
0.00024124553
0.0039946574
-5.0992478e-05
0.0019581355
-0.0043493441
-0.0014263576
0.005924383
-0.0045146931
-0.0063663829
0.0027116871
-0.0022321583
0.0034603004
0.0063440337
-0.0021623017
-0.0053230963
0.0028277906
0.0024953057
0.0091232816
-0.0010312403
-0.0080920412
0.00024990066
-0.0017816772
0.0064115012
-0.0017001615
0.0012077285
-0.0029167035
0.0089943361
-0.0057383066
-0.0032560295
0.00054901822
0.0061919983
-0.0034305429
-0.0027614554
0.0024705701
-0.0062481846
0.0075928331
-0.0040521152
-0.0071978141
0.0028627787
-5.101518e-05
-0.0045199725
0.0042953485
-0.0034041015
-0.0035710928
0.002650696
-0.0025433005
0.00067751645
0.0061334027
0.0037546984
0.0034634573
0.0008288531
0.0069968646
-0.0078257177
-0.00077693793
0.0027442789
-0.0029416967
-0.00011114987
-0.0024523917
-0.0036550291
0.0048310816
-0.0033504703
0.0031216606
-0.0013219522
-0.0044846513
-0.0014591819
0.0011634143
0.00018126844
-0.0019462486
0.0060284298
0.0026969603
-0.0087253901
0.0051567376
0.0091232816
0.0033083533
-0.00015269522
0.0066949993
0.0039783578
-0.010673357
0.0026750401
0.0017431098
-0.0063148701
0.0026956616
0.0035708814
-0.0018808544
0.0052760592
0.00069556985
-0.0059716291
-0.0033525975
-0.0065469176
0.0024822459
0.0045339539
-0.0027383741
0.00027368346
-0.0036117339
-0.0055946604
0.0024701577
0.0059266795
-0.0032868538
0.0030118326
0.0070762064
0.0029237936
-0.0074379897
0.0049192339
0.0028473815
0.0058730843
-0.0036292181
-0.0011546071
0.0011555535
0.0012592751
0.0031863965
0.0035008758
0.006762726
0.0089822481
-0.0073517118
-0.0019445997
0.0060970891
0.0071215415
-0.0072583043
0.0024525044
0.0027955229
-0.0053302237
0.0029248005
0.0032671978
0.0027252491
0.002953158
-0.00099157569
-0.0079848844
0.0046181472
0.00097331546
0.0058709272
0.0035023669
-0.0066017587
0.0019134222
0.0043491002
-0.0015204659
0.0022259458
-0.0085808697
0.0058315485
-0.0107141
0.0048825519
0.0022561288
-0.003578081
0.0010129807
-0.0015685303
0.00093903379
0.0016506675
-0.00062684561
0.0025721924
0.0029051006
0.0056379169
-0.0099392844
-0.0024262276
-0.0023459766
-0.0057592139
0.0010524502
0.0016278234
0.00057423112
0.0021379533
0.0036742525
0.0045833348
0.0061725964
0.00082360816
0.00093261844
-0.0082256791
0.0063418089
0.0078909792
-0.0051935721
-0.00072562606
-0.0076022868
0.0036401349
0.002734466
0.0043759004
-0.0043699932
-0.0080278932
0.0047330065
0.0022416108
-0.0030202456
-0.0029852115
-0.002115039
-0.0061217324
0.0030228679
0.0073427101
-0.0020281626
0.002273499
-0.0066435776
-0.0056966525
0.0039747529
-0.0008647408
-0.00087280946
0.0043897519
0.00066668145
0.0069955912
-0.0049370061
0.0061737057
0.0040614886
0.0042929845
-0.0015559342
0.0035847417
4.7633232e-05
-0.0047693121
-0.0060828621
-3.8870375e-05
0.0078152859
-0.0026431686
0.0058652236
0.00030737278
2.9423853e-05
0.0021366263
-0.0060120737
0.0015329835
-0.0017991194
0.0030240453
-0.0049524669
0.0018828708
0.0030695961
-0.00200023
-0.0015011203
0.0030824675
-0.0015813472
0.00047971705
-0.00047162485
0.00226914
0.0039772628
0.00072001137
0.0017324128
-0.0024524242
-0.0056981181
-0.00097785715
-0.001665056
0.0033590185
-0.0014226142
0.0023415405
-0.00091892624
-0.0019946748
-0.0022481414
-0.0031200307
-0.0032118592
0.0072676377
-0.0040557786
0.0025635549
0.0010320164
0.0018344626
0.0047431199
-0.0065775825
-0.00045985893
0.0035559392
-0.0067682334
0.0077736014
0.0038982708
-0.0079789288
-0.00015866249
0.0024906164
-0.0028143751
-0.0023164621
-0.0019582566
0.0060616714
-0.0080402069
0.0052299388
0.0049946959
0.0056439527
-0.0028995715
0.0079744347
-0.0013662167
-0.0029177438
0.0067006691
-0.00050657484
-0.0018236206
0.0023301955
-0.0057986007
0.0062783177
0.0074565226
0.0098011477
-0.0046477349
0.0031180449
0.0015296901
0.0052328758
0.0068627543
0.001124576
0.0080655224
-0.0019768337
0.0056169686
-0.004270106
-0.0022998961
-0.0030232002
0.0039334095
0.0011408138
0.0043872813
0.002643571
-0.0016899736
0.0021377397
0.0020271227
0.00039509605
-0.0049730893
0.0029502436
0.0018213819
0.00072106894
-0.0025424508
-0.0050181797
-0.0022988949
-0.0011670799
0.0056433051
-0.00086316253
-0.0040656907
-0.0054151107
0.0037989329
0.0043919192
-0.0056461431
-5.0509324e-05
0.0026350987
0.005339336
-0.0040222177
-0.0024757102
0.0013966859
-0.00023031608
-0.0011663698
-0.0021316094
-0.003977393
-0.0011668727
-0.00097357346
-0.0050206658
0.0059942393
0.0088466009
-0.0070293004
0.00054953545
0.0026351581
-0.0022200226
0.0056774135
7.3978782e-05
0.0058315485
0.004686009
0.0099871771
-0.001004929
0.0017168393
0.0055538442
-0.0072706835
-0.007107752
0.00046388987
-0.00071880263
-0.0055200737
0.0043986019
0.0052670441
-0.0037886812
-0.00073526813
-0.0077585897
0.0055530397
0.0021799131
0.0067327075
-0.0026473705
-0.0034184067
0.009922792
-0.0032864529
0.00062999595
-0.0019253262
0.0028327964
-0.0032081511
-0.00019190404
-0.0055752559
0.011119258
-0.0048030331
-0.00017367253
-0.0014746012
-0.0010609385
-0.001173593
0.0069272884
-0.0069272884
0.0012561772
0.0046682058
-0.0035221692
-0.002752349
0.0086733142
-0.0055339394
-0.0031393748
-0.0011399192
-0.0023229433
0.0034628625
-0.0036985728
0.00075113006
-0.00075770775
0.0017571955
-0.00099948779
0.0030652791
0.0019250289
0.0020646099
-0.0015614131
0.00088625666
0.004587735
0.0055808297
-0.008814462
0.003161165
0.00030617398
-0.0058230459
0.0054482634
0.010114972
-0.00096757663
0.0073213488
0.0026658283
0.0056797468
0.0031781725
0.0026949118
0.0099913718
-0.0029423635
0.0052621261
-0.0029929861
0.0040776371
0.0025169688
-0.00096637088
-0.0034831947
0.0058714172
-0.0071293187
0.00485259
-0.0022795713
-0.0025730187
0.0035722972
0.0079167441
0.00089557873
-0.0016736547
0.0063817113
0.0035410807
-0.0070255937
-0.00071934521
0.010832478
-0.0044571122
0.0078280029
0.0017783008
9.7641093e-05
0.0021032233
-0.002843509
-0.00012039602
-0.00026728255
0.0017001015
-0.0010159875
0.00451022
-0.009155353
0.004645133
-0.0018747437
0.0039991911
2.8167493e-05
0.0034598508
0.0059258792
-0.0033072052
0.00023134756
-0.0077927202
0.0010197104
0.00098548949
0.00053703142
-0.0015225209
0.0014714727
-0.00017212543
0.0034953323
-0.0036368585
-0.0029649002
-0.0047722353
0.0026957381
0.005362937
-0.0057294484
-0.0039618427
0.0068528803
-0.0073245051
0.0051807412
0.0026725525
-0.0030183789
-0.0028290688
-0.0012117346
0.00020009564
0.0015236976
0.0014280575
-0.0082142803
0.0058927291
-0.0026001098
0.0023709173
0.0089151838
0.00037759474
0.0053567262
-0.0017150681
0.0065658061
0.0025813264
-0.0029220945
-0.002661447
0.0055407224
0.00028963
0.0014427828
-0.0054165321
0.0068445896
-0.00220218
0.00037578371
-0.0021347961
0.0062124333
0.0015503811
-0.001116532
0.00074523451
-0.0023239022
0.0015786677
-0.0024064186
0.0029114166
-0.0031561618
0.00015957966
-0.0015286902
0.0034596319
0.0058705851
0.0038088787
-0.0024663196
-0.00012548876
0.004806628
0.00059050334
-0.0053971313
0.0040891753
-0.0039795595
0.0078024219
0.0030046688
0.0037280387
-0.0039500272
-0.0022762021
0.0059040349
0.0059260561
-0.0031414167
0.0032600887
0.00012980356
-0.0078727564
0.0077429528
0.0029063198
0.0071485467
0.0029649485
0.005017422
-0.00016137526
0.0063470472
0.00052998559
0.00058708169
0.0010392418
-0.0016263235
0.0064660571
-0.0069282045
0.0001753446
0.0016207744
-0.00050398398
0.0067819149
0.0020980995
0.0043625567
-0.0024491345
-0.0025462619
-0.00025327489
0.0034355927
0.0014169972
-0.0029841244
-0.0052454613
0.0030831449
-0.0045344983
-0.00030819047
-0.0072307958
-0.0039067739
0.0001894993
-0.0014267824
0.0055708298
-0.0010063201
0.0017211177
-0.00071479759
0.00038328991
-0.0043057313
0.0043748731
-6.9141771e-05
-0.0052706187
-0.0037192717
0.0044775874
-0.0076136141
0.0046941485
0.002250094
0.001896669
0.00084298141
0.0013306757
-0.0056418631
-0.0066930799
-0.0013795188
-0.00037543668
-0.0024135372
-0.00080827083
-0.0021084327
0.0026361656
-0.0077941008
0.00067084572
0.0012577654
-0.0012747453
-0.00025811978
0.0035499494
0.0017893523
-0.0053393017
0.0053874539
-0.0027523552
-0.0014225374
-0.00010051155
-0.0090205692
-0.0039425497
6.1226721e-05
0.0038813229
-0.010296784
-0.0003826327
0.0038828091
-0.0015665675
-0.0036681712
-0.0071145857
0.0063793176
-0.00072395157
0.0034188634
-0.0025032011
-0.00062625607
-0.0054502657
-0.0045979799
0.00034930188
0.0033952096
-0.0031215261
0.0013067635
-0.0032735313
0.0045530875
0.0039856885
0.0039158954
-0.0012865892
0.0013471842
-0.0018442497
0.0043395554
0.0063263029
-0.0031759078
-0.0052953707
-0.00011974002
0.0040829296
-0.0068056122
-0.0092731698
0.0056977162
0.0054057997
0.0021770503
0.00053936545
0.0047104071
-0.0069853448
0.0054017871
0.00052426898
0.00070460406
0.0065987304
-0.0035240497
0.0043825012
-0.00142723
0.006670917
0.0024523646
0.0023639986
-0.0050537272
0.0026897286
-0.0013899736
-0.0040029168
-0.0041614558
0.0086716758
0.0023598549
0.0052651924
0.0062921973
-0.0026175648
-0.0046708824
-0.002673479
-0.0028824773
-0.0011023213
0.001689403
-0.0017153552
-0.0026354141
0.0043507693
-0.0018981471
-0.00048566334
0.0023838104
-0.0079758017
0.0017781725
-0.0013948826
0.0043581699
-0.0077779094
-0.0013511652
-0.002068754
0.0073985216
0.0012098729
-0.0086083945
0.0065556999
-0.0045526342
-0.0020030657
0.00041632035
-0.0073655531
0.0069492327
-0.0041017448
-0.001269501
0.0053712458
0.0071508646
-0.006919517
-0.0020107916
0.0048577869
-0.0027596873
0.0012233015
-0.0007456219
0.00087850034
0.0020066514
0.0069321738
0.0012522257
0.00075826946
-0.0020104951
-0.0026704742
-0.0065011348
0.0060932111
-0.0024997401
0.0011563872
-0.0044635924
0.0054871177
-0.0084238735
0.0032954216
0.001422523
-0.0033206701
0.0031986347
-0.0059408743
0.0078123605
0.0018049613
0.0017984888
0.0073733429
0.007292419
0.00091882847
-0.007794675
0.0011634693
0.0012247985
-0.007668005
0.0060201071
0.0071757188
-0.0013451189
-0.0057430581
-0.00034550053
0.0050559076
0.0054241717
0.00014339797
0.0045918591
0.0014023802
0.0066013508
0.0078725906
0.0033529615
0.0010725982
0.00040486932
-0.0063478011
0.0036668408
-9.8975007e-05
-0.0028503399
0.00058784498
-0.0055903477
0.0027432129
0.0028471348
-0.00089527289
0.0056466699
0.0015449992
-0.00014831329
-0.0047200375
-0.0053212883
0.0076852869
-0.0053531721
-0.0036290236
-0.0015598972
0.0039828505
0.0039436646
-0.0053704471
-0.0035664807
0.00061200834
0.0015352324
-0.0051444368
0.00084163712
-0.0010182724
0.0041363172
5.7566973e-05
-0.0036125731
-0.0015318636
0.0058661058
0.0024175098
0.0078291349
0.0085323568
-0.0036131229
-0.0050233676
-0.0068530642
0.0010544635
-0.0054343821
4.0607067e-07
-0.0023802707
-0.0065171903
0.008897461
-0.00091677214
-0.0014124534
-0.0084819638
0.0045384419
-0.0087862841
0.0050548327
-0.0014403979
-0.0098782289
0.0049328087
-0.0071883503
-0.0016086855
-0.0055661919
-0.0015553687
-0.0036789436
0.0047972158
0.0026739863
-0.0055866738
0.0024060601
0.0027289551
-0.0065018533
-0.00085606265
-0.0014678395
-0.00049190611
0.0011718754
-0.0019295832
0.0053185898
-0.0044034508
0.0025304287
-0.0025521565
-0.00056553741
-0.0079411265
-0.00048274698
-0.0076232704
0.0049801018
-0.00022486038
0.0012670102
0.0014005945
0.0026204479
-0.0017839959
-0.00083645199
0.0026742512
0.0032908108
-0.005965062
-0.0030077246
0.0035470407
0.0046009094
0.0019547905
-0.00042919171
-0.005270221
0.0081232086
-0.0024492255
-0.005673983
0.0019376879
-0.00077421863
0.0041912009
0.00066658598
0.0086606105
-0.00091773617
-0.0029502217
0.0067257438
0.0032742562
0.0036034445
-0.0012587691
-0.0049489628
-0.0014302622
0.0053461576
0.0070294993
-0.007416493
-0.0067938594
-0.0035131423
-0.002211964
0.0048859503
-0.0028904248
0.002250347
-0.004667392
-0.005393453
-0.0013616081
0.00023853529
0.0049314519
-0.00013820723
0.0076961808
-0.0060291153
0.00081186279
0.0057997451
-0.0088208464
0.002167513
0.0066533334
-0.005844635
0.0027201754
0.0031244596
0.0044295539
0.0033170724
-0.0031183086
-0.0001639929
-0.0013343334
-0.0069052217
0.0050065777
0.00056091646
0.0011305165
-0.0014051647
-0.0016365803
0.00053425899
0.00087336397
-0.010249448
0.00040580413
-0.0040739753
-0.0026958005
0.0039034824
-0.0022102589
-0.0038415881
0.002635419
-0.0058661058
0.0054712205
0.0012849071
-0.0022038333
-0.005131489
-0.0035939011
0.0026163343
-0.0071193058
0.0020000861
0.0054437632
-0.0027034684
-0.00092403733
0.0022423028
-0.0053104201
0.00023857477
0.0052796535
-0.0023745529
0.0067856636
-0.00065787178
-0.0010137929
-0.0034603116
-0.0042093676
0.0014919327
-0.0031760303
-0.0020525487
0.005228579
-0.0080289225
0.0023941806
-0.00060904246
-0.0016192
0.002071904
0.0016073788
-0.00099537043
-0.0011725049
0.0051161696
-0.0038560248
-0.00024572001
-0.00096332972
-0.0032151205
0.0053104201
-0.0079407205
-0.0064281514
0.0002234323
-0.0017963071
-6.2653596e-05
-0.0038798961
-0.0067128845
0.0061723651
0.00066051946
-0.0050510372
0.0074362242
-0.0047435532
-0.002692671
0.0013725717
0.001034259
-0.0018903217
-0.0017688862
0.006670917
-0.00052926638
-0.0063424246
0.0071097106
-0.00076728601
-0.0049766324
0.0023940482
-5.1985702e-05
-0.0039799075
-0.003472711
-0.0017979076
-0.0043290895
-0.0002752424
-0.0064056252
-0.0096842634
0.0057530909
0.0072153527
-0.0055783362
0.0071508646
-0.00046186812
0.0026472218
-0.001146777
-0.0015004448
0.0061216487
-0.001115071
-0.0042216192
0.0016464765
-0.0008406849
-0.0019884321
0.0047351785
0.0038678409
0.0040691
-0.0012749158
-0.002036877
-0.0063203454
-0.001313609
-0.0020642169
0.00095614968
-0.0026238923
-0.0053417382
-0.0043551644
0.0047609685
0.0037258405
0.0012766735
0.002186189
-0.0029521999
0.0053274927
0.00091892638
0.0014077395
-0.0018292854
0.0038191474
-0.001846445
-0.00085216978
-0.0023887054
-0.0063617033
0.0059837001
-0.0032953718
0.0035095944
-0.0027498369
0.0020272447
-0.0014515316
-0.0030666838
0.00072775213
-0.000565149
0.0060296772
-0.0054645282
0.0044702029
-0.0059749101
-0.0016491981
-0.0060932111
-0.0019806278
0.00082683217
0.0040387873
-0.0012317902
-0.0068883634
0.0070089573
-0.002412678
0.005413364
0.00089631934
0.00075015714
0.00010630295
-0.0070479687
-6.5725791e-05
0.0038595365
-0.002728743
0.0044216638
-0.00063372262
-0.00015649586
0.00071409566
-0.0040973281
5.366258e-05
0.0021118413
-0.0077346625
0.00048732902
0.0072473334
-0.0026780832
-0.0025980621
0.0039017854
0.0035072101
-0.0015477713
-0.0021276904
-0.0023248953
0.003281045
9.4899385e-05
-0.0033757245
0.0040866553
0.006432188
-0.006432188
0.0054411381
-0.0015714342
-0.0038697039
-0.0021678611
-0.0050629347
0.0021246099
0.00076020398
-0.0042224249
0.0018975295
-0.0056920024
-0.0069030759
-0.0012200812
-0.0019069436
0.0026580737
0.0059447296
-0.0053975241
0.0031855601
0.0055656099
0.0065171287
-0.0021485893
-0.0021569057
-0.0052263857
0.0018423494
0.0066234317
-0.00075221405
0.005558842
0.0085179314
0.0082459172
5.9675143e-05
-0.0043777988
0.00069885523
0.0042900591
-0.0029780077
0.0010073783
0.0019706294
-0.0029298891
-0.0036523125
-0.002063825
0.0014351195
0.00052301599
-0.00033851602
-0.0049199123
0.0061283803
0.00052146371
-0.001476963
0.00095549928
0.0031735061
0.0032296226
0.0037104471
0.0016357105
0.0062858361
-0.0034384546
0.0054351499
-0.0027149745
-0.00017110704
-0.006919517
0.0078809036
-0.0021278127
-0.0044497048
-0.0030361795
0.0014880928
0.00060965628
0.002142112
-0.0035516804
0.0024499384
0.0023462802
-0.006300454
0.0015738154
0.0035794372
-0.006048333
-0.0056457823
0.0055752559
-0.0024245693
-0.0054389245
-0.00081462711
0.0053889999
0.00025892614
0.00055439438
-0.0042400937
-0.0028745989
-0.004028477
-0.00058511236
-0.00096931892
-0.0030643662
0.006423891
-0.004029746
0.0066955743
-0.0051074819
0.0014069671
-0.0064741879
0.0011150095
-0.0075808818
-0.001034463
-0.0013947655
0.0072029258
-0.0035033235
-0.00061923394
-0.0061850241
-7.2717502e-05
-0.0054473562
-0.0045383113
-0.0017176081
0.0049049327
-0.0010865941
0.0071910999
0.0079135031
0.0010960139
0.00036527594
-0.0053895766
-0.0051357279
0.0051357279
-0.0064810876
0.00065211951
0.00055772569
0.0014759168
0.00031373151
-0.0059395537
0.0059395537
0.0034329327
0.00079315085
0.0053889999
0.0060876967
-0.0030969696
-0.0014689709
-0.0026372537
0.0072485032
-0.0046112495
0.0028812338
-1.461828e-05
-0.0028666155
0.0028484787
-0.0018411004
-0.0052507284
0.0052507284
0.00060545726
-0.0053364725
-0.0023423586
-0.0051085119
-0.0048741415
0.0055646688
-0.0049592115
-0.0051258585
-0.0050407885
-0.0024953992
0.0011452514
-0.004852766
0.0052475536
0.0046635275
0.0038539036
-0.00034430912
-0.001613982
0.00068057996
0.0048741415
-0.0050407885
-0.0049527829
0.0059590688
-0.0059590688
0.0029063485
-0.0021488389
-0.0011869054
-0.0015071014
-0.0038904227
0.0055514682
-0.0062979888
-0.001414454
-0.007475618
0.0031237756
0.0043518424
-0.0043214766
-0.00065102813
0.0016902699
-0.0016650232
-0.0047401096
-0.0036827965
0.0072818307
0.00564551
-0.00076314872
0.0016178732
0.0042573423
-0.0020597984
-0.003095175
0.0021919253
0.0040314166
0.0039626128
0.0047411694
-0.0010881719
0.0024419985
-0.0069740134
-0.0042224706
0.0060941543
-0.0015778505
-0.0070863883
0.0040220222
0.0025189275
-0.0036246073
-0.0042696333
-0.001270578
-0.00026218256
0.00075401876
0.0026279589
-0.0006118637
0.0021295388
-0.001974561
-0.00052517907
0.0036178557
-0.00015800493
0.00074743294
-0.0017382966
0.0077990553
0.0039291027
-0.0068037016
-0.0046853713
-0.0016126175
0.0088225338
-0.004893645
-0.00421488
0.0050034561
-0.0056117787
0.0049997775
0.0043094011
0.0043692349
-0.005121449
0.003565343
-7.0010724e-05
0.00079640621
4.6575204e-05
-0.00027251445
-0.0011070044
0.00083042538
-0.00012505757
0.0041953951
0.0014685331
0.004410114
-0.0070473677
-0.0066020393
0.0043478534
0.0022541859
0.0038629485
0.0013881784
0.0033747072
-0.0068168645
-0.00053484729
-0.002975259
-0.0038416055
0.005328407
-0.0019355871
-0.0032208943
0.0035839163
-0.0004913575
0.00059097954
-0.0067552837
0.0021440341
0.001549683
0.0018710501
-0.0032520586
0.00056431454
0.00033288128
-0.0046019608
0.00078980794
-0.0040639236
0.0088718343
-0.0020041476
0.0020638228
0.00075204887
-0.0042843262
-0.003792128
0.0064769198
0.00012513442
-0.0043947678
-0.0024776643
-0.0055749391
-0.0075641477
0.0045929359
-0.0053408056
0.0048978499
0.00066930482
0.0010577286
0.00060458569
0.003872354
-0.00018326674
-0.0056705924
0.0075392256
-0.0073859941
-0.00059524168
-0.0010413386
-0.0030125615
0.0032073815
-0.0005236264
0.0072549183
-0.0022779165
0.0069230496
0.0029628846
-0.0031126204
-0.0027332615
-0.0016189717
-0.00072798522
0.0014688718
-0.00074088658
0.0041830671
0.00038193962
-0.0028738892
0.00037703682
0.0068121352
-0.007189172
-0.0064935635
-0.003218966
-0.0025101286
0.0029100947
-0.0011595606
0.0061551741
0.0012952215
0.0024311505
0.0049609834
-0.00021981392
-0.0038825785
-0.0011048598
-0.00044294881
-0.0029202644
0.0019007272
0.0042873731
-0.0053210332
0.0039621394
0.0025283503
0.0025275574
-0.0031212985
0.0037970197
-0.0058259492
-0.0046861638
-0.0018624583
-0.001667063
-0.0014188389
-0.0036066395
0.0038253824
-0.0002187429
0.0039954376
0.00092911316
-0.0015801413
-0.0034309049
-0.00054794889
0.0052376945
-0.00058441571
-0.0039866847
-0.003581385
0.0061071949
-0.0017000018
0.0054785939
-0.0036614948
0.0015126559
-0.005907167
0.0060079016
1.247912e-05
0.0066109526
-0.0071578899
0.0044246284
-0.0035493488
0.0022860941
-0.0024738984
-0.0047904002
0.0043300031
-0.0065270596
0.0043132901
-0.0026352325
-0.0070223889
0.0054182788
-0.0064003313
-0.00065893383
-0.0011227433
-0.0044088091
-0.0021792062
0.0017380663
-0.0013184757
-0.00074506374
0.0018410776
0.0022572563
-0.00021398456
0.0063211795
0.0056053036
-0.0027700028
0.0038780128
-0.0036394381
0.0053546522
-0.00042859326
-0.0033209749
0.0016900281
0.0011396756
0.00076357323
0.0034410111
0.0021455466
-0.0018425184
0.0035304993
0.00078270434
-0.0018161526
0.0012468506
-0.0014054042
-0.00083673846
1.5247679e-05
0.0019532341
0.0036241904
-0.00040436482
0.0028766671
-0.006015114
0.005164426
0.00084347566
0.0063225421
0.0052851281
0.0016527145
-0.0053521988
0.0036994844
-0.005822319
0.0042097015
0.001600588
0.0050460095
-0.0047131282
0.0054797866
0.00044738976
-0.0027827074
-0.00060314895
0.0051908839
-0.0028060475
-0.0047303319
0.0052378154
0.0018042353
0.00054665594
0.0047734696
-0.00083977301
-0.0015544121
0.0058677022
-9.8736003e-05
0.0011525449
0.002728778
-0.0069377651
0.0047585589
0.0048627428
0.0066939898
0.00062464202
0.00084422978
-0.0056588458
0.00073857856
4.2976994e-05
0.00112279
0.0026948625
-0.0038465265
0.0027094169
0.0007494547
0.0023418377
0.002827063
-0.0033367021
0.0019137331
-0.001371878
-8.8226918e-05
-0.0066674735
0.0023418745
-0.0028898234
0.0023631124
-0.00049206228
-0.0044108152
0.0062692378
-0.0022728275
-0.0045536557
-9.9380104e-05
0.0065379927
-0.0048002742
0.0016170286
-0.00072070921
-0.0062094956
0.008581892
-0.00076364453
-0.0077652556
0.00072967396
-0.0016283853
0.00066141352
-0.0069631394
-0.00024503165
0.0011431327
-0.000318925
0.0012607053
0.00076708863
0.00035570132
-0.00069430502
0.00038763568
0.0028368263
-0.00012264699
-0.001249231
-0.00061559628
0.0010492881
-0.0040618496
-0.00068682711
-0.0026122067
-0.0016431396
0.0064059757
-0.0033078308
0.0014488155
-0.0018030843
0.0013110736
0.00018833026
0.0045481693
-0.001642518
0.0036552514
-0.0022626966
0.0017915605
0.0017675236
-0.0053515016
-0.0010140244
0.0062756526
0.00091867413
-0.0059149521
-0.0022244478
0.0059241255
-0.000676477
-0.0051509822
0.0021297811
0.00076028464
-0.00080007444
-0.0010789157
0.0060274117
0.0020818883
-0.0017957004
0.00060063951
-0.0040595904
0.0045838594
0.006711793
0.003678466
-0.0026480731
-0.0027115404
0.0039539651
-0.0060658064
-0.0027240351
0.00087633646
-0.0050777747
0.00083478347
-0.0048943739
0.00065560295
0.0012704481
0.0025643702
0.0053460172
0.0013717031
0.0031452456
0.0037724028
0.00030049564
0.00070128088
-0.0027534379
0.0015898261
0.00096744917
)
;

boundaryField
{
    back
    {
        type            empty;
    }
    out
    {
        type            calculated;
        value           nonuniform List<scalar> 
20
(
0.010038415
0.009657198
0.01003407
0.010037719
0.010042266
0.010045147
0.010040546
0.010040928
0.010036737
0.010032931
0.010043406
0.010035587
0.010050648
0.0096242487
0.010034531
0.010037233
0.010048246
0.010044917
0.010041824
0.010033404
)
;
    }
    bottom
    {
        type            calculated;
        value           uniform 0;
    }
    in
    {
        type            calculated;
        value           nonuniform List<scalar> 
20
(
-0.01
-0.01
-0.01
-0.01
-0.01
-0.01
-0.01
-0.01
-0.01
-0.01
-0.01
-0.01
-0.01
-0.01
-0.01
-0.01
-0.01
-0.01
-0.01
-0.01
)
;
    }
    top
    {
        type            calculated;
        value           uniform 0;
    }
    wall
    {
        type            calculated;
        value           uniform 0;
    }
    front
    {
        type            empty;
    }
}


// ************************************************************************* //
