/*--------------------------------*- C++ -*----------------------------------*\
| =========                 |                                                 |
| \\      /  F ield         | OpenFOAM: The Open Source CFD Toolbox           |
|  \\    /   O peration     | Version:  v1906                                 |
|   \\  /    A nd           | Web:      www.OpenFOAM.com                      |
|    \\/     M anipulation  |                                                 |
\*---------------------------------------------------------------------------*/
FoamFile
{
    version     2.0;
    format      ascii;
    class       labelList;
    note        "nPoints:9002  nCells:4393  nFaces:17679  nInternalFaces:8438";
    location    "0.01/polyMesh";
    object      neighbour;
}
// * * * * * * * * * * * * * * * * * * * * * * * * * * * * * * * * * * * * * //


8438
(
1
49
2
50
3
51
4
52
5
53
6
54
7
55
8
56
9
57
10
58
11
59
12
60
13
61
14
62
15
63
16
64
17
65
18
66
19
67
20
68
21
69
22
70
23
71
24
72
25
73
26
74
27
75
28
76
29
77
30
78
31
79
32
80
33
81
34
82
35
83
36
84
37
85
38
86
39
87
40
88
41
89
42
90
43
91
44
92
45
93
46
94
47
95
48
96
97
50
98
51
99
52
100
53
101
54
102
55
103
56
104
57
105
58
106
59
107
60
108
61
109
62
110
63
111
64
112
65
113
66
114
67
115
68
116
69
117
70
118
71
119
72
120
73
121
74
122
75
123
76
124
77
125
78
126
79
127
80
128
81
129
82
130
83
131
84
132
85
133
86
134
87
135
88
136
89
137
90
138
91
139
92
140
93
141
94
142
95
143
96
144
97
145
146
99
147
100
148
101
149
102
150
103
151
104
152
105
153
106
154
107
155
108
156
109
157
110
158
111
159
112
160
113
161
114
162
115
163
116
164
117
165
118
166
119
167
120
168
121
169
122
170
123
171
124
172
125
173
126
174
127
175
128
176
129
177
130
178
131
179
132
180
133
181
134
182
135
183
136
184
137
185
138
186
139
187
140
188
141
189
142
190
143
191
144
192
145
193
146
194
195
148
196
149
197
150
198
151
199
152
200
153
201
154
202
155
203
156
204
157
205
158
206
159
207
160
208
161
209
162
210
163
211
164
212
165
213
166
214
167
215
168
216
169
217
170
218
171
219
172
220
173
221
174
222
175
223
176
224
177
225
178
226
179
227
180
228
181
229
182
230
183
231
184
232
185
233
186
234
187
235
188
236
189
237
190
238
191
239
192
240
193
241
194
242
195
243
244
197
245
198
246
199
247
200
248
201
249
202
250
203
251
204
252
205
253
206
254
207
255
208
256
209
257
210
258
211
259
212
260
213
261
214
262
215
263
216
264
217
265
218
266
219
267
220
268
221
269
222
270
223
271
224
272
225
273
226
274
227
275
228
276
229
277
230
278
231
279
232
280
233
281
234
282
235
283
236
284
237
285
238
286
239
287
240
288
241
289
242
290
243
291
244
292
293
246
294
247
295
248
296
249
297
250
298
251
299
252
300
253
301
254
302
255
303
256
304
257
305
258
306
259
307
260
308
261
309
262
310
263
311
264
312
265
313
266
314
267
315
268
316
269
317
270
318
271
319
272
320
273
321
274
322
275
323
276
324
277
325
278
326
279
327
280
328
281
329
282
330
283
331
284
332
285
333
286
334
287
335
288
336
289
337
290
338
291
339
292
340
293
341
342
295
343
296
344
297
345
298
346
299
347
300
348
301
349
302
350
303
351
304
352
305
353
306
354
307
355
308
356
309
357
310
358
311
359
312
360
313
361
314
362
315
363
316
364
317
365
318
366
319
367
320
368
321
369
322
370
323
371
324
372
325
373
326
374
327
375
328
376
329
377
330
378
331
379
332
380
333
381
334
382
335
383
336
384
337
385
338
386
339
387
340
388
341
389
342
390
391
344
392
345
393
346
394
347
395
348
396
349
397
350
398
351
399
352
400
353
401
354
402
355
403
356
404
357
405
358
406
359
407
360
408
361
409
362
410
363
411
364
412
365
413
366
414
367
415
368
416
369
417
370
418
371
419
372
420
373
421
374
422
375
423
376
424
377
425
378
426
379
427
380
428
381
429
382
430
383
431
384
432
385
433
386
434
387
435
388
436
389
437
390
438
391
439
440
393
441
394
442
395
443
396
444
397
445
398
446
399
447
400
448
401
449
402
450
403
451
404
452
405
453
406
454
407
455
408
456
409
457
410
458
411
459
412
460
413
461
414
462
415
463
416
464
417
465
418
466
419
467
420
468
421
469
422
470
423
471
424
472
425
473
426
474
427
475
428
476
429
477
430
478
431
479
432
480
433
481
434
482
435
483
436
484
437
485
438
486
439
487
440
488
489
442
490
443
491
444
492
445
493
446
494
447
495
448
496
449
497
450
498
451
499
452
500
453
501
454
502
455
503
456
504
457
505
458
506
459
507
460
508
461
509
462
510
463
511
464
512
465
513
466
514
467
515
468
516
469
517
470
518
471
519
472
520
473
521
474
522
475
523
476
524
477
525
478
526
479
527
480
528
481
529
482
530
483
531
484
532
485
533
486
534
487
535
488
536
489
537
538
491
539
492
540
493
541
494
542
495
543
496
544
497
545
498
546
499
547
500
548
501
549
502
550
503
551
504
552
505
553
506
554
507
555
508
556
509
557
510
558
511
559
512
560
513
561
514
562
515
563
516
564
517
565
518
566
519
567
520
568
521
569
522
570
523
571
524
572
525
573
526
574
527
575
528
576
529
577
530
578
531
579
532
580
533
581
534
582
535
583
536
584
537
585
538
586
587
540
588
541
589
542
590
543
591
544
592
545
593
546
594
547
595
548
596
549
597
550
598
551
599
552
600
553
601
554
602
555
603
556
604
557
605
558
606
559
607
560
608
561
609
562
610
563
611
564
612
565
613
566
614
567
615
568
616
569
617
570
618
571
619
572
620
573
621
574
622
575
623
576
624
577
625
578
626
579
627
580
628
581
629
582
630
583
631
584
632
585
633
586
634
587
635
636
589
637
590
638
591
639
592
640
593
641
594
642
595
643
596
644
597
645
598
646
599
647
600
648
601
649
602
650
603
651
604
652
605
653
606
654
607
655
608
656
609
657
610
658
611
659
612
660
613
661
614
662
615
663
616
664
617
665
618
666
619
667
620
668
621
669
622
670
623
671
624
672
625
673
626
674
627
675
628
676
629
677
630
678
631
679
632
680
633
681
634
682
635
683
636
684
685
638
686
639
687
640
688
641
689
642
690
643
691
644
692
645
693
646
694
647
695
648
696
649
697
650
698
651
699
652
700
653
701
654
702
655
703
656
704
657
705
658
706
659
707
660
708
661
709
662
710
663
711
664
712
665
713
666
714
667
715
668
716
669
717
670
718
671
719
672
720
673
721
674
722
675
723
676
724
677
725
678
726
679
727
680
728
681
729
682
730
683
731
684
732
685
733
734
687
735
688
736
689
737
690
738
691
739
692
740
693
741
694
742
695
743
696
744
697
745
698
746
699
747
700
748
701
749
702
750
703
751
704
752
705
753
706
754
707
755
708
756
709
757
710
758
711
759
712
760
713
761
714
762
715
763
716
764
717
765
718
766
719
767
720
768
721
769
722
770
723
771
724
772
725
773
726
774
727
775
728
776
729
777
730
778
731
779
732
780
733
781
734
782
783
736
784
737
785
738
786
739
787
740
788
741
789
742
790
743
791
744
792
745
793
746
794
747
795
748
796
749
797
750
798
751
799
752
800
753
801
754
802
755
803
756
804
757
805
758
806
759
807
760
808
761
809
762
810
763
811
764
812
765
813
766
814
767
815
768
816
769
817
770
818
771
819
772
820
773
821
774
822
775
823
776
824
777
825
778
826
779
827
780
828
781
829
782
830
783
831
832
785
833
786
834
787
835
788
836
789
837
790
838
791
839
792
840
793
841
794
842
795
843
796
844
797
845
798
846
799
847
800
848
801
849
802
850
803
851
804
852
805
853
806
854
807
855
808
856
809
857
810
858
811
859
812
860
813
861
814
862
815
863
816
864
817
865
818
866
819
867
820
868
821
869
822
870
823
871
824
872
825
873
826
874
827
875
828
876
829
877
830
878
831
879
832
880
881
834
882
835
883
836
884
837
885
838
886
839
887
840
888
841
889
842
890
843
891
844
892
845
893
846
894
847
895
848
896
849
897
850
898
851
899
852
900
853
901
854
902
855
903
856
904
857
905
858
906
859
907
860
908
861
909
862
910
863
911
864
912
865
913
866
914
867
915
868
916
869
917
870
918
871
919
872
920
873
921
874
922
875
923
876
924
877
925
878
926
879
927
880
928
881
929
930
883
931
884
932
885
933
886
934
887
935
888
936
889
937
890
938
891
939
892
940
893
941
894
942
895
943
896
944
897
945
898
946
899
947
900
948
901
949
902
950
903
951
904
952
905
953
906
954
907
955
908
956
909
957
910
958
911
959
912
960
913
961
914
962
915
963
916
964
917
965
918
966
919
967
920
968
921
969
922
970
923
971
924
972
925
973
926
974
927
975
928
976
929
977
930
978
979
932
980
933
981
934
982
935
983
936
984
937
985
938
986
939
987
940
988
941
989
942
990
943
991
944
992
945
993
946
994
947
995
948
996
949
997
950
998
951
999
952
1000
953
1001
954
1002
955
1003
956
1004
957
1005
958
1006
959
1007
960
1008
961
1009
962
1010
963
1011
964
1012
965
1013
966
1014
967
1015
968
1016
969
1017
970
1018
971
1019
972
1020
973
1021
974
1022
975
1023
976
1024
977
1025
978
1026
979
1027
1028
981
1029
982
1030
983
1031
984
1032
985
1033
986
1034
987
1035
988
1036
989
1037
990
1038
991
1039
992
1040
993
1041
994
1042
995
1043
996
1044
997
1045
998
1046
999
1047
1000
1048
1001
1049
1002
1050
1003
1051
1004
1052
1005
1053
1006
1054
1007
1055
1008
1056
1009
1057
1010
1058
1011
1059
1012
1060
1013
1061
1014
1062
1015
1063
1016
1064
1017
1065
1018
1066
1019
1067
1020
1068
1021
1069
1022
1070
1023
1071
1024
1072
1025
1073
1026
1074
1027
1075
1028
1076
1077
1030
1078
1031
1079
1032
1080
1033
1081
1034
1082
1035
1083
1036
1084
1037
1085
1038
1086
1039
1087
1040
1088
1041
1089
1042
1090
1043
1091
1044
1092
1045
1093
1046
1094
1047
1095
1048
1096
1049
1097
1050
1098
1051
1099
1052
1100
1053
1101
1054
1102
1055
1103
1056
1104
1057
1105
1058
1106
1059
1107
1060
1108
1061
1109
1062
1110
1063
1111
1064
1112
1065
1113
1066
1114
1067
1115
1068
1116
1069
1117
1070
1118
1071
1119
1072
1120
1073
1121
1074
1122
1075
1123
1076
1124
1077
1125
1126
1079
1127
1080
1128
1081
1129
1082
1130
1083
1131
1084
1132
1085
1133
1086
1134
1087
1135
1088
1136
1089
1137
1090
1138
1091
1139
1092
1140
1093
1141
1094
1142
1095
1143
1096
1144
1097
1145
1098
1146
1099
1147
1100
1148
1101
1149
1102
1150
1103
1151
1104
1152
1105
1153
1106
1154
1107
1155
1108
1156
1109
1157
1110
1158
1111
1159
1112
1160
1113
1161
1114
1162
1115
1163
1116
1164
1117
1165
1118
1166
1119
1167
1120
1168
1121
1169
1122
1170
1123
1171
1124
1172
1125
1173
1126
1174
1175
1128
1176
1129
1177
1130
1178
1131
1179
1132
1180
1133
1181
1134
1182
1135
1183
1136
1184
1137
1185
1138
1186
1139
1187
1140
1188
1141
1189
1142
1190
1143
1191
1144
1192
1145
1193
1146
1194
1147
1195
1148
1196
1149
1197
1150
1198
1151
1199
1152
1200
1153
1201
1154
1202
1155
1203
1156
1204
1157
1205
1158
1206
1159
1207
1160
1208
1161
1209
1162
1210
1163
1211
1164
1212
1165
1213
1166
1214
1167
1215
1168
1216
1169
1217
1170
1218
1171
1219
1172
1220
1173
1221
1174
1222
1175
1223
1224
1177
1225
1178
1226
1179
1227
1180
1228
1181
1229
1182
1230
1183
1231
1184
1232
1185
1233
1186
1234
1187
1235
1188
1236
1189
1237
1190
1238
1191
1239
1192
1240
1193
1241
1194
1242
1195
1243
1196
1244
1197
1245
1198
1246
1199
1247
1200
1248
1201
1249
1202
1250
1203
1251
1204
1252
1205
1253
1206
1254
1207
1255
1208
1256
1209
1257
1210
1258
1211
1259
1212
1260
1213
1261
1214
1262
1215
1263
1216
1264
1217
1265
1218
1266
1219
1267
1220
1268
1221
1269
1222
1270
1223
1271
1224
1272
1273
1226
1274
1227
1275
1228
1276
1229
1277
1230
1278
1231
1279
1232
1280
1233
1281
1234
1282
1235
1283
1236
1284
1237
1285
1238
1286
1239
1287
1240
1288
1241
1289
1242
1290
1243
1291
1244
1292
1245
1293
1246
1294
1247
1295
1248
1296
1249
1297
1250
1298
1251
1299
1252
1300
1253
1301
1254
1302
1255
1303
1256
1304
1257
1305
1258
1306
1259
1307
1260
1308
1261
1309
1262
1310
1263
1311
1264
1312
1265
1313
1266
1314
1267
1315
1268
1316
1269
1317
1270
1318
1271
1319
1272
1320
1273
1321
1322
1275
1323
1276
1324
1277
1325
1278
1326
1279
1327
1280
1328
1281
1329
1282
1330
1283
1331
1284
1332
1285
1333
1286
1334
1287
1335
1288
1336
1289
1337
1290
1338
1291
1339
1292
1340
1293
1341
1294
1342
1295
1343
1296
1344
1297
1345
1298
1346
1299
1347
1300
1348
1301
1349
1302
1350
1303
1351
1304
1352
1305
1353
1306
1354
1307
1355
1308
1356
1309
1357
1310
1358
1311
1359
1312
1360
1313
1361
1314
1362
1315
1363
1316
1364
1317
1365
1318
1366
1319
1367
1320
1368
1321
1369
1322
1370
1371
1324
1372
1325
1373
1326
1374
1327
1375
1328
1376
1329
1377
1330
1378
1331
1379
1332
1380
1333
1381
1334
1382
1335
1383
1336
1384
1337
1385
1338
1386
1339
1387
1340
1388
1341
1389
1342
1390
1343
1391
1344
1392
1345
1393
1346
1394
1347
1395
1348
1396
1349
1397
1350
1398
1351
1399
1352
1400
1353
1401
1354
1402
1355
1403
1356
1404
1357
1405
1358
1406
1359
1407
1360
1408
1361
1409
1362
1410
1363
1411
1364
1412
1365
1413
1366
1414
1367
1415
1368
1416
1369
1417
1370
1418
1371
1419
1420
1373
1421
1374
1422
1375
1423
1376
1424
1377
1425
1378
1426
1379
1427
1380
1428
1381
1429
1382
1430
1383
1431
1384
1432
1385
1433
1386
1434
1387
1435
1388
1436
1389
1437
1390
1438
1391
1439
1392
1440
1393
1441
1394
1442
1395
1443
1396
1444
1397
1445
1398
1446
1399
1447
1400
1448
1401
1449
1402
1450
1403
1451
1404
1452
1405
1453
1406
1454
1407
1455
1408
1456
1409
1457
1410
1458
1411
1459
1412
1460
1413
1461
1414
1462
1415
1463
1416
1464
1417
1465
1418
1466
1419
1467
1420
1468
1469
1422
1470
1423
1471
1424
1472
1425
1473
1426
1474
1427
1475
1428
1476
1429
1477
1430
1478
1431
1479
1432
1480
1433
1481
1434
1482
1435
1483
1436
1484
1437
1485
1438
1486
1439
1487
1440
1488
1441
1489
1442
1490
1443
1491
1444
1492
1445
1493
1446
1494
1447
1495
1448
1496
1449
1497
1450
1498
1451
1499
1452
1500
1453
1501
1454
1502
1455
1503
1456
1504
1457
1505
1458
1506
1459
1507
1460
1508
1461
1509
1462
1510
1463
1511
1464
1512
1465
1513
1466
1514
1467
1515
1468
1516
1469
1517
1518
1471
1519
1472
1520
1473
1521
1474
1522
1475
1523
1476
1524
1477
1525
1478
1526
1479
1527
1480
1528
1481
1529
1482
1530
1483
1531
1484
1532
1485
1533
1486
1534
1487
1535
1488
1536
1489
1537
1490
1538
1491
1539
1492
1540
1493
1541
1494
1542
1495
1543
1496
1544
1497
1545
1498
1546
1499
1547
1500
1548
1501
1549
1502
1550
1503
1551
1504
1552
1505
1553
1506
1554
1507
1555
1508
1556
1509
1557
1510
1558
1511
1559
1512
1560
1513
1561
1514
1562
1515
1563
1516
1564
1517
1565
1518
1566
1567
1520
1568
1521
1569
1522
1570
1523
1571
1524
1572
1525
1573
1526
1574
1527
1575
1528
1576
1529
1577
1530
1578
1531
1579
1532
1580
1533
1581
1534
1582
1535
1583
1536
1584
1537
1585
1538
1586
1539
1587
1540
1588
1541
1589
1542
1590
1543
1591
1544
1592
1545
1593
1546
1594
1547
1595
1548
1596
1549
1597
1550
1598
1551
1599
1552
1600
1553
1601
1554
1602
1555
1603
1556
1604
1557
1605
1558
1606
1559
1607
1560
1608
1561
1609
1562
1610
1563
1611
1564
1612
1565
1613
1566
1614
1567
1615
1616
1569
1617
1570
1618
1571
1619
1572
1620
1573
1621
1574
1622
1575
1623
1576
1624
1577
1625
1578
1626
1579
1627
1580
1628
1581
1629
1582
1630
1583
1631
1584
1632
1585
1633
1586
1634
1587
1635
1588
1636
1589
1637
1590
1638
1591
1639
1592
1640
1593
1641
1594
1642
1595
1643
1596
1644
1597
1645
1598
1646
1599
1647
1600
1648
1601
1649
1602
1650
1603
1651
1604
1652
1605
1653
1606
1654
1607
1655
1608
1656
1609
1657
1610
1658
1611
1659
1612
1660
1613
1661
1614
1662
1615
1663
1616
1664
1665
1618
1666
1619
1667
1620
1668
1621
1669
1622
1670
1623
1671
1624
1672
1625
1673
1626
1674
1627
1675
1628
1676
1629
1677
1630
1678
1631
1679
1632
1680
1633
1681
1634
1682
1635
1683
1636
1684
1637
1685
1638
1686
1639
1687
1640
1688
1641
1689
1642
1690
1643
1691
1644
1692
1645
1693
1646
1694
1647
1695
1648
1696
1649
1697
1650
1698
1651
1699
1652
1700
1653
1701
1654
1702
1655
1703
1656
1704
1657
1705
1658
1706
1659
1707
1660
1708
1661
1709
1662
1710
1663
1711
1664
1712
1665
1713
1714
1667
1715
1668
1716
1669
1717
1670
1718
1671
1719
1672
1720
1673
1721
1674
1722
1675
1723
1676
1724
1677
1725
1678
1726
1679
1727
1680
1728
1681
1729
1682
1730
1683
1731
1684
1732
1685
1733
1686
1734
1687
1735
1688
1736
1689
1737
1690
1738
1691
1739
1692
1740
1693
1741
1694
1742
1695
1743
1696
1744
1697
1745
1698
1746
1699
1747
1700
1748
1701
1749
1702
1750
1703
1751
1704
1752
1705
1753
1706
1754
1707
1755
1708
1756
1709
1757
1710
1758
1711
1759
1712
1760
1713
1761
1714
1762
1763
1716
1764
1717
1765
1718
1766
1719
1767
1720
1768
1721
1769
1722
1770
1723
1771
1724
1772
1725
1773
1726
1774
1727
1775
1728
1776
1729
1777
1730
1778
1731
1779
1732
1780
1733
1781
1734
1782
1735
1783
1736
1784
1737
1785
1738
1786
1739
1787
1740
1788
1741
1789
1742
1790
1743
1791
1744
1792
1745
1793
1746
1794
1747
1795
1748
1796
1749
1797
1750
1798
1751
1799
1752
1800
1753
1801
1754
1802
1755
1803
1756
1804
1757
1805
1758
1806
1759
1807
1760
1808
1761
1809
1762
1810
1763
1811
1812
1765
1813
1766
1814
1767
1815
1768
1816
1769
1817
1770
1818
1771
1819
1772
1820
1773
1821
1774
1822
1775
1823
1776
1824
1777
1825
1778
1826
1779
1827
1780
1828
1781
1829
1782
1830
1783
1831
1784
1832
1785
1833
1786
1834
1787
1835
1788
1836
1789
1837
1790
1838
1791
1839
1792
1840
1793
1841
1794
1842
1795
1843
1796
1844
1797
1845
1798
1846
1799
1847
1800
1848
1801
1849
1802
1850
1803
1851
1804
1852
1805
1853
1806
1854
1807
1855
1808
1856
1809
1857
1810
1858
1811
1859
1812
1860
1861
1814
1862
1815
1863
1816
1864
1817
1865
1818
1866
1819
1867
1820
1868
1821
1869
1822
1870
1823
1871
1824
1872
1825
1873
1826
1874
1827
1875
1828
1876
1829
1877
1830
1878
1831
1879
1832
1880
1833
1881
1834
1882
1835
1883
1836
1884
1837
1885
1838
1886
1839
1887
1840
1888
1841
1889
1842
1890
1843
1891
1844
1892
1845
1893
1846
1894
1847
1895
1848
1896
1849
1897
1850
1898
1851
1899
1852
1900
1853
1901
1854
1902
1855
1903
1856
1904
1857
1905
1858
1906
1859
1907
1860
1908
1861
1909
1910
1863
1911
1864
1912
1865
1913
1866
1914
1867
1915
1868
1916
1869
1917
1870
1918
1871
1919
1872
1920
1873
1921
1874
1922
1875
1923
1876
1924
1877
1925
1878
1926
1879
1927
1880
1928
1881
1929
1882
1930
1883
1931
1884
1932
1885
1933
1886
1934
1887
1935
1888
1936
1889
1937
1890
1938
1891
1939
1892
1940
1893
1941
1894
1942
1895
1943
1896
1944
1897
1945
1898
1946
1899
1947
1900
1948
1901
1949
1902
1950
1903
1951
1904
1952
1905
1953
1906
1954
1907
1955
1908
1956
1909
1957
1910
1958
1959
1912
1960
1913
1961
1914
1962
1915
1963
1916
1964
1917
1965
1918
1966
1919
1967
1920
1968
1921
1969
1922
1970
1923
1971
1924
1972
1925
1973
1926
1974
1927
1975
1928
1976
1929
1977
1930
1978
1931
1979
1932
1980
1933
1981
1934
1982
1935
1983
1936
1984
1937
1985
1938
1986
1939
1987
1940
1988
1941
1989
1942
1990
1943
1991
1944
1992
1945
1993
1946
1994
1947
1995
1948
1996
1949
1997
1950
1998
1951
1999
1952
2000
1953
2001
1954
2002
1955
2003
1956
2004
1957
2005
1958
2006
1959
2007
2008
1961
2009
1962
2010
1963
2011
1964
2012
1965
2013
1966
2014
1967
2015
1968
2016
1969
2017
1970
2018
1971
2019
1972
2020
1973
2021
1974
2022
1975
2023
1976
2024
1977
2025
1978
2026
1979
2027
1980
2028
1981
2029
1982
2030
1983
2031
1984
2032
1985
2033
1986
2034
1987
2035
1988
2036
1989
2037
1990
2038
1991
2039
1992
2040
1993
2041
1994
2042
1995
2043
1996
2044
1997
2045
1998
2046
1999
2047
2000
2048
2001
2049
2002
2050
2003
2051
2004
2052
2005
2053
2006
2054
2007
2055
2008
2056
2057
2010
2058
2011
2059
2012
2060
2013
2061
2014
2062
2015
2063
2016
2064
2017
2065
2018
2066
2019
2067
2020
2068
2021
2069
2022
2070
2023
2071
2024
2072
2025
2073
2026
2074
2027
2075
2028
2076
2029
2077
2030
2078
2031
2079
2032
2080
2033
2081
2034
2082
2035
2083
2036
2084
2037
2085
2038
2086
2039
2087
2040
2088
2041
2089
2042
2090
2043
2091
2044
2092
2045
2093
2046
2094
2047
2095
2048
2096
2049
2097
2050
2098
2051
2099
2052
2100
2053
2101
2054
2102
2055
2103
2056
2104
2057
2105
2106
2059
2107
2060
2108
2061
2109
2062
2110
2063
2111
2064
2112
2065
2113
2066
2114
2067
2115
2068
2116
2069
2117
2070
2118
2071
2119
2072
2120
2073
2121
2074
2122
2075
2123
2076
2124
2077
2125
2078
2126
2079
2127
2080
2128
2081
2129
2082
2130
2083
2131
2084
2132
2085
2133
2086
2134
2087
2135
2088
2136
2089
2137
2090
2138
2091
2139
2092
2140
2093
2141
2094
2142
2095
2143
2096
2144
2097
2145
2098
2146
2099
2147
2100
2148
2101
2149
2102
2150
2103
2151
2104
2152
2105
2153
2106
2154
2155
2108
2156
2109
2157
2110
2158
2111
2159
2112
2160
2113
2161
2114
2162
2115
2163
2116
2164
2117
2165
2118
2166
2119
2167
2120
2168
2121
2169
2122
2170
2123
2171
2124
2172
2125
2173
2126
2174
2127
2175
2128
2176
2129
2177
2130
2178
2131
2179
2132
2180
2133
2181
2134
2182
2135
2183
2136
2184
2137
2185
2138
2186
2139
2187
2140
2188
2141
2189
2142
2190
2143
2191
2144
2192
2145
2193
2146
2194
2147
2195
2148
2196
2149
2197
2150
2198
2151
2199
2152
2200
2153
2201
2154
2202
2155
2203
2204
2157
2205
2158
2206
2159
2207
2160
2208
2161
2209
2162
2210
2163
2211
2164
2212
2165
2213
2166
2214
2167
2215
2168
2216
2169
2217
2170
2218
2171
2219
2172
2220
2173
2221
2174
2222
2175
2223
2176
2224
2177
2225
2178
2226
2179
2227
2180
2228
2181
2229
2182
2230
2183
2231
2184
2232
2185
2233
2186
2234
2187
2235
2188
2236
2189
2237
2190
2238
2191
2239
2192
2240
2193
2241
2194
2242
2195
2243
2196
2244
2197
2245
2198
2246
2199
2247
2200
2248
2201
2249
2202
2250
2203
2251
2204
2252
2253
2206
2254
2207
2255
2208
2256
2209
2257
2210
2258
2211
2259
2212
2260
2213
2261
2214
2262
2215
2263
2216
2264
2217
2265
2218
2266
2219
2267
2220
2268
2221
2269
2222
2270
2223
2271
2224
2272
2225
2273
2226
2274
2227
2275
2228
2276
2229
2277
2230
2278
2231
2279
2232
2280
2233
2281
2234
2282
2235
2283
2236
2284
2237
2285
2238
2286
2239
2287
2240
2288
2241
2289
2242
2290
2243
2291
2244
2292
2245
2293
2246
2294
2247
2295
2248
2296
2249
2297
2250
2298
2251
2299
2252
2300
2253
2301
2302
2255
2303
2256
2304
2257
2305
2258
2306
2259
2307
2260
2308
2261
2309
2262
2310
2263
2311
2264
2312
2265
2313
2266
2314
2267
2315
2268
2316
2269
2317
2270
2318
2271
2319
2272
2320
2273
2321
2274
2322
2275
2323
2276
2324
2277
2325
2278
2326
2279
2327
2280
2328
2281
2329
2282
2330
2283
2331
2284
2332
2285
2333
2286
2334
2287
2335
2288
2336
2289
2337
2290
2338
2291
2339
2292
2340
2293
2341
2294
2342
2295
2343
2296
2344
2297
2345
2298
2346
2299
2347
2300
2348
2301
2349
2302
2350
2351
2304
2352
2305
2353
2306
2354
2307
2355
2308
2356
2309
2357
2310
2358
2311
2359
2312
2360
2313
2361
2314
2362
2315
2363
2316
2364
2317
2365
2318
2366
2319
2367
2320
2368
2321
2369
2322
2370
2323
2371
2324
2372
2325
2373
2326
2374
2327
2375
2328
2376
2329
2377
2330
2378
2331
2379
2332
2380
2333
2381
2334
2382
2335
2383
2336
2384
2337
2385
2338
2386
2339
2387
2340
2388
2341
2389
2342
2390
2343
2391
2344
2392
2345
2393
2346
2394
2347
2395
2348
2396
2349
2397
2350
2398
2351
2399
2400
2353
2354
2355
2356
2357
2358
2359
2360
2361
2362
2363
2364
2365
2366
2367
2368
2369
2370
2371
2372
2373
2374
2375
2376
2377
2378
2379
2380
2381
2382
2383
2384
2385
2386
2387
2388
2389
2390
2391
2392
2393
2394
2395
2396
2397
2398
2399
2400
2402
2651
4152
2403
2652
2941
2404
2653
2942
2405
2654
2943
2406
2655
2944
2407
2656
2945
2408
2657
2946
2409
2658
2947
2410
2659
2948
2660
2949
4168
2412
2421
2641
2413
2422
2642
2414
2423
2643
2415
2424
2644
2416
2425
2645
2417
2426
2646
2418
2427
2647
2419
2428
2648
2420
2429
2649
2430
2650
3729
2422
2431
2423
2432
2424
2433
2425
2434
2426
2435
2427
2436
2428
2437
2429
2438
2430
2439
2440
3834
2432
2441
2433
2442
2434
2443
2435
2444
2436
2445
2437
2446
2438
2447
2439
2448
2440
2449
2450
4256
2442
2451
2443
2452
2444
2453
2445
2454
2446
2455
2447
2456
2448
2457
2449
2458
2450
2459
2460
4199
2452
2461
2453
2462
2454
2463
2455
2464
2456
2465
2457
2466
2458
2467
2459
2468
2460
2469
2470
4351
2462
2471
2463
2472
2464
2473
2465
2474
2466
2475
2467
2476
2468
2477
2469
2478
2470
2479
2480
3579
2472
2621
2473
2622
2474
2623
2475
2624
2476
2625
2477
2626
2478
2627
2479
2628
2480
2629
2630
4186
2482
2611
2701
2483
2612
2702
2484
2613
2703
2485
2614
2704
2486
2615
2705
2487
2616
2706
2488
2617
2707
2489
2618
2708
2490
2619
2709
2620
2710
3975
2492
2501
2621
2493
2502
2622
2494
2503
2623
2495
2504
2624
2496
2505
2625
2497
2506
2626
2498
2507
2627
2499
2508
2628
2500
2509
2629
2510
2630
3884
2502
2511
2503
2512
2504
2513
2505
2514
2506
2515
2507
2516
2508
2517
2509
2518
2510
2519
2520
4333
2512
2521
2513
2522
2514
2523
2515
2524
2516
2525
2517
2526
2518
2527
2519
2528
2520
2529
2530
4181
2522
2531
2523
2532
2524
2533
2525
2534
2526
2535
2527
2536
2528
2537
2529
2538
2530
2539
2540
4019
2532
2541
2533
2542
2534
2543
2535
2544
2536
2545
2537
2546
2538
2547
2539
2548
2540
2549
2550
4341
2542
2551
2543
2552
2544
2553
2545
2554
2546
2555
2547
2556
2548
2557
2549
2558
2550
2559
2560
4002
2552
2561
2553
2562
2554
2563
2555
2564
2556
2565
2557
2566
2558
2567
2559
2568
2560
2569
2570
4047
2562
2571
2563
2572
2564
2573
2565
2574
2566
2575
2567
2576
2568
2577
2569
2578
2570
2579
2580
4346
2572
2581
2573
2582
2574
2583
2575
2584
2576
2585
2577
2586
2578
2587
2579
2588
2580
2589
2590
4045
2582
2591
2583
2592
2584
2593
2585
2594
2586
2595
2587
2596
2588
2597
2589
2598
2590
2599
2600
4192
2592
2601
2593
2602
2594
2603
2595
2604
2596
2605
2597
2606
2598
2607
2599
2608
2600
2609
2610
4348
2602
2611
2603
2612
2604
2613
2605
2614
2606
2615
2607
2616
2608
2617
2609
2618
2610
2619
2620
3721
2612
2613
2614
2615
2616
2617
2618
2619
2620
4193
2622
2623
2624
2625
2626
2627
2628
2629
2630
4251
2632
2651
2661
2633
2652
2662
2634
2653
2663
2635
2654
2664
2636
2655
2665
2637
2656
2666
2638
2657
2667
2639
2658
2668
2640
2659
2669
2660
2670
3836
2642
2671
2643
2672
2644
2673
2645
2674
2646
2675
2647
2676
2648
2677
2649
2678
2650
2679
2680
3805
2652
2653
2654
2655
2656
2657
2658
2659
2660
3694
2662
2671
2663
2672
2664
2673
2665
2674
2666
2675
2667
2676
2668
2677
2669
2678
2670
2679
2680
3901
2672
2673
2674
2675
2676
2677
2678
2679
2680
4337
2682
2691
2931
2683
2692
2932
2684
2693
2933
2685
2694
2934
2686
2695
2935
2687
2696
2936
2688
2697
2937
2689
2698
2938
2690
2699
2939
2700
2940
4149
2692
2959
2693
2960
2694
2961
2695
2962
2696
2963
2697
2964
2698
2965
2699
2966
2700
2967
2968
4174
2702
2711
2703
2712
2704
2713
2705
2714
2706
2715
2707
2716
2708
2717
2709
2718
2710
2719
2720
4262
2712
2721
2713
2722
2714
2723
2715
2724
2716
2725
2717
2726
2718
2727
2719
2728
2720
2729
2730
4243
2722
2731
2723
2732
2724
2733
2725
2734
2726
2735
2727
2736
2728
2737
2729
2738
2730
2739
2740
4209
2732
2741
2733
2742
2734
2743
2735
2744
2736
2745
2737
2746
2738
2747
2739
2748
2740
2749
2750
3989
2742
2751
2743
2752
2744
2753
2745
2754
2746
2755
2747
2756
2748
2757
2749
2758
2750
2759
2760
3819
2752
2761
2753
2762
2754
2763
2755
2764
2756
2765
2757
2766
2758
2767
2759
2768
2760
2769
2770
3764
2762
2771
2763
2772
2764
2773
2765
2774
2766
2775
2767
2776
2768
2777
2769
2778
2770
2779
2780
4204
2772
2781
2773
2782
2774
2783
2775
2784
2776
2785
2777
2786
2778
2787
2779
2788
2780
2789
2790
4241
2782
2791
2783
2792
2784
2793
2785
2794
2786
2795
2787
2796
2788
2797
2789
2798
2790
2799
2800
3866
2792
2801
2793
2802
2794
2803
2795
2804
2796
2805
2797
2806
2798
2807
2799
2808
2800
2809
2810
4166
2802
2811
2803
2812
2804
2813
2805
2814
2806
2815
2807
2816
2808
2817
2809
2818
2810
2819
2820
3892
2812
2821
2813
2822
2814
2823
2815
2824
2816
2825
2817
2826
2818
2827
2819
2828
2820
2829
2830
4202
2822
2831
2823
2832
2824
2833
2825
2834
2826
2835
2827
2836
2828
2837
2829
2838
2830
2839
2840
4014
2832
2841
2833
2842
2834
2843
2835
2844
2836
2845
2837
2846
2838
2847
2839
2848
2840
2849
2850
4329
2842
2851
2843
2852
2844
2853
2845
2854
2846
2855
2847
2856
2848
2857
2849
2858
2850
2859
2860
4009
2852
2861
2853
2862
2854
2863
2855
2864
2856
2865
2857
2866
2858
2867
2859
2868
2860
2869
2870
4190
2862
2871
2863
2872
2864
2873
2865
2874
2866
2875
2867
2876
2868
2877
2869
2878
2870
2879
2880
4325
2872
2881
2873
2882
2874
2883
2875
2884
2876
2885
2877
2886
2878
2887
2879
2888
2880
2889
2890
3573
2882
2891
2883
2892
2884
2893
2885
2894
2886
2895
2887
2896
2888
2897
2889
2898
2890
2899
2900
4101
2892
2901
2893
2902
2894
2903
2895
2904
2896
2905
2897
2906
2898
2907
2899
2908
2900
2909
2910
3711
2902
2911
2903
2912
2904
2913
2905
2914
2906
2915
2907
2916
2908
2917
2909
2918
2910
2919
2920
4175
2912
2921
2913
2922
2914
2923
2915
2924
2916
2925
2917
2926
2918
2927
2919
2928
2920
2929
2930
4173
2922
2931
2923
2932
2924
2933
2925
2934
2926
2935
2927
2936
2928
2937
2929
2938
2930
2939
2940
4151
2932
2933
2934
2935
2936
2937
2938
2939
2940
4150
2942
2950
4152
2943
2951
2944
2952
2945
2953
2946
2954
2947
2955
2948
2956
2949
2957
2958
4080
2951
3449
4136
2952
3450
2953
3451
2954
3452
2955
3453
2956
3454
2957
3455
2958
3456
3457
3783
2960
2969
2961
2970
2962
2971
2963
2972
2964
2973
2965
2974
2966
2975
2967
2976
2968
2977
2978
3710
2970
2979
2971
2980
2972
2981
2973
2982
2974
2983
2975
2984
2976
2985
2977
2986
2978
2987
2988
4099
2980
2989
2981
2990
2982
2991
2983
2992
2984
2993
2985
2994
2986
2995
2987
2996
2988
2997
2998
3572
2990
2999
2991
3000
2992
3001
2993
3002
2994
3003
2995
3004
2996
3005
2997
3006
2998
3007
3008
4324
3000
3009
3001
3010
3002
3011
3003
3012
3004
3013
3005
3014
3006
3015
3007
3016
3008
3017
3018
4189
3010
3019
3011
3020
3012
3021
3013
3022
3014
3023
3015
3024
3016
3025
3017
3026
3018
3027
3028
4008
3020
3029
3021
3030
3022
3031
3023
3032
3024
3033
3025
3034
3026
3035
3027
3036
3028
3037
3038
4328
3030
3039
3031
3040
3032
3041
3033
3042
3034
3043
3035
3044
3036
3045
3037
3046
3038
3047
3048
4013
3040
3049
3041
3050
3042
3051
3043
3052
3044
3053
3045
3054
3046
3055
3047
3056
3048
3057
3058
4201
3050
3059
3051
3060
3052
3061
3053
3062
3054
3063
3055
3064
3056
3065
3057
3066
3058
3067
3068
3891
3060
3069
3061
3070
3062
3071
3063
3072
3064
3073
3065
3074
3066
3075
3067
3076
3068
3077
3078
4167
3070
3079
3071
3080
3072
3081
3073
3082
3074
3083
3075
3084
3076
3085
3077
3086
3078
3087
3088
3867
3080
3089
3081
3090
3082
3091
3083
3092
3084
3093
3085
3094
3086
3095
3087
3096
3088
3097
3098
4240
3090
3099
3091
3100
3092
3101
3093
3102
3094
3103
3095
3104
3096
3105
3097
3106
3098
3107
3108
4203
3100
3109
3101
3110
3102
3111
3103
3112
3104
3113
3105
3114
3106
3115
3107
3116
3108
3117
3118
3763
3110
3119
3111
3120
3112
3121
3113
3122
3114
3123
3115
3124
3116
3125
3117
3126
3118
3127
3128
3818
3120
3129
3121
3130
3122
3131
3123
3132
3124
3133
3125
3134
3126
3135
3127
3136
3128
3137
3138
3988
3130
3139
3131
3140
3132
3141
3133
3142
3134
3143
3135
3144
3136
3145
3137
3146
3138
3147
3148
4210
3140
3149
3141
3150
3142
3151
3143
3152
3144
3153
3145
3154
3146
3155
3147
3156
3148
3157
3158
4242
3150
3159
3151
3160
3152
3161
3153
3162
3154
3163
3155
3164
3156
3165
3157
3166
3158
3167
3168
4263
3160
3169
3161
3170
3162
3171
3163
3172
3164
3173
3165
3174
3166
3175
3167
3176
3168
3177
3178
3974
3170
3179
3171
3180
3172
3181
3173
3182
3174
3183
3175
3184
3176
3185
3177
3186
3178
3187
3188
4194
3180
3189
3181
3190
3182
3191
3183
3192
3184
3193
3185
3194
3186
3195
3187
3196
3188
3197
3198
3720
3190
3199
3191
3200
3192
3201
3193
3202
3194
3203
3195
3204
3196
3205
3197
3206
3198
3207
3208
4349
3200
3209
3201
3210
3202
3211
3203
3212
3204
3213
3205
3214
3206
3215
3207
3216
3208
3217
3218
4191
3210
3219
3211
3220
3212
3221
3213
3222
3214
3223
3215
3224
3216
3225
3217
3226
3218
3227
3228
4046
3220
3229
3221
3230
3222
3231
3223
3232
3224
3233
3225
3234
3226
3235
3227
3236
3228
3237
3238
4347
3230
3239
3231
3240
3232
3241
3233
3242
3234
3243
3235
3244
3236
3245
3237
3246
3238
3247
3248
4048
3240
3249
3241
3250
3242
3251
3243
3252
3244
3253
3245
3254
3246
3255
3247
3256
3248
3257
3258
4003
3250
3259
3251
3260
3252
3261
3253
3262
3254
3263
3255
3264
3256
3265
3257
3266
3258
3267
3268
4342
3260
3269
3261
3270
3262
3271
3263
3272
3264
3273
3265
3274
3266
3275
3267
3276
3268
3277
3278
4018
3270
3279
3271
3280
3272
3281
3273
3282
3274
3283
3275
3284
3276
3285
3277
3286
3278
3287
3288
4182
3280
3289
3281
3290
3282
3291
3283
3292
3284
3293
3285
3294
3286
3295
3287
3296
3288
3297
3298
4334
3290
3299
3291
3300
3292
3301
3293
3302
3294
3303
3295
3304
3296
3305
3297
3306
3298
3307
3308
3883
3300
3309
3301
3310
3302
3311
3303
3312
3304
3313
3305
3314
3306
3315
3307
3316
3308
3317
3318
4248
3310
3319
3311
3320
3312
3321
3313
3322
3314
3323
3315
3324
3316
3325
3317
3326
3318
3327
3328
4185
3320
3329
3321
3330
3322
3331
3323
3332
3324
3333
3325
3334
3326
3335
3327
3336
3328
3337
3338
3578
3330
3339
3331
3340
3332
3341
3333
3342
3334
3343
3335
3344
3336
3345
3337
3346
3338
3347
3348
4350
3340
3349
3341
3350
3342
3351
3343
3352
3344
3353
3345
3354
3346
3355
3347
3356
3348
3357
3358
4200
3350
3359
3351
3360
3352
3361
3353
3362
3354
3363
3355
3364
3356
3365
3357
3366
3358
3367
3368
4257
3360
3369
3361
3370
3362
3371
3363
3372
3364
3373
3365
3374
3366
3375
3367
3376
3368
3377
3378
3835
3370
3379
3371
3380
3372
3381
3373
3382
3374
3383
3375
3384
3376
3385
3377
3386
3378
3387
3388
3730
3380
3389
3381
3390
3382
3391
3383
3392
3384
3393
3385
3394
3386
3395
3387
3396
3388
3397
3398
3806
3390
3399
3391
3400
3392
3401
3393
3402
3394
3403
3395
3404
3396
3405
3397
3406
3398
3407
3408
4338
3400
3409
3401
3410
3402
3411
3403
3412
3404
3413
3405
3414
3406
3415
3407
3416
3408
3417
3418
3902
3410
3419
3411
3420
3412
3421
3413
3422
3414
3423
3415
3424
3416
3425
3417
3426
3418
3427
3428
3837
3420
3429
3421
3430
3422
3431
3423
3432
3424
3433
3425
3434
3426
3435
3427
3436
3428
3437
3438
3695
3430
4153
3431
3476
3432
3477
3433
3478
3434
3479
3435
3480
3436
3481
3437
3482
3438
3483
3484
4169
3440
4136
4137
3441
3449
3458
3442
3450
3459
3443
3451
3460
3444
3452
3461
3445
3453
3462
3446
3454
3463
3447
3455
3464
3448
3456
3465
3457
3466
4343
3450
4136
3451
3452
3453
3454
3455
3456
3457
4132
3459
3467
4137
3460
3468
3461
3469
3462
3470
3463
3471
3464
3472
3465
3473
3466
3474
3475
4133
3468
3476
4137
3469
3477
3470
3478
3471
3479
3472
3480
3473
3481
3474
3482
3475
3483
3484
3782
3477
4153
3478
3479
3480
3481
3482
3483
3484
4079
3602
3653
4258
4277
3603
3654
4259
4278
3782
3953
3963
4133
4085
4117
4389
4390
3862
3950
4299
4301
3861
3949
4298
4300
4086
4113
4120
4391
3577
3630
3957
3993
3576
3629
3956
3992
3783
3958
4004
4132
3641
3917
4315
4323
3642
3918
4314
4322
3912
3975
4015
4094
3911
3974
4016
4095
3858
4113
4383
4391
3619
3920
4238
4246
3616
3919
4239
4247
3865
3966
3981
4390
3531
4069
4271
3585
4116
4122
4141
4114
4187
4218
4115
4188
4219
3533
3659
3682
4336
3532
3658
3683
4335
3528
3548
3966
4384
3607
4188
4320
4340
3606
4187
4319
4339
3938
4042
4086
4091
3935
4043
4085
4092
3794
3852
4037
4164
3795
3853
4036
4165
3561
3969
4108
4218
3560
3970
4109
4219
3953
4156
4271
4373
3548
3926
4121
4384
3634
3659
3880
4305
3633
3658
3879
4304
3940
3986
4162
4224
3939
3987
4163
4225
3915
3960
4046
4191
3916
3959
4045
4192
3824
4204
4241
4310
3825
4203
4240
4309
3640
3929
3596
3655
3962
4264
3597
3656
3961
4265
4005
4272
3991
4249
4296
3990
4250
4297
3538
3759
3833
3914
3539
3760
3832
3913
3890
3954
4032
4039
3889
3955
4033
4038
3705
4009
4190
3706
4008
4189
3888
3967
4023
4031
3887
3968
4022
4030
3745
3884
4025
4333
3746
3883
4024
4334
3614
3717
3905
4056
3615
3716
3906
4057
3610
3840
3850
4244
3609
3841
3851
4245
3582
4392
3941
3956
4021
4029
3942
3957
4020
4028
3599
3670
4260
4294
3598
3671
4261
4293
4014
4177
4312
4385
4013
4178
4313
4386
3642
3870
4312
4322
3641
3871
4313
4323
3691
3733
4140
4172
3661
4034
4210
4242
3660
4035
4209
4243
3648
4079
4169
3647
4080
4168
3569
3995
4128
4145
3568
3994
4129
4144
3617
3857
3881
4344
3618
3856
3882
4345
3962
3993
4026
4041
3961
3992
4027
4040
3979
4007
4111
3978
4006
4112
3620
3841
3851
3997
3621
3840
3850
3996
3921
4099
4131
3930
4101
4130
3906
3945
4003
4048
3905
3946
4002
4047
3589
3628
3774
3588
3627
3773
3895
4097
4185
3896
4096
4186
3684
3927
4284
4290
3685
3928
4283
4289
3666
4053
4150
3710
3944
4012
4111
3711
3943
4011
4112
3624
4066
4127
3609
3851
3967
4288
3610
3850
3968
4287
3746
3998
4024
3745
3999
4025
3840
3996
4018
4182
3841
3997
4019
4181
4044
4076
4172
3759
3930
4130
4179
3926
4121
4311
3760
3921
4131
4180
3976
3998
4215
3977
3999
4214
3636
3889
3959
3637
3890
3960
3904
4254
4319
4339
3903
4255
4320
4340
4143
4170
4207
4142
4171
4208
3722
3928
4279
4289
3723
3927
4280
4290
3623
3969
4218
3622
3970
4219
3611
3635
4005
4295
3807
3946
3808
3945
4004
4127
4176
3893
3948
4146
3894
3947
4138
3631
3916
3955
3632
3915
3954
3994
4144
4180
3681
4072
4377
3680
4073
4376
3995
4145
4179
3629
3941
3956
3630
3942
3957
3795
4165
4320
3794
4164
4319
4122
4295
4332
3815
3944
4111
4144
3810
3943
4112
4145
3630
3746
4266
3629
3745
4267
3997
3996
3717
4253
4282
3716
4252
4281
3908
3989
4378
3907
3988
4379
4069
4156
4332
3671
4104
4273
3670
4105
4274
4043
4117
4149
4221
4042
4052
4120
4220
3966
4316
4049
4386
4050
4385
3745
4181
4267
4333
3746
4182
4266
4334
3697
4186
4251
4286
3696
4185
4248
4285
4080
4106
4108
4079
4107
4109
3777
3940
3972
4102
3778
3939
3973
4103
3659
3699
3869
4305
3658
3700
3868
4304
4006
4112
4207
4007
4111
4208
3722
3976
4279
3723
3977
4280
3858
4086
4391
3673
3672
3700
3912
4015
3699
3911
4016
3677
4044
4213
3717
3807
3905
3946
3716
3808
3906
3945
3733
4053
4150
4151
3709
4090
4392
3865
4085
4390
3867
3982
4167
4308
3866
3983
4166
4307
4317
4331
4318
4330
3775
3869
4336
3776
3868
4335
3698
4052
4113
4120
3778
3859
4103
4374
3777
3860
4102
4375
3971
4311
3777
3827
3986
4375
3778
3826
3987
4374
3990
4073
4297
3991
4072
4296
3880
4297
4376
3879
4296
4377
3715
3738
3899
3714
3739
3900
3775
4250
4336
3776
4249
4335
4065
4124
4138
3727
3951
4068
3726
3952
4067
3701
4010
4268
3714
3736
3787
3900
3715
3737
3785
3899
3836
3969
4168
3837
3970
4169
3976
3998
4024
3977
3999
4025
3701
4060
4268
4034
4270
4035
4269
4017
4113
4051
4123
4146
3870
4014
4202
4312
3871
4013
4201
4313
3846
3936
4177
3847
3937
4178
3886
3919
4292
4367
3885
3920
4291
4366
4090
4117
4389
4160
4174
4159
4175
3744
3784
3861
4368
3743
3786
3862
4369
3724
3749
3725
3750
3887
3888
3722
3739
3924
4289
3723
3738
3925
4290
3932
4064
4194
3931
4063
4193
3952
3951
3736
4205
4222
3737
4206
4223
3924
4158
3925
4157
3733
4060
4151
4268
3805
3834
4388
3806
3835
4387
3755
3824
3874
3983
3756
3825
3875
3982
3980
3751
3800
3912
4094
3752
3801
3911
4095
3821
3844
3820
3845
3750
3925
3749
3924
4118
4135
4211
4119
4134
4212
4004
4176
4272
4372
3871
4059
4061
3870
4058
4062
4106
4108
4114
4107
4109
4115
4158
4205
4157
4206
3791
3799
3828
3790
3798
3829
3780
3799
3828
3923
3779
3798
3829
3922
4081
4118
4302
4082
4119
4303
3833
3846
3898
4291
3832
3847
3897
4292
3920
4366
3919
4367
3768
3974
4095
4194
3767
3975
4094
4193
3818
3856
4203
3819
3857
4204
3818
3856
3882
4379
3819
3857
3881
4378
3780
3828
3931
3779
3829
3932
4081
4118
4211
4226
4082
4119
4212
4227
3923
4071
4195
3922
4070
4196
3993
3998
4215
3992
3999
4214
3838
3839
3940
3939
4317
4331
4318
4330
4076
4140
4382
3947
4065
3948
4051
3892
4166
4307
3803
3843
3845
3891
4167
4308
3802
3842
3844
3825
4303
4309
4345
3824
4302
4310
4344
3801
4155
4198
3800
4154
4197
4049
4100
4233
4235
4050
4098
4232
4234
3901
4184
3902
4183
3834
3860
4375
4388
3835
3859
4374
4387
4155
4196
4154
4195
3811
3830
3812
3831
3835
3859
4257
3834
3860
4256
4092
4142
4171
4221
3827
4125
3826
4126
3888
3967
3887
3968
4091
4143
4170
4220
3930
3943
4101
3817
3839
4197
3816
3838
4198
4059
4061
4228
4231
4058
4062
4229
4230
3921
3944
4099
3831
3838
3869
3830
3839
3868
3988
3989
3972
4102
4223
3973
4103
4222
3890
3915
3954
3960
3889
3916
3955
3959
3983
3982
3987
4387
3986
4388
4094
4095
3912
4269
3911
4270
3847
4367
3846
4366
3901
4184
3902
4183
4078
4077
3900
4200
4257
3899
4199
4256
3859
4103
3860
4102
4098
4100
3950
4227
4299
3949
4226
4298
3942
3941
3986
4125
4162
3987
4126
4163
4091
4236
4364
4092
4237
4365
4309
4310
4321
3874
4062
3875
4061
3917
4235
4315
3918
4234
4314
4316
3983
4241
3982
4240
4269
4270
4368
4369
3885
3898
4291
3886
3897
4292
4300
4307
4301
4308
4110
4321
4383
3940
4147
4326
3939
4148
4327
3881
4378
3882
4379
4377
4376
4024
4248
4025
4251
4246
4247
4281
4282
4104
4105
4201
4369
4202
4368
4371
4381
4370
4380
3928
4279
4285
3927
4280
4286
4100
4233
4098
4232
4284
4283
4037
4036
3965
4163
4165
3964
4162
4164
4216
4217
3988
4034
4210
3989
4035
4209
4011
4173
4175
4220
4012
4149
4174
4221
4131
4189
4324
4130
4190
4325
4057
4056
4059
4228
4058
4229
4180
4179
4144
4274
4317
4273
4318
3952
3951
3971
4053
4096
4097
4121
4384
4145
4293
4330
4294
4331
4072
4118
4302
4344
4073
4119
4303
4345
4085
4365
4050
4098
4385
4049
4100
4386
4086
4364
4288
4287
4159
4160
4244
4245
4079
4380
4080
4381
4062
4230
4061
4231
4265
4264
4122
4332
4252
4253
4075
4074
4051
4123
4372
4261
4260
4214
4276
4215
4275
4065
4124
4373
4147
4224
4254
4148
4225
4255
3981
4084
4083
4184
4183
4053
4213
4326
4327
4263
4262
4285
4286
4128
4362
4129
4363
4044
4172
4213
4389
4392
4143
4236
4277
4142
4237
4278
4134
4135
4075
4074
4129
4239
4128
4238
4266
4267
4097
4200
4283
4350
4096
4199
4284
4351
4077
4341
4078
4342
4306
4069
4176
4258
4362
4259
4363
4178
4328
4177
4329
4017
4140
4382
4170
4207
4171
4208
4328
4329
4243
4262
4242
4263
4110
4383
4078
4342
4077
4341
4083
4352
4084
4353
4083
4352
4084
4353
4074
4357
4075
4356
4074
4357
4075
4356
4087
4354
4088
4355
4087
4354
4088
4355
4305
4304
4126
4338
4125
4337
4104
4358
4105
4359
4276
4361
4275
4360
4091
4120
4092
4117
4056
4346
4057
4347
4216
4346
4217
4347
4315
4314
4146
4060
4173
4064
4191
4260
4349
4063
4192
4261
4348
4216
4217
4322
4323
4151
4293
4348
4294
4349
4138
4127
4161
4306
4264
4275
4360
4265
4276
4361
4156
4105
4274
4359
4104
4273
4358
4135
4134
4140
4245
4244
4298
4300
4299
4301
4287
4288
4252
4281
4253
4282
4123
4272
4372
4149
4150
4124
4271
4373
4351
4350
4160
4159
4371
4381
4370
4380
4114
4115
4382
4139
4141
4161
4133
4337
4338
4295
4325
4324
4139
4306
4141
4152
4153
4161
4343
4343
4237
4236
4224
4225
)


// ************************************************************************* //
