/*--------------------------------*- C++ -*----------------------------------*\
| =========                 |                                                 |
| \\      /  F ield         | foam-extend: Open Source CFD                    |
|  \\    /   O peration     | Version:     4.1                                |
|   \\  /    A nd           | Web:         http://www.foam-extend.org         |
|    \\/     M anipulation  |                                                 |
\*---------------------------------------------------------------------------*/
FoamFile
{
    version     2.0;
    format      ascii;
    class       volScalarField;
    location    "2.85";
    object      rAU;
}
// * * * * * * * * * * * * * * * * * * * * * * * * * * * * * * * * * * * * * //

dimensions      [0 0 1 0 0 0 0];

internalField   nonuniform List<scalar> 
4393
(
0.00022764397
0.00022727017
0.00022690413
0.00022653025
0.00022614642
0.0002257512
0.00022534223
0.0002249183
0.00022447858
0.00022402286
0.00022355175
0.00022306675
0.00022257036
0.00022206612
0.0002215584
0.00022105335
0.00022055676
0.00022007563
0.00021961759
0.00021919022
0.00021880126
0.00021845839
0.00021816911
0.0002179406
0.00021777952
0.00021769179
0.00021768206
0.00021768206
0.00021775363
0.0002179076
0.00021814215
0.00021845228
0.00021882979
0.00021926365
0.00021974058
0.00022024606
0.00022076525
0.00022128398
0.00022178941
0.00022227054
0.00022271839
0.00022312602
0.00022348837
0.00022380199
0.00022406477
0.00022427573
0.00022443495
0.00022454295
0.00022458507
0.00022451156
0.00022419109
0.00022388554
0.00022357094
0.00022324453
0.00022290466
0.0002225491
0.00022217699
0.00022178792
0.00022138226
0.00022096128
0.00022052726
0.00022008357
0.00021963468
0.00021918592
0.00021874431
0.00021831643
0.0002179099
0.00021753279
0.00021719294
0.00021689822
0.00021665631
0.00021647462
0.00021636014
0.00021631921
0.00021635722
0.0002164439
0.00021641681
0.00021646002
0.00021658692
0.00021679902
0.00021709477
0.00021746903
0.00021791304
0.00021841481
0.00021896007
0.00021953333
0.00022011909
0.00022070278
0.00022127145
0.00022181423
0.00022232241
0.00022278938
0.0002232104
0.00022358224
0.00022390274
0.00022417103
0.00022438861
0.00022454271
0.0002240062
0.00022369755
0.00022339742
0.00022308574
0.00022275977
0.00022241802
0.00022205847
0.00022168056
0.00022128428
0.00022087053
0.0002204412
0.00021999936
0.00021954926
0.00021909633
0.00021864692
0.00021820903
0.00021779015
0.00021739863
0.00021704306
0.00021673163
0.00021647238
0.00021627305
0.00021614103
0.00021608325
0.00021610587
0.00021621394
0.00021630072
0.00021618163
0.00021614335
0.00021619291
0.00021633522
0.00021657194
0.00021690054
0.00021731385
0.00021780032
0.00021834506
0.00021893111
0.00021954099
0.00022015792
0.00022076683
0.00022135487
0.00022191168
0.00022242935
0.00022290213
0.00022332603
0.00022369842
0.00022401821
0.00022428551
0.00022448062
0.00022365085
0.00022334759
0.00022304738
0.00022273256
0.00022240067
0.00022205041
0.00022167992
0.00022128888
0.00022087762
0.00022044746
0.00022000093
0.00021954181
0.00021907525
0.00021860774
0.00021814675
0.00021770144
0.00021728037
0.00021689281
0.00021654805
0.00021625476
0.00021602128
0.00021585555
0.00021576511
0.00021575699
0.00021583746
0.00021601156
0.00021609311
0.00021588796
0.00021576536
0.00021573585
0.00021580813
0.00021598742
0.00021627386
0.0002166617
0.00021713941
0.00021769085
0.00021829699
0.00021893784
0.00021959403
0.00022024811
0.00022088521
0.00022149338
0.00022206348
0.00022258894
0.00022306525
0.0002234896
0.00022386075
0.00022417775
0.00022442244
0.00022328897
0.00022298986
0.00022268997
0.00022237234
0.00022203466
0.00022167578
0.00022129396
0.00022088907
0.00022046167
0.00022001351
0.00021954761
0.00021906849
0.00021858221
0.00021809634
0.0002176196
0.00021716244
0.00021673467
0.00021634658
0.00021600827
0.00021572894
0.00021551724
0.00021538134
0.00021532899
0.00021536749
0.00021550345
0.00021574226
0.00021582936
0.00021553373
0.00021532284
0.00021521127
0.00021521212
0.00021533469
0.00021558211
0.00021594992
0.0002164261
0.00021699255
0.00021762738
0.00021830739
0.00021901016
0.00021971555
0.00022040659
0.00022106975
0.00022169486
0.00022227467
0.00022280439
0.00022328117
0.00022370371
0.00022407086
0.00022436675
0.00022291129
0.00022261686
0.00022231834
0.00022199884
0.00022165617
0.00022128921
0.0002208963
0.00022047738
0.00022003322
0.00021956586
0.00021907878
0.00021857718
0.00021806803
0.00021756006
0.00021706336
0.00021658987
0.00021615081
0.0002157577
0.00021542151
0.00021515197
0.00021495808
0.00021484819
0.00021483033
0.00021491224
0.00021510114
0.0002154032
0.00021551098
0.00021511904
0.00021481425
0.00021461583
0.00021454213
0.00021460743
0.00021481832
0.0002151716
0.00021565413
0.00021624493
0.00021691822
0.00021764671
0.0002184043
0.00021916786
0.00021991817
0.00022064022
0.00022132297
0.00022195878
0.00022254285
0.00022307255
0.00022354676
0.00022396477
0.00022431252
0.00022251828
0.00022222922
0.00022193311
0.00022161274
0.00022126592
0.00022089149
0.00022048775
0.00022005467
0.00021959308
0.00021910522
0.00021859496
0.00021806812
0.00021753257
0.0002169983
0.00021647693
0.00021598214
0.00021552683
0.00021512391
0.00021478533
0.00021452139
0.0002143413
0.00021425359
0.00021426654
0.00021438847
0.00021462754
0.0002149912
0.00021513997
0.00021464446
0.00021423829
0.00021394615
0.00021379288
0.00021379895
0.00021397529
0.00021431995
0.00021481791
0.00021544401
0.00021616724
0.00021695514
0.00021777716
0.00021860673
0.00021942234
0.00022020758
0.00022095078
0.0002216442
0.00022228331
0.00022286596
0.00022339158
0.00022386032
0.0002242595
0.00022211197
0.00022182963
0.00022153709
0.00022121688
0.00022086676
0.00022048544
0.00022007112
0.00021962365
0.00021914384
0.00021863399
0.00021809827
0.000217543
0.00021697698
0.00021641153
0.00021586005
0.00021533825
0.00021486106
0.00021444309
0.00021409735
0.00021383462
0.00021366422
0.00021359468
0.0002136345
0.00021379266
0.00021407861
0.00021450167
0.00021471792
0.00021410989
0.00021359266
0.00021319742
0.00021295706
0.00021290017
0.0002130433
0.00021338587
0.00021390985
0.00021458418
0.00021537088
0.00021623088
0.00021712825
0.00021803263
0.0002189201
0.0002197731
0.0002205796
0.00022133217
0.00022202689
0.0002226624
0.00022323899
0.00022375787
0.00022420763
0.00022169404
0.00022141927
0.00022113139
0.00022081241
0.00022045991
0.00022007239
0.00021964783
0.00021918585
0.00021868708
0.00021815374
0.00021759011
0.00021700297
0.00021640198
0.00021579989
0.00021521214
0.00021465692
0.00021415169
0.00021371305
0.00021335522
0.00021308934
0.00021292456
0.00021286915
0.00021293166
0.00021312179
0.00021345062
0.00021393007
0.00021424771
0.00021351641
0.0002128759
0.00021236502
0.00021202695
0.0002119011
0.00021201172
0.00021235973
0.00021292255
0.00021366083
0.00021452717
0.00021547415
0.00021645939
0.0002174483
0.00021841466
0.00021934001
0.00022021247
0.00022102534
0.00022177576
0.00022246353
0.00022309014
0.00022365803
0.00022415708
0.0002212665
0.00022100119
0.00022071937
0.00022040282
0.00022004895
0.00021965601
0.00021922164
0.00021874507
0.00021822659
0.00021766814
0.00021707395
0.00021645107
0.00021580996
0.0002151649
0.00021453368
0.00021393756
0.0002133972
0.0002129317
0.0002125566
0.00021228319
0.00021212
0.00021207461
0.00021215531
0.0002123725
0.0002127392
0.00021327072
0.00021373273
0.00021286541
0.00021208638
0.00021144344
0.00021099292
0.00021078909
0.00021086701
0.00021122952
0.00021184714
0.00021266871
0.00021363425
0.00021468568
0.00021577304
0.00021685716
0.00021790973
0.00021891196
0.0002198527
0.00022072655
0.00022153224
0.00022227114
0.00022294626
0.0002235615
0.00022410812
0.00022083199
0.00022057673
0.00022030209
0.00021998915
0.00021963501
0.00021923756
0.00021879395
0.0002183029
0.00021776412
0.00021717905
0.0002165516
0.0002158889
0.00021520206
0.0002145069
0.000213824
0.00021317846
0.00021259506
0.00021209614
0.00021169869
0.00021141372
0.00021124851
0.00021120924
0.00021130347
0.00021154208
0.00021194036
0.00021251792
0.00021317829
0.00021216008
0.00021122376
0.00021042743
0.00020984419
0.00020954908
0.00020959305
0.00020998141
0.00021067415
0.00021160327
0.00021269183
0.00021386828
0.00021507383
0.00021626465
0.00021741083
0.00021849404
0.00021950469
0.00022043946
0.0002212992
0.00022208738
0.00022280884
0.00022346915
0.00022406111
0.00022039149
0.00022014883
0.00021988314
0.00021957532
0.00021922232
0.00021882156
0.00021836965
0.00021786457
0.00021730521
0.00021669221
0.00021602884
0.00021532198
0.00021458314
0.00021382967
0.00021308534
0.00021238014
0.00021174436
0.00021120458
0.00021077948
0.00021047916
0.0002103086
0.00021027162
0.00021037434
0.00021062774
0.00021104954
0.00021166466
0.00021248479
0.000211405
0.00021028888
0.00020931168
0.00020856794
0.00020816218
0.00020816936
0.00020859837
0.00020939279
0.00021046035
0.00021170114
0.00021302681
0.00021436855
0.00021567812
0.00021692503
0.00021809255
0.00021917378
0.00022016836
0.00022108
0.00022191472
0.00022267957
0.00022338201
0.00022401652
0.00021995019
0.00021972022
0.00021946454
0.00021916318
0.00021881267
0.00021840989
0.00021795071
0.00021743219
0.00021685213
0.00021621
0.00021550801
0.00021475236
0.00021395459
0.00021313337
0.00021231609
0.00021153906
0.00021084011
0.00021025164
0.00020979425
0.00020947613
0.00020929835
0.00020926096
0.00020936753
0.00020962849
0.00021006395
0.00021070517
0.00021159217
0.00021060819
0.00020928518
0.00020809194
0.00020714954
0.0002066047
0.00020656987
0.00020705959
0.00020799117
0.00020923706
0.00021066612
0.00021216931
0.00021366702
0.00021510754
0.00021646144
0.00021771531
0.00021886637
0.0002199183
0.00022087847
0.00022175596
0.00022256037
0.00022330124
0.0002239749
0.00021950679
0.00021929285
0.00021904939
0.00021875643
0.00021841038
0.00021800755
0.00021754297
0.00021701256
0.00021641268
0.00021574119
0.00021499872
0.00021419018
0.0002133265
0.00021242721
0.00021152358
0.00021066006
0.000209885
0.00020923904
0.00020874502
0.0002084076
0.00020822157
0.00020818122
0.00020828635
0.00020854591
0.00020898207
0.00020963341
0.00021055293
0.00020978141
0.00020821965
0.00020676582
0.0002055723
0.0002048462
0.0002047603
0.00020533899
0.00020645623
0.00020793258
0.00020959445
0.00021130798
0.0002129828
0.00021456587
0.00021603143
0.00021737173
0.00021858991
0.00021969503
0.00022069889
0.00022161419
0.00022245334
0.00022322814
0.00022393684
0.00021907206
0.00021887364
0.0002186434
0.00021836043
0.00021802065
0.00021761966
0.00021715151
0.00021661073
0.0002159919
0.00021529072
0.00021450553
0.0002136392
0.00021270119
0.00021171097
0.00021070363
0.00020973417
0.00020886609
0.00020815213
0.00020761808
0.00020726252
0.00020707032
0.00020702731
0.00020712783
0.00020737791
0.0002078006
0.00020844227
0.00020937174
0.00020894125
0.00020710452
0.00020533472
0.00020381804
0.00020284711
0.00020269436
0.00020340355
0.00020477406
0.00020654976
0.0002084994
0.00021046064
0.00021233421
0.00021406966
0.00021564883
0.00021707281
0.00021835289
0.00021950487
0.00022054589
0.00022149268
0.00022236071
0.00022316407
0.000223903
0.00021863752
0.00021845858
0.00021824402
0.00021797327
0.00021764223
0.00021724589
0.00021677719
0.00021622912
0.0002155941
0.0002148651
0.0002140373
0.00021311052
0.00021209159
0.00021099826
0.00020986858
0.00020877078
0.0002077905
0.00020699873
0.00020642485
0.00020605709
0.00020586446
0.00020582039
0.00020591212
0.00020614126
0.00020652995
0.00020713274
0.00020803799
0.00020811336
0.00020596026
0.00020380693
0.00020186872
0.00020055564
0.00020030759
0.00020121091
0.00020293081
0.00020509778
0.00020740247
0.00020965273
0.00021174548
0.00021363954
0.00021533008
0.00021683109
0.00021816458
0.00021935459
0.00022042431
0.00022139483
0.00022228474
0.00022311043
0.00022387405
0.00021822601
0.00021806541
0.00021786762
0.00021761118
0.00021729154
0.00021690297
0.0002164372
0.00021588537
0.00021523737
0.00021448268
0.00021361219
0.00021262127
0.00021151247
0.00021029939
0.00020902038
0.00020775982
0.00020663642
0.00020574988
0.00020513478
0.00020476255
0.0002045775
0.00020453599
0.00020461747
0.00020481791
0.00020515479
0.00020568902
0.00020653133
0.00020732637
0.00020481648
0.0002022029
0.00019971122
0.00019790464
0.00019750715
0.00019870637
0.00020091471
0.00020359648
0.00020633732
0.00020891987
0.00021124804
0.00021330066
0.00021509415
0.00021666038
0.00021803482
0.00021925109
0.00022033895
0.00022132392
0.00022222764
0.0002230686
0.00022385067
0.00021781698
0.00021767893
0.00021750029
0.00021726042
0.00021695497
0.00021657758
0.00021611875
0.00021556774
0.0002149116
0.00021413577
0.0002132257
0.00021217069
0.00021096725
0.00020962146
0.00020816663
0.00020670477
0.00020540472
0.00020441267
0.00020377006
0.00020342049
0.00020326808
0.00020324426
0.00020332042
0.00020348554
0.00020374498
0.00020416161
0.00020487332
0.0002060401
0.00020373311
0.00020057028
0.00019735027
0.00019481286
0.00019415673
0.00019582046
0.00019872075
0.00020208366
0.00020535541
0.00020831104
0.00021088175
0.0002130828
0.00021496217
0.00021657521
0.00021797347
0.00021920103
0.0002202943
0.000221283
0.00022219142
0.00022303983
0.00022383347
0.00021746808
0.00021735087
0.00021719274
0.00021697238
0.00021668527
0.00021632444
0.00021587921
0.00021533684
0.00021468135
0.00021389341
0.00021295138
0.00021183588
0.00021053462
0.0002090416
0.00020737449
0.00020564942
0.00020411183
0.00020298643
0.00020232356
0.00020202233
0.00020192142
0.00020191782
0.00020198023
0.00020209628
0.0002022499
0.00020250001
0.00020301713
0.00020404787
0.0002027772
0.00019900129
0.00019484865
0.00019121044
0.00019006024
0.00019246947
0.00019635934
0.0002006269
0.00020453436
0.0002078925
0.00021069599
0.00021301996
0.00021495652
0.00021658999
0.00021798972
0.00021921029
0.00022029418
0.00022127459
0.00022217776
0.00022302518
0.000223823
0.00021720043
0.00021710847
0.00021697479
0.00021677845
0.00021651526
0.0002161777
0.00021575394
0.00021522924
0.0002145844
0.00021379498
0.00021283098
0.00021166154
0.000210263
0.00020861397
0.00020670098
0.00020463889
0.00020279058
0.00020152059
0.00020088654
0.00020071728
0.00020074093
0.00020080622
0.00020089045
0.00020099368
0.00020105257
0.00020109866
0.00020133227
0.00020206215
0.00020232362
0.00019782302
0.00019245203
0.00018712488
0.00018495929
0.0001885729
0.00019388286
0.00019934648
0.00020399073
0.00020775227
0.0002107497
0.00021314893
0.00021509924
0.00021671763
0.0002180911
0.00021928334
0.00022034133
0.00022130042
0.00022218782
0.00022302541
0.00022381969
0.00021725956
0.00021719571
0.00021709251
0.00021692797
0.00021669829
0.00021639569
0.00021600769
0.00021551822
0.00021490559
0.00021414086
0.00021318523
0.00021199278
0.00021052314
0.00020873583
0.00020656264
0.00020406858
0.00020178745
0.00020035075
0.00019980552
0.00019987917
0.00020010534
0.00020026571
0.0002003632
0.00020044932
0.00020036939
0.0002000928
0.00019988254
0.0002001017
0.00020118342
0.0001974009
0.00019066094
0.00018291672
0.0001786145
0.00018416417
0.00019146819
0.00019845303
0.00020389575
0.00020800294
0.00021110925
0.00021350605
0.00021540929
0.00021696771
0.00021828235
0.00021942251
0.00022043696
0.00022136121
0.00022222208
0.00022304091
0.00022382377
0.00021801693
0.00021798808
0.00021792997
0.0002178154
0.0002176406
0.00021739772
0.00021707423
0.00021665327
0.00021611103
0.00021541413
0.00021451395
0.00021334405
0.00021183687
0.00020993093
0.00020748657
0.00020441534
0.00020147792
0.00019988179
0.00019958092
0.00020017763
0.00020082174
0.00020120642
0.00020138399
0.00020158216
0.00020150162
0.00020093325
0.00020031543
0.00019986122
0.000200808
0.00019976211
0.00019129698
0.00018002134
0.0001709479
0.00017965787
0.00018947932
0.00019827187
0.00020448875
0.00020878073
0.00021184202
0.00021412136
0.00021589859
0.00021734406
0.00021856403
0.00021962726
0.00022058034
0.00022145642
0.00022228027
0.00022307161
0.00022383532
0.00022066378
0.00022071196
0.00022074181
0.00022072124
0.00022064841
0.00022051633
0.00022031372
0.00022002467
0.00021962543
0.00021908116
0.00021833801
0.00021731139
0.00021589835
0.0002140161
0.00021146408
0.00020778634
0.00020388369
0.00020236608
0.0002027248
0.00020450458
0.00020600932
0.00020691023
0.00020732216
0.00020797701
0.0002083216
0.00020732401
0.00020618934
0.00020432513
0.00020496015
0.00020348415
0.0001965
0.00018118219
0.0001622207
0.00017630853
0.00018869761
0.00019949692
0.00020614908
0.00021024636
0.00021300403
0.00021500912
0.00021656676
0.00021784219
0.00021893131
0.00021989362
0.00022076857
0.00022158411
0.00022236123
0.00022311694
0.00022385413
0.00022642315
0.00022656632
0.00022672902
0.00022685667
0.00022694704
0.00022699522
0.00022699405
0.00022693269
0.00022679278
0.00022654466
0.00022613725
0.0002254727
0.00022438813
0.00022271878
0.00022022032
0.00021576661
0.00020956603
0.00020824665
0.00020948512
0.00021348528
0.00021646283
0.00021835329
0.00021896627
0.00022040496
0.00022210356
9.3007802e-05
9.5433618e-05
9.7691769e-05
9.9882212e-05
0.00010288238
9.446372e-05
8.6204556e-05
0.00010657295
0.00017933365
0.00019343354
0.00020412703
0.00020945438
0.00021253456
0.00021460548
0.000216152
0.00021739469
0.00021844685
0.00021937312
0.00022021386
0.00022099645
0.00022174091
0.00022246291
0.0002231758
0.00022387979
0.00023924598
0.00023969363
0.00024019459
0.00024068078
0.00024116131
0.00024164027
0.00024212248
0.00024261168
0.00024310669
0.00024359678
0.0002440492
0.00024437123
0.00024434207
0.00024362561
0.00024200533
0.00023807366
0.00022682279
0.00022935524
0.00023549216
0.00025021136
0.00026144216
0.00027023498
0.00012828178
0.00016688304
0.00032275286
0.00046159703
0.00049956686
0.00049956686
0.00049956686
0.00049956686
0.00049956686
0.0004503124
0.00033649835
6.8075281e-05
0.00021297386
0.00021346092
0.00021437881
0.0002154944
0.00021653645
0.00021748112
0.00021833986
0.00021913132
0.00021987231
0.00022057686
0.00022125674
0.00022192219
0.0002225825
0.00022324666
0.00022391166
0.00026426937
0.00026527786
0.00026643154
0.00026762802
0.00026888784
0.00027023562
0.00027170546
0.00027334039
0.00027519353
0.00027733241
0.00027984342
0.00028282396
0.0002863753
0.00029054936
0.00029518201
0.00030233984
0.00027345907
0.00030501222
0.00035659946
0.00037255282
0.00027822821
0.00031972485
0.00049956686
0.00049956686
0.00049956686
0.00049956686
0.00049956686
0.00049956686
0.00049956686
0.00049956686
0.00041263393
0.00041826934
0.00010203819
0.00026659031
0.00023114002
0.00022209703
0.0002192753
0.00021853486
0.00021855429
0.0002188818
0.00021934148
0.0002198605
0.00022040744
0.00022096903
0.00022154069
0.00022212237
0.00022271654
0.00022332755
0.00022394887
0.0003019546
0.00030409706
0.00030622718
0.00030842964
0.00031077896
0.00031334795
0.00031622257
0.00031951611
0.000323388
0.00032808184
0.00033399385
0.00034169975
0.00035173245
0.00036474722
0.00038492201
0.00040157997
0.00025703066
0.00025319467
0.00026338204
0.00048920898
0.00047849346
0.00048855207
0.00047869855
0.00047372164
0.00047746533
0.00045865802
0.00045171925
0.00045351616
0.00044093604
0.00043652043
0.00010691824
0.00010767072
0.0002197762
0.00025235684
0.0002369483
0.00022741065
0.00022311581
0.00022121905
0.0002204494
0.00022024472
0.00022033822
0.00022059794
0.00022095583
0.00022137584
0.00022183887
0.00022233531
0.00022286118
0.00022341624
0.00022399043
0.00028856458
0.00028908282
0.0002892727
0.00028945919
0.00028964437
0.00028986021
0.00029013271
0.00029049871
0.00029101119
0.00029174776
0.00029283054
0.00029387583
0.00029481488
0.00029557301
0.00029293098
0.00010292904
0.00037622818
0.00047082284
0.00047253705
0.00049383689
0.00048613824
0.00048245081
0.00012420997
0.00012127925
0.00010077008
0.0001000541
0.00010062898
0.00010197278
0.00010292722
0.00010452158
0.00020120885
0.00020767806
0.0002180828
0.00023901562
0.0002396301
0.00023076142
0.00022595777
0.00022341699
0.00022210832
0.00022149281
0.00022128033
0.00022131151
0.00022149645
0.00022178333
0.00022214193
0.00022255482
0.00022301242
0.00022351038
0.00022403524
0.00022327499
0.00022310722
0.00022281886
0.00022254016
0.00022227891
0.00022205225
0.00022187616
0.00022177399
0.00022177805
0.00022193322
0.00022230445
0.00022209433
0.00022116298
0.00021941663
0.00021672843
0.00021314642
9.5859263e-05
9.9101754e-05
9.9869027e-05
9.977385e-05
0.00010014959
0.00010017636
0.00021253985
0.00021081367
0.00020892983
0.00020554379
0.00020443533
0.00020387896
0.00020210797
0.00020212615
0.00020330657
0.00020901271
0.00021823613
0.00023217534
0.00023802121
0.00023248197
0.00022785742
0.00022508944
0.00022347611
0.00022257923
0.00022213281
0.00022197624
0.00022201177
0.00022217923
0.00022244133
0.00022277503
0.00022316637
0.00022360756
0.00022408215
0.00021926623
0.00021934612
0.00021947249
0.00021960784
0.00021976342
0.00021995136
0.00022018424
0.00022047812
0.00022085232
0.00022132966
0.00022186419
0.00022156877
0.00022081333
0.00021957736
0.00021780349
0.00021498946
0.00021250669
0.00021402893
0.00021587918
0.00021421457
0.0002123815
0.00021121567
0.00021005902
0.00020833718
0.00020730336
0.00020568591
0.00020477972
0.00020420531
0.00020347947
0.00020394823
0.0002059322
0.00021088844
0.0002185482
0.00022810785
0.00023383141
0.0002331821
0.00022902064
0.00022628601
0.00022454837
0.00022348497
0.00022287576
0.00022257534
0.00022248865
0.00022255365
0.0002227298
0.00022299071
0.00022331943
0.00022370554
0.00022413006
0.00021788937
0.00021796895
0.00021809428
0.00021823304
0.00021838806
0.00021856693
0.00021877814
0.00021903282
0.00021934345
0.00021972377
0.00021997927
0.00021948721
0.00021872908
0.00021765471
0.00021622742
0.00021439181
0.00021326099
0.00021411259
0.00021527035
0.00021349512
0.0002119018
0.00021068264
0.00020952602
0.000208311
0.00020735619
0.00020629721
0.00020564683
0.00020528623
0.00020521186
0.00020608758
0.00020833111
0.00021262015
0.00021875897
0.00022561445
0.00023029985
0.00023231265
0.00022962739
0.00022708139
0.00022534762
0.00022421042
0.00022350167
0.00022309953
0.00022291848
0.00022289937
0.0002230016
0.0002231975
0.00022346845
0.00022380225
0.00022417791
0.00021721109
0.00021733205
0.00021747178
0.00021762282
0.00021779112
0.0002179831
0.00021820495
0.00021846418
0.0002187678
0.00021912121
0.00021921488
0.00021877175
0.00021812018
0.00021723015
0.00021608131
0.00021482206
0.00021419521
0.00021469886
0.00021503894
0.00021341151
0.00021201397
0.00021086201
0.00020980448
0.00020882293
0.00020800284
0.00020726727
0.00020684867
0.00020673385
0.00020702995
0.00020812296
0.00021033519
0.00021399232
0.00021887058
0.00022400935
0.00022786293
0.00023021853
0.00022984665
0.00022755956
0.0002259109
0.0002247686
0.00022401226
0.00022354581
0.00022329668
0.00022321171
0.00022325257
0.000223392
0.00022361085
0.00022389592
0.0002242248
0.00021692183
0.00021699491
0.0002171109
0.00021724607
0.00021739849
0.0002175717
0.00021776949
0.00021799676
0.00021825738
0.00021855286
0.0002185232
0.00021813371
0.00021760119
0.00021691403
0.00021608473
0.00021529058
0.00021497709
0.00021536536
0.00021499575
0.00021359463
0.0002123692
0.00021132266
0.00021038918
0.00020956876
0.00020889438
0.00020837621
0.0002081354
0.00020820834
0.00020871205
0.0002098876
0.00021195289
0.00021505055
0.00021895089
0.00022294335
0.00022613909
0.00022830368
0.00022930036
0.00022779415
0.00022627866
0.00022517899
0.00022441528
0.00022391581
0.00022362199
0.00022348824
0.00022348003
0.00022357173
0.00022374459
0.0002239851
0.00022426992
0.00021677918
0.00021689218
0.00021701773
0.00021715342
0.00021730327
0.00021747034
0.00021765633
0.0002178631
0.0002180907
0.00021833596
0.00021824904
0.00021790036
0.00021744814
0.00021689707
0.00021628719
0.00021577738
0.00021563491
0.00021596282
0.00021504855
0.00021385922
0.000212796
0.00021186999
0.0002110608
0.00021037601
0.00020983849
0.0002094808
0.00020937822
0.00020958333
0.0002101975
0.00021137676
0.000213257
0.00021588273
0.00021904246
0.00022223339
0.00022490808
0.00022685658
0.00022809
0.00022785098
0.0002264905
0.00022546374
0.00022472195
0.00022421435
0.00022389569
0.00022372842
0.00022368264
0.00022373512
0.00022386822
0.00022406865
0.00022431264
0.00021670588
0.00021677601
0.00021688241
0.00021700568
0.00021714334
0.0002172965
0.00021746533
0.00021765004
0.00021784875
0.00021805596
0.00021796819
0.00021768301
0.00021732708
0.00021691351
0.00021649067
0.00021618345
0.00021615672
0.00021618164
0.0002151407
0.00021413966
0.00021322844
0.00021242682
0.00021173729
0.0002111732
0.00021075728
0.00021052507
0.00021053098
0.00021082763
0.00021149508
0.00021263498
0.00021432534
0.00021655985
0.00021915729
0.00022176448
0.00022402356
0.00022576025
0.00022694898
0.00022750551
0.00022658064
0.00022564459
0.00022494493
0.00022444814
0.0002241208
0.00022393315
0.00022386011
0.00022388136
0.00022398079
0.00022414578
0.00022435249
0.00021665261
0.00021674414
0.00021685096
0.00021696708
0.00021709408
0.00021723292
0.00021738273
0.00021754232
0.00021770833
0.00021787401
0.00021779683
0.00021755891
0.00021727651
0.00021696853
0.00021668269
0.00021651261
0.00021656362
0.00021610929
0.00021525406
0.00021441757
0.00021364666
0.00021296632
0.0002123904
0.00021193619
0.00021162717
0.00021149652
0.00021158715
0.00021194535
0.00021263123
0.00021370993
0.00021522094
0.00021713372
0.00021929934
0.00022146737
0.00022339226
0.00022493373
0.00022605189
0.00022677676
0.00022657921
0.00022574182
0.0002250971
0.00022462482
0.00022430148
0.00022410433
0.00022401305
0.00022401032
0.00022408185
0.00022421597
0.00022438911
0.00021662048
0.00021668715
0.00021678211
0.00021688946
0.00021700702
0.00021713449
0.00021726999
0.00021741132
0.00021755416
0.00021769101
0.00021764806
0.00021746004
0.00021724615
0.0002170275
0.00021684686
0.00021677387
0.00021670986
0.0002160885
0.00021538618
0.00021469263
0.00021404933
0.00021348312
0.00021301305
0.00021265865
0.00021244316
0.00021239614
0.00021255247
0.00021295027
0.00021363308
0.00021464109
0.00021598943
0.00021763802
0.000219467
0.0002212957
0.00022294916
0.00022431569
0.00022535201
0.00022606777
0.00022637969
0.00022577298
0.00022519061
0.00022475223
0.00022444245
0.00022424458
0.00022414267
0.00022412236
0.00022417131
0.000224279
0.00022442233
0.00021659667
0.00021666909
0.00021675951
0.00021685805
0.00021696438
0.00021707812
0.00021719696
0.00021731824
0.00021743729
0.00021754673
0.00021753783
0.00021739146
0.0002172337
0.00021708552
0.00021698322
0.0002169515
0.00021664406
0.00021610974
0.00021553544
0.00021496625
0.00021443802
0.00021397713
0.00021360446
0.00021334012
0.00021320627
0.00021322864
0.00021343569
0.00021385748
0.00021452449
0.00021545991
0.00021666416
0.00021809538
0.00021965792
0.00022121879
0.00022264957
0.00022386151
0.00022481306
0.00022550247
0.00022595404
0.00022575333
0.00022523653
0.00022483801
0.00022454868
0.00022435692
0.00022425062
0.00022421826
0.00022424942
0.00022433483
0.00022445205
0.00021658578
0.00021664591
0.00021672853
0.00021681964
0.00021691731
0.00021702056
0.00021712665
0.00021723259
0.00021733361
0.00021742273
0.00021744898
0.00021733987
0.00021722937
0.0002171371
0.00021709324
0.00021696834
0.00021660054
0.0002161657
0.00021570011
0.00021523948
0.00021481441
0.00021444956
0.00021416564
0.00021398222
0.00021391964
0.00021399997
0.0002142462
0.00021468124
0.0002153256
0.00021619098
0.00021726941
0.00021852109
0.00021986968
0.00022121533
0.00022246154
0.00022353762
0.00022440595
0.0002250588
0.00022550991
0.00022566434
0.00022524461
0.00022488926
0.00022462506
0.00022444452
0.00022433886
0.00022429909
0.00022431668
0.00022438362
0.00022447828
0.00021658212
0.00021664079
0.00021671781
0.00021680114
0.00021688944
0.00021698171
0.00021707507
0.00021716653
0.00021725154
0.00021732376
0.00021736693
0.00021730089
0.00021722869
0.00021717976
0.00021711423
0.00021689994
0.00021659951
0.00021624938
0.00021587735
0.00021551196
0.0002151792
0.00021490135
0.00021469787
0.00021458698
0.00021458683
0.00021471601
0.00021499277
0.00021543403
0.00021605279
0.00021685313
0.00021782268
0.00021892529
0.00022009978
0.00022126981
0.00022236147
0.00022331825
0.00022410715
0.00022471776
0.00022515706
0.0002254432
0.0002252232
0.00022491239
0.00022467627
0.00022451063
0.00022440948
0.00022436611
0.00022437374
0.00022442567
0.00022450113
0.00021658695
0.00021663917
0.00021671037
0.00021678719
0.00021686779
0.000216951
0.00021703392
0.00021711365
0.00021718602
0.00021724548
0.00021728496
0.000217269
0.00021722798
0.00021717785
0.00021706203
0.00021687263
0.00021663158
0.00021635484
0.00021606425
0.00021578292
0.00021553281
0.0002153336
0.0002152029
0.00021515712
0.00021521201
0.00021538291
0.00021568399
0.00021612723
0.00021672006
0.0002174616
0.00021833747
0.00021931567
0.00022034681
0.00022137159
0.00022233253
0.00022318427
0.00022389848
0.00022446399
0.00022488365
0.00022517002
0.00022517963
0.00022491324
0.00022470671
0.0002245584
0.00022446464
0.00022442069
0.0002244214
0.00022446136
0.00022452074
0.00021659772
0.00021664667
0.00021671289
0.00021678345
0.00021685667
0.00021693144
0.00021700495
0.00021707454
0.00021713651
0.00021718616
0.00021721771
0.00021722449
0.00021719932
0.00021713538
0.00021702773
0.00021687686
0.00021668874
0.00021647643
0.00021625751
0.00021605085
0.00021587494
0.00021574687
0.00021568213
0.00021569505
0.00021579893
0.00021600612
0.00021632723
0.00021677024
0.00021733849
0.00021802786
0.00021882345
0.00021969723
0.00022060903
0.00022151215
0.00022236136
0.00022312016
0.0002237646
0.00022428389
0.00022467851
0.00022495722
0.00022509779
0.00022489673
0.00022472031
0.0002245908
0.00022450645
0.00022446423
0.00022446048
0.00022449112
0.00022453727
0.00021661387
0.00021665886
0.00021672059
0.00021678578
0.00021685269
0.00021692023
0.00021698579
0.00021704702
0.00021710078
0.00021714318
0.0002171697
0.0002171753
0.00021715488
0.00021710402
0.00021702011
0.00021690506
0.00021676452
0.00021660941
0.00021645416
0.00021631431
0.00021620537
0.00021614191
0.00021613726
0.00021620353
0.00021635163
0.00021659115
0.00021692962
0.00021737175
0.00021791785
0.00021856176
0.00021928878
0.00022007449
0.00022088597
0.00022168601
0.00022243871
0.0002231147
0.00022369402
0.00022416692
0.0002245327
0.00022479767
0.00022497275
0.00022486757
0.00022472088
0.00022461077
0.00022453706
0.00022449819
0.00022449189
0.00022451536
0.00022455087
0.00021663423
0.00021667624
0.00021673407
0.00021679442
0.00021685564
0.00021691679
0.00021697546
0.00021702968
0.00021707687
0.00021711397
0.00021713757
0.00021714409
0.00021713014
0.00021709322
0.00021703241
0.00021695059
0.00021685308
0.00021674924
0.00021665108
0.00021657147
0.00021652335
0.00021651896
0.00021656946
0.00021668476
0.00021687345
0.00021714258
0.00021749698
0.00021793869
0.0002184657
0.00021907059
0.00021973919
0.00022045022
0.00022117651
0.00022188815
0.0002225565
0.000223158
0.00022367631
0.00022410312
0.00022443737
0.00022468387
0.00022485143
0.00022482914
0.00022471128
0.00022462059
0.00022455817
0.00022452378
0.00022451631
0.00022453437
0.00022456161
0.00021665757
0.00021669706
0.00021675162
0.00021680783
0.00021686413
0.00021691974
0.00021697252
0.0002170209
0.00021706285
0.00021709613
0.00021711834
0.00021712716
0.00021712066
0.00021709786
0.00021705914
0.00021700805
0.00021694967
0.00021689215
0.00021684563
0.00021682081
0.00021682842
0.00021687854
0.00021698022
0.00021714126
0.000217368
0.00021766516
0.00021803519
0.00021847785
0.00021898933
0.00021956134
0.00022018042
0.00022082794
0.00022148128
0.00022211625
0.00022271001
0.00022324381
0.00022370463
0.00022408577
0.00022438643
0.00022461062
0.00022476578
0.00022478572
0.00022469525
0.00022462332
0.00022457215
0.00022454264
0.00022453473
0.00022454842
0.00022456939
0.00021668302
0.00021672069
0.00021677255
0.00021682518
0.00021687714
0.00021692787
0.00021697553
0.00021701894
0.00021705663
0.00021708708
0.00021710884
0.0002171207
0.00021712198
0.00021711294
0.000217095
0.00021707222
0.00021704952
0.00021703413
0.00021703474
0.00021706022
0.00021711939
0.00021722035
0.00021737016
0.00021757457
0.00021783779
0.00021816235
0.00021854854
0.00021899415
0.00021949387
0.00022003877
0.00022061602
0.00022120921
0.00022179937
0.00022236689
0.00022289366
0.00022336504
0.00022377102
0.00022410672
0.00022437198
0.00022457057
0.00022470913
0.0002247386
0.00022467376
0.00022461957
0.00022457925
0.00022455474
0.00022454688
0.00022455684
0.00022457342
0.00021670845
0.00021674553
0.00021679539
0.00021684501
0.00021689317
0.00021693959
0.00021698272
0.00021702008
0.000217047
0.00021706984
0.00021708931
0.00021710679
0.00021712448
0.00021713396
0.00021713529
0.00021713851
0.00021714844
0.00021717162
0.00021721559
0.00021728774
0.00021739517
0.00021754419
0.00021773997
0.00021798631
0.00021828538
0.00021863765
0.00021904138
0.00021949258
0.00021998458
0.00022050788
0.00022105017
0.0002215968
0.00022213177
0.00022263923
0.000223105
0.00022351806
0.00022387123
0.00022416153
0.00022438981
0.00022456002
0.00022467843
0.00022469202
0.00022465085
0.00022461304
0.00022458264
0.00022456264
0.00022455461
0.00022456022
0.00022457256
0.00021675263
0.0002167836
0.00021682806
0.00021687126
0.00021691194
0.00021694996
0.00021698419
0.00021701277
0.00021703192
0.00021704917
0.00021706666
0.0002170875
0.00021711579
0.00021714501
0.0002171769
0.00021721018
0.00021724953
0.00021730784
0.00021739169
0.00021750724
0.00021766009
0.00021785491
0.00021809508
0.00021838252
0.00021871744
0.00021909831
0.00021952147
0.00021998118
0.00022046947
0.00022097622
0.0002214894
0.00022199576
0.00022248169
0.00022293448
0.00022334339
0.00022370064
0.00022400183
0.00022424598
0.00022443521
0.00022457402
0.00022464631
0.00022464747
0.00022462726
0.00022460352
0.00022458107
0.00022456398
0.00022455487
0.00022455496
0.00022456056
0.00021932761
0.00021931132
0.00021930075
0.00021928707
0.00021926986
0.00021924936
0.00021922471
0.00021919611
0.00021916396
0.0002191292
0.00021909342
0.00021905901
0.00021902927
0.0002190084
0.00021900122
0.00021900142
0.0002190141
0.00021905229
0.00021912208
0.00021922865
0.00021937634
0.00021956824
0.00021980596
0.00022008944
0.0002204168
0.00022078426
0.00022118594
0.00022161402
0.00022205878
0.00022250895
0.00022295224
0.00022337611
0.00022376871
0.00022411992
0.00022442208
0.00022467058
0.00022486392
0.00022500353
0.00022509324
0.00022513867
0.00022512418
0.00022507877
0.00022501718
0.0002249456
0.0002248696
0.0002247942
0.00022472351
0.00022465886
0.00022458783
0.00031733439
0.00021992018
0.0001931687
0.00018634101
0.00019246757
0.00021485604
0.00025703066
0.00022288939
0.00018931645
0.00015983266
0.00041786627
0.00026338204
0.00023434784
0.00023639042
0.0002578069
0.00030363526
0.0003813613
0.0002205978
0.00015771053
0.00012853215
0.00045427279
0.00029543907
0.00025622052
0.00025382756
0.00027204487
0.00031307097
0.00034788629
0.00020205086
0.00014886712
0.00012369777
0.0004512438
0.00031360625
0.00027279587
0.00026660917
0.00028048
0.00031301254
0.00029532984
0.00018305718
0.00013956406
0.00011810331
0.00044449483
0.00032537387
0.00028467321
0.00027971697
0.00029330432
0.00032576859
0.00025254478
0.0001670357
0.00013161672
0.00011337956
0.00041437577
0.00031992371
0.00028124565
0.00028215342
0.00030523446
0.00037255282
0.00022059714
0.00015463709
0.00012544261
0.00010989592
0.00040535482
0.00033042592
0.00029023862
0.00028911003
0.00031231545
0.00036210016
0.00019726057
0.00014503527
0.00012050836
0.00010735311
0.00040535234
0.00032982348
0.00028542188
0.00027822821
0.0002937354
0.00028298498
0.00017699155
0.00013566316
0.00011530393
0.00010422404
0.00030588659
0.00021596224
0.00014194641
0.00011436567
0.00010138007
9.4699267e-05
9.1262334e-05
8.9626793e-05
8.900806e-05
8.8859032e-05
0.00037869917
0.00031071403
0.00027912698
0.00028625446
0.0003436182
0.00020646275
0.00014704506
0.0001208274
0.00010700046
9.9353893e-05
0.00037133983
0.00031972485
0.00029447949
0.00030814641
0.00032475572
0.00018262877
0.0001370206
0.0001152797
0.00010355956
9.7002918e-05
0.00037134547
0.0003188675
0.00029077243
0.00029322831
0.00025054293
0.00016335965
0.00012800706
0.0001103156
0.00010065667
9.5310573e-05
0.00035244812
0.00030302114
0.00029859349
0.00033990808
0.00021101181
0.00014703847
0.00012005844
0.00010595992
9.8126438e-05
9.3791963e-05
0.00032703974
0.00028919678
0.00029643117
0.00033029091
0.00018589357
0.00013705514
0.00011463937
0.00010273207
9.6152243e-05
9.2534317e-05
0.00032704317
0.00030148977
0.00031580579
0.00026608028
0.00016606933
0.00012828178
0.00010981839
9.9913483e-05
9.4524165e-05
9.1746718e-05
0.00032781347
0.00031026018
0.0003429777
0.00021451742
0.00014769431
0.00011955314
0.00010513781
9.7266269e-05
9.2998025e-05
9.0817123e-05
0.00031370074
0.00029983131
0.00034038415
0.00018728894
0.00013614762
0.00011343426
0.00010162133
9.5200974e-05
9.1791922e-05
9.0092032e-05
0.00031370452
0.00030265225
0.00028010151
0.00016688304
0.00012729955
0.00010862734
9.8828442e-05
9.3575013e-05
9.0891784e-05
8.9701717e-05
0.00032419998
0.00030714875
0.00022540177
0.00014883352
0.0001188529
0.00010415233
9.6353196e-05
9.2213405e-05
9.0167147e-05
8.9285704e-05
0.00033733302
0.00035122523
0.00019241337
0.00013595752
0.00011257494
0.0001008076
9.4539536e-05
9.1256215e-05
8.968797e-05
8.9022195e-05
0.00030768736
0.00032275286
0.00017443049
0.00012885449
0.00010894767
9.8823282e-05
9.3467818e-05
9.0721562e-05
8.947221e-05
8.901347e-05
0.00030587655
0.0002689279
0.00015946476
0.00012250168
0.00010562468
9.6985548e-05
9.2463319e-05
9.0205634e-05
8.9239879e-05
8.8933814e-05
0.00040830201
0.0003371783
0.00030075694
0.00029823915
0.00031714328
0.00023857601
0.00015931548
0.00012711616
0.00011051911
0.00010117513
0.00031016899
0.00022122598
0.00022579697
0.0002447116
0.00027880548
0.00034373994
0.00046670312
0.00031167956
0.00020984181
0.00015966101
0.0003727227
0.00024052423
0.00021826459
0.00022286726
0.00024473247
0.00028949068
0.00037666473
0.00023791385
0.00016723512
0.00013448297
0.00031017314
0.00021835667
0.00022132693
0.00023007596
0.0002494071
0.00029115622
0.00035333653
0.00025962926
0.00019940559
0.00016235592
0.00031107793
0.00021669342
0.00021261335
0.00022569555
0.00025319467
0.00030596254
0.00039575469
0.00027231628
0.00018907674
0.00014817476
0.00033339052
0.00022352187
0.00021018616
0.00021829327
0.00024148139
0.00028679643
0.00037374893
0.00025415446
0.00017691498
0.00013992426
0.00015493571
0.00011781504
0.00010203819
9.4447898e-05
9.097872e-05
8.996058e-05
9.0584973e-05
9.2417457e-05
9.5212605e-05
9.8860149e-05
0.0001313386
0.00012140654
0.00011278855
0.00010684952
0.00010315564
0.00010121142
0.00010064879
0.00010120817
0.00010271228
0.00010506843
0.00034938136
0.00018226522
0.00012893561
0.00010803987
9.8091907e-05
9.3007802e-05
9.0461887e-05
8.9326187e-05
8.897673e-05
8.8938873e-05
0.00035731796
0.00016622936
0.00012267916
0.00010496858
9.6522528e-05
9.222869e-05
9.0110943e-05
8.9198218e-05
8.8947962e-05
8.892745e-05
0.00030384939
0.00015622362
0.00011917135
0.00010353735
9.6004439e-05
9.2140492e-05
9.0225265e-05
8.9397594e-05
8.9170669e-05
8.9149806e-05
0.00026457097
0.00014570138
0.00011520974
0.00010193072
9.5433618e-05
9.204226e-05
9.0337426e-05
8.958853e-05
8.9364355e-05
8.9278375e-05
0.00023673839
0.00013784413
0.00011193826
0.00010046145
9.4824582e-05
9.1855605e-05
9.0358432e-05
8.9711832e-05
8.9542496e-05
8.9496778e-05
0.00021556172
0.00013121716
0.00010904304
9.9044514e-05
9.4122664e-05
9.1519276e-05
9.0214335e-05
8.9674795e-05
8.9568528e-05
8.9537636e-05
0.00019884837
0.00012562613
0.00010646467
9.7691769e-05
9.3369748e-05
9.1082562e-05
8.9948084e-05
8.9504995e-05
8.9456422e-05
8.9458745e-05
0.00018523141
0.00012080417
0.00010412742
9.6383478e-05
9.2568744e-05
9.0560559e-05
8.9583789e-05
8.9229819e-05
8.9202538e-05
8.9104377e-05
0.00017375923
0.00011652242
0.00010193137
9.5072546e-05
9.170108e-05
8.9955683e-05
8.915003e-05
8.8933149e-05
8.904546e-05
8.9146004e-05
0.00016390055
0.00011270455
9.9882212e-05
9.3789608e-05
9.0800513e-05
8.9289246e-05
8.8635672e-05
8.8527856e-05
8.8714899e-05
8.8845058e-05
0.00015515363
0.00010916852
9.7872374e-05
9.2467956e-05
8.9829322e-05
8.8549824e-05
8.8062274e-05
8.80872e-05
8.8380793e-05
8.8586525e-05
0.00014736058
0.00010596821
9.599386e-05
9.1205404e-05
8.8878921e-05
8.7815691e-05
8.7494579e-05
8.766742e-05
8.8108863e-05
8.8458783e-05
0.00014016104
0.00010288238
9.4057509e-05
8.9835375e-05
8.7800941e-05
8.6948462e-05
8.6793796e-05
8.7108795e-05
8.7683415e-05
8.818124e-05
0.00013344289
9.9973815e-05
9.2173887e-05
8.8498081e-05
8.6763707e-05
8.6144675e-05
8.6191388e-05
8.6681467e-05
8.738384e-05
8.7862415e-05
0.00012706644
9.7184004e-05
9.0304345e-05
8.7165025e-05
8.5748611e-05
8.5394765e-05
8.5697939e-05
8.6458361e-05
8.7485881e-05
8.842802e-05
0.0001209007
9.446372e-05
8.8411267e-05
8.5800816e-05
8.4726322e-05
8.4667715e-05
8.5259909e-05
8.6298543e-05
8.7562564e-05
8.8606136e-05
0.00011466937
9.1639356e-05
8.6368325e-05
8.4325329e-05
8.3681528e-05
8.4022234e-05
8.5028453e-05
8.6501991e-05
8.8233125e-05
8.9787618e-05
0.00010820944
8.875454e-05
8.4352221e-05
8.3010782e-05
8.2970023e-05
8.3876142e-05
8.5451279e-05
8.7497082e-05
8.9800677e-05
9.1944317e-05
0.00010171002
8.6204556e-05
8.2888725e-05
8.2428525e-05
8.3182325e-05
8.4847284e-05
8.7202808e-05
9.0058022e-05
9.3154769e-05
9.5904489e-05
9.5396123e-05
8.4277139e-05
8.2288806e-05
8.2919646e-05
8.4789506e-05
8.7663625e-05
9.1389217e-05
9.5802781e-05
0.00010066419
0.00010549049
8.8390218e-05
8.2335589e-05
8.270779e-05
8.5799073e-05
9.0536749e-05
9.6692788e-05
0.00010408253
0.00011214229
0.00011768014
0.0001203581
8.3130487e-05
8.7517278e-05
9.7481179e-05
0.00010470507
0.00010657295
0.00010849083
0.0001108917
0.0001139006
0.00011744285
0.00012117369
7.9926977e-05
7.3837873e-05
6.8996737e-05
6.7084046e-05
6.7147526e-05
6.8551495e-05
7.0940565e-05
7.4101194e-05
7.7882683e-05
8.21633e-05
0.00010306701
7.490863e-05
6.5877599e-05
6.270459e-05
6.2195356e-05
6.3212157e-05
6.5254959e-05
6.8075281e-05
7.1537471e-05
7.5584626e-05
6.4920751e-05
9.1374212e-05
0.00011219195
0.00013473124
0.00016741484
0.00021906487
0.00023770388
0.00025813188
0.00024627281
9.2785494e-05
9.7623131e-05
0.00010308476
0.0001146386
0.00013354694
0.00016355799
0.00019666073
0.00024140437
0.00030708274
0.00012156356
0.00011752202
0.00011299081
0.00010954894
0.00010708911
0.00010553697
0.00010482815
0.00010489759
0.00010568474
0.00010712157
0.00011637818
0.00011387329
0.00011120678
0.00010925283
0.00010780122
0.00010687096
0.00010646668
0.00010658116
0.00010719835
0.00010825141
0.00011344624
0.00011127179
0.00010964083
0.00010853687
0.00010767072
0.00010713562
0.00010694978
0.00010710532
0.00010756504
0.0001082033
0.00011166902
0.00010920403
0.00010816288
0.00010756035
0.00010704527
0.0001067583
0.0001067039
0.00010685989
0.00010714227
0.00010732865
0.00011057027
0.00010757908
0.00010691824
0.00010663907
0.00010637384
0.00010630241
0.00010641666
0.00010671092
0.00010713719
0.00010756793
0.0001099483
0.00010634152
0.00010594801
0.00010587481
0.00010577238
0.00010584764
0.00010607085
0.00010643557
0.00010687205
0.00010726046
0.00010963167
0.00010531379
0.00010508734
0.00010512411
0.00010510716
0.00010525185
0.00010550115
0.00010584231
0.00010616864
0.00010629578
0.00010953061
0.00010446201
0.00010434902
0.00010444606
0.00010448168
0.00010467045
0.00010493552
0.0001052719
0.00010556664
0.00010566208
0.0001095151
0.00010370387
0.00010373777
0.00010388302
0.00010397361
0.00010421604
0.00010452158
0.0001048995
0.00010523914
0.00010541187
0.00010956944
0.00010306642
0.00010331665
0.00010349355
0.00010362206
0.00010389417
0.00010421203
0.00010459349
0.00010491286
0.00010503255
0.00010980306
0.00010254459
0.00010287853
0.00010306254
0.00010321477
0.00010350087
0.00010381419
0.0001041764
0.00010444251
0.00010445447
0.00011012267
0.00010214306
0.0001025674
0.00010275416
0.00010292722
0.00010322597
0.00010354461
0.0001039187
0.0001042055
0.00010430045
0.00011054973
0.00010173176
0.00010219084
0.00010245717
0.00010264857
0.00010295547
0.00010327388
0.00010364446
0.00010390575
0.00010391872
0.00011104287
0.0001013669
0.00010185755
0.00010223052
0.00010243472
0.00010274097
0.00010305058
0.00010340951
0.00010364841
0.00010364996
0.00011161182
0.00010109499
0.00010153088
0.00010197278
0.00010222139
0.0001025208
0.00010281903
0.00010316647
0.00010338677
0.00010337456
0.00011223733
0.00010090321
0.00010119953
0.00010168647
0.00010202991
0.0001023239
0.00010261385
0.00010295084
0.000103152
0.00010311625
0.00011289845
0.00010074224
0.00010088876
0.00010142182
0.00010188169
0.00010218745
0.00010246695
0.00010279018
0.00010296896
0.0001028912
0.00011361537
0.00010063899
0.00010062898
0.00010108915
0.00010164478
0.00010204243
0.00010231116
0.00010262416
0.00010279625
0.00010272701
0.00011437628
0.00010058511
0.00010041948
0.00010081296
0.00010137879
0.0001018269
0.00010211707
0.00010241005
0.00010255406
0.00010245245
0.00011517428
0.00010062616
0.00010033467
0.00010069157
0.00010124425
0.00010167309
0.00010196418
0.00010225859
0.00010239523
0.00010227666
0.00011592826
0.00010053198
0.0001000541
0.00010035048
0.00010088228
0.00010139914
0.00010187157
0.00010222894
0.0001023411
0.00010222983
0.00011682006
0.00010063669
0.00010000044
0.00010023878
0.00010073393
0.00010119757
0.00010162298
0.0001019432
0.00010202365
0.00010186471
0.00011766215
0.00010068634
9.9893417e-05
0.00010009524
0.00010058095
0.00010102126
0.00010148094
0.00010183907
0.00010191701
0.00010176658
0.00011853294
0.00010077008
9.9814813e-05
9.997679e-05
0.00010045003
0.00010086571
0.00010130715
0.00010169231
0.00010179422
0.00010157284
0.00011940899
0.00010084633
9.9716099e-05
9.9836521e-05
0.00010029806
0.00010069178
0.00010111764
0.00010154913
0.00010174247
0.00010160502
0.00012031943
0.00010093486
9.9613587e-05
9.9682341e-05
0.00010012314
0.00010048755
0.00010089166
0.00010129781
0.00010153809
0.00010145523
0.00012127925
0.00010109629
9.9597821e-05
9.9624693e-05
0.00010004935
0.00010038717
0.00010076973
0.00010114677
0.00010135385
0.00010127889
0.00012222309
0.00010123435
9.9552712e-05
9.9544351e-05
9.996419e-05
0.00010029012
0.00010066774
0.00010103561
0.00010123863
0.00010120767
0.00012319107
0.00010136809
9.9484301e-05
9.9426741e-05
9.9829963e-05
0.00010013439
0.00010049683
0.00010084383
0.00010102715
0.00010097207
0.00012420997
0.00010158192
9.9515146e-05
9.9418009e-05
9.9806889e-05
0.00010008864
0.00010043178
0.00010075142
0.00010090419
0.00010077736
0.00012519487
0.00010176937
9.9521735e-05
9.9397973e-05
9.9791164e-05
0.00010007261
0.00010042169
0.00010074449
0.00010090928
0.000100834
0.00012617914
0.00010191396
9.9456063e-05
9.9287775e-05
9.9673832e-05
9.9947844e-05
0.00010029663
0.0001006142
0.00010077539
0.00010067969
0.00012723212
0.00010212309
9.9457258e-05
9.9236254e-05
9.9600388e-05
9.9849035e-05
0.00010017636
0.00010046595
0.00010060118
0.00010047074
0.00012829524
0.00010240333
9.9564618e-05
9.9321528e-05
9.9690203e-05
9.9937738e-05
0.00010026725
0.0001005541
0.00010069076
0.00010057824
0.00012926493
0.00010252099
9.946746e-05
9.9183112e-05
9.9552349e-05
9.9803545e-05
0.00010014263
0.00010043329
0.00010057262
0.00010044239
0.00013036141
0.00010280419
9.9557541e-05
9.9230791e-05
9.9586774e-05
9.9822054e-05
0.00010014959
0.00010042547
0.00010055744
0.00010042864
0.00013137399
0.00010300261
9.956272e-05
9.9208611e-05
9.9574392e-05
9.9820418e-05
0.00010016383
0.0001004516
0.00010059825
0.00010049959
0.00013240913
0.00010319294
9.9541136e-05
9.914006e-05
9.9497394e-05
9.9737447e-05
0.00010007969
0.0001003612
0.00010050312
0.00010035731
0.00013348565
0.00010346066
9.9620176e-05
9.9184429e-05
9.9538505e-05
9.977385e-05
0.0001001144
0.00010038915
0.00010052729
0.00010040188
0.0001344883
0.00010365135
9.9624043e-05
9.9158098e-05
9.9517386e-05
9.9759109e-05
0.0001001094
0.00010038899
0.00010053537
0.00010041303
0.00013550492
0.00010390847
9.9721763e-05
9.9238102e-05
9.960803e-05
9.9857546e-05
0.00010021792
0.00010050163
0.00010065439
0.00010053399
0.0001364024
0.00010405234
9.9711484e-05
9.9214587e-05
9.9602543e-05
9.9869027e-05
0.00010024812
0.00010054227
0.0001006802
0.00010054585
0.00013729592
0.00010426511
9.9815334e-05
9.9321439e-05
9.9706616e-05
9.988321e-05
0.00010014651
0.00010036538
0.00010049481
0.00010039561
0.00013801284
0.00010439206
9.9895717e-05
9.9276394e-05
9.9478492e-05
9.9612932e-05
9.9924532e-05
0.00010019491
0.00010038492
0.00010031472
0.00013847251
0.00010427658
9.9427373e-05
9.8677686e-05
9.8917235e-05
9.9101754e-05
9.9474586e-05
9.980442e-05
0.00010005335
0.00010004906
0.00013676407
0.00010293175
9.8214734e-05
9.7579598e-05
9.7946832e-05
9.8283731e-05
9.8820215e-05
9.9311242e-05
9.9722457e-05
9.9868584e-05
0.00013217283
0.00010068862
9.6499679e-05
9.6195183e-05
9.6835746e-05
9.7441567e-05
9.8232617e-05
9.8953742e-05
9.9570714e-05
9.9867035e-05
0.00012202731
9.660748e-05
9.3594911e-05
9.3853813e-05
9.4871727e-05
9.5859263e-05
9.698116e-05
9.7984093e-05
9.8845176e-05
9.9355033e-05
0.00010398359
3.2754943e-05
3.0772688e-05
2.9730663e-05
2.9571831e-05
3.0246192e-05
3.1706287e-05
3.3864763e-05
3.6627058e-05
3.9941309e-05
5.7915135e-05
6.3295763e-05
6.6870197e-05
7.1343549e-05
7.7315826e-05
8.4866783e-05
9.3598645e-05
0.00010292904
0.00011175388
2.4560284e-05
2.9455872e-05
3.3579419e-05
3.7903124e-05
4.2546298e-05
4.7548578e-05
5.2855333e-05
5.8426582e-05
6.4210698e-05
1.988382e-05
2.6774131e-05
3.288802e-05
3.8960486e-05
4.5085272e-05
5.142582e-05
5.7943013e-05
6.4682749e-05
7.1601491e-05
2.0576293e-05
3.1182217e-05
4.1700149e-05
5.2403758e-05
6.3119808e-05
7.3996039e-05
8.4847978e-05
9.5694106e-05
0.00010632639
6.8517559e-05
9.1325419e-05
9.1582545e-05
0.00012313999
5.86152e-05
4.9805511e-05
7.7749982e-05
6.524046e-05
6.5844142e-05
0.00016336585
5.4592057e-05
4.5186089e-05
6.672477e-05
6.8801093e-05
8.0796085e-05
6.3317504e-05
8.0513843e-05
8.5462066e-05
0.00021672843
2.8331389e-05
0.00022682279
0.00021326099
6.3130573e-05
5.8178091e-05
9.5920446e-05
6.8820944e-05
7.8474444e-05
7.0201455e-05
7.0030015e-05
7.7920525e-05
6.9597209e-05
0.00010148975
8.1502313e-05
7.9488773e-05
0.0001153155
6.8228694e-05
5.9336184e-05
8.3045957e-05
7.7866886e-05
7.3077351e-05
7.3138147e-05
7.7314529e-05
8.5577302e-05
0.00022741065
6.8058084e-05
6.8565122e-05
0.00029293098
6.095935e-05
6.9223063e-05
7.4126281e-05
9.6099945e-05
7.6123078e-05
7.2730921e-05
6.3581035e-05
8.0350261e-05
7.4032372e-05
7.7771715e-05
5.3377911e-05
4.8905583e-05
5.8507761e-05
6.0042861e-05
5.8719996e-05
5.776178e-05
0.00010127838
7.8470465e-05
8.0995328e-05
6.0246056e-05
5.8287777e-05
8.1289904e-05
9.0604778e-05
6.3735322e-05
7.9354807e-05
0.00011333346
6.0920995e-05
5.7930926e-05
7.7353648e-05
0.000101196
6.7161916e-05
7.6017524e-05
6.7104815e-05
7.9243982e-05
7.0316603e-05
6.9787398e-05
0.00010551417
7.2897734e-05
6.19773e-05
6.2818002e-05
0.00010691429
8.6381547e-05
7.3188592e-05
7.424594e-05
6.2659233e-05
6.0589355e-05
9.3567432e-05
0.0001009151
5.9183814e-05
5.6235909e-05
0.00015128732
0.00011876163
8.9808815e-05
2.9687525e-05
5.7562048e-05
5.9423575e-05
5.8236896e-05
6.1845308e-05
7.1704862e-05
7.3067145e-05
0.00019949692
8.8248978e-05
0.00022209703
0.00010263193
6.0606029e-05
6.288685e-05
5.7690605e-05
5.9499847e-05
6.69864e-05
5.9121511e-05
6.5093546e-05
9.7728197e-05
5.4650274e-05
5.9508589e-05
9.9075069e-05
8.2523638e-05
5.0886339e-05
5.8893474e-05
6.0643616e-05
6.1373412e-05
0.00029518201
0.00021498946
5.741897e-05
5.8739696e-05
7.434389e-05
5.8278607e-05
6.6801383e-05
5.8553917e-05
6.4276606e-05
6.5457834e-05
8.2339124e-05
8.9463614e-05
3.6770348e-05
8.0362282e-05
6.0014482e-05
5.4766032e-05
5.6399341e-05
6.0613923e-05
6.0366202e-05
5.0722351e-05
5.2572713e-05
6.5361893e-05
7.3329416e-05
3.8280697e-05
5.7352917e-05
5.9637742e-05
0.00010485139
8.6620523e-05
0.00022741065
5.7908356e-05
4.7517232e-05
6.7907608e-05
6.2734965e-05
8.5406164e-05
7.9451045e-05
0.00010734002
8.4200694e-05
7.153609e-05
6.2964676e-05
5.5730621e-05
5.0690784e-05
6.5641155e-05
8.9813413e-05
6.1729234e-05
6.4551906e-05
0.00019146819
6.4610629e-05
7.1433004e-05
6.1889805e-05
6.5108481e-05
0.00020412703
6.0431461e-05
6.2354442e-05
0.00017454873
0.00011974986
0.0002396301
5.5408797e-05
4.9505078e-05
5.1694495e-05
4.9907681e-05
7.4375856e-05
6.688343e-05
9.0371204e-05
5.1703106e-05
5.8230477e-05
0.00021346092
6.2168309e-05
5.2219492e-05
6.7167628e-05
5.6016096e-05
7.3864259e-05
6.9576184e-05
6.7443871e-05
6.3729892e-05
0.00020684867
0.0002000928
0.00021780349
0.00020017763
0.00021201397
8.9940796e-05
6.0785035e-05
6.5416472e-05
0.00011979146
9.4645854e-05
6.2739596e-05
6.7667138e-05
9.5767299e-05
6.2914404e-05
5.817731e-05
8.9605864e-05
0.00038492201
6.5186773e-05
7.7366494e-05
7.1859701e-05
8.7209798e-05
8.2451378e-05
7.3874034e-05
0.00012575591
0.00013507917
0.00010344104
6.2157926e-05
7.2587326e-05
6.1552567e-05
6.5302696e-05
5.8346025e-05
5.6201863e-05
6.7927887e-05
6.6473369e-05
9.2306212e-05
8.2044932e-05
6.6209296e-05
7.3040819e-05
5.9842356e-05
6.2986494e-05
0.00021201397
0.00020450458
0.00011946134
9.7343153e-05
8.7508232e-05
7.1195178e-05
8.0425346e-05
0.00013718243
6.1791085e-05
6.4496322e-05
5.9990128e-05
6.4063098e-05
5.5679988e-05
5.3891477e-05
0.00020206215
0.00020521186
9.6406738e-05
7.0998394e-05
6.0208115e-05
5.6238935e-05
5.2651771e-05
0.00023807366
0.00021326099
7.0101821e-05
7.4550809e-05
6.0288491e-05
6.3234196e-05
5.8819804e-05
6.0387465e-05
6.9654735e-05
8.1140981e-05
4.7792689e-05
5.9753837e-05
5.5313147e-05
6.9034689e-05
7.8341536e-05
7.6347633e-05
0.00010258628
9.3896418e-05
8.7961177e-05
8.627992e-05
5.8561658e-05
6.1580221e-05
6.6274457e-05
7.7038004e-05
0.00020036939
0.00020800284
6.3759434e-05
6.6947073e-05
0.00020684867
0.0002000928
6.6568008e-05
5.9467872e-05
4.9782813e-05
4.7964776e-05
0.00019827187
0.00012192668
0.00026998025
5.8087626e-05
6.6531248e-05
6.5988581e-05
5.9774851e-05
7.997379e-05
7.3609995e-05
5.9328951e-05
5.6210725e-05
7.0664442e-05
5.8029331e-05
9.1707872e-05
7.979259e-05
6.75397e-05
6.0652725e-05
7.1065468e-05
6.6590533e-05
5.6964867e-05
5.9775654e-05
6.0634463e-05
7.0081599e-05
0.0001320332
9.4400671e-05
8.0014737e-05
6.0469259e-05
6.2950745e-05
8.9927922e-05
5.7971116e-05
4.7334393e-05
5.0210454e-05
6.0844588e-05
5.1752598e-05
7.295954e-05
6.3187503e-05
6.1039056e-05
0.00010024724
9.3758994e-05
6.6675675e-05
6.3144608e-05
6.4408236e-05
6.310502e-05
5.3917869e-05
5.9774714e-05
6.3314569e-05
7.4080035e-05
6.1144369e-05
6.3739535e-05
5.8846528e-05
6.0937039e-05
7.0131577e-05
5.1080816e-05
8.8547361e-05
7.8413947e-05
0.00011455036
9.4178633e-05
0.00020684867
0.0002000928
6.1215993e-05
6.1627345e-05
6.468292e-05
7.3673126e-05
5.8337131e-05
6.4001662e-05
4.9013212e-05
5.8175824e-05
0.00020608758
0.00020232362
6.119108e-05
5.9613412e-05
9.7984657e-05
8.7516252e-05
0.00018416417
0.00023802121
9.8244011e-05
8.8650195e-05
0.00019146819
5.3593936e-05
6.0045217e-05
5.5921315e-05
6.6298676e-05
0.00020833111
0.00019782302
0.00023076142
8.2832268e-05
8.7960339e-05
5.5172674e-05
5.9141161e-05
5.6261793e-05
6.8261592e-05
0.00019245203
0.00021262015
7.9106476e-05
9.5473551e-05
0.00019827187
0.00020824665
0.00021503894
6.7941111e-05
7.3437138e-05
6.9363475e-05
7.4415858e-05
8.1758687e-05
9.161515e-05
0.00019245203
0.00021088844
6.431488e-05
6.0000546e-05
6.157237e-05
6.3904832e-05
9.8343214e-05
8.4918001e-05
0.00030233984
0.00021439181
8.0245713e-05
8.5001619e-05
6.020426e-05
4.9972002e-05
6.6171594e-05
6.0582499e-05
0.00010080954
8.4080608e-05
7.3026055e-05
8.3424173e-05
6.0089434e-05
6.1016611e-05
5.5018451e-05
5.1328866e-05
0.0001131815
0.00015005037
7.0293766e-05
6.7595771e-05
7.0735233e-05
5.1378333e-05
6.5637309e-05
6.4608945e-05
5.7082079e-05
4.8840359e-05
6.9470032e-05
5.7546187e-05
9.1018034e-05
7.9332984e-05
7.5056247e-05
7.4015645e-05
7.1007969e-05
0.00011663295
7.8689432e-05
7.0300567e-05
0.00022741065
7.6067994e-05
7.2606968e-05
7.9398647e-05
6.7640634e-05
7.4246852e-05
0.00023802121
5.5246711e-05
6.7949803e-05
0.00018416417
6.6505596e-05
6.8841297e-05
6.4673264e-05
6.8020681e-05
5.75994e-05
8.4983939e-05
6.5366901e-05
6.3065648e-05
0.00012477977
0.00017524683
5.1939889e-05
6.1289618e-05
8.1656038e-05
7.9220689e-05
6.136664e-05
6.2788055e-05
6.2270627e-05
6.9270272e-05
7.0230772e-05
0.00014698588
6.1930988e-05
6.2461293e-05
7.2796527e-05
7.5060241e-05
7.861943e-05
6.3268922e-05
5.3472121e-05
8.6703269e-05
6.0430225e-05
6.2398039e-05
0.00011510765
9.4603028e-05
0.00013241245
0.00020236608
0.00021503894
8.3151312e-05
7.7025322e-05
6.7345333e-05
7.1439068e-05
0.00018712488
0.0002185482
0.00010042775
9.6076328e-05
7.7219261e-05
7.1250245e-05
0.0001885729
0.00023217534
6.2786694e-05
5.8258575e-05
8.5499325e-05
7.3458689e-05
0.00020673385
0.00019988254
7.5333613e-05
7.4712906e-05
6.1313301e-05
5.0366359e-05
6.1310668e-05
6.0846389e-05
6.0852272e-05
6.4312256e-05
6.0365191e-05
6.595898e-05
8.4206187e-05
8.3502614e-05
0.00010158747
6.8030112e-05
6.3367303e-05
9.0771182e-05
0.00010350295
8.5684958e-05
7.8773787e-05
9.0325816e-05
0.00012662921
0.0001003932
8.349438e-05
6.2206915e-05
6.412101e-05
8.8779469e-05
8.2888981e-05
7.8467154e-05
0.00020980448
0.00020120642
0.00020980448
0.00020138399
6.2764755e-05
6.9544622e-05
0.00021086201
0.00020082174
0.00021086201
0.00020120642
0.00020882293
0.0002003632
0.00020882293
0.0002003632
6.5272811e-05
6.1601936e-05
5.4802874e-05
6.5905199e-05
0.00020044932
0.00020800284
0.00020082174
0.00021086201
8.037012e-05
0.00010408423
0.00020412703
8.7906405e-05
8.9725098e-05
8.6829639e-05
9.0554949e-05
6.0726597e-05
5.0995996e-05
0.00020095084
0.00011160352
0.00012468953
6.1453018e-05
5.8193538e-05
6.5346423e-05
6.7531007e-05
5.1159305e-05
5.9714469e-05
0.00013770082
6.3721508e-05
5.4154791e-05
5.6959347e-05
5.4715815e-05
8.3722052e-05
5.4829368e-05
6.5991472e-05
7.0227024e-05
4.3992257e-05
6.1432574e-05
5.6329747e-05
6.4944778e-05
6.9378377e-05
7.267606e-05
7.1940732e-05
0.00019949692
7.7111099e-05
7.4226819e-05
0.00011250083
0.00016435293
5.7515026e-05
6.7101029e-05
7.5406565e-05
7.4922163e-05
0.00010017358
6.1341317e-05
7.58668e-05
7.2289093e-05
0.00029293098
0.00013529341
7.4396155e-05
0.00010392242
0.00021672843
6.5798898e-05
6.8214871e-05
7.3018926e-05
6.0630739e-05
5.3210773e-05
0.0001048552
6.4567589e-05
8.5768019e-05
6.5771474e-05
5.9953331e-05
5.5678029e-05
5.910693e-05
9.6124753e-05
7.0415729e-05
9.6760961e-05
7.707123e-05
0.00019827187
0.00012180147
8.5653551e-05
8.7553121e-05
0.00023807366
0.00021326099
2.3848779e-05
0.00010713845
7.3832193e-05
8.5070568e-05
6.9793538e-05
0.00022209703
4.0939362e-05
0.00038492201
0.00021780349
7.8720349e-05
6.3675859e-05
3.2640621e-05
0.00018712488
0.0002185482
6.1196399e-05
7.4675611e-05
9.3080677e-05
5.0579134e-05
0.00020528623
0.00019988254
6.445934e-05
2.0046897e-05
0.00021780349
2.9996107e-05
7.6758243e-05
2.1375636e-05
9.0818552e-05
7.1907744e-05
9.9008198e-05
8.172177e-05
0.00038492201
0.00020824665
0.00021469886
0.00017121908
0.00016795311
0.00016421444
4.4306081e-05
9.2454976e-06
0.00020036939
0.00020726727
3.7998151e-05
0.00020450458
0.00021341151
4.0376598e-05
6.0590503e-05
1.5024554e-05
5.1718496e-05
4.8485056e-05
5.4592711e-05
4.7545847e-05
5.1143681e-05
5.9149581e-05
7.2757454e-05
5.543581e-05
4.2117863e-05
5.8849754e-05
6.3355809e-05
9.9462016e-05
8.2547819e-05
7.0564818e-05
4.8763661e-05
4.5527875e-05
5.7614338e-05
4.9356168e-05
5.53079e-05
5.5257976e-05
5.559552e-05
4.8937222e-05
5.8318081e-05
5.5405167e-05
5.9300883e-05
0.00020956603
0.00021419521
6.5941356e-05
5.0980167e-05
5.6230965e-05
5.2572876e-05
5.4548144e-05
5.6418281e-05
0.00020036939
0.00020726727
0.0002000928
0.00020726727
6.0157133e-05
5.5382131e-05
6.033998e-05
5.1485722e-05
5.8015122e-05
5.2541132e-05
0.00021341151
0.0002027248
4.5547368e-05
6.7217308e-05
5.1863829e-05
5.7349049e-05
0.00020206215
0.00020521186
8.7196481e-05
4.0832613e-05
4.2195257e-05
4.697126e-05
4.4651182e-05
6.7698173e-05
5.8173886e-05
7.2151777e-05
9.4056758e-05
0.00021341151
0.0002027248
5.0518566e-05
4.5703021e-05
0.00020206215
0.00020521186
0.00020608758
0.00020232362
0.00020232362
0.00020608758
0.00019782302
0.00020833111
0.00019782302
0.00020833111
3.2515121e-05
4.1215193e-05
0.00018712488
0.00021088844
5.9048357e-05
4.987751e-05
5.7039303e-05
5.2254775e-05
4.0804625e-05
4.2769e-05
0.00019245203
0.00021088844
5.5398273e-05
0.00019988254
0.00020673385
5.4081136e-05
3.5438356e-05
3.262516e-05
0.00020956603
0.00021469886
6.1325565e-05
5.5385156e-05
0.00018495929
0.00022810785
4.6523615e-05
4.3023511e-05
5.2882923e-05
5.6784501e-05
4.7180431e-05
4.8082471e-05
3.7825521e-05
4.1013229e-05
7.9506302e-05
3.4828546e-05
3.8545183e-05
5.7097079e-05
9.0584793e-05
3.4025125e-05
3.6266293e-05
3.9724283e-05
3.8677429e-05
0.00018495929
0.00022810785
4.348919e-05
4.3163986e-05
3.384051e-05
3.3827444e-05
4.6342243e-05
4.7662138e-05
4.447504e-05
4.7350615e-05
4.1366784e-05
4.2436535e-05
4.0974015e-05
4.3146195e-05
3.2727876e-05
4.3357515e-05
4.2424267e-05
4.2778842e-05
2.1004074e-05
3.5903138e-05
3.951985e-05
3.9330268e-05
4.2899416e-05
4.0954559e-05
5.1751767e-05
3.8021937e-05
4.1391059e-05
3.4718708e-05
3.7225357e-05
5.7617192e-05
4.684807e-05
5.6293788e-05
4.9275939e-05
4.451006e-05
0.00021346092
3.683534e-05
4.5941127e-05
3.5676449e-05
4.7099317e-05
0.00023076142
3.8254536e-05
3.8171192e-05
5.104307e-05
4.6276446e-05
0.00019146819
3.3993245e-05
4.3213443e-05
6.4068734e-05
5.1393869e-05
0.00020236608
0.00021503894
6.1850962e-05
5.0606528e-05
3.4568772e-05
3.8349593e-05
2.8680435e-05
5.5671922e-05
5.5441551e-05
4.672703e-05
5.0908304e-05
6.5276701e-05
5.5402242e-05
0.00020956603
0.00021469886
5.1953912e-05
5.5591963e-05
1.418289e-05
3.9154966e-05
4.2682632e-05
5.298663e-05
5.5924327e-05
5.0408957e-05
5.615461e-05
5.5301421e-05
5.7587563e-05
0.00020980448
0.00020120642
0.00020882293
0.0002003632
0.00020082174
0.00021086201
0.00020044932
0.00020800284
0.00021201397
0.00020017763
0.00018495929
0.0002185482
0.00018416417
0.00023802121
3.6804285e-05
4.3830394e-05
4.4076278e-05
4.9845334e-05
0.00021439181
0.00023807366
7.6544832e-05
5.0000168e-05
3.3252986e-05
3.6730232e-05
4.0804701e-05
3.553786e-05
3.7092356e-05
4.2424889e-05
6.4450728e-05
9.5098551e-05
5.4961769e-05
5.7859905e-05
5.5173709e-05
4.8109159e-05
5.4144893e-05
4.0850142e-05
4.6178007e-05
7.3200434e-05
5.0752449e-05
4.669883e-05
8.0097479e-05
)
;

boundaryField
{
    oversetFaces
    {
        type            overset;
        coupledFringe   false;
        conservativeCorrection false;
        setHoleCellValue false;
        holeCellValue   0;
        value           nonuniform 0();
    }
    back
    {
        type            empty;
    }
    out
    {
        type            zeroGradient;
    }
    bottom
    {
        type            zeroGradient;
    }
    in
    {
        type            zeroGradient;
    }
    top
    {
        type            zeroGradient;
    }
    front
    {
        type            empty;
    }
    wall
    {
        type            zeroGradient;
    }
    cylinder
    {
        type            zeroGradient;
    }
    defaultFaces
    {
        type            zeroGradient;
    }
}


// ************************************************************************* //
