/*--------------------------------*- C++ -*----------------------------------*\
| =========                 |                                                 |
| \\      /  F ield         | foam-extend: Open Source CFD                    |
|  \\    /   O peration     | Version:     4.1                                |
|   \\  /    A nd           | Web:         http://www.foam-extend.org         |
|    \\/     M anipulation  |                                                 |
\*---------------------------------------------------------------------------*/
FoamFile
{
    version     2.0;
    format      ascii;
    class       volScalarField;
    location    "1.9";
    object      rAU;
}
// * * * * * * * * * * * * * * * * * * * * * * * * * * * * * * * * * * * * * //

dimensions      [0 0 1 0 0 0 0];

internalField   nonuniform List<scalar> 
4393
(
0.00022764397
0.00022727016
0.00022690413
0.00022653025
0.00022614641
0.0002257512
0.00022534222
0.0002249183
0.00022447857
0.00022402286
0.00022355175
0.00022306675
0.00022257035
0.00022206611
0.00022155839
0.00022105334
0.00022055676
0.00022007563
0.00021961759
0.00021919022
0.00021880126
0.00021845839
0.00021816911
0.0002179406
0.00021777952
0.00021769179
0.00021768206
0.00021768206
0.00021775363
0.0002179076
0.00021814215
0.00021845228
0.00021882979
0.00021926365
0.00021974058
0.00022024606
0.00022076526
0.00022128398
0.00022178941
0.00022227054
0.00022271839
0.00022312602
0.00022348837
0.00022380199
0.00022406477
0.00022427573
0.00022443495
0.00022454295
0.00022458507
0.00022451156
0.00022419108
0.00022388554
0.00022357093
0.00022324452
0.00022290465
0.00022254909
0.00022217698
0.00022178791
0.00022138225
0.00022096127
0.00022052725
0.00022008356
0.00021963468
0.00021918592
0.0002187443
0.00021831642
0.00021790989
0.00021753278
0.00021719294
0.00021689822
0.00021665631
0.00021647462
0.00021636014
0.00021631921
0.00021635722
0.0002164439
0.00021641682
0.00021646002
0.00021658692
0.00021679902
0.00021709477
0.00021746903
0.00021791304
0.00021841481
0.00021896007
0.00021953334
0.0002201191
0.00022070278
0.00022127145
0.00022181423
0.00022232241
0.00022278938
0.0002232104
0.00022358224
0.00022390274
0.00022417103
0.00022438861
0.00022454271
0.00022400619
0.00022369754
0.00022339741
0.00022308573
0.00022275976
0.00022241801
0.00022205847
0.00022168055
0.00022128428
0.00022087052
0.0002204412
0.00021999936
0.00021954925
0.00021909632
0.00021864691
0.00021820902
0.00021779015
0.00021739862
0.00021704305
0.00021673163
0.00021647238
0.00021627305
0.00021614103
0.00021608326
0.00021610587
0.00021621394
0.00021630072
0.00021618163
0.00021614335
0.00021619291
0.00021633522
0.00021657195
0.00021690055
0.00021731385
0.00021780032
0.00021834506
0.00021893111
0.00021954099
0.00022015792
0.00022076683
0.00022135487
0.00022191168
0.00022242935
0.00022290213
0.00022332603
0.00022369842
0.00022401821
0.00022428551
0.00022448062
0.00022365085
0.00022334758
0.00022304738
0.00022273256
0.00022240067
0.0002220504
0.00022167991
0.00022128887
0.00022087761
0.00022044746
0.00022000092
0.0002195418
0.00021907524
0.00021860774
0.00021814674
0.00021770143
0.00021728037
0.0002168928
0.00021654805
0.00021625476
0.00021602128
0.00021585555
0.00021576511
0.00021575699
0.00021583746
0.00021601157
0.00021609311
0.00021588796
0.00021576536
0.00021573585
0.00021580813
0.00021598742
0.00021627386
0.0002166617
0.00021713941
0.00021769085
0.000218297
0.00021893784
0.00021959403
0.00022024811
0.00022088521
0.00022149338
0.00022206348
0.00022258894
0.00022306525
0.0002234896
0.00022386075
0.00022417775
0.00022442244
0.00022328896
0.00022298985
0.00022268996
0.00022237233
0.00022203465
0.00022167577
0.00022129396
0.00022088906
0.00022046167
0.0002200135
0.00021954761
0.00021906849
0.0002185822
0.00021809633
0.00021761959
0.00021716243
0.00021673466
0.00021634658
0.00021600827
0.00021572894
0.00021551725
0.00021538134
0.00021532899
0.00021536749
0.00021550345
0.00021574226
0.00021582936
0.00021553373
0.00021532284
0.00021521128
0.00021521212
0.00021533469
0.00021558211
0.00021594992
0.0002164261
0.00021699255
0.00021762739
0.00021830739
0.00021901016
0.00021971555
0.00022040659
0.00022106975
0.00022169486
0.00022227467
0.00022280439
0.00022328117
0.00022370371
0.00022407086
0.00022436675
0.00022291128
0.00022261685
0.00022231834
0.00022199884
0.00022165617
0.0002212892
0.00022089629
0.00022047737
0.00022003322
0.00021956585
0.00021907878
0.00021857718
0.00021806802
0.00021756005
0.00021706335
0.00021658986
0.00021615081
0.0002157577
0.00021542151
0.00021515197
0.00021495808
0.00021484819
0.00021483034
0.00021491224
0.00021510115
0.00021540321
0.00021551098
0.00021511904
0.00021481425
0.00021461583
0.00021454214
0.00021460743
0.00021481832
0.0002151716
0.00021565413
0.00021624494
0.00021691822
0.00021764671
0.00021840431
0.00021916786
0.00021991817
0.00022064022
0.00022132297
0.00022195879
0.00022254285
0.00022307255
0.00022354676
0.00022396477
0.00022431252
0.00022251828
0.00022222922
0.0002219331
0.00022161273
0.00022126591
0.00022089148
0.00022048774
0.00022005466
0.00021959307
0.00021910521
0.00021859496
0.00021806812
0.00021753257
0.0002169983
0.00021647693
0.00021598214
0.00021552682
0.0002151239
0.00021478533
0.00021452139
0.0002143413
0.00021425359
0.00021426654
0.00021438847
0.00021462755
0.0002149912
0.00021513997
0.00021464446
0.00021423829
0.00021394615
0.00021379288
0.00021379895
0.00021397529
0.00021431996
0.00021481792
0.00021544401
0.00021616724
0.00021695515
0.00021777716
0.00021860673
0.00021942234
0.00022020759
0.00022095078
0.0002216442
0.00022228331
0.00022286596
0.00022339158
0.00022386032
0.0002242595
0.00022211196
0.00022182962
0.00022153708
0.00022121687
0.00022086675
0.00022048543
0.00022007111
0.00021962364
0.00021914383
0.00021863399
0.00021809826
0.00021754299
0.00021697698
0.00021641153
0.00021586005
0.00021533824
0.00021486106
0.00021444309
0.00021409735
0.00021383462
0.00021366422
0.00021359468
0.0002136345
0.00021379266
0.00021407861
0.00021450167
0.00021471791
0.00021410989
0.00021359267
0.00021319742
0.00021295707
0.00021290017
0.00021304331
0.00021338587
0.00021390985
0.00021458418
0.00021537088
0.00021623088
0.00021712825
0.00021803263
0.00021892011
0.0002197731
0.0002205796
0.00022133217
0.00022202689
0.0002226624
0.000223239
0.00022375787
0.00022420764
0.00022169403
0.00022141926
0.00022113138
0.0002208124
0.0002204599
0.00022007238
0.00021964782
0.00021918585
0.00021868707
0.00021815373
0.0002175901
0.00021700296
0.00021640198
0.00021579989
0.00021521214
0.00021465692
0.00021415169
0.00021371305
0.00021335522
0.00021308934
0.00021292456
0.00021286916
0.00021293167
0.0002131218
0.00021345063
0.00021393007
0.0002142477
0.00021351641
0.0002128759
0.00021236502
0.00021202695
0.00021190111
0.00021201172
0.00021235973
0.00021292256
0.00021366083
0.00021452718
0.00021547415
0.0002164594
0.00021744831
0.00021841466
0.00021934001
0.00022021247
0.00022102534
0.00022177576
0.00022246353
0.00022309014
0.00022365803
0.00022415708
0.00022126649
0.00022100117
0.00022071936
0.00022040281
0.00022004894
0.000219656
0.00021922163
0.00021874506
0.00021822658
0.00021766813
0.00021707394
0.00021645106
0.00021580996
0.00021516489
0.00021453367
0.00021393756
0.00021339719
0.0002129317
0.00021255661
0.00021228319
0.00021212
0.00021207461
0.00021215532
0.0002123725
0.00021273921
0.00021327073
0.00021373272
0.00021286541
0.00021208638
0.00021144344
0.00021099293
0.00021078909
0.00021086702
0.00021122953
0.00021184715
0.00021266871
0.00021363426
0.00021468568
0.00021577304
0.00021685717
0.00021790974
0.00021891196
0.0002198527
0.00022072656
0.00022153224
0.00022227114
0.00022294626
0.0002235615
0.00022410812
0.00022083198
0.00022057672
0.00022030208
0.00021998914
0.000219635
0.00021923755
0.00021879394
0.0002183029
0.00021776411
0.00021717904
0.0002165516
0.0002158889
0.00021520205
0.00021450689
0.00021382399
0.00021317846
0.00021259506
0.00021209614
0.00021169869
0.00021141372
0.00021124851
0.00021120924
0.00021130348
0.00021154209
0.00021194037
0.00021251793
0.00021317829
0.00021216008
0.00021122376
0.00021042743
0.00020984419
0.00020954909
0.00020959305
0.00020998142
0.00021067416
0.00021160328
0.00021269183
0.00021386828
0.00021507384
0.00021626465
0.00021741083
0.00021849404
0.00021950469
0.00022043946
0.00022129921
0.00022208738
0.00022280884
0.00022346915
0.00022406111
0.00022039148
0.00022014881
0.00021988313
0.00021957531
0.0002192223
0.00021882155
0.00021836964
0.00021786456
0.0002173052
0.0002166922
0.00021602884
0.00021532198
0.00021458313
0.00021382966
0.00021308533
0.00021238013
0.00021174436
0.00021120458
0.00021077948
0.00021047916
0.0002103086
0.00021027163
0.00021037435
0.00021062774
0.00021104955
0.00021166467
0.0002124848
0.000211405
0.00021028888
0.00020931169
0.00020856794
0.00020816219
0.00020816936
0.00020859838
0.00020939279
0.00021046036
0.00021170115
0.00021302681
0.00021436856
0.00021567813
0.00021692503
0.00021809255
0.00021917378
0.00022016836
0.00022108
0.00022191472
0.00022267957
0.00022338201
0.00022401652
0.00021995018
0.0002197202
0.00021946453
0.00021916316
0.00021881265
0.00021840988
0.0002179507
0.00021743218
0.00021685212
0.00021620999
0.000215508
0.00021475236
0.00021395458
0.00021313336
0.00021231608
0.00021153906
0.00021084011
0.00021025164
0.00020979425
0.00020947613
0.00020929836
0.00020926097
0.00020936754
0.0002096285
0.00021006396
0.00021070518
0.00021159218
0.00021060819
0.00020928518
0.00020809194
0.00020714954
0.00020660471
0.00020656988
0.00020705959
0.00020799118
0.00020923707
0.00021066613
0.00021216932
0.00021366702
0.00021510754
0.00021646144
0.00021771532
0.00021886637
0.0002199183
0.00022087847
0.00022175596
0.00022256038
0.00022330124
0.0002239749
0.00021950678
0.00021929284
0.00021904937
0.00021875641
0.00021841037
0.00021800754
0.00021754296
0.00021701255
0.00021641267
0.00021574118
0.00021499871
0.00021419017
0.00021332649
0.0002124272
0.00021152357
0.00021066006
0.000209885
0.00020923904
0.00020874502
0.0002084076
0.00020822157
0.00020818123
0.00020828636
0.00020854593
0.00020898209
0.00020963342
0.00021055294
0.00020978141
0.00020821965
0.00020676583
0.00020557231
0.0002048462
0.00020476031
0.000205339
0.00020645623
0.00020793258
0.00020959446
0.00021130798
0.0002129828
0.00021456588
0.00021603143
0.00021737174
0.00021858992
0.00021969503
0.00022069889
0.00022161419
0.00022245335
0.00022322814
0.00022393684
0.00021907205
0.00021887362
0.00021864339
0.00021836042
0.00021802063
0.00021761965
0.0002171515
0.00021661072
0.00021599189
0.00021529071
0.00021450552
0.00021363919
0.00021270119
0.00021171096
0.00021070363
0.00020973417
0.00020886609
0.00020815214
0.00020761808
0.00020726252
0.00020707033
0.00020702732
0.00020712784
0.00020737792
0.00020780061
0.00020844229
0.00020937175
0.00020894125
0.00020710452
0.00020533473
0.00020381805
0.00020284712
0.00020269437
0.00020340356
0.00020477407
0.00020654977
0.00020849941
0.00021046064
0.00021233422
0.00021406967
0.00021564883
0.00021707282
0.00021835289
0.00021950487
0.0002205459
0.00022149269
0.00022236071
0.00022316407
0.000223903
0.0002186375
0.00021845857
0.000218244
0.00021797326
0.00021764222
0.00021724588
0.00021677718
0.0002162291
0.00021559408
0.00021486509
0.00021403729
0.00021311052
0.00021209158
0.00021099826
0.00020986857
0.00020877078
0.0002077905
0.00020699873
0.00020642486
0.0002060571
0.00020586447
0.0002058204
0.00020591214
0.00020614128
0.00020652996
0.00020713276
0.00020803801
0.00020811336
0.00020596026
0.00020380693
0.00020186873
0.00020055565
0.0002003076
0.00020121092
0.00020293081
0.00020509779
0.00020740248
0.00020965274
0.00021174549
0.00021363955
0.00021533008
0.0002168311
0.00021816458
0.00021935459
0.00022042431
0.00022139483
0.00022228474
0.00022311044
0.00022387405
0.00021822599
0.00021806539
0.0002178676
0.00021761116
0.00021729153
0.00021690296
0.00021643719
0.00021588536
0.00021523736
0.00021448267
0.00021361218
0.00021262126
0.00021151246
0.00021029938
0.00020902038
0.00020775982
0.00020663641
0.00020574988
0.00020513479
0.00020476256
0.00020457751
0.000204536
0.00020461749
0.00020481793
0.00020515481
0.00020568904
0.00020653135
0.00020732637
0.00020481649
0.0002022029
0.00019971123
0.00019790465
0.00019750716
0.00019870638
0.00020091472
0.00020359649
0.00020633732
0.00020891988
0.00021124804
0.00021330067
0.00021509416
0.00021666038
0.00021803483
0.0002192511
0.00022033895
0.00022132392
0.00022222764
0.0002230686
0.00022385067
0.00021781696
0.00021767891
0.00021750027
0.0002172604
0.00021695495
0.00021657756
0.00021611874
0.00021556772
0.00021491159
0.00021413576
0.00021322569
0.00021217068
0.00021096724
0.00020962146
0.00020816662
0.00020670476
0.00020540471
0.00020441267
0.00020377006
0.0002034205
0.00020326809
0.00020324427
0.00020332044
0.00020348556
0.000203745
0.00020416163
0.00020487334
0.00020604011
0.00020373312
0.00020057029
0.00019735028
0.00019481287
0.00019415674
0.00019582047
0.00019872076
0.00020208367
0.00020535542
0.00020831104
0.00021088176
0.0002130828
0.00021496217
0.00021657522
0.00021797348
0.00021920104
0.0002202943
0.000221283
0.00022219142
0.00022303983
0.00022383347
0.00021746806
0.00021735085
0.00021719273
0.00021697236
0.00021668526
0.00021632442
0.00021587919
0.00021533683
0.00021468134
0.0002138934
0.00021295137
0.00021183587
0.00021053461
0.00020904159
0.00020737448
0.00020564942
0.00020411183
0.00020298643
0.00020232357
0.00020202234
0.00020192144
0.00020191784
0.00020198026
0.0002020963
0.00020224992
0.00020250003
0.00020301715
0.00020404788
0.00020277721
0.0001990013
0.00019484866
0.00019121045
0.00019006026
0.00019246948
0.00019635935
0.00020062691
0.00020453437
0.00020789251
0.000210696
0.00021301996
0.00021495652
0.00021658999
0.00021798972
0.00021921029
0.00022029419
0.00022127459
0.00022217776
0.00022302518
0.000223823
0.00021720041
0.00021710845
0.00021697477
0.00021677843
0.00021651524
0.00021617769
0.00021575393
0.00021522923
0.00021458439
0.00021379496
0.00021283097
0.00021166153
0.00021026299
0.00020861397
0.00020670098
0.00020463888
0.00020279058
0.00020152059
0.00020088654
0.00020071729
0.00020074094
0.00020080624
0.00020089048
0.00020099371
0.0002010526
0.00020109869
0.00020133229
0.00020206217
0.00020232363
0.00019782303
0.00019245204
0.0001871249
0.0001849593
0.00018857292
0.00019388288
0.00019934649
0.00020399074
0.00020775228
0.00021074971
0.00021314893
0.00021509924
0.00021671764
0.00021809111
0.00021928334
0.00022034134
0.00022130042
0.00022218782
0.00022302542
0.00022381969
0.00021725954
0.00021719569
0.00021709249
0.00021692795
0.00021669828
0.00021639567
0.00021600768
0.00021551821
0.00021490558
0.00021414084
0.00021318522
0.00021199277
0.00021052314
0.00020873583
0.00020656263
0.00020406857
0.00020178744
0.00020035075
0.00019980553
0.00019987918
0.00020010536
0.00020026574
0.00020036324
0.00020044936
0.00020036943
0.00020009282
0.00019988256
0.00020010172
0.00020118343
0.00019740091
0.00019066095
0.00018291673
0.00017861452
0.00018416418
0.0001914682
0.00019845304
0.00020389576
0.00020800295
0.00021110925
0.00021350606
0.00021540929
0.00021696771
0.00021828235
0.00021942251
0.00022043696
0.00022136122
0.00022222208
0.00022304092
0.00022382377
0.00021801691
0.00021798806
0.00021792995
0.00021781538
0.00021764059
0.00021739771
0.00021707422
0.00021665325
0.00021611102
0.00021541412
0.00021451395
0.00021334404
0.00021183687
0.00020993093
0.00020748657
0.00020441534
0.00020147791
0.00019988178
0.00019958093
0.00020017765
0.00020082176
0.00020120645
0.00020138403
0.0002015822
0.00020150166
0.00020093328
0.00020031545
0.00019986124
0.00020080801
0.00019976212
0.00019129699
0.00018002135
0.00017094791
0.00017965789
0.00018947933
0.00019827188
0.00020448876
0.00020878074
0.00021184203
0.00021412137
0.0002158986
0.00021734407
0.00021856403
0.00021962726
0.00022058035
0.00022145643
0.00022228027
0.00022307161
0.00022383532
0.00022066376
0.00022071194
0.00022074179
0.00022072123
0.00022064839
0.00022051632
0.00022031371
0.00022002466
0.00021962542
0.00021908116
0.00021833801
0.00021731139
0.00021589835
0.0002140161
0.00021146408
0.00020778634
0.00020388368
0.00020236606
0.0002027248
0.00020450462
0.00020600935
0.00020691028
0.00020732223
0.00020797707
0.00020832165
0.00020732404
0.00020618937
0.00020432515
0.00020496016
0.00020348415
0.00019650001
0.0001811822
0.00016222072
0.00017630854
0.00018869763
0.00019949693
0.00020614909
0.00021024637
0.00021300404
0.00021500913
0.00021656677
0.0002178422
0.00021893131
0.00021989362
0.00022076857
0.00022158411
0.00022236123
0.00022311694
0.00022385413
0.00022642314
0.00022656631
0.00022672901
0.00022685666
0.00022694703
0.00022699522
0.00022699406
0.00022693269
0.00022679279
0.00022654466
0.00022613727
0.00022547272
0.00022438815
0.0002227188
0.00022022034
0.00021576663
0.00020956603
0.00020824664
0.00020948512
0.00021348537
0.00021646287
0.00021835336
0.00021896639
0.00022040505
0.00022210364
9.3007829e-05
9.543362e-05
9.7691774e-05
9.9882217e-05
0.00010288238
9.4463722e-05
8.620456e-05
0.00010657295
0.00017933367
0.00019343355
0.00020412705
0.00020945439
0.00021253457
0.00021460549
0.000216152
0.0002173947
0.00021844686
0.00021937312
0.00022021387
0.00022099645
0.00022174091
0.00022246291
0.00022317581
0.00022387979
0.00023924599
0.00023969364
0.00024019461
0.00024068081
0.00024116134
0.00024164031
0.00024212252
0.00024261172
0.00024310675
0.00024359684
0.00024404927
0.00024437131
0.00024434216
0.00024362571
0.00024200545
0.00023807378
0.00022682285
0.00022935533
0.00023549225
0.00025021178
0.00026144237
0.00027023529
0.00012828183
0.00016688336
0.00032275359
0.00046159732
0.00049956686
0.00049956686
0.00049956686
0.00049956686
0.00049956686
0.0004503124
0.00033649835
6.8075282e-05
0.00021297387
0.00021346093
0.00021437882
0.00021549441
0.00021653646
0.00021748113
0.00021833987
0.00021913132
0.00021987232
0.00022057687
0.00022125674
0.00022192219
0.0002225825
0.00022324666
0.00022391166
0.0002642694
0.00026527791
0.0002664316
0.00026762809
0.00026888793
0.00027023572
0.00027170558
0.00027334051
0.00027519368
0.00027733257
0.0002798436
0.00028282416
0.00028637552
0.00029054964
0.00029518238
0.00030234034
0.00027345931
0.00030501277
0.00035660022
0.00037255361
0.0002782292
0.00031972302
0.00049956686
0.00049956686
0.00049956686
0.00049956686
0.00049956686
0.00049956686
0.00049956686
0.00049956686
0.00041263392
0.00041826933
0.00010203819
0.00026659032
0.00023114003
0.00022209704
0.00021927531
0.00021853487
0.00021855429
0.00021888181
0.00021934148
0.00021986051
0.00022040744
0.00022096904
0.0002215407
0.00022212237
0.00022271655
0.00022332755
0.00022394887
0.00030195462
0.00030409709
0.00030622723
0.00030842971
0.00031077904
0.00031334804
0.00031622268
0.00031951623
0.00032338812
0.00032808197
0.00033399398
0.00034169988
0.00035173253
0.00036474728
0.00038492201
0.00040157948
0.00025703187
0.00025319384
0.00026338239
0.00048920769
0.00047849411
0.00048855199
0.00047869855
0.00047372164
0.00047746533
0.00045865802
0.00045171925
0.00045351615
0.00044093604
0.00043652043
0.00010691823
0.00010767071
0.00021977618
0.00025235683
0.00023694831
0.00022741066
0.00022311582
0.00022121905
0.00022044941
0.00022024473
0.00022033822
0.00022059795
0.00022095584
0.00022137585
0.00022183888
0.00022233531
0.00022286119
0.00022341625
0.00022399043
0.00028856446
0.00028908269
0.00028927255
0.00028945903
0.00028964421
0.00028986004
0.00029013253
0.00029049853
0.00029101101
0.00029174757
0.00029283036
0.00029387562
0.00029481465
0.00029557281
0.00029293078
0.000102929
0.00037622812
0.00047082267
0.00047253709
0.0004938369
0.00048613824
0.00048245081
0.00012420998
0.00012127925
0.00010077008
0.0001000541
0.00010062897
0.00010197278
0.00010292722
0.00010452157
0.00020120884
0.00020767805
0.00021808278
0.0002390156
0.0002396301
0.00023076143
0.00022595778
0.000223417
0.00022210833
0.00022149282
0.00022128033
0.00022131151
0.00022149646
0.00022178333
0.00022214193
0.00022255482
0.00022301243
0.00022351038
0.00022403524
0.00022327497
0.00022310719
0.00022281883
0.00022254014
0.00022227889
0.00022205223
0.00022187615
0.00022177398
0.00022177805
0.00022193322
0.00022230446
0.0002220943
0.00022116295
0.00021941659
0.00021672838
0.00021314638
9.5859238e-05
9.9101747e-05
9.9869031e-05
9.9773851e-05
0.00010014959
0.00010017635
0.00021253985
0.00021081367
0.00020892982
0.00020554379
0.00020443533
0.00020387895
0.00020210796
0.00020212614
0.00020330656
0.0002090127
0.00021823612
0.00023217533
0.00023802121
0.00023248198
0.00022785743
0.00022508944
0.00022347612
0.00022257923
0.00022213281
0.00022197625
0.00022201177
0.00022217923
0.00022244133
0.00022277503
0.00022316637
0.00022360756
0.00022408215
0.00021926625
0.00021934614
0.00021947251
0.00021960787
0.00021976345
0.00021995138
0.00022018426
0.00022047815
0.00022085235
0.00022132969
0.0002218642
0.00022156876
0.00022081331
0.00021957733
0.00021780347
0.00021498943
0.00021250666
0.00021402891
0.00021587916
0.00021421457
0.0002123815
0.00021121567
0.00021005902
0.00020833718
0.00020730335
0.0002056859
0.00020477972
0.0002042053
0.00020347947
0.00020394823
0.0002059322
0.00021088843
0.00021854819
0.00022810784
0.0002338314
0.0002331821
0.00022902065
0.00022628601
0.00022454838
0.00022348497
0.00022287576
0.00022257534
0.00022248866
0.00022255366
0.00022272981
0.00022299071
0.00022331943
0.00022370554
0.00022413006
0.0002178894
0.00021796897
0.00021809431
0.00021823306
0.00021838809
0.00021856695
0.00021877817
0.00021903284
0.00021934348
0.0002197238
0.00021997926
0.0002194872
0.00021872906
0.00021765469
0.0002162274
0.00021439179
0.00021326096
0.00021411257
0.00021527034
0.00021349512
0.00021190181
0.00021068264
0.00020952602
0.000208311
0.00020735619
0.0002062972
0.00020564683
0.00020528622
0.00020521186
0.00020608757
0.0002083311
0.00021262014
0.00021875896
0.00022561444
0.00023029984
0.00023231265
0.0002296274
0.0002270814
0.00022534763
0.00022421042
0.00022350167
0.00022309953
0.00022291849
0.00022289938
0.0002230016
0.0002231975
0.00022346846
0.00022380225
0.00022417792
0.00021721112
0.00021733208
0.0002174718
0.00021762284
0.00021779114
0.00021798313
0.00021820498
0.00021846421
0.00021876783
0.00021912124
0.00021921487
0.00021877174
0.00021812017
0.00021723013
0.00021608129
0.00021482204
0.00021419519
0.00021469884
0.00021503895
0.00021341152
0.00021201398
0.00021086201
0.00020980448
0.00020882293
0.00020800284
0.00020726726
0.00020684867
0.00020673385
0.00020702994
0.00020812295
0.00021033518
0.00021399231
0.00021887057
0.00022400934
0.00022786292
0.00023021852
0.00022984665
0.00022755956
0.0002259109
0.0002247686
0.00022401226
0.00022354581
0.00022329668
0.00022321171
0.00022325257
0.000223392
0.00022361085
0.00022389592
0.0002242248
0.00021692185
0.00021699493
0.00021711093
0.00021724609
0.00021739851
0.00021757172
0.00021776952
0.00021799678
0.00021825741
0.00021855289
0.00021852319
0.0002181337
0.00021760118
0.00021691401
0.00021608471
0.00021529056
0.00021497707
0.00021536534
0.00021499575
0.00021359463
0.00021236921
0.00021132266
0.00021038918
0.00020956876
0.00020889438
0.00020837621
0.0002081354
0.00020820834
0.00020871204
0.00020988759
0.00021195289
0.00021505055
0.00021895088
0.00022294334
0.00022613908
0.00022830367
0.00022930036
0.00022779415
0.00022627866
0.000225179
0.00022441528
0.00022391581
0.00022362199
0.00022348824
0.00022348003
0.00022357173
0.00022374459
0.0002239851
0.00022426992
0.00021677921
0.00021689221
0.00021701775
0.00021715345
0.0002173033
0.00021747037
0.00021765636
0.00021786312
0.00021809072
0.00021833599
0.00021824904
0.00021790035
0.00021744813
0.00021689705
0.00021628717
0.00021577736
0.0002156349
0.00021596282
0.00021504856
0.00021385922
0.00021279601
0.00021186999
0.0002110608
0.00021037601
0.00020983849
0.0002094808
0.00020937822
0.00020958332
0.00021019749
0.00021137675
0.00021325699
0.00021588273
0.00021904245
0.00022223338
0.00022490807
0.00022685657
0.00022809
0.00022785098
0.00022649051
0.00022546374
0.00022472195
0.00022421435
0.00022389569
0.00022372842
0.00022368264
0.00022373512
0.00022386822
0.00022406865
0.00022431264
0.00021670591
0.00021677603
0.00021688244
0.00021700571
0.00021714337
0.00021729652
0.00021746535
0.00021765007
0.00021784877
0.00021805598
0.00021796818
0.000217683
0.00021732707
0.0002169135
0.00021649066
0.00021618344
0.0002161567
0.00021618165
0.00021514071
0.00021413967
0.00021322845
0.00021242682
0.00021173729
0.0002111732
0.00021075728
0.00021052506
0.00021053098
0.00021082763
0.00021149507
0.00021263497
0.00021432533
0.00021655985
0.00021915728
0.00022176448
0.00022402355
0.00022576024
0.00022694897
0.00022750551
0.00022658064
0.00022564459
0.00022494493
0.00022444814
0.0002241208
0.00022393315
0.00022386012
0.00022388136
0.00022398079
0.00022414578
0.00022435249
0.00021665263
0.00021674417
0.00021685098
0.0002169671
0.0002170941
0.00021723294
0.00021738275
0.00021754234
0.00021770835
0.00021787403
0.00021779682
0.00021755891
0.0002172765
0.00021696852
0.00021668268
0.0002165126
0.0002165636
0.0002161093
0.00021525406
0.00021441757
0.00021364666
0.00021296633
0.0002123904
0.00021193619
0.00021162717
0.00021149652
0.00021158715
0.00021194534
0.00021263123
0.00021370992
0.00021522093
0.00021713371
0.00021929934
0.00022146736
0.00022339226
0.00022493372
0.00022605188
0.00022677675
0.00022657921
0.00022574182
0.00022509711
0.00022462482
0.00022430148
0.00022410433
0.00022401305
0.00022401032
0.00022408185
0.00022421598
0.00022438911
0.0002166205
0.00021668717
0.00021678213
0.00021688948
0.00021700704
0.00021713451
0.00021727001
0.00021741135
0.00021755418
0.00021769103
0.00021764806
0.00021746003
0.00021724614
0.00021702749
0.00021684686
0.00021677386
0.00021670986
0.00021608851
0.00021538619
0.00021469264
0.00021404933
0.00021348312
0.00021301305
0.00021265865
0.00021244316
0.00021239613
0.00021255247
0.00021295026
0.00021363307
0.00021464109
0.00021598943
0.00021763801
0.000219467
0.0002212957
0.00022294916
0.00022431568
0.00022535201
0.00022606776
0.00022637969
0.00022577298
0.00022519061
0.00022475224
0.00022444245
0.00022424459
0.00022414267
0.00022412236
0.00022417131
0.000224279
0.00022442233
0.00021659669
0.00021666911
0.00021675953
0.00021685807
0.0002169644
0.00021707814
0.00021719698
0.00021731826
0.00021743731
0.00021754675
0.00021753783
0.00021739146
0.0002172337
0.00021708551
0.00021698322
0.0002169515
0.00021664407
0.00021610975
0.00021553545
0.00021496625
0.00021443802
0.00021397714
0.00021360446
0.00021334012
0.00021320627
0.00021322864
0.00021343569
0.00021385748
0.00021452449
0.00021545991
0.00021666415
0.00021809538
0.00021965792
0.00022121879
0.00022264957
0.0002238615
0.00022481306
0.00022550247
0.00022595404
0.00022575333
0.00022523654
0.00022483801
0.00022454868
0.00022435692
0.00022425062
0.00022421826
0.00022424942
0.00022433483
0.00022445205
0.0002165858
0.00021664593
0.00021672855
0.00021681966
0.00021691733
0.00021702058
0.00021712667
0.00021723261
0.00021733363
0.00021742275
0.00021744898
0.00021733987
0.00021722936
0.0002171371
0.00021709324
0.00021696836
0.00021660055
0.00021616571
0.00021570012
0.00021523948
0.00021481442
0.00021444956
0.00021416564
0.00021398222
0.00021391964
0.00021399996
0.00021424619
0.00021468124
0.00021532559
0.00021619097
0.0002172694
0.00021852109
0.00021986967
0.00022121532
0.00022246154
0.00022353762
0.00022440595
0.0002250588
0.00022550991
0.00022566434
0.00022524461
0.00022488926
0.00022462506
0.00022444452
0.00022433886
0.0002242991
0.00022431668
0.00022438362
0.00022447828
0.00021658213
0.00021664081
0.00021671783
0.00021680116
0.00021688946
0.00021698173
0.00021707509
0.00021716655
0.00021725156
0.00021732378
0.00021736694
0.00021730088
0.00021722869
0.00021717975
0.00021711423
0.00021689995
0.00021659952
0.00021624939
0.00021587735
0.00021551196
0.00021517921
0.00021490135
0.00021469787
0.00021458698
0.00021458683
0.000214716
0.00021499277
0.00021543403
0.00021605279
0.00021685313
0.00021782267
0.00021892529
0.00022009977
0.0002212698
0.00022236147
0.00022331824
0.00022410714
0.00022471775
0.00022515706
0.0002254432
0.0002252232
0.00022491239
0.00022467627
0.00022451063
0.00022440948
0.00022436611
0.00022437374
0.00022442567
0.00022450113
0.00021658697
0.00021663919
0.00021671039
0.00021678721
0.00021686781
0.00021695102
0.00021703394
0.00021711367
0.00021718604
0.0002172455
0.00021728497
0.00021726901
0.00021722798
0.00021717786
0.00021706204
0.00021687264
0.00021663159
0.00021635485
0.00021606426
0.00021578293
0.00021553282
0.0002153336
0.0002152029
0.00021515712
0.000215212
0.00021538291
0.00021568399
0.00021612722
0.00021672006
0.00021746159
0.00021833747
0.00021931567
0.00022034681
0.00022137158
0.00022233252
0.00022318427
0.00022389848
0.00022446399
0.00022488365
0.00022517002
0.00022517963
0.00022491324
0.00022470671
0.0002245584
0.00022446464
0.00022442069
0.0002244214
0.00022446136
0.00022452074
0.00021659774
0.00021664669
0.00021671291
0.00021678347
0.00021685669
0.00021693146
0.00021700496
0.00021707455
0.00021713653
0.00021718617
0.00021721772
0.0002172245
0.00021719933
0.00021713539
0.00021702774
0.00021687687
0.00021668875
0.00021647644
0.00021625751
0.00021605085
0.00021587495
0.00021574687
0.00021568213
0.00021569505
0.00021579892
0.00021600611
0.00021632723
0.00021677024
0.00021733848
0.00021802786
0.00021882345
0.00021969722
0.00022060903
0.00022151214
0.00022236135
0.00022312015
0.0002237646
0.00022428389
0.0002246785
0.00022495722
0.00022509778
0.00022489673
0.00022472031
0.0002245908
0.00022450645
0.00022446423
0.00022446049
0.00022449112
0.00022453727
0.00021661389
0.00021665887
0.00021672061
0.0002167858
0.0002168527
0.00021692025
0.00021698581
0.00021704704
0.00021710079
0.00021714319
0.00021716971
0.00021717531
0.00021715489
0.00021710403
0.00021702012
0.00021690506
0.00021676452
0.00021660942
0.00021645417
0.00021631431
0.00021620537
0.00021614191
0.00021613726
0.00021620353
0.00021635163
0.00021659115
0.00021692962
0.00021737175
0.00021791784
0.00021856176
0.00021928878
0.00022007449
0.00022088597
0.000221686
0.00022243871
0.00022311469
0.00022369401
0.00022416691
0.0002245327
0.00022479767
0.00022497275
0.00022486757
0.00022472088
0.00022461077
0.00022453706
0.00022449819
0.00022449189
0.00022451536
0.00022455087
0.00021663424
0.00021667625
0.00021673409
0.00021679444
0.00021685566
0.00021691681
0.00021697547
0.0002170297
0.00021707688
0.00021711398
0.00021713758
0.0002171441
0.00021713015
0.00021709323
0.00021703242
0.00021695059
0.00021685309
0.00021674925
0.00021665109
0.00021657147
0.00021652335
0.00021651896
0.00021656946
0.00021668476
0.00021687345
0.00021714257
0.00021749698
0.00021793869
0.0002184657
0.00021907058
0.00021973918
0.00022045022
0.00022117651
0.00022188814
0.0002225565
0.00022315799
0.00022367631
0.00022410311
0.00022443737
0.00022468387
0.00022485143
0.00022482914
0.00022471128
0.00022462059
0.00022455817
0.00022452378
0.00022451631
0.00022453437
0.00022456161
0.00021665758
0.00021669708
0.00021675164
0.00021680785
0.00021686414
0.00021691975
0.00021697253
0.00021702091
0.00021706287
0.00021709614
0.00021711835
0.00021712716
0.00021712067
0.00021709787
0.00021705915
0.00021700805
0.00021694967
0.00021689215
0.00021684563
0.00021682081
0.00021682842
0.00021687854
0.00021698022
0.00021714126
0.000217368
0.00021766516
0.00021803518
0.00021847784
0.00021898933
0.00021956134
0.00022018042
0.00022082794
0.00022148127
0.00022211624
0.00022271001
0.00022324381
0.00022370462
0.00022408577
0.00022438643
0.00022461062
0.00022476577
0.00022478572
0.00022469525
0.00022462332
0.00022457215
0.00022454264
0.00022453473
0.00022454842
0.00022456939
0.00021668304
0.0002167207
0.00021677256
0.00021682519
0.00021687715
0.00021692788
0.00021697554
0.00021701895
0.00021705664
0.00021708709
0.00021710885
0.00021712071
0.00021712199
0.00021711294
0.000217095
0.00021707223
0.00021704953
0.00021703414
0.00021703474
0.00021706022
0.00021711939
0.00021722035
0.00021737016
0.00021757456
0.00021783779
0.00021816235
0.00021854853
0.00021899415
0.00021949387
0.00022003876
0.00022061602
0.00022120921
0.00022179936
0.00022236689
0.00022289366
0.00022336504
0.00022377102
0.00022410671
0.00022437197
0.00022457057
0.00022470913
0.0002247386
0.00022467376
0.00022461957
0.00022457925
0.00022455474
0.00022454688
0.00022455684
0.00022457342
0.00021670846
0.00021674554
0.00021679541
0.00021684503
0.00021689318
0.0002169396
0.00021698273
0.00021702009
0.00021704701
0.00021706985
0.00021708932
0.0002171068
0.00021712448
0.00021713396
0.0002171353
0.00021713852
0.00021714844
0.00021717163
0.00021721559
0.00021728774
0.00021739517
0.00021754419
0.00021773997
0.00021798631
0.00021828538
0.00021863765
0.00021904138
0.00021949257
0.00021998457
0.00022050787
0.00022105016
0.0002215968
0.00022213177
0.00022263922
0.000223105
0.00022351805
0.00022387122
0.00022416153
0.00022438981
0.00022456002
0.00022467843
0.00022469202
0.00022465085
0.00022461304
0.00022458264
0.00022456264
0.00022455461
0.00022456022
0.00022457256
0.00021675264
0.00021678361
0.00021682807
0.00021687127
0.00021691195
0.00021694997
0.0002169842
0.00021701277
0.00021703193
0.00021704917
0.00021706667
0.00021708751
0.00021711579
0.00021714501
0.0002171769
0.00021721019
0.00021724953
0.00021730784
0.00021739169
0.00021750724
0.00021766009
0.00021785491
0.00021809508
0.00021838252
0.00021871744
0.00021909831
0.00021952147
0.00021998118
0.00022046947
0.00022097621
0.00022148939
0.00022199575
0.00022248169
0.00022293448
0.00022334339
0.00022370064
0.00022400182
0.00022424598
0.00022443521
0.00022457402
0.00022464631
0.00022464747
0.00022462726
0.00022460352
0.00022458107
0.00022456398
0.00022455487
0.00022455496
0.00022456056
0.00021932762
0.00021931133
0.00021930077
0.00021928708
0.00021926987
0.00021924937
0.00021922472
0.00021919612
0.00021916397
0.00021912921
0.00021909342
0.00021905902
0.00021902928
0.0002190084
0.00021900122
0.00021900142
0.0002190141
0.00021905229
0.00021912208
0.00021922865
0.00021937634
0.00021956823
0.00021980596
0.00022008944
0.0002204168
0.00022078426
0.00022118594
0.00022161402
0.00022205878
0.00022250895
0.00022295224
0.0002233761
0.0002237687
0.00022411991
0.00022442208
0.00022467058
0.00022486392
0.00022500352
0.00022509324
0.00022513867
0.00022512418
0.00022507877
0.00022501718
0.0002249456
0.0002248696
0.0002247942
0.00022472351
0.00022465886
0.00022458783
0.000317335
0.00021992034
0.00019316875
0.000186341
0.00019246749
0.00021485581
0.00025703187
0.00022289009
0.00018931686
0.00015983286
0.00041786644
0.00026338239
0.00023434778
0.00023639012
0.00025780634
0.00030363431
0.00038136145
0.00022059907
0.00015771103
0.00012853239
0.00045427091
0.00029543978
0.00025622074
0.00025382755
0.00027204473
0.00031307085
0.00034789027
0.00020205195
0.00014886756
0.00012369798
0.00045124395
0.00031360677
0.00027279586
0.00026660887
0.00028047941
0.0003130116
0.00029533251
0.00018305801
0.00013956442
0.00011810348
0.00044449611
0.00032537446
0.00028467328
0.00027971626
0.00029330244
0.00032576472
0.00025254666
0.0001670363
0.00013161698
0.00011337969
0.00041437386
0.00031992195
0.0002812445
0.0002821528
0.00030523543
0.00037255361
0.00022059817
0.00015463745
0.0001254428
0.00010989602
0.00040534922
0.00033042159
0.00029023545
0.0002891068
0.00031231374
0.00036210248
0.00019726154
0.00014503566
0.00012050856
0.00010735322
0.00040534674
0.00032982129
0.00028542183
0.0002782292
0.00029373911
0.00028298755
0.00017699241
0.00013566357
0.00011530413
0.00010422414
0.00030588713
0.00021596275
0.0001419466
0.00011436577
0.00010138013
9.4699306e-05
9.1262359e-05
8.9626808e-05
8.9008069e-05
8.8859037e-05
0.00037869865
0.00031071394
0.00027912738
0.00028625544
0.00034361979
0.00020646337
0.00014704535
0.00012082755
0.00010700054
9.935393e-05
0.00037133828
0.00031972302
0.00029447817
0.000308146
0.00032475715
0.00018262928
0.00013702083
0.00011527981
0.00010355961
9.7002934e-05
0.00037134393
0.00031886648
0.0002907721
0.00029322895
0.00025054383
0.00016336005
0.00012800725
0.00011031569
0.0001006567
9.5310576e-05
0.0003524486
0.00030302172
0.00029859342
0.00033990884
0.00021101238
0.00014703874
0.00012005856
0.00010595997
9.8126451e-05
9.3791955e-05
0.0003270421
0.00028919832
0.00029643167
0.00033029265
0.0001858939
0.00013705528
0.00011463942
0.00010273208
9.6152238e-05
9.2534301e-05
0.00032704552
0.00030148936
0.0003158028
0.00026608066
0.00016606949
0.00012828183
0.00010981841
9.9913482e-05
9.4524152e-05
9.1746698e-05
0.00032781668
0.00031026176
0.00034297603
0.00021451818
0.00014769449
0.00011955321
0.00010513783
9.7266275e-05
9.2998019e-05
9.081711e-05
0.00031370251
0.00029983141
0.00034038299
0.00018728936
0.00013614778
0.00011343434
0.00010162138
9.5200993e-05
9.1791927e-05
9.0092028e-05
0.00031370628
0.00030265436
0.00028010325
0.00016688336
0.00012729971
0.00010862743
9.8828494e-05
9.3575041e-05
9.0891797e-05
8.970172e-05
0.00032420056
0.0003071484
0.00022540224
0.00014883381
0.00011885305
0.00010415242
9.6353245e-05
9.2213432e-05
9.016716e-05
8.9285709e-05
0.00033733438
0.00035122556
0.0001924136
0.00013595762
0.000112575
0.00010080764
9.4539564e-05
9.1256232e-05
8.968798e-05
8.9022199e-05
0.00030768843
0.00032275359
0.00017443063
0.00012885456
0.00010894772
9.8823311e-05
9.3467837e-05
9.0721575e-05
8.9472217e-05
8.9013474e-05
0.00030587709
0.00026892824
0.00015946495
0.00012250178
0.00010562473
9.6985584e-05
9.2463343e-05
9.0205648e-05
8.9239888e-05
8.8933819e-05
0.00040830009
0.00033717893
0.00030075597
0.00029823683
0.00031714309
0.00023857692
0.000159316
0.00012711643
0.00011051925
0.00010117519
0.00031016953
0.00022122587
0.00022579672
0.00024471117
0.00027880473
0.0003437384
0.00046670098
0.00031168146
0.00020984271
0.00015966143
0.00037272382
0.00024052409
0.0002182642
0.00022286666
0.00024473154
0.00028948908
0.0003766614
0.00023791526
0.00016723572
0.00013448324
0.00031017368
0.00021835653
0.00022132678
0.00023007576
0.00024940675
0.00029115545
0.00035333784
0.000259631
0.00019940642
0.00016235625
0.00031107844
0.00021669328
0.00021261305
0.00022569505
0.00025319384
0.00030596098
0.00039575284
0.00027231789
0.00018907751
0.00014817512
0.00033339122
0.00022352176
0.00021018582
0.00021829275
0.0002414806
0.00028679516
0.00037374671
0.00025415585
0.00017691565
0.00013992457
0.00015493569
0.00011781503
0.00010203819
9.4447896e-05
9.0978719e-05
8.996058e-05
9.0584973e-05
9.2417458e-05
9.5212606e-05
9.8860149e-05
0.00013133859
0.00012140653
0.00011278855
0.00010684951
0.00010315564
0.00010121142
0.00010064879
0.00010120817
0.00010271227
0.00010506843
0.00034938105
0.00018226549
0.00012893574
0.00010803994
9.8091952e-05
9.3007829e-05
9.0461903e-05
8.9326197e-05
8.8976735e-05
8.8938876e-05
0.00035731781
0.00016622946
0.0001226792
0.00010496861
9.6522543e-05
9.2228698e-05
9.0110948e-05
8.9198221e-05
8.8947963e-05
8.8927451e-05
0.00030384968
0.00015622368
0.00011917137
0.00010353735
9.6004441e-05
9.2140492e-05
9.0225264e-05
8.9397592e-05
8.9170668e-05
8.9149805e-05
0.00026457117
0.00014570144
0.00011520976
0.00010193073
9.543362e-05
9.2042259e-05
9.0337424e-05
8.9588527e-05
8.9364353e-05
8.9278374e-05
0.00023673851
0.00013784417
0.00011193828
0.00010046146
9.4824583e-05
9.1855604e-05
9.0358431e-05
8.9711831e-05
8.9542494e-05
8.9496777e-05
0.00021556179
0.0001312172
0.00010904305
9.9044519e-05
9.4122666e-05
9.1519276e-05
9.0214334e-05
8.9674794e-05
8.9568527e-05
8.9537636e-05
0.00019884841
0.00012562615
0.00010646468
9.7691774e-05
9.336975e-05
9.1082563e-05
8.9948085e-05
8.9504995e-05
8.9456422e-05
8.9458745e-05
0.00018523143
0.00012080418
0.00010412742
9.6383482e-05
9.2568747e-05
9.0560561e-05
8.958379e-05
8.922982e-05
8.9202539e-05
8.9104378e-05
0.00017375924
0.00011652243
0.00010193138
9.507255e-05
9.1701084e-05
8.9955686e-05
8.9150032e-05
8.8933151e-05
8.9045461e-05
8.9146005e-05
0.00016390055
0.00011270455
9.9882217e-05
9.3789612e-05
9.0800517e-05
8.9289249e-05
8.8635675e-05
8.8527859e-05
8.8714902e-05
8.884506e-05
0.00015515362
0.00010916852
9.7872378e-05
9.246796e-05
8.9829326e-05
8.8549828e-05
8.8062277e-05
8.8087203e-05
8.8380796e-05
8.8586527e-05
0.00014736057
0.00010596821
9.5993864e-05
9.1205408e-05
8.8878925e-05
8.7815695e-05
8.7494583e-05
8.7667424e-05
8.8108866e-05
8.8458786e-05
0.00014016104
0.00010288238
9.4057512e-05
8.9835379e-05
8.7800946e-05
8.6948467e-05
8.67938e-05
8.7108799e-05
8.7683418e-05
8.8181244e-05
0.00013344288
9.9973817e-05
9.2173891e-05
8.8498086e-05
8.6763711e-05
8.614468e-05
8.6191393e-05
8.6681472e-05
8.7383845e-05
8.7862419e-05
0.00012706643
9.7184006e-05
9.0304348e-05
8.716503e-05
8.5748616e-05
8.539477e-05
8.5697944e-05
8.6458366e-05
8.7485886e-05
8.8428025e-05
0.0001209007
9.4463722e-05
8.8411271e-05
8.5800821e-05
8.4726328e-05
8.4667721e-05
8.5259915e-05
8.6298549e-05
8.7562569e-05
8.8606141e-05
0.00011466936
9.1639358e-05
8.636833e-05
8.4325335e-05
8.3681534e-05
8.402224e-05
8.5028458e-05
8.6501997e-05
8.8233131e-05
8.9787623e-05
0.00010820944
8.8754543e-05
8.4352226e-05
8.3010788e-05
8.297003e-05
8.3876149e-05
8.5451286e-05
8.7497089e-05
8.9800684e-05
9.1944324e-05
0.00010171001
8.620456e-05
8.2888731e-05
8.2428532e-05
8.3182333e-05
8.4847291e-05
8.7202816e-05
9.005803e-05
9.3154777e-05
9.5904497e-05
9.5396123e-05
8.4277146e-05
8.2288814e-05
8.2919654e-05
8.4789515e-05
8.7663634e-05
9.1389226e-05
9.5802791e-05
0.0001006642
0.0001054905
8.8390222e-05
8.2335598e-05
8.27078e-05
8.5799085e-05
9.0536761e-05
9.6692802e-05
0.00010408254
0.0001121423
0.00011768014
0.0001203581
8.3130496e-05
8.7517293e-05
9.7481187e-05
0.00010470506
0.00010657295
0.00010849083
0.0001108917
0.0001139006
0.00011744285
0.00012117368
7.9926985e-05
7.3837873e-05
6.8996736e-05
6.7084045e-05
6.7147525e-05
6.8551494e-05
7.0940564e-05
7.4101193e-05
7.7882683e-05
8.2163299e-05
0.00010306702
7.4908637e-05
6.5877604e-05
6.2704593e-05
6.2195358e-05
6.3212159e-05
6.5254961e-05
6.8075282e-05
7.1537473e-05
7.5584628e-05
6.49206e-05
9.1373981e-05
0.00011219162
0.0001347308
0.00016741422
0.00021906451
0.00023770373
0.00025813147
0.00024627328
9.2785238e-05
9.7622818e-05
0.0001030844
0.00011463816
0.00013354637
0.00016355722
0.00019666002
0.00024140339
0.00030708115
0.00012156355
0.00011752201
0.00011299081
0.00010954893
0.00010708911
0.00010553697
0.00010482815
0.00010489759
0.00010568474
0.00010712157
0.00011637817
0.00011387328
0.00011120677
0.00010925282
0.00010780122
0.00010687095
0.00010646667
0.00010658115
0.00010719835
0.00010825141
0.00011344623
0.00011127178
0.00010964082
0.00010853686
0.00010767071
0.00010713561
0.00010694978
0.00010710531
0.00010756504
0.0001082033
0.00011166901
0.00010920402
0.00010816287
0.00010756035
0.00010704527
0.00010675829
0.0001067039
0.00010685989
0.00010714227
0.00010732865
0.00011057026
0.00010757908
0.00010691823
0.00010663907
0.00010637384
0.0001063024
0.00010641665
0.00010671092
0.00010713719
0.00010756792
0.00010994829
0.00010634152
0.000105948
0.0001058748
0.00010577238
0.00010584764
0.00010607085
0.00010643556
0.00010687204
0.00010726045
0.00010963166
0.00010531379
0.00010508733
0.0001051241
0.00010510716
0.00010525184
0.00010550114
0.00010584231
0.00010616863
0.00010629578
0.0001095306
0.00010446201
0.00010434902
0.00010444605
0.00010448168
0.00010467045
0.00010493551
0.00010527189
0.00010556664
0.00010566207
0.00010951509
0.00010370387
0.00010373776
0.00010388301
0.00010397361
0.00010421604
0.00010452157
0.0001048995
0.00010523914
0.00010541187
0.00010956944
0.00010306641
0.00010331664
0.00010349354
0.00010362206
0.00010389417
0.00010421203
0.00010459349
0.00010491286
0.00010503254
0.00010980306
0.00010254459
0.00010287853
0.00010306254
0.00010321477
0.00010350087
0.00010381418
0.0001041764
0.0001044425
0.00010445446
0.00011012266
0.00010214306
0.0001025674
0.00010275416
0.00010292722
0.00010322596
0.00010354461
0.0001039187
0.00010420549
0.00010430045
0.00011054973
0.00010173176
0.00010219083
0.00010245717
0.00010264857
0.00010295547
0.00010327388
0.00010364446
0.00010390575
0.00010391872
0.00011104286
0.0001013669
0.00010185755
0.00010223051
0.00010243471
0.00010274096
0.00010305058
0.00010340951
0.00010364841
0.00010364996
0.00011161182
0.00010109499
0.00010153088
0.00010197278
0.00010222139
0.0001025208
0.00010281903
0.00010316647
0.00010338677
0.00010337455
0.00011223733
0.00010090321
0.00010119953
0.00010168647
0.00010202991
0.00010232389
0.00010261385
0.00010295084
0.000103152
0.00010311625
0.00011289845
0.00010074223
0.00010088875
0.00010142182
0.00010188169
0.00010218744
0.00010246695
0.00010279017
0.00010296896
0.0001028912
0.00011361538
0.00010063899
0.00010062897
0.00010108915
0.00010164477
0.00010204243
0.00010231115
0.00010262416
0.00010279625
0.00010272701
0.00011437628
0.00010058511
0.00010041948
0.00010081296
0.00010137879
0.0001018269
0.00010211707
0.00010241005
0.00010255405
0.00010245244
0.00011517428
0.00010062616
0.00010033466
0.00010069157
0.00010124425
0.00010167308
0.00010196417
0.00010225859
0.00010239522
0.00010227666
0.00011592826
0.00010053198
0.0001000541
0.00010035048
0.00010088227
0.00010139913
0.00010187157
0.00010222893
0.00010234109
0.00010222983
0.00011682007
0.00010063669
0.00010000044
0.00010023878
0.00010073393
0.00010119757
0.00010162298
0.00010194319
0.00010202365
0.00010186471
0.00011766215
0.00010068634
9.9893414e-05
0.00010009524
0.00010058095
0.00010102126
0.00010148094
0.00010183906
0.00010191701
0.00010176658
0.00011853295
0.00010077008
9.981481e-05
9.9976783e-05
0.00010045002
0.00010086571
0.00010130715
0.0001016923
0.00010179422
0.00010157284
0.000119409
0.00010084633
9.9716096e-05
9.9836515e-05
0.00010029805
0.00010069177
0.00010111764
0.00010154913
0.00010174247
0.00010160502
0.00012031944
0.00010093486
9.9613585e-05
9.9682335e-05
0.00010012313
0.00010048754
0.00010089165
0.0001012978
0.00010153809
0.00010145523
0.00012127925
0.0001010963
9.959782e-05
9.9624687e-05
0.00010004934
0.00010038716
0.00010076973
0.00010114677
0.00010135385
0.00010127889
0.0001222231
0.00010123436
9.9552711e-05
9.9544345e-05
9.9964182e-05
0.00010029011
0.00010066774
0.00010103561
0.00010123863
0.00010120767
0.00012319108
0.00010136809
9.9484301e-05
9.9426736e-05
9.9829956e-05
0.00010013438
0.00010049682
0.00010084383
0.00010102715
0.00010097207
0.00012420998
0.00010158193
9.9515147e-05
9.9418005e-05
9.9806882e-05
0.00010008864
0.00010043177
0.00010075141
0.00010090419
0.00010077735
0.00012519487
0.00010176938
9.9521737e-05
9.939797e-05
9.9791158e-05
0.0001000726
0.00010042168
0.00010074449
0.00010090928
0.000100834
0.00012617915
0.00010191396
9.9456065e-05
9.9287773e-05
9.9673826e-05
9.9947838e-05
0.00010029662
0.0001006142
0.00010077538
0.00010067969
0.00012723213
0.00010212309
9.9457261e-05
9.9236253e-05
9.9600383e-05
9.984903e-05
0.00010017635
0.00010046594
0.00010060118
0.00010047074
0.00012829524
0.00010240334
9.956462e-05
9.9321528e-05
9.96902e-05
9.9937734e-05
0.00010026725
0.00010055409
0.00010069076
0.00010057824
0.00012926493
0.000102521
9.9467463e-05
9.9183113e-05
9.9552347e-05
9.9803541e-05
0.00010014262
0.00010043329
0.00010057261
0.00010044239
0.00013036141
0.00010280419
9.9557543e-05
9.9230792e-05
9.9586773e-05
9.9822051e-05
0.00010014959
0.00010042547
0.00010055744
0.00010042863
0.00013137398
0.00010300261
9.9562721e-05
9.9208613e-05
9.9574393e-05
9.9820417e-05
0.00010016382
0.00010045159
0.00010059825
0.00010049958
0.00013240912
0.00010319294
9.9541136e-05
9.9140061e-05
9.9497396e-05
9.9737447e-05
0.00010007969
0.00010036119
0.00010050311
0.00010035731
0.00013348564
0.00010346065
9.9620174e-05
9.9184431e-05
9.9538507e-05
9.9773851e-05
0.0001001144
0.00010038915
0.00010052728
0.00010040187
0.00013448828
0.00010365134
9.9624041e-05
9.9158099e-05
9.9517389e-05
9.9759111e-05
0.00010010941
0.00010038899
0.00010053536
0.00010041302
0.0001355049
0.00010390846
9.9721758e-05
9.9238102e-05
9.9608033e-05
9.9857549e-05
0.00010021792
0.00010050163
0.00010065439
0.00010053398
0.00013640238
0.00010405233
9.9711476e-05
9.9214586e-05
9.9602546e-05
9.9869031e-05
0.00010024812
0.00010054227
0.00010068019
0.00010054584
0.00013729589
0.00010426509
9.9815324e-05
9.9321437e-05
9.9706615e-05
9.9883207e-05
0.0001001465
0.00010036537
0.0001004948
0.0001003956
0.00013801281
0.00010439204
9.9895704e-05
9.9276385e-05
9.9478487e-05
9.9612927e-05
9.9924524e-05
0.0001001949
0.00010038491
0.0001003147
0.00013847248
0.00010427656
9.9427357e-05
9.8677676e-05
9.8917228e-05
9.9101747e-05
9.9474577e-05
9.9804406e-05
0.00010005333
0.00010004905
0.00013676402
0.00010293172
9.8214717e-05
9.7579585e-05
9.7946822e-05
9.828372e-05
9.8820201e-05
9.9311225e-05
9.9722438e-05
9.9868565e-05
0.00013217277
0.00010068859
9.6499657e-05
9.6195166e-05
9.6835729e-05
9.744155e-05
9.8232597e-05
9.895372e-05
9.9570692e-05
9.9867015e-05
0.00012202725
9.6607446e-05
9.3594883e-05
9.3853788e-05
9.4871702e-05
9.5859238e-05
9.6981135e-05
9.7984067e-05
9.8845151e-05
9.9355011e-05
0.00010398344
3.2754919e-05
3.077266e-05
2.9730633e-05
2.9571801e-05
3.0246165e-05
3.1706263e-05
3.3864742e-05
3.6627042e-05
3.9941296e-05
5.7915059e-05
6.3295681e-05
6.6870115e-05
7.1343471e-05
7.7315756e-05
8.4866723e-05
9.3598602e-05
0.000102929
0.00011175383
2.4560272e-05
2.9455859e-05
3.3579407e-05
3.7903114e-05
4.2546291e-05
4.7548574e-05
5.2855332e-05
5.8426582e-05
6.4210698e-05
1.9883813e-05
2.6774122e-05
3.2888012e-05
3.896048e-05
4.5085268e-05
5.1425818e-05
5.7943014e-05
6.4682752e-05
7.1601496e-05
2.0576286e-05
3.1182209e-05
4.1700142e-05
5.2403755e-05
6.311981e-05
7.3996045e-05
8.4847989e-05
9.5694119e-05
0.0001063264
6.8517563e-05
9.1325412e-05
9.1582545e-05
0.00012313998
5.8615197e-05
4.9805514e-05
7.7749986e-05
6.5240458e-05
6.5844143e-05
0.00016336578
5.4592055e-05
4.5186093e-05
6.672478e-05
6.8801091e-05
8.0796087e-05
6.3317508e-05
8.0513837e-05
8.5462064e-05
0.00021672838
2.8331389e-05
0.00022682285
0.00021326096
6.3130571e-05
5.8178097e-05
9.5920443e-05
6.882094e-05
7.847445e-05
7.0201456e-05
7.0030013e-05
7.7920557e-05
6.9597208e-05
0.0001014898
8.1502308e-05
7.9488776e-05
0.00011531551
6.8228692e-05
5.9336187e-05
8.3045964e-05
7.7866885e-05
7.307735e-05
7.3138164e-05
7.7314537e-05
8.5577299e-05
0.00022741066
6.8058082e-05
6.856512e-05
0.00029293078
6.0959353e-05
6.922306e-05
7.4126286e-05
9.6099939e-05
7.6123075e-05
7.2730926e-05
6.358104e-05
8.0350256e-05
7.4032375e-05
7.7771712e-05
5.3377925e-05
4.8905582e-05
5.8507769e-05
6.004286e-05
5.8719995e-05
5.7761782e-05
0.00010127838
7.8470464e-05
8.0995325e-05
6.0246055e-05
5.8287786e-05
8.1289912e-05
9.0604775e-05
6.3735326e-05
7.9354802e-05
0.00011333346
6.0920994e-05
5.7930933e-05
7.7353645e-05
0.00010119607
6.716192e-05
7.6017522e-05
6.7104818e-05
7.9243978e-05
7.03166e-05
6.9787396e-05
0.00010551416
7.2897739e-05
6.19773e-05
6.2818001e-05
0.00010691428
8.6381553e-05
7.3188591e-05
7.4245954e-05
6.2659236e-05
6.0589354e-05
9.3567431e-05
0.00010091515
5.9183822e-05
5.6235908e-05
0.00015128731
0.00011876162
8.9808822e-05
2.9687523e-05
5.7562049e-05
5.9423573e-05
5.8236895e-05
6.1845315e-05
7.1704861e-05
7.3067152e-05
0.00019949693
8.8248985e-05
0.00022209704
0.00010263192
6.0606027e-05
6.2886852e-05
5.7690614e-05
5.9499846e-05
6.6986405e-05
5.9121507e-05
6.509355e-05
9.7728189e-05
5.4650272e-05
5.9508599e-05
9.9075095e-05
8.2523631e-05
5.0886331e-05
5.8893476e-05
6.0643615e-05
6.1373389e-05
0.00029518238
0.00021498943
5.7418978e-05
5.8739695e-05
7.4343886e-05
5.8278611e-05
6.6801381e-05
5.8553921e-05
6.4276605e-05
6.5457833e-05
8.2339125e-05
8.9463645e-05
3.6770345e-05
8.0362277e-05
6.0014486e-05
5.4766031e-05
5.6399344e-05
6.0613924e-05
6.0366201e-05
5.0722357e-05
5.2572712e-05
6.5361897e-05
7.3329414e-05
3.8280696e-05
5.7352925e-05
5.963774e-05
0.00010485139
8.6620529e-05
0.00022741066
5.7908353e-05
4.7517236e-05
6.7907624e-05
6.2734964e-05
8.5406191e-05
7.9451044e-05
0.00010734007
8.420069e-05
7.1536099e-05
6.2964672e-05
5.5730619e-05
5.0690788e-05
6.5641159e-05
8.9813407e-05
6.1729232e-05
6.455191e-05
0.0001914682
6.4610634e-05
7.1433001e-05
6.1889813e-05
6.510848e-05
0.00020412705
6.0431466e-05
6.2354441e-05
0.00017454873
0.00011974985
0.0002396301
5.5408795e-05
4.9505084e-05
5.1694494e-05
4.9907688e-05
7.4375853e-05
6.6883434e-05
9.0371208e-05
5.1703104e-05
5.8230494e-05
0.00021346093
6.2168337e-05
5.2219489e-05
6.7167626e-05
5.6016098e-05
7.3864257e-05
6.9576192e-05
6.7443876e-05
6.372989e-05
0.00020684867
0.00020009282
0.00021780347
0.00020017765
0.00021201398
8.9940799e-05
6.0785034e-05
6.5416481e-05
0.00011979151
9.4645842e-05
6.2739595e-05
6.766715e-05
9.5767303e-05
6.2914402e-05
5.8177316e-05
8.9605868e-05
0.00038492201
6.5186779e-05
7.736649e-05
7.1859706e-05
8.7209794e-05
8.2451375e-05
7.3874039e-05
0.00012575591
0.00013507916
0.00010344104
6.2157931e-05
7.2587323e-05
6.1552565e-05
6.5302698e-05
5.8346024e-05
5.6201868e-05
6.7927885e-05
6.6473355e-05
9.2306211e-05
8.2044937e-05
6.6209295e-05
7.304083e-05
5.9842353e-05
6.2986492e-05
0.00021201398
0.00020450462
0.00011946134
9.7343211e-05
8.7508227e-05
7.1195183e-05
8.0425344e-05
0.00013718243
6.1791093e-05
6.4496321e-05
5.9990127e-05
6.4063101e-05
5.5679988e-05
5.3891476e-05
0.00020206217
0.00020521186
9.6406675e-05
7.0998391e-05
6.020812e-05
5.6238944e-05
5.265177e-05
0.00023807378
0.00021326096
7.0101818e-05
7.4550804e-05
6.0288498e-05
6.3234195e-05
5.8819813e-05
6.0387463e-05
6.965474e-05
8.1140977e-05
4.7792693e-05
5.9753834e-05
5.5313151e-05
6.9034685e-05
7.8341535e-05
7.6347645e-05
0.00010258628
9.3896418e-05
8.7961176e-05
8.6279933e-05
5.8561666e-05
6.158022e-05
6.627446e-05
7.7037999e-05
0.00020036943
0.00020800284
6.3759433e-05
6.6947077e-05
0.00020684867
0.00020009282
6.6568021e-05
5.946787e-05
4.9782812e-05
4.7964784e-05
0.00019827188
0.00012192668
0.00026997995
5.8087632e-05
6.653127e-05
6.5988579e-05
5.977485e-05
7.9973788e-05
7.3610003e-05
5.9328948e-05
5.6210731e-05
7.0664438e-05
5.8029335e-05
9.1707922e-05
7.9792589e-05
6.7539729e-05
6.0652723e-05
7.1065465e-05
6.6590539e-05
5.6964875e-05
5.9775652e-05
6.0634461e-05
7.0081642e-05
0.00013203319
9.4400744e-05
8.0014732e-05
6.0469262e-05
6.2950744e-05
8.9927929e-05
5.797112e-05
4.7334398e-05
5.0210452e-05
6.0844584e-05
5.1752601e-05
7.2959537e-05
6.3187501e-05
6.1039065e-05
0.00010024724
9.3759003e-05
6.6675672e-05
6.3144605e-05
6.4408235e-05
6.310503e-05
5.3917875e-05
5.9774712e-05
6.3314566e-05
7.4080074e-05
6.1144377e-05
6.3739534e-05
5.8846537e-05
6.0937038e-05
7.0131572e-05
5.108082e-05
8.8547417e-05
7.8413944e-05
0.00011455046
9.4178627e-05
0.00020684867
0.00020009282
6.1215993e-05
6.1627349e-05
6.4682918e-05
7.3673166e-05
5.833713e-05
6.4001676e-05
4.9013217e-05
5.8175821e-05
0.00020608757
0.00020232363
6.1191079e-05
5.9613412e-05
9.7984676e-05
8.7516248e-05
0.00018416418
0.00023802121
9.8244008e-05
8.8650196e-05
0.0001914682
5.3593934e-05
6.004524e-05
5.592132e-05
6.6298673e-05
0.0002083311
0.00019782303
0.00023076143
8.2832278e-05
8.7960337e-05
5.517268e-05
5.914116e-05
5.6261797e-05
6.8261588e-05
0.00019245204
0.00021262014
7.9106481e-05
9.5473547e-05
0.00019827188
0.00020824664
0.00021503895
6.7941117e-05
7.3437136e-05
6.9363481e-05
7.4415856e-05
8.1758686e-05
9.1615184e-05
0.00019245204
0.00021088843
6.4314878e-05
6.0000547e-05
6.1572377e-05
6.3904831e-05
9.8343211e-05
8.4918007e-05
0.00030234034
0.00021439179
8.0245711e-05
8.5001639e-05
6.0204256e-05
4.9972005e-05
6.617161e-05
6.0582498e-05
0.00010080962
8.4080603e-05
7.3026052e-05
8.3424192e-05
6.0089442e-05
6.101661e-05
5.501845e-05
5.1328871e-05
0.00011318151
0.00015005035
7.0293765e-05
6.759578e-05
7.0735227e-05
5.1378337e-05
6.5637308e-05
6.4608957e-05
5.7082075e-05
4.8840362e-05
6.9470028e-05
5.7546191e-05
9.1018029e-05
7.9332983e-05
7.5056244e-05
7.4015643e-05
7.1007958e-05
0.00011663296
7.8689456e-05
7.0300565e-05
0.00022741066
7.6067999e-05
7.2606974e-05
7.9398646e-05
6.764064e-05
7.424685e-05
0.00023802121
5.5246715e-05
6.7949799e-05
0.00018416418
6.6505595e-05
6.8841295e-05
6.4673261e-05
6.802068e-05
5.7599404e-05
8.4983934e-05
6.5366901e-05
6.306565e-05
0.00012477977
0.00017524688
5.1939893e-05
6.1289614e-05
8.1656036e-05
7.9220686e-05
6.1366636e-05
6.2788054e-05
6.2270637e-05
6.927027e-05
7.023077e-05
0.00014698582
6.1931e-05
6.2461292e-05
7.2796521e-05
7.506024e-05
7.8619428e-05
6.3268937e-05
5.3472117e-05
8.6703265e-05
6.0430227e-05
6.2398037e-05
0.0001151077
9.460302e-05
0.00013241246
0.00020236606
0.00021503895
8.315131e-05
7.7025331e-05
6.7345331e-05
7.1439077e-05
0.0001871249
0.00021854819
0.00010042775
9.607633e-05
7.7219259e-05
7.125025e-05
0.00018857292
0.00023217533
6.2786708e-05
5.8258574e-05
8.5499323e-05
7.3458691e-05
0.00020673385
0.00019988256
7.5333613e-05
7.4712904e-05
6.1313297e-05
5.0366362e-05
6.1310667e-05
6.0846389e-05
6.085227e-05
6.4312262e-05
6.036519e-05
6.5959017e-05
8.4206196e-05
8.3502613e-05
0.00010158739
6.8030088e-05
6.3367306e-05
9.0771172e-05
0.00010350294
8.5684964e-05
7.8773789e-05
9.0325823e-05
0.0001266292
0.0001003932
8.3494385e-05
6.2206924e-05
6.4121009e-05
8.8779473e-05
8.288898e-05
7.8467147e-05
0.00020980448
0.00020120645
0.00020980448
0.00020138403
6.2764754e-05
6.9544639e-05
0.00021086201
0.00020082176
0.00021086201
0.00020120645
0.00020882293
0.00020036324
0.00020882293
0.00020036324
6.5272809e-05
6.1601943e-05
5.4802872e-05
6.5905255e-05
0.00020044936
0.00020800284
0.00020082176
0.00021086201
8.0370123e-05
0.00010408422
0.00020412705
8.790642e-05
8.9725097e-05
8.6829643e-05
9.0554948e-05
6.0726594e-05
5.0996e-05
0.00020095135
0.00011160353
0.00012468953
6.1453018e-05
5.8193547e-05
6.5346432e-05
6.7531007e-05
5.1159309e-05
5.9714467e-05
0.00013770083
6.3721505e-05
5.4154796e-05
5.6959363e-05
5.4715814e-05
8.3722059e-05
5.4829348e-05
6.5991469e-05
7.0227028e-05
4.3992252e-05
6.1432571e-05
5.6329749e-05
6.4944785e-05
6.9378375e-05
7.2676058e-05
7.1940729e-05
0.00019949693
7.7111112e-05
7.4226819e-05
0.00011250083
0.00016435311
5.751503e-05
6.7101026e-05
7.5406563e-05
7.4922166e-05
0.00010017357
6.134132e-05
7.5866796e-05
7.2289097e-05
0.00029293078
0.00013529341
7.439616e-05
0.00010392242
0.00021672838
6.5798907e-05
6.821487e-05
7.3018983e-05
6.0630738e-05
5.3210777e-05
0.0001048552
6.4567586e-05
8.5768025e-05
6.5771483e-05
5.9953329e-05
5.5678034e-05
5.9106928e-05
9.6124851e-05
7.0415727e-05
9.6760998e-05
7.7071224e-05
0.00019827188
0.00012180146
8.5653556e-05
8.7553124e-05
0.00023807378
0.00021326096
2.3848775e-05
0.00010713844
7.3832197e-05
8.5070564e-05
6.9793542e-05
0.00022209704
4.0939364e-05
0.00038492201
0.00021780347
7.8720412e-05
6.3675855e-05
3.2640614e-05
0.0001871249
0.00021854819
6.1196403e-05
7.4675607e-05
9.3080634e-05
5.0579136e-05
0.00020528622
0.00019988256
6.4459283e-05
2.0046884e-05
0.00021780347
2.99961e-05
7.6758243e-05
2.1375634e-05
9.0818549e-05
7.1907748e-05
9.9008193e-05
8.1721775e-05
0.00038492201
0.00020824664
0.00021469884
0.00017121907
0.00016795311
0.00016421444
4.4306025e-05
9.2454916e-06
0.00020036943
0.00020726726
3.799814e-05
0.00020450462
0.00021341152
4.0376601e-05
6.0590498e-05
1.5024548e-05
5.1718502e-05
4.8485055e-05
5.459273e-05
4.7545845e-05
5.1143685e-05
5.914958e-05
7.2757517e-05
5.5435807e-05
4.2117866e-05
5.884975e-05
6.3355812e-05
9.946202e-05
8.2547815e-05
7.0564821e-05
4.8763641e-05
4.5527879e-05
5.7614335e-05
4.9356172e-05
5.5307898e-05
5.5257979e-05
5.559552e-05
4.8937221e-05
5.831812e-05
5.5405167e-05
5.9300913e-05
0.00020956603
0.00021419519
6.5941353e-05
5.0980171e-05
5.6230965e-05
5.2572883e-05
5.4548154e-05
5.6418281e-05
0.00020036943
0.00020726726
0.00020009282
0.00020726726
6.0157166e-05
5.538213e-05
6.0339978e-05
5.1485726e-05
5.8015121e-05
5.2541137e-05
0.00021341152
0.0002027248
4.5547372e-05
6.7217306e-05
5.1863832e-05
5.7349048e-05
0.00020206217
0.00020521186
8.719649e-05
4.0832609e-05
4.2195257e-05
4.6971275e-05
4.4651182e-05
6.7698203e-05
5.8173884e-05
7.2151782e-05
9.4056756e-05
0.00021341152
0.0002027248
5.0518572e-05
4.570302e-05
0.00020206217
0.00020521186
0.00020608757
0.00020232363
0.00020232363
0.00020608757
0.00019782303
0.0002083311
0.00019782303
0.0002083311
3.2515122e-05
4.121519e-05
0.0001871249
0.00021088843
5.9048356e-05
4.9877512e-05
5.7039302e-05
5.225478e-05
4.0804625e-05
4.2769009e-05
0.00019245204
0.00021088843
5.5398272e-05
0.00019988256
0.00020673385
5.408115e-05
3.5438355e-05
3.2625161e-05
0.00020956603
0.00021469884
6.1325601e-05
5.5385154e-05
0.0001849593
0.00022810784
4.6523614e-05
4.3023515e-05
5.2882929e-05
5.67845e-05
4.7180429e-05
4.808247e-05
3.782552e-05
4.1013238e-05
7.9506302e-05
3.4828549e-05
3.8545182e-05
5.7097075e-05
9.0584718e-05
3.4025129e-05
3.6266292e-05
3.9724281e-05
3.8677426e-05
0.0001849593
0.00022810784
4.3489189e-05
4.3163987e-05
3.3840509e-05
3.382745e-05
4.6342242e-05
4.7662146e-05
4.4475039e-05
4.7350627e-05
4.1366783e-05
4.243654e-05
4.0974014e-05
4.3146195e-05
3.2727879e-05
4.3357512e-05
4.2424276e-05
4.2778841e-05
2.1004071e-05
3.5903142e-05
3.9519849e-05
3.9330272e-05
4.2899414e-05
4.0954561e-05
5.1751765e-05
3.8021941e-05
4.1391057e-05
3.4718712e-05
3.7225356e-05
5.7617143e-05
4.6848074e-05
5.6293785e-05
4.9275937e-05
4.4510064e-05
0.00021346093
3.6835343e-05
4.5941125e-05
3.5676452e-05
4.7099314e-05
0.00023076143
3.8254536e-05
3.8171194e-05
5.104308e-05
4.6276446e-05
0.0001914682
3.3993247e-05
4.3213441e-05
6.4068732e-05
5.1393873e-05
0.00020236606
0.00021503895
6.1850959e-05
5.0606532e-05
3.4568774e-05
3.8349592e-05
2.8680431e-05
5.5671928e-05
5.544155e-05
4.6727031e-05
5.0908303e-05
6.5276756e-05
5.5402237e-05
0.00020956603
0.00021469884
5.1953907e-05
5.5591963e-05
1.4182888e-05
3.915497e-05
4.2682631e-05
5.2986635e-05
5.5924327e-05
5.0408961e-05
5.615461e-05
5.5301421e-05
5.7587593e-05
0.00020980448
0.00020120645
0.00020882293
0.00020036324
0.00020082176
0.00021086201
0.00020044936
0.00020800284
0.00021201398
0.00020017765
0.0001849593
0.00021854819
0.00018416418
0.00023802121
3.6804288e-05
4.3830392e-05
4.4076283e-05
4.9845333e-05
0.00021439179
0.00023807378
7.6544772e-05
5.0000168e-05
3.3252985e-05
3.6730244e-05
4.08047e-05
3.5537862e-05
3.7092359e-05
4.2424888e-05
6.4450722e-05
9.5098623e-05
5.4961772e-05
5.7859908e-05
5.5173709e-05
4.8109164e-05
5.4144891e-05
4.085014e-05
4.6178026e-05
7.3200429e-05
5.0752449e-05
4.6698833e-05
8.0097479e-05
)
;

boundaryField
{
    oversetFaces
    {
        type            overset;
        coupledFringe   false;
        conservativeCorrection false;
        setHoleCellValue false;
        holeCellValue   0;
        value           nonuniform 0();
    }
    back
    {
        type            empty;
    }
    out
    {
        type            zeroGradient;
    }
    bottom
    {
        type            zeroGradient;
    }
    in
    {
        type            zeroGradient;
    }
    top
    {
        type            zeroGradient;
    }
    front
    {
        type            empty;
    }
    wall
    {
        type            zeroGradient;
    }
    cylinder
    {
        type            zeroGradient;
    }
    defaultFaces
    {
        type            zeroGradient;
    }
}


// ************************************************************************* //
