/*--------------------------------*- C++ -*----------------------------------*\
| =========                 |                                                 |
| \\      /  F ield         | foam-extend: Open Source CFD                    |
|  \\    /   O peration     | Version:     4.1                                |
|   \\  /    A nd           | Web:         http://www.foam-extend.org         |
|    \\/     M anipulation  |                                                 |
\*---------------------------------------------------------------------------*/
FoamFile
{
    version     2.0;
    format      ascii;
    class       surfaceScalarField;
    location    "0.5";
    object      phi;
}
// * * * * * * * * * * * * * * * * * * * * * * * * * * * * * * * * * * * * * //

dimensions      [0 3 -1 0 0 0 0];

internalField   nonuniform List<scalar> 
6703
(
-0.0042205626
0.021918175
-0.017697613
-0.0079974771
0.026981239
-0.023204325
-0.011579107
0.032389127
-0.028807497
-0.015774285
0.038476503
-0.034281326
-0.020592745
0.045608736
-0.040790276
-0.026098184
0.053961913
-0.048456474
-0.032357414
0.06371866
-0.05745943
-0.039441278
0.075088691
-0.068004826
-0.047434412
0.088302614
-0.08030948
-0.056440571
0.10361784
-0.094611682
-0.066585863
0.12132565
-0.11118036
-0.078020927
0.14176165
-0.13032658
-0.090921629
0.16533012
-0.15242942
-0.1055044
0.19255815
-0.17797537
-0.12202781
0.22418773
-0.20766433
0.26122115
-0.24278404
-0.14046492
-0.0030620927
0.024980268
-0.0061274669
0.030046613
-0.0091442367
0.035405897
-0.012702597
0.042034864
-0.016855117
0.049761255
-0.02171756
0.058824356
-0.027408877
0.069409977
-0.034058838
0.081738652
-0.041813568
0.096057344
-0.050840816
0.11264509
-0.061338977
0.13182381
-0.07355109
0.15397376
-0.087779615
0.17955865
-0.10438588
0.20916441
-0.1237389
0.24354076
0.28355559
-0.14607334
-0.001149067
0.026129335
-0.0029826038
0.03188015
-0.0050882899
0.037511583
-0.0076144007
0.044560974
-0.010610745
0.0527576
-0.014168115
0.062381725
-0.018381748
0.07362361
-0.023362651
0.086719554
-0.029237691
0.10193238
-0.036151466
0.11955887
-0.044269458
0.1399418
-0.053783997
0.1634883
-0.064924269
0.19069892
-0.077965551
0.22220569
-0.093212179
0.25878738
0.30131391
-0.11097051
-0.00043490074
0.026564236
-0.0016067724
0.033052022
-0.0028434841
0.038748294
-0.0043747193
0.04609221
-0.0062080966
0.054590977
-0.0084130067
0.064586635
-0.011055051
0.076265654
-0.014214106
0.08987861
-0.017982196
0.10570047
-0.022465365
0.12404203
-0.027785429
0.14526187
-0.03408147
0.16978434
-0.041509964
0.19812741
-0.05023851
0.23093424
-0.060410287
0.26895916
0.31285074
-0.071947111
0.00020321532
0.02636102
-0.00038182384
0.033637061
-0.00083021096
0.039196681
-0.0014486602
0.046710659
-0.0021827504
0.055325068
-0.003079551
0.065483436
-0.0041691586
0.077355261
-0.0054951478
0.091204599
-0.0071086335
0.10731396
-0.0090710097
0.12600441
-0.011455261
0.14764612
-0.014347274
0.17267635
-0.017846279
0.20162642
-0.022062882
0.23515084
-0.027116488
0.27401277
0.31916676
-0.03343251
0.00086927629
0.025491744
0.00094537392
0.033560963
0.0012709771
0.038871078
0.0015745757
0.04640706
0.0019447018
0.054954941
0.0023613282
0.065066809
0.0028292661
0.076887323
0.0033433023
0.090690563
0.0038954611
0.1067618
0.0044713675
0.1254285
0.0050490067
0.14706848
0.0055970374
0.17212832
0.0060731668
0.20115029
0.0064213093
0.2348027
0.0065956339
0.27383844
0.31922177
0.006540623
0.001570082
0.023921662
0.0024132361
0.032717809
0.0035212962
0.037763018
0.0047887901
0.045139566
0.0062848389
0.053458893
0.0080332226
0.063318426
0.010068836
0.07485171
0.012426471
0.088332928
0.015141159
0.10404711
0.018245941
0.12232372
0.021770506
0.14354391
0.025740148
0.16815868
0.030176141
0.1967143
0.035094423
0.22988442
0.04051864
0.26841423
0.31339288
0.046347536
0.0022813526
0.021640309
0.0039738111
0.031025351
0.0058554462
0.035881383
0.0080916341
0.042903378
0.010713566
0.05083696
0.013796224
0.060235767
0.017401742
0.071246192
0.021602381
0.08413229
0.026472849
0.099176643
0.032089963
0.11670661
0.038531106
0.13710277
0.045873125
0.16081666
0.054191828
0.18839559
0.06355563
0.22052062
0.074015366
0.25795449
0.30188302
0.085525219
0.0030504106
0.018589899
0.0057461678
0.028329593
0.0084548827
0.033172668
0.011664242
0.039694019
0.01540161
0.047099592
0.019793716
0.055843661
0.024933988
0.06610592
0.030929088
0.078137189
0.037890783
0.092214948
0.045936735
0.10866066
0.055190234
0.12784927
0.065781777
0.15022512
0.077854578
0.17632279
0.091573127
0.20680207
0.10713133
0.24239629
0.28425653
0.12475781
0.0041120044
0.014477894
0.0080270654
0.024414532
0.011761294
0.029438439
0.016020109
0.035435205
0.0208912
0.042228501
0.026553985
0.050180876
0.033147201
0.059512704
0.04081417
0.070470221
0.049702808
0.083326309
0.059968203
0.098395262
0.071774472
0.116043
0.08530004
0.13669955
0.10075155
0.16087128
0.11839561
0.18915801
0.13861742
0.22217448
0.26068965
0.16218431
0.0044928065
0.0099850878
0.010603488
0.018303851
0.016391315
0.023650612
0.022244049
0.029582471
0.028467189
0.036005362
0.035407382
0.043240682
0.043320951
0.051599135
0.052424285
0.061366887
0.062918428
0.072832166
0.074998072
0.086315618
0.088854667
0.10218641
0.10468136
0.12087286
0.12268244
0.1428702
0.14308607
0.16875439
0.1661167
0.19914384
0.2344949
0.19231145
0.007927308
0.0020577798
0.015401506
0.010829652
0.021562757
0.017489362
0.027745723
0.023399505
0.034429925
0.029321159
0.041864379
0.035806228
0.050235249
0.043228265
0.059693368
0.051908768
0.070343688
0.062181846
0.082241204
0.074418101
0.095394068
0.089033542
0.10977442
0.1064925
0.12533983
0.12730479
0.14206251
0.1520317
0.15985698
0.18134938
0.21562046
0.17873142
-0.00029225754
-0.017754474
0.018046732
-0.0022597348
-0.021269391
0.023236868
-0.0059019515
-0.025310007
0.028952224
-0.010155497
-0.030079953
0.034333498
-0.015192515
-0.035678211
0.040715229
-0.021138351
-0.042229994
0.04817583
-0.028128414
-0.049873594
0.056863657
-0.03631361
-0.058760248
0.066945445
-0.045841914
-0.069055589
0.078583893
-0.056851081
-0.080941166
0.091950333
-0.069465917
-0.094617505
0.10723234
-0.083795502
-0.11031099
0.12464058
-0.099940861
-0.12828707
0.14443243
-0.11805209
-0.14885909
0.16697032
-0.13851146
-0.17236262
0.192822
-0.19924932
0.22312483
-0.16238698
-0.0027258064
-0.015028668
-0.0061842308
-0.017810967
-0.010396883
-0.021097355
-0.015490466
-0.02498637
-0.021604927
-0.02956375
-0.02890498
-0.034929941
-0.03758123
-0.041197344
-0.047851972
-0.048489506
-0.059966395
-0.056941166
-0.074208246
-0.066699314
-0.09089968
-0.077926071
-0.11040605
-0.090804626
-0.13314396
-0.10554916
-0.15958361
-0.12241944
-0.19019048
-0.14175575
-0.16405207
-0.22538773
-0.0032033891
-0.011825279
-0.0071161427
-0.013898213
-0.011808609
-0.016404888
-0.017417288
-0.019377691
-0.024102579
-0.022878459
-0.032051012
-0.026981508
-0.041477302
-0.031771054
-0.052626492
-0.037340317
-0.065776305
-0.043791353
-0.081240073
-0.051235547
-0.099371034
-0.05979511
-0.12056927
-0.06960639
-0.14529203
-0.080826402
-0.17406884
-0.093642629
-0.20755508
-0.10826951
-0.1248872
-0.24671995
-0.0032945132
-0.0085307657
-0.0073902816
-0.0098024448
-0.012358848
-0.011436322
-0.018330282
-0.013406257
-0.02546876
-0.015739981
-0.033968125
-0.018482143
-0.044051747
-0.021687432
-0.055973386
-0.025418677
-0.070018322
-0.029746417
-0.086504716
-0.034749153
-0.1057857
-0.040514122
-0.1282542
-0.04713789
-0.15435411
-0.054726493
-0.18459373
-0.063403013
-0.21949297
-0.073370265
-0.085066247
-0.25931392
-0.0036229477
-0.004907818
-0.0080247633
-0.0054006291
-0.01329251
-0.0061685752
-0.01958394
-0.0071148278
-0.027085846
-0.0082380738
-0.036012541
-0.0095554487
-0.046607669
-0.011092304
-0.059146203
-0.012880143
-0.07393644
-0.01495618
-0.091322634
-0.017362958
-0.11168812
-0.02014864
-0.13546034
-0.023365667
-0.16311373
-0.027073099
-0.1951923
-0.031324443
-0.23250432
-0.036058249
-0.040872868
-0.2766977
-0.0011486946
0.026139585
-0.02499089
-0.0029823691
0.031895168
-0.030061494
-0.0050880613
0.037531861
-0.035426169
-0.0076140511
0.044589227
-0.042063237
-0.010609965
0.052797812
-0.049801898
-0.014166136
0.062437873
-0.058881702
-0.01837708
0.073699421
-0.069488476
-0.023352686
0.086816912
-0.081841305
-0.029218386
0.10204888
-0.096183178
-0.036117433
0.11968463
-0.11278558
-0.044215332
0.1400571
-0.1319592
-0.053708123
0.16356559
-0.1540728
-0.064834339
0.19071474
-0.17958853
-0.07788087
0.22216431
-0.20911778
-0.093148503
0.25874125
-0.24347361
0.30132787
-0.28360565
-0.11087071
-0.0048700532
-3.7764719e-05
-0.010233547
-3.7135236e-05
-0.016365223
-3.6899298e-05
-0.023444061
-3.5990213e-05
-0.031648359
-3.3774742e-05
-0.041174076
-2.9732257e-05
-0.052242942
-2.3437589e-05
-0.065108428
-1.4656683e-05
-0.080061087
-3.5208433e-06
-0.097433307
9.2620787e-06
-0.11760421
2.2266812e-05
-0.14100336
3.3475927e-05
-0.16811693
4.0475719e-05
-0.19948097
3.959238e-05
-0.23556053
2.131143e-05
-3.6270881e-05
-0.27639712
-0.0049669021
0.0049291374
-0.010413906
0.0054098688
-0.016631009
0.0061802037
-0.023800001
0.0071330017
-0.03209912
0.0082653449
-0.041722528
0.0095936758
-0.052888521
0.011142555
-0.065845428
0.012942251
-0.080877029
0.01502808
-0.098307638
0.017439872
-0.11850753
0.020222157
-0.1418965
0.023422448
-0.16894742
0.027091394
-0.20017436
0.031266535
-0.23603434
0.03588129
0.040658694
-0.2767293
-0.0036415767
0.0085707142
-0.0080824915
0.0098507836
-0.013397564
0.011495276
-0.01974146
0.013476898
-0.02729875
0.015822635
-0.036281255
0.018576181
-0.046929523
0.021790823
-0.059514624
0.025527352
-0.074339924
0.02985338
-0.091743308
0.034843255
-0.11209955
0.040578397
-0.13582478
0.047147686
-0.16338135
0.054647954
-0.19530236
0.06318755
-0.23234007
0.072918998
0.084137916
-0.27581929
-0.0032858011
0.011856515
-0.0073732906
0.013938273
-0.012332141
0.016454127
-0.018290315
0.019435072
-0.025409674
0.022941994
-0.03388117
0.027047677
-0.043924389
0.031834043
-0.055788127
0.03739109
-0.069751333
0.043816585
-0.086124564
0.051216487
-0.1052528
0.059706636
-0.12752226
0.069417147
-0.15337705
0.080502739
-0.1833481
0.093158598
-0.21802599
0.10759689
0.12386192
-0.25774999
-0.0031824115
0.015038927
-0.0070696962
0.017825558
-0.011730542
0.021114973
-0.017299798
0.025004328
-0.0239359
0.029578095
-0.031822954
0.034934731
-0.041172806
0.041183894
-0.052227344
0.048445629
-0.065261435
0.056850676
-0.080587287
0.066542339
-0.09856192
0.077681269
-0.11959968
0.090454908
-0.14418838
0.10509143
-0.17290983
0.12188005
-0.20657816
0.14126522
0.16423442
-0.24695067
-0.0027140164
0.017752943
-0.0061570236
0.021268565
-0.010349965
0.025307915
-0.015418993
0.030073355
-0.021503593
0.035662696
-0.028768306
0.042199444
-0.037404299
0.049819887
-0.04763205
0.05867338
-0.059706086
0.068924712
-0.073921293
0.080757546
-0.090620962
0.094380938
-0.11020805
0.110042
-0.13316518
0.12804856
-0.16007799
0.14879286
-0.19152582
0.17271305
0.20014119
-0.22743259
-0.00027572947
0.018028673
-0.0022331972
0.023226033
-0.0058698345
0.028944552
-0.010116123
0.034319643
-0.015145531
0.040692104
-0.021084196
0.048138109
-0.028068894
0.056804585
-0.036252943
0.066857429
-0.045788845
0.078460614
-0.056821524
0.091790225
-0.069486294
0.10704571
-0.08390433
0.12446003
-0.10018003
0.14432427
-0.11842137
0.1670342
-0.13884492
0.19313661
0.22344998
-0.16215372
0.0079292682
-0.0099718346
0.0020425664
0.01540882
-0.01829478
0.010815228
0.021575841
-0.02364587
0.017478849
0.027763193
-0.029581614
0.023394262
0.034450631
-0.03601039
0.029322951
0.041887005
-0.043253911
0.035817537
0.050257784
-0.051623257
0.043252478
0.059712423
-0.061404214
0.051949574
0.0703535
-0.072883019
0.062241942
0.082232218
-0.08637567
0.074496953
0.095351203
-0.10224307
0.089124089
0.10967502
-0.12090137
0.10657756
0.12515015
-0.14283008
0.12735494
0.14171894
-0.16858595
0.15201716
0.15921083
-0.19872311
0.18123123
-0.2337852
0.21472861
0.17826742
0.0045004482
-0.014472283
0.010620035
-0.024414367
0.016417016
-0.029442851
0.022279335
-0.035443932
0.028512946
-0.042244002
0.035464911
-0.050205875
0.043391942
-0.059550288
0.052510461
-0.070522733
0.063021133
-0.08339369
0.075118015
-0.098472552
0.088992634
-0.11611769
0.10484184
-0.13675058
0.1228849
-0.16087313
0.14339509
-0.18909614
0.16673092
-0.22205893
-0.26076893
0.19371465
0.0041184962
-0.018590779
0.0080406755
-0.028336547
0.011781438
-0.033183613
0.016047531
-0.039710025
0.020927229
-0.0471237
0.026600235
-0.055878881
0.033205401
-0.066155454
0.040885756
-0.078203088
0.049788422
-0.092296356
0.060067159
-0.10875129
0.071884575
-0.12793511
0.085418534
-0.15028454
0.100878
-0.1763326
0.11853378
-0.20675193
0.13876194
-0.24228709
-0.28421066
0.16220367
0.0030540292
-0.021644808
0.0057540208
-0.031036538
0.0084666846
-0.035896277
0.011680849
-0.04292419
0.015424086
-0.050866936
0.019823239
-0.060278034
0.024971681
-0.071303895
0.030975645
-0.084207052
0.037946002
-0.099266713
0.045998977
-0.11680426
0.055256232
-0.13719236
0.065847663
-0.16087597
0.077919484
-0.18840442
0.091645317
-0.22047776
0.10724144
-0.25788322
-0.3019436
0.12497439
0.0022832642
-0.023928072
0.0039777048
-0.032730979
0.0058613211
-0.037779893
0.0081001199
-0.045162989
0.010725359
-0.053492175
0.013812052
-0.063364728
0.017422193
-0.074914037
0.021627607
-0.088412466
0.026502104
-0.10414121
0.032121052
-0.12242321
0.038560031
-0.14363134
0.045894524
-0.16821047
0.054200728
-0.19671062
0.063548696
-0.22982573
0.073991272
-0.26832579
-0.31339283
0.085440497
0.0015712502
-0.025499322
0.0024152763
-0.033575005
0.0035243999
-0.038889017
0.0047933759
-0.046431965
0.0062914078
-0.054990207
0.0080423302
-0.06511565
0.010080957
-0.076952664
0.012441794
-0.090773304
0.015159243
-0.10685866
0.018265303
-0.12552927
0.02178839
-0.14715443
0.025752955
-0.17217503
0.030181021
-0.20113869
0.035091541
-0.23473625
0.040517721
-0.27375197
-0.3192149
0.046339797
0.0008703094
-0.026369632
0.00094693879
-0.033651634
0.0012734326
-0.039215511
0.0015782751
-0.046736807
0.0019501406
-0.055362072
0.0023691391
-0.065534648
0.0028401297
-0.077423654
0.0033578693
-0.091291043
0.0039141537
-0.10741494
0.004494141
-0.12610926
0.0050751636
-0.14773545
0.0056253757
-0.17272524
0.0061027873
-0.2016161
0.0064535305
-0.23508699
0.0066386348
-0.27393708
-0.31915262
0.0065763551
0.00020408576
-0.026573718
-0.00038064933
-0.033066899
-0.00082818882
-0.038767971
-0.0014454468
-0.046119549
-0.0021777725
-0.054629747
-0.003071981
-0.06464044
-0.0041579147
-0.07633772
-0.0054788277
-0.08997013
-0.0070855545
-0.10580822
-0.0090393494
-0.12415546
-0.011413418
-0.14536138
-0.014294395
-0.16984427
-0.017782514
-0.19812798
-0.021987507
-0.230882
-0.027021815
-0.26890277
-0.31285303
-0.033321408
-0.00043413307
-0.0016058639
-0.0028419739
-0.0043722967
-0.0062042316
-0.0084067985
-0.011045098
-0.014198317
-0.017957655
-0.022428491
-0.027732771
-0.034011446
-0.041424687
-0.050142374
-0.060303895
-0.071829059
-0.0030583273
-0.021932563
-0.0061239005
-0.02699592
-0.0091432161
-0.032406854
-0.012704087
-0.038502366
-0.016859365
-0.045646619
-0.021724279
-0.054016788
-0.027416698
-0.063796057
-0.03406445
-0.075193554
-0.041810735
-0.088436892
-0.050819727
-0.10377659
-0.061287513
-0.12149142
-0.073460732
-0.14189958
-0.087658549
-0.16539071
-0.10427583
-0.1925005
-0.12372951
-0.22401994
-0.2609974
-0.14633776
-0.0042161783
-0.017716384
-0.0079973693
-0.023214729
-0.011588409
-0.028815814
-0.015794959
-0.034295816
-0.020627268
-0.04081431
-0.026148602
-0.048495454
-0.032424501
-0.057520159
-0.039523265
-0.06809479
-0.047525519
-0.080434638
-0.05652956
-0.094772547
-0.066656501
-0.11136448
-0.078058125
-0.13049796
-0.09092882
-0.15252001
-0.1055289
-0.17790042
-0.12212746
-0.20742138
-0.24261485
-0.14051001
0.0047734526
-0.0030520969
-0.0017213557
0.015428134
6.2485244e-05
-0.010717167
0.02799858
0.0044717808
-0.017042226
0.041309413
0.0093655049
-0.022676338
0.054385264
0.015246735
-0.028322586
0.067095477
0.021725368
-0.034435582
0.079448749
0.028989538
-0.04134281
0.091496629
0.037282344
-0.049330224
0.10334851
0.046834935
-0.058686813
0.1151872
0.057893186
-0.06973188
0.12725616
0.070759794
-0.082828756
0.13985183
0.085793351
-0.098389021
0.15334009
0.10338016
-0.11686842
0.1681725
0.12393619
-0.13876861
0.18486652
0.1479549
-0.16464892
0.17597956
-0.19511313
0.20400009
0.0022883613
-0.0053404581
0.0081181604
-0.0057673138
0.017120649
-0.0045307072
0.02923374
-0.0027475864
0.044749741
-0.00026926543
0.062005701
0.0044694079
0.079996215
0.010999025
0.097965167
0.019313391
0.11584013
0.028959976
0.13380813
0.039925183
0.15203281
0.052535113
0.1708532
0.066972957
0.19090082
0.08333255
0.21318236
0.10165465
0.23902668
0.12211058
0.14492906
0.27007717
0.0001191631
-0.0054596211
0.00015288366
-0.0058010342
0.0020210159
-0.0063988393
0.0064686142
-0.0071951846
0.01438396
-0.0081846109
0.026207837
-0.007354469
0.042359117
-0.005152256
0.063135525
-0.0014630163
0.086750446
0.0053450557
0.11112214
0.015553489
0.13481349
0.028843759
0.15807337
0.043713085
0.18162435
0.059781567
0.20668352
0.076595477
0.23460037
0.094193736
0.11258424
0.26694519
0.00034865798
-0.005808279
0.00070377035
-0.0061561465
0.0011414637
-0.0068365326
0.0016356128
-0.0076893336
0.0021193298
-0.0086683279
0.0045169883
-0.0097521274
0.010260758
-0.010896025
0.020943515
-0.012145774
0.03745978
-0.011171209
0.059678989
-0.0066657196
0.084480515
0.004042233
0.1046958
0.023497803
0.12972624
0.034751126
0.1581398
0.048181917
0.19047908
0.061854454
0.074679056
0.22838426
-0.00023310097
-0.0055751781
-0.00093735948
-0.0054518881
-0.0020433116
-0.0057305806
-0.0035799625
-0.0061526828
-0.0055929741
-0.0066553164
-0.0081370714
-0.0072080302
-0.01125258
-0.007780517
-0.015100666
-0.0082976884
-0.017599768
-0.008672106
-0.015388733
-0.0088767554
-0.0017488119
-0.0095976881
0.020510805
0.0012381861
0.043367709
0.011894222
0.069781163
0.021768463
0.10171678
0.029918835
0.035771522
0.14062432
-0.0055518173
-2.3360758e-05
-0.010971112
-3.2593872e-05
-0.016657723
-4.3969072e-05
-0.022752741
-5.7664913e-05
-0.029334173
-7.388434e-05
-0.036449426
-9.2777496e-05
-0.044115482
-0.00011446076
-0.052273871
-0.0001392997
-0.060777382
-0.00016859488
-0.069451081
-0.00020305686
-0.078806206
-0.00024256239
-0.077338357
-0.00022966303
-0.0652805
-0.00016363605
-0.043849822
0.00033778494
-0.01627109
0.0023401037
0.0089569982
0.010543433
-0.0056076792
0.0055843184
-0.011081746
0.0054414728
-0.0168315
0.0057057849
-0.023001806
0.0061126412
-0.029672183
0.0065964923
-0.036887785
0.0071228246
-0.044656008
0.0076537622
-0.052897165
0.0081018573
-0.061428776
0.0083630159
-0.070006607
0.0083747732
-0.078714786
0.0084656169
-0.077006739
-0.0019377102
-0.064926266
-0.01224411
-0.042903854
-0.021684627
-0.010820869
-0.029742883
-0.035205456
0.033341585
-0.0002359768
0.0058202952
-0.00095749299
0.0061629889
-0.0020941717
0.0068424635
-0.003677499
0.0076959683
-0.0057563836
0.0086753768
-0.0083885835
0.0097550243
-0.011614644
0.010879823
-0.015589232
0.012076445
-0.018167621
0.010941404
-0.01591401
0.0061211625
-0.0026645388
-0.0047838549
0.019001578
-0.023603828
0.041945
-0.035187532
0.068885387
-0.048625015
0.1014819
-0.062339399
-0.075478523
0.14175497
0.0003436434
0.0054766517
0.00069153482
0.0058150973
0.0011215991
0.006412399
0.0016097
0.0072078673
0.00208999
0.0081950866
0.0044757867
0.0073692274
0.010195232
0.0051603775
0.020827774
0.0014439024
0.037220052
-0.0054508744
0.059150262
-0.015809047
0.08348419
-0.029117783
0.10384733
-0.043966973
0.12864155
-0.059981748
0.15672454
-0.076708003
0.18850936
-0.094124223
-0.1120747
0.22510554
0.00013538421
0.0053412675
0.00017992024
0.0057705611
0.002057333
0.0045349861
0.0065137595
0.0027514405
0.014437803
0.00027104275
0.026269348
-0.0044623174
0.042425674
-0.010995949
0.063197828
-0.019328252
0.086745757
-0.028998804
0.11093275
-0.039996044
0.13444975
-0.052634779
0.15756577
-0.067082997
0.18100354
-0.083419513
0.20596877
-0.10167324
0.23384333
-0.12199878
-0.14465137
0.26642
0.0022874576
0.0030538098
0.0081072446
-4.9226054e-05
0.017096592
-0.0044543614
0.029196867
-0.0093488343
0.04470177
-0.015233861
0.061958807
-0.021719355
0.079955578
-0.02899272
0.097925513
-0.037298187
0.11579418
-0.046867474
0.1337434
-0.057945263
0.15193837
-0.07082975
0.17072535
-0.08586998
0.19074504
-0.1034392
0.21301244
-0.12394063
0.23887005
-0.14785639
-0.17557036
0.26978903
0.0047601413
-0.0017063316
0.015413213
-0.010702298
0.027990405
-0.017031554
0.041312157
-0.022670586
0.054401829
-0.028323534
0.067128199
-0.034445725
0.079500968
-0.041365489
0.091571939
-0.049369158
0.10344948
-0.058745011
0.11531388
-0.069809671
0.12740512
-0.082920982
0.14001717
-0.098482038
0.15351653
-0.11693855
0.16836323
-0.13878733
0.18510699
-0.16460016
-0.195152
0.20468863
0.00035276821
-0.00033106023
0.00048982296
0.0005281407
0.00042996932
0.00011160444
-0.00054324055
-0.0016906383
-0.003539504
-0.0063609609
-0.010495611
-0.016362161
-0.024467316
-0.035408495
-0.049936213
-0.06927027
0.00035248681
-0.00033034771
0.00048889647
0.00052657891
0.00042749761
0.00010787378
-0.00054862811
-0.0016979735
-0.0035487188
-0.0063709332
-0.01050307
-0.016360451
-0.024448034
-0.03537813
-0.049977514
-0.069467533
0.00044916497
-0.00033623475
0.00089646055
0.0016201369
0.002619554
0.0039913662
0.0058783558
0.0084587723
0.011955703
0.016642985
0.022846092
0.030941611
0.041358003
0.054587827
0.071218896
0.090795506
0.00044890962
-0.00033642406
0.00089604529
0.0016192122
0.0026177857
0.0039884322
0.0058738877
0.008452432
0.011947464
0.016633686
0.022838472
0.030941955
0.04137833
0.054641427
0.071341886
0.091849217
0.24300925
-0.53635728
0.29334803
1.2755033
-1.3206399
0.045136663
0.18666429
-0.48445466
0.29779037
1.2755033
-0.33201697
0.050475273
0.2815417
-1.2669913
0.78715412
0.47983715
-0.16840908
0.66048565
-0.49207657
1.164788
0.44040579
-1.6051938
1.2118214
0.30147274
-1.5132941
0.19143469
-0.26070496
-0.29297782
0.22351028
0.54420831
1.004618
-1.5488263
-0.54170966
-0.57902279
1.1207324
-1.1497137
0.51056888
0.63914481
-0.25004512
0.60352894
-0.35348382
0.55177251
-0.038892669
-0.51287984
1.099622
-1.1396284
0.040006442
0.070858008
0.25997486
-0.33083287
0.17581244
-0.25545288
0.079640442
0.94117448
-0.34246105
-0.59871344
-0.16566147
-0.1663555
-1.1548291
0.61311943
-1.4218492
1.4085551
0.013294142
0.10903723
1.2784872
-1.3875244
0.0055263152
-0.84973584
0.84420953
0.69822471
0.21233742
-0.91056213
-0.60607541
-0.91244039
1.5185158
0.95731619
-0.3169857
-0.64033049
0.21701534
0.96489137
-1.1819067
-0.34563373
0.83838063
-0.4927469
1.041487
-0.34326231
0.30417851
-0.21755021
-0.086628296
-0.027161958
1.2550304
-1.2278684
0.96356822
0.0030175625
-0.96658578
0.15716206
-0.91966622
0.76250416
1.3268318
-1.1175476
-0.20928418
1.1286506
-1.1968149
0.068164338
-0.72027367
0.87743573
0.84017299
-0.48910115
-0.35107184
-1.2970306
0.25553488
1.0414957
0.3834656
-0.54977518
0.16630958
1.2852247
-0.56465975
-0.72056496
1.164788
-0.34948218
0.84480152
-0.49531934
1.2118214
-0.13091698
0.56093558
-0.4300186
-0.28498576
1.0017865
-0.71680069
-1.4703557
0.62502245
0.84533321
-1.164788
1.7485525
-0.58376445
-1.2118214
1.7638144
-0.55199298
0.47859825
-0.083112411
-0.39548584
-0.58683419
0.2624241
0.32441009
0.21620379
-0.40556991
0.18936612
0.14653828
0.17387738
-0.32041565
-0.47366696
0.85722296
-0.38355601
0.10134833
0.83025775
-0.93160609
0.14617983
-0.28679081
0.14061099
-0.82385004
0.52344935
0.3004007
-1.5781508
0.17200832
1.4061425
1.29032
-0.45893501
-0.83138498
1.1967664
0.093553634
0.83026995
0.61424475
-1.4445147
0.77733664
0.65381308
-1.4311497
-0.36875632
0.75626865
-0.38751233
0.10657584
-0.60287368
0.49629785
-0.99678908
1.0343706
-0.037581493
0.665925
-1.2081111
0.54218606
0.7134491
0.26118169
-0.97463079
-0.15503362
0.93003789
-0.77500428
-1.3821591
1.0971734
-0.35327534
0.92788064
-0.5746053
0.27972795
0.27204455
-0.62828188
0.57091911
0.057362779
0.74323963
0.95744171
-1.7006813
1.3396274
-1.2382824
-0.10134506
0.078150775
-0.44731476
0.74716392
-0.29984916
0.98199518
-0.46717225
-0.51482293
1.4964902
-1.3485086
-0.14798158
1.1580077
-1.0279467
-0.13006108
0.44026194
-0.6006574
0.16039546
-0.34200203
0.13260392
0.20939811
0.20408759
-0.54972132
-1.8130253
1.2861014
0.52692395
0.34797666
0.7516453
0.37056423
-1.3668339
0.99626969
-0.67481651
1.1403614
-0.46554493
-0.15683034
-0.92993621
1.0867665
0.43635333
-0.32276539
-0.11358794
0.075633385
1.263994
0.83742397
-0.0026086397
-0.83481533
-1.1950823
0.48845094
0.70663135
0.079529673
0.55003787
-0.62956754
0.47839815
0.36177485
0.66037438
0.36472334
-1.0250977
0.68868001
-0.26126603
-0.42741398
-0.72560883
-0.80805598
0.46254118
-0.27587689
-0.11590351
-0.23246771
0.34837122
-0.43442903
0.84923117
-0.41480214
-0.46810057
1.2113402
-0.86156881
1.1454237
-0.28385486
-0.92287421
-0.27220808
-0.010709252
1.1393598
1.2401207
-1.1594626
-0.080658066
-0.763169
-0.38654469
-1.6839964
1.1131882
0.57080829
-1.8140589
1.3174478
0.49661111
0.86303311
-0.3879303
-0.47510281
0.20687427
-0.55635645
0.3079754
-0.78164236
0.0067461531
0.635751
-0.64249715
0.46899718
-0.62403079
-0.22124118
0.60470678
0.28387856
0.65729592
1.0032008
0.49328944
0.5811941
-0.57444795
0.43547139
1.0425033
-1.4779747
1.5314107
-0.87862535
-0.65278533
-0.32957056
0.72139919
-0.39182863
-0.0095540831
0.22575788
0.30919366
-0.16265538
0.13000407
0.13672826
-0.26673233
1.6360402
-1.6632022
0.12902971
0.067944916
-0.19697463
0.17514004
-0.034515726
-1.124845
1.2113642
-0.086519152
-0.31232723
0.20720182
0.10512541
0.59106057
-0.54938683
-0.041673747
-0.84421995
0.76990625
0.074313704
0.29060139
-0.14442156
-0.052344467
0.47842619
-0.42608172
-0.72530811
1.3292244
-0.60391633
0.44991907
0.83530565
1.1902413
-0.52431634
0.51394272
0.34909039
-0.53375007
0.40283309
0.99095017
-1.1477805
-0.46455053
0.34864702
0.84564335
0.39447735
0.78917743
-1.6227401
0.83356263
0.46526295
0.25329943
-0.20282416
-0.46094552
0.70395477
1.197011
-1.197011
-0.33858734
-0.19315899
1.030583
0.11892524
-0.56624
-0.058674009
0.96265894
-0.90398493
-0.61146422
1.4417342
-0.63845157
1.4157882
1.2718647
-0.72912033
-0.54274441
0.62871984
0.45822837
-0.78779893
0.89850744
-1.1797625
0.28125504
0.88554919
-0.88002288
0.13659622
-0.067495155
-1.0289131
1.0964083
1.4775235
0.24891253
-1.726436
-0.82911942
1.2645908
-0.62340948
0.7089347
-0.64260899
0.72804948
-0.057608028
0.71798241
0.012276159
0.55246199
-0.56473815
-0.8655267
-0.039207446
0.90473414
0.54120661
-1.2665147
-1.3538843
1.2952103
0.90033134
0.40757699
-1.3079083
-0.11051071
-0.52177363
0.63228434
-0.56563935
1.1098477
-0.91462146
0.34296179
0.57165967
0.57100912
-0.49147944
0.13635941
-0.79559965
0.65924025
0.99737249
-1.1091115
0.11173898
0.87605328
0.39581146
-1.516081
0.79580733
0.074589287
1.0834185
0.96577133
0.737174
-1.3432494
-0.1483123
0.58857424
-1.0537249
0.83477064
0.21895422
-1.0785227
0.96801202
0.57472442
0.725322
-1.3000464
0.91068753
0.017193117
-0.64643602
0.78279543
-0.31079175
-0.74293312
-0.17453196
-0.33625199
0.51078396
0.45545395
-0.73804639
0.28259244
0.14883591
0.43809056
-0.58692647
-1.0166513
0.25932991
0.75732138
0.16078006
1.1976666
-1.3584467
-0.94421925
-0.45677954
1.4009988
0.24723692
0.71007927
-0.25194981
-0.0010009906
0.2529508
-0.95231583
-0.18731256
1.1991665
-1.0901293
1.0951617
-0.097789222
-0.78590366
-0.44935089
1.2352546
-0.68253987
-0.29624575
0.97878562
-0.12043315
0.47634173
-0.35590858
-0.051825953
0.8865966
-0.43000731
-0.51984492
0.94985223
0.55850826
0.0046783404
-0.5631866
-0.79419263
0.72514818
0.069044454
-0.99910873
0.55640935
0.44269938
-0.88787562
0.57708388
0.57448358
-1.1535064
1.4775235
0.17574825
0.39312561
-0.56887386
1.4531677
-1.1618297
-0.29133796
-1.0758513
1.1902819
-0.47683277
-0.88133844
-0.2435066
0.051162531
-0.84046823
0.7893057
-1.0748482
1.2356282
0.5749843
-1.1186488
0.5436645
0.54806638
0.73981579
-1.2878822
-0.68117822
0.53478384
-0.7093158
0.34218603
-0.3945305
-1.1676827
-0.51631374
1.0444642
-0.11442626
1.0818228
-0.89356131
-0.18826149
0.87397136
0.71946709
-1.5934384
0.20585651
-0.69495767
-0.0089389867
0.18975588
-0.18081689
-0.41501997
0.59076822
-0.51234846
1.3863198
-1.3783862
1.3656804
0.012705816
-0.13959993
0.61802612
0.030699963
-0.28264978
0.37708789
-0.3886863
0.011598411
0.29198697
-1.3892488
1.0972618
-0.46544866
-0.035257418
0.50070607
-0.13855594
-0.70167003
0.84022597
0.6186871
0.29200043
0.25369405
1.0992077
-1.3529018
-0.62190585
0.28565386
1.0298549
0.23140823
-1.2612631
0.029277447
1.1683892
0.58071699
0.46077003
1.3255476
-0.26227852
-1.0632691
-0.50264686
-0.12563503
-1.1672373
0.38152876
0.78570857
0.1148881
-0.58860566
0.47371756
-0.82032239
0.81667793
0.0036444638
-0.1920009
1.1555691
1.1640847
-1.7319751
0.56789035
0.63025675
0.31735326
-0.94761001
-0.45230101
-0.042093735
0.49439475
-0.13131419
-0.35875657
0.49007075
0.44050244
0.081032515
1.3721352
-0.4744191
1.0494034
0.36349091
-0.18767847
0.9048868
0.23256946
-1.1374563
0.46654295
-0.45426679
-0.82948204
0.39947473
1.5055081
-0.12508849
1.2689406
-1.1438521
0.11783173
-1.2353793
-1.4388592
0.81237235
0.62648688
1.439714
-0.42024944
-0.75951304
-1.0827761
-0.21425451
-0.84343875
1.1046204
-0.57647566
-0.69051561
1.1854319
-0.96841655
-1.1220993
1.2316072
-0.10950781
-0.84260788
0.88261432
-0.39398542
-0.40020721
0.11367395
0.96814886
-0.031500567
-0.81271939
-0.57510906
-0.3395124
-0.18322131
1.2487047
-1.0654834
-0.4829406
0.5978287
-0.8932792
0.92842783
-0.035148631
0.0027143979
-1.1955352
1.1928208
0.9238934
-0.075754327
-0.84813908
0.50850913
-0.5234704
0.014961274
1.0146129
-1.1505326
0.13591966
0.077468423
0.89917194
-0.97664036
0.72676831
-0.61209696
-0.11467135
-0.45186022
0.29736442
0.15449579
0.17328916
-0.33895063
-0.0042413254
-0.93997792
-0.092595827
-0.90419325
-1.1662809
1.2466344
-1.24392
-0.57717873
-0.24667131
-0.35839732
0.15740296
0.20099436
0.72603316
-0.61716733
-0.10886584
0.21448796
-1.0599965
0.8455085
0.0020706484
0.37501724
-0.43282268
-0.032625981
0.65567168
-0.036984581
-0.67555064
-0.94718941
0.77281466
-0.20189555
0.3154003
-1.6360402
1.3206399
1.0634195
-0.59382667
-0.46959287
-0.12961368
-0.6985906
0.82820428
-0.64599199
0.32900629
-0.62126659
0.52639742
0.094869166
-0.33903001
0.013779987
0.32525003
-0.42713612
-0.025164895
0.5877566
0.18505806
-0.10036929
-0.76515741
0.81101775
0.034625605
-0.48397881
-0.59281732
1.0767961
0.37882709
0.082817249
-0.46164434
-1.0647284
1.3498305
-0.28510215
1.0025638
-0.51411282
1.6250263
-1.0580262
-0.5670001
-0.85952984
-1.1757136
0.71893404
-0.92827686
0.25178351
0.67649336
-0.85955335
0.93702177
0.1478639
-0.48689391
-0.5393283
-0.47732299
0.55385699
-0.43020283
-0.12365416
0.85876884
-0.8902694
-0.89764273
1.1121307
-0.17206949
1.1978674
-1.0257979
-0.97401047
0.31932023
0.65469024
-0.79868134
0.81499824
-0.016316902
0.53588043
-0.41624703
-0.1196334
1.2122891
-0.58203233
0.9092531
0.093310669
0.62633617
0.84192362
-1.4682598
-0.13269689
-0.20998309
0.34267997
-0.42906041
0.56809035
-0.13902995
-0.33821662
0.051425812
-1.7831189
1.1019407
0.32809046
-1.0285828
0.70049239
-0.029018238
-0.5314297
0.56044794
0.5094119
-0.64316284
0.13375093
0.87853993
0.15775401
-1.0362939
-1.2981786
0.32553113
0.97264743
-0.87016656
0.010613216
0.42818597
0.10769446
-1.1824082
-0.19597806
0.18925726
0.59789685
0.46391405
-0.33874658
-0.12516747
0.56442348
1.0345572
-1.5989807
0.81768652
0.10620689
0.4393852
0.11447179
0.44137644
0.62204311
-0.57127486
0.22881381
1.023397
0.30215062
-1.1106125
0.28149313
-0.43745393
0.20498622
0.79384399
-0.3920325
-0.40181148
-0.64403054
0.89185058
-0.55592383
-0.33592675
0.610617
0.11615131
-0.94763477
1.2630351
0.91266298
-0.45720903
0.3330298
-1.2905721
1.0406699
0.24990229
-0.69307038
0.52212977
0.17094061
0.5795556
-0.65024774
0.070692137
-0.12846333
1.1330813
-0.1335958
-0.74221281
0.36933078
0.37288203
0.80116081
0.054787395
-0.98306426
-0.85388085
0.54235865
0.3115222
-0.099221218
-1.0228781
-0.28259444
-0.87223465
0.62461736
0.1014158
0.64297359
-0.33833971
-0.30463388
-0.33760344
0.46272681
-0.12512338
-0.26275475
-0.075461873
-1.3064829
0.24798008
1.0585028
-0.36861009
-0.32446029
0.53531391
-0.38933129
-0.14598262
-0.14685654
0.66079926
0.66022805
-0.33986441
-0.32036363
0.8806597
-0.4554689
-0.4251908
0.83162178
0.53405863
-0.74024189
1.0447939
-0.30455197
-1.006843
0.11657363
-0.12270079
-0.30635962
-0.16890275
0.6473009
-1.1753719
0.70998581
1.5143767
-0.88804057
0.95149387
0.76271798
-0.59170487
-0.17101311
1.0681446
0.11722335
-1.185368
0.31562318
0.77782389
-0.6027136
-0.17511028
1.1544423
-1.1889085
0.034466206
0.44539868
0.43526102
0.90476639
1.0253375
-0.60752343
-0.41781406
-0.2500554
0.8304832
-0.5804278
-0.26989082
-0.31694337
0.85043016
0.77459609
-0.20921258
1.1140994
0.17816185
0.19513491
-0.37329676
-0.18678866
1.0859606
0.01538428
-0.53681558
0.5214313
-0.86008564
0.53827613
0.3218095
-0.37122498
1.5755006
-0.13310551
-1.4423951
-0.63880437
0.89249842
0.94949454
0.2145902
-0.24927376
-0.92643982
-0.8661765
-1.2121077
-0.51986739
-1.0742431
-1.0736377
-0.12189756
-0.44751846
-0.58139468
0.3751912
-1.5676562
1.192465
0.32480196
-1.5830995
1.2582976
-1.0509867
1.6154102
-0.84693065
1.0783389
-0.23207261
0.56422903
0.2465213
-0.81075033
1.0400777
-0.014740212
-0.62000863
-0.93801923
1.5580279
-1.6315788
0.63211831
0.99946053
0.28483469
-1.1781139
-0.93127746
0.3426718
0.84628667
-0.75663347
-0.089653201
1.3265015
-0.25835687
1.2696472
0.079947982
-1.3495952
1.3186948
-0.99389284
-0.93129169
0.28579894
1.0210948
-1.3068938
0.46343494
0.5261808
-0.98961574
-0.01271379
0.18785383
-1.1933367
0.3528685
-0.53882394
1.448077
0.7506529
-0.073824047
-0.67682886
0.746781
-0.076398574
-0.67038243
-0.093386055
1.4820686
-1.3886826
0.52583498
0.33138798
-0.48581371
0.3233265
0.16248721
0.42874762
0.89435744
0.50664135
1.2209944
0.080813346
1.073629
-0.99976298
-0.43909625
-1.532449
-0.76029617
-1.0228228
0.96679394
-0.87348327
-0.59348255
0.055941561
0.53754098
-1.176053
1.0475896
0.32349686
-0.87555544
0.55205858
-0.4613025
0.71308601
-0.13677019
-0.035142114
0.1719123
1.1711982
0.52296689
-1.6941651
1.4521716
-0.62084844
-0.83132316
-0.91384315
-0.96885477
-0.83182616
0.31984641
0.51197975
0.90279083
-0.31503424
-0.87677843
1.2247551
-1.1203934
0.43785349
-0.94302524
-0.033759444
0.97678468
0.49891527
0.77957189
-0.68251837
-0.1865157
-0.26096334
0.44747904
1.133913
-0.61823217
-0.51568087
-0.29022769
0.25571197
-0.45179555
1.1707296
0.83580214
-0.29265246
-0.54314968
0.082039468
1.1764876
-1.258527
-1.0814546
0.0118744
1.0695802
0.055161998
-1.4291871
1.1467725
0.28241465
1.5113943
-1.394171
-0.1157854
0.3782095
0.28464032
0.72997258
0.24151479
-1.3062432
-0.034974288
1.0061063
-0.90475795
-0.67054636
-0.68263394
-0.39588878
0.72370928
1.1892517
-0.97691426
0.10312252
-0.71143972
0.6083172
-0.7302796
1.2291949
-0.28558459
0.81339942
-0.52781483
-0.23487159
-0.21698862
-1.6180791
1.4537809
0.16429816
0.088798519
0.80910984
-0.89790836
0.088567412
0.73593569
0.21848226
-0.260156
-1.1007826
-0.051078155
0.66029974
-0.60922159
-1.3326042
0.15655125
0.30150307
0.89526329
0.52521476
-0.57629291
1.1056765
0.503594
-1.6092705
-0.13854694
-0.18611292
0.32465987
0.22472791
1.0939669
-0.94535664
-1.0512976
1.1400962
-0.6069223
-0.016487185
0.94629799
-0.0039467861
-0.9423512
-0.7440566
-0.87402248
-0.13003563
-0.22836169
0.36115088
0.59477372
-0.9559246
1.0520331
-1.1096894
0.05765625
1.2929818
-1.3969542
0.3438528
-0.6287126
-0.013896384
-1.2017867
1.0185654
-0.10730407
-0.40227239
0.50957646
-0.44373791
1.3084994
-0.86476154
-1.1372002
0.46392641
-0.3473074
-0.7148078
1.0621152
-0.22008501
1.254098
-1.034013
-0.29795037
0.82392043
-0.52597006
1.1590551
0.41644544
-0.4664218
0.47110014
-0.94113408
0.37863293
0.057720403
-0.2162735
0.82939293
-0.89566544
0.40919865
-0.73196403
-0.33464469
-0.66446404
-1.0395169
0.25361321
-0.3579747
0.33547722
-1.0400994
-0.34107759
0.43109733
0.27783737
-0.58882987
1.1635543
-0.56657095
-1.0182421
-0.17066642
-0.57171791
-0.11528714
0.24529121
1.3165309
-0.62638481
-0.26149082
-0.73739465
-0.058205006
0.95264378
-0.31460971
-0.63803407
0.5194694
0.51490118
-0.089614889
-0.83325932
0.93762975
0.65527598
-1.5929057
-0.43991258
1.016598
-0.57668538
0.73505088
-0.42813986
-0.30691101
0.87837353
-0.12672823
-0.83227004
0.64548138
0.42233893
0.30571055
0.84374151
-0.0079393689
-0.16262766
0.23057258
-0.69824016
0.089981256
0.71127457
-0.80125582
0.044574152
0.72635827
-0.75537651
1.5428635
-0.49083037
-0.38563184
-0.21724184
0.64601543
-0.39108197
-0.25493346
0.2408621
0.65098848
-1.2193875
0.032737677
1.1866499
1.3083832
-0.68188669
-0.6264965
-0.72879264
0.25368983
0.7319713
-0.41775488
-0.31421642
-0.022921284
0.5842856
-0.56136432
0.30801305
-0.47304909
-0.017444874
0.59863898
0.41114652
0.36637662
0.58862953
-0.95500615
-0.94784294
0.27302642
0.52646681
0.32276436
-0.41619486
0.39874998
0.80489057
-1.2888694
0.074952364
0.35398302
-0.42893539
-0.65517029
1.2877244
-0.63255407
-0.22543639
0.35184099
0.33683902
-0.5464163
0.90756719
-0.94639736
1.3408747
0.96657397
-0.60019735
-0.39826386
-0.46182177
0.046322676
0.58942832
0.095853135
0.10519921
-0.20105234
-0.46730323
0.015735395
0.45156784
-0.94897001
0.62900469
0.31996532
0.16258905
1.0302318
-0.38003095
0.24733407
0.26854818
-0.49236746
0.22381927
-1.4975675
0.98521907
-0.49581635
0.78963696
-1.0722314
0.61232775
0.5215853
1.4952087
-1.4400467
-0.023454963
0.32081939
-0.19110501
-0.16540516
0.35651017
-0.75573498
0.054064953
0.17362853
-0.43235946
0.42409451
0.8225399
0.401772
-0.32681964
0.34826814
0.65730213
0.84269787
-0.85039954
-0.70214034
0.26643147
-0.28988643
0.82973463
0.36637879
-0.3144476
-0.051931187
-1.486667
0.55537535
-0.58625154
0.45493735
1.0132126
-0.85786395
-0.15534869
0.42303385
-0.14149215
1.5027664
-0.80225147
-0.70051491
0.63857744
0.085131844
-0.054119231
0.37852932
0.2862184
-0.66763021
1.3870973
0.79340233
-1.1855774
0.3921751
-0.14754903
-0.15823563
-0.096752126
0.25498776
-0.21123656
-0.27457715
0.71652042
-0.70113614
-0.17659836
-0.93815856
1.0181065
-0.26772094
0.042985565
0.22473538
0.64260693
0.093328755
1.380368
-0.88150758
-0.49886038
1.0648936
-0.6438303
-0.42106326
1.1370883
1.1253628
0.28048232
-0.88800575
-0.5180927
0.3697804
1.1711982
0.51302495
-0.11335978
-0.39966517
-0.45065626
-0.24311966
-0.41843338
0.66155305
-0.029148141
0.56742427
1.6632022
-1.3774032
1.3066835
-0.304897
0.16333296
-0.17813125
0.32599515
0.26628287
0.13741985
-0.40370272
-0.64062691
1.0482039
-0.50433578
-0.99323175
-0.86726869
-0.17224818
0.82183271
0.48655048
-1.0450946
0.86215605
0.18293854
0.40950077
-0.46362
0.18058124
0.96484244
0.70167276
-1.4745727
0.77289995
-0.42350175
0.78822509
1.766725
-0.25533066
0.57030404
-0.14211807
1.0740597
0.072712754
0.021632661
0.80862509
-1.3213648
1.2221436
-1.1347108
0.25793234
0.65854164
-0.50970572
0.16540035
-0.37499532
0.13563933
0.23935599
0.21520261
-0.2163084
0.0011057876
-0.32484359
1.067977
-0.74313339
0.49973453
0.28358162
0.14627078
-0.42985239
0.3280927
-0.31980237
-0.0082903274
-0.89421706
-0.4039615
-0.48519028
-0.25702253
-0.29988407
-0.30077333
-0.25632387
-0.0014261221
0.19422564
0.31428348
-0.056870805
1.3455884
-1.2887175
0.58563354
-0.14624834
0.41150066
-0.11965884
-0.29184181
-0.28116235
0.013441412
-0.3583237
0.67745499
0.21690245
0.24932058
-0.15346745
-0.31971974
1.1111773
-0.79145754
0.25278563
0.095861396
-0.84246525
0.21608044
-0.084103914
0.3526521
0.34823138
-0.22153208
-0.1266993
0.52676534
-0.5985944
1.0433569
-0.36590192
0.47347999
0.06183392
-0.97765672
0.80558723
0.50955904
-0.58150615
0.2130994
0.29992555
0.87626684
-0.73627141
0.037680811
-0.051448163
-0.37714773
0.70892133
-0.3317736
0.055677231
-0.92791188
-1.1307317
0.32959041
0.80114128
-0.26003513
-0.35124713
0.61128225
-0.44599718
-1.0207049
0.92731887
0.787319
-1.5129278
-1.0738034
-0.026979233
0.94720941
-1.2323116
0.7915381
0.17314208
0.30033791
1.1056765
-0.29230968
0.42903794
-0.56582918
-0.53725911
1.1030883
-0.29766824
0.15912129
0.31231565
0.45040233
0.65800226
0.53227962
-0.76581612
0.32163281
0.45619108
0.75542864
-0.129983
-0.86071068
0.99069368
0.66136428
-1.4694203
0.014750797
-0.63298297
-0.00078843142
0.20324557
0.12484713
1.4757225
-0.37800409
-1.0977184
-1.0775499
0.14594383
0.11293084
-0.81403251
0.70110167
1.2381395
-1.2575181
0.019378671
-0.2520979
0.68084552
0.25749248
0.11247562
0.36785418
-0.32310788
0.32210689
0.53371317
-1.1888835
0.7394488
-0.4314734
-0.32246099
1.1273516
-1.0045625
0.29908464
0.66892738
-1.3264715
1.1063865
-0.82009851
-0.56206064
-0.37405063
0.93827966
1.1004878
0.4423757
-0.098589841
0.30447199
-0.20588215
-0.12343901
-0.70823023
0.83166923
-0.68221063
-1.5553225
0.14996416
0.36535983
-0.51532399
1.0342432
-0.19632535
-0.84876924
0.71526842
-1.038835
0.12458454
0.080323827
-0.20490836
0.10804361
-0.78487246
0.11191589
-0.78229832
0.24029007
0.55355392
0.38225963
0.36121533
-0.47028645
0.10907112
0.60817001
-1.0575209
0.41409293
-1.4079858
1.2359256
-0.20106051
0.90001985
-0.69895934
0.12408069
0.84249327
-0.087428548
0.3671565
-0.52840537
0.50548409
0.37203469
1.2659972
-0.27176455
-0.99423264
0.14662121
0.38050025
-0.52712147
-0.19917577
0.66310218
0.73792936
-1.1229644
0.09501778
1.124638
0.16834386
1.0865853
0.41341469
-0.1881403
-1.0557797
0.51313853
0.53021838
-0.42938949
0.42947078
-8.1292747e-05
-1.4271502
0.84507929
0.58207095
1.1612122
-0.074927381
-0.45908086
0.53400824
1.0244066
-0.24393394
-0.032463188
0.44110238
-0.38354049
-0.057561889
-0.56698104
-0.081897425
1.4227721
0.81606984
0.63610175
-0.7629961
0.24278359
0.52021251
-1.0480997
1.3385001
-0.39129074
-0.099528863
-1.2218359
0.89882916
-0.95027732
0.90635546
-0.65274226
-0.14328185
0.60828588
-0.46500402
-0.12848812
-0.71495063
1.2613586
-0.42665734
-0.83470125
-1.4689219
1.4283889
0.040533082
1.6702505
-0.82832688
0.1299564
-0.60300549
1.1978674
0.84556717
0.63015529
-0.25846271
0.91828422
0.085420813
-1.003705
-0.37315576
-1.0539945
0.39910358
-0.79736744
0.5230777
-0.98862263
1.3731144
-0.92319534
0.16658376
-0.55861626
-0.20374011
0.75224918
-0.54850908
1.0394324
-1.7456966
0.89529702
-1.3256568
1.0008132
-0.66959767
0.59467029
0.10967898
0.90353366
0.71863745
0.12764922
0.62447639
-0.76415782
0.13968143
0.27635607
1.2861014
0.71014916
-1.1764899
0.49460316
0.67950397
0.076764679
-1.3614662
1.0417465
1.3371184
-0.24771911
-1.0893993
-0.54908025
0.95413709
-0.40505684
1.2320969
0.10859552
-1.3406924
-1.1857636
-0.55993292
-0.03828089
0.83027669
-0.7919958
0.25423401
-0.63138174
0.21839576
0.37144394
-0.28146269
-1.3961485
0.37544354
-0.43158985
0.014133888
0.41745597
-0.73098457
1.0838531
0.32751824
1.3031761
0.72816274
-0.676286
0.70889597
0.37634122
0.66373648
0.22383399
-0.44519764
0.22136365
-1.0136249
-0.78483062
-0.059030047
-0.80646344
-0.74885902
1.2916124
-1.0747099
0.54967956
-0.37653748
0.012703416
1.0738819
0.70141865
-0.35923262
0.85137362
-0.82974096
0.30613514
0.93200432
0.90619954
-0.46413988
-0.44205966
-0.72401907
0.19383857
0.5301805
-0.35819667
0.52168233
-0.16348566
-0.48227648
1.070906
-1.2910434
0.91212272
0.37892072
-0.43811633
0.25998508
-0.52484462
-0.84198931
0.30681115
-0.23595314
1.0294254
-0.076781624
0.68511095
0.40885594
0.64580914
-1.8585979
1.2127888
-0.37188613
0.8609578
0.42676655
-0.56248468
0.079544086
-0.4749373
0.91631374
0.1285959
0.71648339
0.95368952
-0.79110046
-0.91890387
0.46717946
0.3786829
0.19162114
1.3174478
-0.074308799
0.80604861
-1.382734
0.56376382
0.23355812
-0.043802243
0.33826706
0.42413351
-0.76240057
-0.025046239
0.97416307
-0.10935384
0.33318783
-1.0721616
0.59722434
0.79841175
-1.0946575
-1.2693697
0.99760514
0.39014813
0.19548541
-0.4372223
0.19328836
0.41594958
-0.70153417
0.54776016
0.49670399
-0.62575308
1.0989156
-0.47316255
-0.011608288
-0.46182142
0.10362475
-0.15670726
-0.33231438
0.48902164
0.60611074
0.61864435
0.85525192
0.64539654
-0.76883555
0.50085552
0.96310527
-0.050949639
-0.91215563
0.92507107
-1.5515676
0.5139797
0.16740832
0.5065654
-0.065463013
0.26466673
-0.8904198
-1.2928026
1.3491436
-0.056341009
1.0566589
0.44307011
-0.09033933
0.54299468
-0.45265535
-0.13545822
1.3675551
-0.96948525
-0.068230825
-0.59254353
0.66077435
0.19029175
0.86715265
-0.70820952
0.065712372
0.74079051
-0.637668
0.30999145
0.32763225
0.59065197
-0.78392683
0.20881778
0.40937252
-0.70732289
0.3028369
0.26525345
-0.5064585
-0.35140546
-0.067655011
0.7976416
-0.40286238
-0.39477922
0.58775326
-0.92726566
-0.075332707
0.75483668
0.24765342
0.7938423
-0.247778
-1.1799401
1.0499571
0.44227532
0.85918005
0.47226041
-1.3314405
-0.79357087
-0.26929679
1.0628677
-1.3323505
1.0846314
0.098033288
-0.21332043
-1.0108714
0.9426406
1.138765
-0.43213364
-0.3706846
-0.41095776
0.49156949
1.3725054
-0.83879226
0.41596017
-0.84261751
0.97959745
-0.57209557
-0.078152163
0.3402602
-0.24639791
-0.19082439
0.42739887
0.47880067
-0.56936935
-0.76323489
-0.054436415
-0.82690203
-0.99071903
1.0727585
0.33033837
-0.26881399
0.59030288
-0.32148889
-0.55164354
0.16056157
0.23286582
0.45558394
-0.68844976
-0.82549666
-0.050058774
0.38763987
-0.87283014
-0.15929863
-0.32759528
-0.58274154
0.22909717
0.35364437
-1.230096
0.66072668
-0.70686226
-0.0013472661
0.95645517
0.41829741
-0.56157926
-0.48441305
0.50418539
-0.10947895
-0.39470644
-1.265967
0.10726338
-0.87242079
-0.79469951
1.28125
-0.25677826
1.194408
0.4771094
0.22684537
-0.017469659
0.70316169
-0.68569203
-0.66299313
0.23529423
-0.48620217
0.025317845
-0.32011694
0.29479909
0.15959345
-0.31889208
0.92516103
-0.23545656
-0.52753954
1.1625108
-1.2007917
0.495479
-0.78813146
-0.99205679
0.44297654
1.6952309
-0.59805752
0.66069448
0.57456007
0.096405449
0.25818818
-0.13181159
0.37914566
-0.35628553
0.47075732
0.025795838
0.25219266
-0.2779885
-1.4689219
-0.50201368
0.14572815
-0.47701768
0.15183859
0.3251791
0.44982346
-0.0021703554
0.27970461
-0.59641505
1.1879972
-0.59158217
0.74855709
0.048489303
-0.99384594
1.288157
-1.3056267
-0.83519517
0.063325233
0.77186993
-0.5359668
-0.31791405
0.46596209
1.0651275
0.43487246
-1.0971594
0.70127065
0.38884321
-0.33290164
-0.30076101
0.37927946
-0.078518443
-0.12035679
-0.26551328
0.38587007
-1.0598981
0.015267071
1.044631
-0.53906676
0.27903163
-0.35162898
0.45932343
1.6106516
-0.11758116
0.3998779
-0.28229674
0.21253541
0.20788269
-0.80429774
-0.64341492
0.85949536
-0.123824
-0.91028756
-0.353823
0.76977259
0.49823491
0.59994105
-0.054983506
0.39442036
-0.33943686
0.033320356
-0.035490712
0.94713812
0.42597629
-0.63928932
1.2965915
0.54117278
-0.73433178
-0.58615217
0.66046587
0.14006808
-0.97526325
-0.94310262
0.75579005
-0.86326413
-0.40270286
-0.34682532
-0.56057476
-0.39932756
-0.021333284
0.42066085
-0.068929028
-1.0407603
-0.49106027
0.1394313
1.3758928
-0.51671277
-0.58237281
1.100641
0.33269191
-1.4333329
-0.14209781
0.54728788
-0.40519007
0.031048411
0.50649257
1.1775888
-0.76162868
0.85178975
-1.0416687
0.099042345
0.49664406
-0.5956864
0.75493215
-0.52333136
1.2358117
0.020808879
-1.2566205
-0.57889296
-0.15915343
0.19694792
0.40658101
-0.12776512
-0.2087646
0.51875605
-0.24156818
0.096609234
-0.62803893
0.022304978
0.011015376
-0.88382846
1.0917112
-0.15657782
0.79110773
-0.082186406
0.4618424
-0.60144233
-0.65105399
-0.23126241
-0.25315064
0.200294
1.2154942
0.22437798
1.2173562
-0.43466958
-0.53996121
-0.74265032
0.49953065
-0.81298381
0.18941094
0.44271481
0.87076728
-0.19427392
0.98001471
1.393335
-1.3538843
0.61427512
-0.30195948
-0.0056348403
-1.0542632
-0.50259544
0.038975433
0.63061702
-0.3089842
-0.053393332
0.28868756
-0.26643171
-0.21977046
1.4775055
-0.9821146
-0.49539088
0.11567941
0.34823464
0.70873483
-1.044271
-0.11519168
-0.6027628
0.042188038
1.3635448
-0.10851444
0.12459184
0.42105805
0.078092951
-0.61490853
0.40987068
-0.62367697
0.041304169
-0.71047978
0.84055647
-0.13007669
0.27171889
-0.37902296
0.086188421
0.37635276
-0.77523451
1.4039544
-0.40360451
0.50935642
0.96814906
-0.43240624
0.75225265
0.99822953
-0.39211879
0.9666685
0.21092035
0.26760214
0.71774886
-0.985351
-0.36949898
0.7788715
-1.4686411
0.76650078
-0.73634132
0.41591005
1.0410558
0.22881711
-0.62902433
0.41585095
0.91337349
-0.50574455
0.25568915
-0.083440942
-0.49182524
-0.5127373
-0.15011692
-0.10018471
0.48902792
-0.36515816
-0.034169399
-0.48291471
-0.85638797
0.14158017
0.15481845
-0.46926606
0.039934901
1.0592728
-0.014991777
0.27248425
-0.067137224
-0.082979701
0.51794814
-0.037358566
0.09091717
0.54766027
-0.40891688
1.183513
-1.6301794
0.76589635
0.8642831
-1.6425521
0.34974949
-1.4580205
-0.010620603
-1.2277075
0.66187833
-0.24264403
-0.020110725
0.58527402
-0.53048662
-0.70786713
-0.016151939
-0.3264949
0.070171028
0.77228592
-0.56844497
-0.20384095
-0.38134574
-0.77216062
0.08270553
0.5599014
-0.54710049
0.11551064
0.40264491
-0.54474273
-0.13465162
1.1309213
-0.7233351
0.2933165
-0.0021491276
-0.56889961
-0.071200014
-0.35818947
-0.48004131
0.19511677
1.0798467
-1.2749635
0.38001682
0.14166551
-0.97192869
0.80543186
0.062710061
-0.86814192
0.092445713
0.41711333
0.096098497
0.43066684
0.81868684
0.22531589
-1.0440027
0.45156147
0.42974645
-0.88130792
0.80722971
0.42437745
-0.43261584
0.67913714
1.4283889
0.203872
1.0319396
0.1178638
0.047552752
-0.97399258
1.1535054
-0.87821477
-0.66324431
1.4952087
0.70213246
0.48661272
-0.68290422
0.1962915
-0.90448267
1.3598403
-0.50090927
-0.85893106
-0.59622218
-0.84182419
0.25567203
0.084626454
0.98802149
-1.0726479
-0.20308915
-0.12137347
0.32446262
-0.62740503
0.36644169
-0.26446322
-0.61710062
0.7969092
0.98469045
-0.22319764
-0.7614928
0.14299713
-0.56143051
-1.0252602
0.70279921
1.1431598
-0.3377279
-0.55999254
0.60218058
-0.7347068
-0.80606903
-0.78593599
0.11633833
-0.18694955
-0.66181969
-0.37083343
0.10355744
0.26727599
0.78361226
0.60270755
-1.3181581
1.3181581
-0.58013465
0.62143882
0.12033827
0.82388897
-0.73926251
-0.20010949
-0.055343396
-1.5058453
0.69286151
0.81239304
-0.1669965
1.077831
-0.2563474
0.12631176
-1.2223166
1.4174334
0.096053189
-0.80749291
0.42696679
-0.91742614
0.49045935
-0.48930065
-0.011077411
0.50037807
-0.2632583
0.82039638
-0.55713808
-0.39738851
-0.77056341
1.1679519
0.85781449
0.18324126
0.75745492
-0.82087187
0.063416949
-0.62909153
-0.273748
0.24128481
-1.1184836
0.6982342
0.039027778
0.43731395
0.041285237
0.16906696
-0.43895778
0.28298527
0.28443383
0.85061208
0.32587548
1.4517695
-0.4183237
-1.0334458
-1.5072818
0.77700221
-0.36806244
0.20982681
0.85689695
-0.84214616
1.4827009
-0.9322981
-0.55040284
-0.78321255
0.26408743
-1.3079756
0.2314314
-0.33002124
-0.093584124
-1.1287325
-0.41346978
0.093667409
-1.1974024
-0.66507327
0.74362395
-0.12158084
1.4142204
-1.0758513
-0.13585378
-0.10679024
-0.011473301
-0.28083638
0.17328015
0.2497537
0.63134173
-0.51841089
0.24561555
-0.32872796
0.88286057
-0.88134363
-0.0015169407
-0.33049165
-0.033340405
0.36383205
-0.72494745
0.089796308
0.63515115
-0.62768263
-0.43483823
0.46015607
-1.0670441
-0.52639435
-0.45061039
-0.04520596
-1.0810492
0.10912047
-1.2090049
0.1589145
0.43736641
-0.035594407
-0.10133476
0.23393868
-1.3901138
1.3901138
0.74767526
-0.24944036
0.033530683
-0.10066791
-0.3112451
-0.74995099
1.0335531
-0.28360209
0.63071272
-0.038963657
-0.925935
-0.17800071
-1.1294074
1.3074081
1.0160973
-0.031406855
0.042354233
-0.27396959
0.23161535
-0.7972593
-0.2749721
1.336376
-1.393335
0.14122213
0.39557823
-0.53680036
1.2832387
0.33217144
0.64077057
-0.30250351
0.86322493
-0.5956228
0.036484186
-1.2454891
-1.014347
-0.10413665
-0.64769138
-0.39336717
0.25734974
0.13601743
0.53553418
-0.62435552
-0.12148186
-1.0079255
-0.21522961
0.77163896
-0.022789277
-0.04911597
-0.50065921
0.34279211
-0.65581135
-0.40541937
-0.086948084
0.010787739
-0.4389276
0.54951983
-0.055644819
-0.3189037
0.37454852
-0.63922927
0.090398544
0.14897528
-0.23937382
0.45431338
0.25222277
-0.70653616
0.38270991
-0.019845436
0.60966219
-0.58981676
0.51868511
0.56727548
-0.44438303
-0.39135546
-1.0775665
-0.72072085
0.49904936
0.22167149
0.78460204
0.69809891
0.65578222
0.37480074
-0.2972333
0.28576
0.12303763
-0.76868523
0.6456476
-0.14953488
-0.19674106
0.34627594
0.38635867
-0.13350953
0.82305181
-0.68954228
-0.12229839
-1.1655838
-0.17035978
0.5243428
-0.090056456
-0.23643844
-1.1242911
-0.052198763
-0.89003278
0.45789915
-0.42426728
0.25635575
-0.098201295
-0.15815445
0.018874548
-0.43662943
-0.71551428
0.25643343
0.28024136
-0.63899793
-0.28684743
-0.65850372
0.45281115
0.20569258
0.20012665
-0.13969039
-0.34476427
0.51223289
-1.5655432
0.68732846
-0.90646443
0.15651344
0.014175806
0.47718928
-0.033931346
0.63393354
-0.6000022
0.59332604
0.23715716
0.33576598
-0.51810204
0.43107628
0.087025759
-0.043402677
0.80085759
-0.44401779
-0.29774701
-0.39682901
-0.080188674
1.0023123
-0.61169768
0.34843939
-1.3931295
0.1652611
-0.19485228
1.0891184
-0.89426609
1.2127888
0.51450083
-0.42205512
1.4706195
-1.1450884
-0.087777593
0.52873939
-0.43264089
0.26752531
-0.86772266
0.054282582
-1.0641153
1.1040502
-0.061843434
-1.0243884
0.81013389
0.21626649
-0.011837946
0.92491196
-0.27022172
0.1506124
-0.74475008
-0.28856082
1.0333109
0.02011041
-0.97038773
0.43334794
0.32622861
-0.75957654
-0.25848663
-0.86580446
0.050482365
-0.66679861
0.31297561
-0.82370259
-1.5345826
1.066482
-1.0049801
0.22974558
1.3321309
-1.1158644
-0.31430936
0.58983683
-0.27552747
-0.48757293
-0.49549132
0.44294073
-1.2941776
0.85123692
-0.38613646
-0.44253786
0.42125774
0.02128012
0.51905456
0.049926167
-0.56898073
-0.42710349
0.6012836
-0.17418011
0.72615312
0.51697238
-1.2431255
0.40667951
-0.16106396
0.36953801
-0.44073803
0.55585514
-0.37609999
1.2010915
-0.82499148
-0.60004033
-0.42925167
0.86259961
-0.64918036
0.89196395
0.49478982
0.068725794
-0.56351562
1.0862918
-0.60171398
0.24373928
1.1899123
-0.15968053
1.0500128
-0.92445835
-0.82670755
-0.029539522
-1.0033174
1.0328569
-1.2364704
-0.47843696
-1.319494
0.25186067
1.0676333
0.91582203
0.5662466
1.246107
-0.96640239
0.76166661
1.2193086
-0.88661669
-0.30940208
-0.97804471
0.31574753
-0.52573062
-1.1908982
0.98536048
0.20553775
-1.4975221
0.99538189
0.50214021
-1.1674901
0.042474459
1.1250156
-0.74181833
0.82723914
-0.43474425
0.66761007
-0.090871384
0.81722966
-0.34163121
0.30829081
-0.026837626
-0.82289822
0.54731332
0.89782005
-0.8170067
1.0104593
-1.0399988
0.37670371
-0.024862717
1.0451323
-0.31696954
0.20708362
-0.3429374
-0.34131563
1.0674688
0.39032941
0.34584094
-1.1431002
-0.19254164
-0.25855895
0.34530247
0.15888292
0.5547948
-0.025620383
-0.40119471
0.42681509
0.38988501
0.40310899
-0.33187479
-0.10624153
-0.50689732
0.22268986
0.0024156773
0.15606531
-0.44275195
0.28668665
-1.2022636
1.4846783
-0.61660488
-0.17119405
-0.96089908
-0.60464415
-0.57465252
1.9278212
-0.99191235
-0.9359089
-0.68206895
0.31256997
-0.25500793
0.64264779
0.087904649
-0.2909938
0.30831271
0.18175804
-1.0179307
-0.69893224
-0.80834956
-0.12292188
0.62048744
0.22944502
-0.84993245
0.96498373
-1.3256568
-1.3614662
-0.27155018
-0.73702731
-0.66247178
-0.48806079
0.052798727
-0.48892986
0.43613113
-1.000911
-1.038768
-0.71215355
1.7509215
0.089652533
0.0065543766
0.70996604
-0.88809962
0.80082103
-0.33084578
-0.46997525
0.15088457
1.0393568
-0.99370845
1.017366
0.70595441
0.020830541
-0.72678495
0.68780966
-0.078147467
0.84936274
-0.26425071
-0.58511203
0.2890892
0.55232785
1.2162198
0.042077724
1.1889326
0.0035324225
-0.38014994
-0.28893717
-0.39583934
0.43502931
-0.38761729
1.217408
-1.1831187
1.4845914
-0.12143476
0.38936245
0.27219059
0.8415856
-0.14109321
0.82026294
0.67973706
0.77633973
-0.35528168
-0.026305184
-0.30158604
0.32789123
0.33369389
-0.49909905
0.57904471
-0.50210551
-0.076939199
0.20564826
-0.11775705
-0.21760304
0.60775118
-0.31527398
-0.48840809
-0.11330589
-0.1323527
0.34665799
-0.21430529
0.071199123
-0.56327569
0.70690719
-0.07297365
-0.21438533
0.59306823
-0.69102506
-0.90202334
0.94393819
-0.37138504
-0.37156935
-0.45296111
0.59418325
-0.66758467
0.20884042
0.49329205
-0.11684009
0.2554112
-0.13857112
-0.28728563
0.78702016
0.1817712
0.12314106
0.71935221
0.72849372
-0.16143636
-0.13154146
1.2896666
0.80087231
-0.35815749
0.061659953
-0.71084031
0.22734879
-0.035914104
1.2144517
-1.2144517
1.0808208
-0.062255429
-0.15550575
0.18836817
-0.025737562
-0.36974828
-0.12507101
-0.75757965
0.19840549
0.93251582
0.81828692
0.55918449
-1.3774714
-0.7986195
1.0834542
0.79100426
-0.203251
1.2801636
-0.45990063
-0.4061007
-0.23179054
0.35810231
0.60967818
0.73591017
0.28023323
-0.58829222
0.59941318
-0.011120963
-0.33352847
-0.321363
0.97936525
0.68722486
-0.44636275
-1.4400467
-0.2768519
-0.50754593
0.78439783
-0.70263042
0.9085241
-0.64443667
-0.59244762
-0.24636649
0.83881411
1.0179868
0.19335342
-0.25813064
0.12352703
0.13460362
0.013332742
-0.67515243
-0.50402175
0.47840137
0.30263707
0.27640765
-0.16798366
-0.0067510248
0.17473469
-0.76015144
-1.2194604
0.31301693
-0.56828052
0.03728657
-1.1824941
0.21254136
-0.42002136
1.22607
0.37208486
0.59969675
-0.73320628
0.21975519
-0.97672205
-0.08531135
-0.21026996
0.2360658
-0.20152053
0.033536868
0.59557494
0.30929942
-0.31212798
-0.53456879
0.84669676
-0.38368082
-0.39734543
-0.36139141
-0.36194368
-0.21454577
0.66885916
-0.36566194
-0.4173163
0.78297824
1.0739855
-0.26487568
-1.1965415
1.1965415
-0.49663251
0.5097202
0.010951157
-0.012740194
-1.0265997
1.0393399
-0.76850353
0.42811928
0.34038425
-0.11606172
-0.45238325
-0.36702233
0.45681864
-1.3774032
-0.1060846
-0.11259723
0.21868183
-0.12741833
0.27699249
-0.14957416
0.74030255
-0.037976711
-0.35591773
0.16583399
0.34073141
-0.52903178
0.66285937
-0.5059812
0.12141815
0.95940269
-0.66120119
1.0700571
-0.67690306
1.0044213
0.85947061
-0.73643299
0.81829097
-0.92779878
-0.33400128
0.027012343
-0.45141102
0.42439867
1.0892032
-0.019622942
0.4718606
0.58870566
-0.47255435
-0.25324843
-0.87359177
-0.4587587
0.60437093
-0.54271098
0.61505475
-0.72333187
-1.3173905
0.3874543
1.0269477
0.035412885
-0.51299096
0.44307819
-0.41804766
0.10110429
0.52635244
0.63720185
-1.3810453
1.3810453
-0.80984997
-0.45951972
-0.34704566
0.97206811
-0.31069301
1.4604593
-1.2565873
-0.55196658
-0.23033173
-0.5167564
0.93146298
-0.41470658
-0.95112335
0.53110199
-0.35057
-0.51715266
-0.056697743
-0.90420133
-0.25605489
0.96620405
0.54619204
0.10621388
-0.65240591
-0.38588644
-0.56919699
-0.21567548
-0.12570044
1.3214216
-0.12151342
-0.016127258
0.51202962
-0.22008702
-0.21248159
0.24211744
-0.49088385
1.5150237
-1.0241398
0.11858046
-0.37514307
-0.31568069
0.92005162
-0.52403311
-0.10479592
-0.47562547
-0.20727875
-0.18770494
-1.1114209
1.1565576
-0.32590448
0.33236843
0.85014217
-0.40474348
0.19231502
0.48853049
0.60434586
-0.91064078
0.30629492
-0.58672633
0.57564892
-0.62045331
0.032161096
0.65309195
-0.87040292
0.17401346
0.92324836
-0.59217918
-0.070813947
-0.24969498
-0.65871409
-0.1025347
-0.73961146
0.4775392
0.89459597
-0.075659621
0.074286674
-0.22382155
-0.33955427
0.33947298
-0.3954841
0.17539708
1.265774
-0.011675926
0.90011749
-1.2732733
0.19647459
-0.49635092
-0.045867755
-0.50180787
0.54767562
-0.54846517
-0.10608647
-0.41372012
0.51980659
0.35273023
0.58545972
-0.48404391
-0.30498815
0.45195402
0.85122206
-0.078118901
0.95417218
-0.50155475
0.8780613
0.22655913
-1.1360408
-1.2190323
0.84102818
-1.038768
-1.4222801
0.93136469
0.49091542
-0.18623924
0.67533054
-1.3476165
1.1158187
0.23179783
0.082003869
0.44439356
0.11310133
-0.22994142
0.73060482
0.72985448
-1.0976361
0.59877577
1.1131843
-0.42548448
0.6343249
-0.58205359
0.15463961
-0.60324397
-0.71605353
-1.4431603
0.77261395
-0.72086934
-0.22980191
0.12371731
0.12065874
-0.24807706
0.47267908
-0.24298274
-1.0014991
0.29539468
0.70610439
-0.49427931
-0.4533307
-1.4281342
0.69342741
-0.61344238
0.24011482
0.87822612
-0.60200262
-1.0722472
0.16748927
-1.095528
0.45517477
0.29250049
0.24973313
0.15694638
-0.35223466
0.056377162
0.41261491
-0.46899207
0.20277284
0.9582269
-0.9237607
-0.84648553
0.12850339
0.71798215
-0.56995079
-0.78140338
0.23901178
0.42409039
-0.84207527
-0.25508415
-0.32620442
-0.3504901
0.43249397
-0.40430263
-0.9138864
-0.3877091
-0.46672467
0.34636788
0.3428756
-1.0846939
-0.27345249
-0.77784514
-0.01668396
-0.32137913
0.19621166
-0.32044618
0.0015424845
-0.46925309
0.35167194
0.13628874
0.63031448
-0.88636937
0.79375681
-0.56859259
0.42794326
1.4236131
-1.4803108
0.11911813
0.26016133
-0.33365713
0.06814385
-0.99310268
0.05494412
1.0404874
0.35775862
-0.150675
0.15161414
-0.71739489
-0.71073932
1.1789183
-0.44693379
0.95275813
-0.50582434
-0.68802922
-0.33696277
0.41187015
-0.23635302
-1.1541061
0.12009305
-0.13632072
0.40753116
1.4388681
-0.62132943
-0.8175387
0.095365245
-0.49763764
0.069668131
-0.57177365
0.44788952
-0.39509079
-0.16553055
-1.0519207
-0.37035937
0.43479343
-0.80045537
1.2820568
-1.130312
-0.15174481
-0.88897776
0.43176873
0.036640211
0.59470152
-0.045307719
0.29750038
-0.63788432
-0.21891566
0.92681522
-0.70149933
-0.98718129
0.41371715
-0.24190301
0.407737
1.0257979
-0.29465976
-0.75078235
0.39734092
0.35344143
1.4528434
-0.15763311
-1.2952103
0.031436231
-0.26269864
0.72726254
-0.20513277
0.19200686
-0.4452553
1.3551814
-0.8558295
-0.49935188
0.088978945
0.7123163
-0.39219939
-0.32011691
0.3233654
-0.95542816
1.1671124
-0.60457146
-0.93646765
0.37180789
-0.016978788
-0.71077058
0.63783507
-0.51230922
-0.56873994
0.39613759
-0.3820037
0.092751882
0.92535465
0.55501865
0.51202956
0.10132767
0.85955532
-0.96088299
-0.1718283
0.42158199
-0.42044401
-0.021247043
-0.36743925
-0.54303742
0.70962117
-0.49797412
0.4627167
-0.19763574
-0.66854076
-0.22316874
0.16977541
0.020754525
-0.28718623
0.92379734
0.41046243
-1.3342598
0.80099897
1.4528434
0.53348656
-0.026256552
1.0775665
0.61701405
-1.6945805
0.40636591
0.22575071
-0.81819832
0.35292443
0.5566983
-0.21217989
0.81382572
0.10541582
-0.91924153
-0.53517633
-0.93657677
0.35454444
0.70252011
-0.4431902
0.07542736
-0.59352006
-0.84190462
0.39497083
0.92047993
-0.48957622
0.44748248
1.059166
0.44083396
-1.1469384
0.75558295
0.43551515
0.88894979
-0.54607418
-0.10234832
0.20981379
0.16881913
0.46724312
0.53488321
1.0422148
1.3772216
-1.128309
-0.2080826
0.66089375
0.98774416
-1.0004844
0.33192714
0.44441259
-0.80891042
0.33826488
0.37405142
0.40938451
0.44075766
-0.11943111
-1.1838965
0.68298719
0.14220488
0.7153534
0.52673427
-1.008559
0.26894754
0.69415136
-0.27001785
0.34028037
-1.3170024
0.93391297
-1.6685354
0.73462241
0.33644882
-0.53408456
0.15466562
-0.23318406
0.14180614
0.24406393
-0.1243487
0.38169844
0.47305126
0.71714729
-1.2635636
-0.36330559
-0.39627096
-0.83546482
0.15890133
0.24097657
0.13239632
0.32005992
0.56985056
0.71220621
0.92852879
0.1214283
0.17079532
-1.247751
0.95881387
1.1818703
-0.78455982
-0.11322101
-1.1809566
0.50915796
0.38280599
0.62907596
-0.47369356
-1.2539337
0.73982084
0.32720892
-0.43329539
-0.46567031
-0.29096316
-0.89652598
0.44319528
0.91901418
-0.31047833
0.3495061
-1.0742431
-0.85072876
0.58626554
-0.13228768
-0.12584296
0.65523391
0.10503216
1.0738862
-0.73303432
0.93143981
0.59962175
0.66085274
-0.27149029
0.54583042
-0.0028357353
-0.70025513
-0.8967563
0.00023032513
1.1755895
-0.38405138
0.88195658
0.046572205
0.057702512
0.28759996
-0.76973065
0.19512535
-0.26991053
0.45166858
-0.75097445
0.28699694
0.46397751
-0.30999547
-0.19351211
0.47443372
-0.28092161
0.055257586
-0.078821726
0.36105312
0.61831213
0.10429113
0.26195129
-0.36624243
-0.9359089
-0.12582281
-0.26342409
0.53057907
-0.24745599
0.34096319
-0.093507196
-0.2990946
-0.34278572
-0.47400469
-0.48796008
1.0892295
-0.6012694
0.37919265
0.16825652
0.28736101
0.72513676
-1.0124978
-0.10154783
0.52979301
-1.0197384
1.1880823
0.59636383
-1.1681066
-0.028708335
0.3686943
-0.40897718
-0.35952634
-0.27013317
0.76342521
-1.1918559
0.7735322
0.77336574
0.88011712
-0.45217386
1.093951
-0.2019771
-0.43302392
0.99927051
-0.11215998
-0.25159554
0.36375552
-0.75432756
0.80958514
1.1445727
1.4690367
-0.70169206
0.44240475
0.25928732
0.82378347
1.0443006
0.17568367
1.2000087
-0.24451115
0.75366911
-0.65866508
-0.30813712
-0.44264523
0.57853096
0.14839837
0.66429182
0.39782338
-0.25090429
0.31568352
0.29951231
0.069525157
-0.60454012
0.35817363
0.25228707
0.12288255
-0.37516962
-0.74571809
-0.35191806
-0.14218467
0.8505981
-0.13366243
-0.64571131
-0.80881062
0.56103262
0.6307618
-0.83762088
-0.01310788
0.36058716
0.73336389
-0.61350906
-0.37807119
0.17992078
0.0020144597
-0.18193524
-0.32581092
-0.48930931
-0.17192558
-0.16731494
-0.75862994
0.92594488
1.3581131
-1.0778799
0.081064067
0.34797387
-0.34372253
0.88078618
0.013809794
0.93391297
0.7283258
1.5330711
-0.15584951
0.28038179
0.83465535
-1.1150371
-1.0671766
0.063471553
-0.10964351
-0.86727075
0.65438485
0.83991527
-0.56772468
-0.10716509
-1.1661082
0.80672543
0.32565478
1.003177
-0.39349879
-0.50592514
1.5225839
-0.5045971
0.0877304
-0.25372963
0.42912671
-0.47835285
-0.010577007
-0.90918052
1.7127898
-0.74014241
-0.030856716
-0.18700223
-0.16126225
-0.17239488
1.1250461
-1.1250461
0.19967728
0.72713794
-0.49893773
-0.39859343
1.1774392
-0.73792553
-0.43951364
-0.19993741
-0.29844743
0.49838484
-0.56066227
0.1181244
-0.078921367
0.24622667
-0.16730531
0.46458272
0.29149217
0.30792101
-0.20021299
0.13788368
0.68935546
0.85921234
-1.3741107
0.36024021
0.035185721
-0.86206435
0.81866167
1.5011991
-0.14268506
1.1192575
0.41381359
0.77313654
0.4787212
0.41022859
1.5404382
-0.45367167
0.8227189
-0.46166578
0.52041998
0.31839412
-0.14267918
-0.51880447
0.89555272
-1.0735916
0.72386423
-0.31119007
-0.41267416
0.53894055
1.2124047
0.13673897
-0.25434465
0.97817058
0.5444133
-1.05651
-0.12539671
1.6075982
-0.68248029
1.1994527
0.31298046
0.0066327128
0.32706117
-0.43001078
-0.014372247
-0.045022863
0.25484967
-0.14940326
0.68930256
-1.4019511
0.7126485
-0.27593091
0.58988739
0.0056009173
0.51345365
0.9132131
-0.51373837
0.036014978
-1.1798671
0.16569347
0.1875748
0.052159315
-0.23973412
0.22556477
-0.024249024
0.51903884
-0.57266714
-0.43589186
-0.73511935
0.43600173
0.83327775
-0.88961876
-0.58648488
1.0301084
-1.1089301
0.77132135
0.4000107
-0.44804795
-0.42085042
-0.17807284
0.033522888
0.22663844
0.19229552
-1.1154909
0.72590508
-0.38432096
0.33335113
1.365944
0.057669026
0.82617315
-0.25560832
0.97809526
0.3877218
-0.4352298
-0.39302348
0.852409
0.047046826
0.21490447
-0.7904561
0.98275162
-0.32862363
0.061780547
-0.29987503
0.82029501
0.23249506
-0.16435121
0.074928218
-0.3464779
0.27154968
-0.2287335
0.43148528
-0.48672573
0.028971906
-0.23002425
0.52992436
0.87633147
0.58224357
-0.36722411
-0.02709088
0.70930275
0.10099617
-0.81029892
0.62760376
-0.6302124
1.1826423
0.45274393
0.55043304
-0.62032907
-0.35366351
0.91832735
0.91031013
-0.46048667
0.50435539
0.025111385
-1.1817855
1.1566741
0.45492632
1.0651214
0.43847059
0.74817927
-0.023676518
0.98307921
0.11869855
0.091811269
0.15107356
-0.24288483
0.99791424
-1.022995
0.024865995
0.2507935
-0.089267255
1.0217831
0.34473664
0.66800333
-0.39905579
-0.35821713
-0.025323366
0.5307683
0.19309593
-0.43310241
-0.78861253
0.46323236
-0.66226551
-0.074761801
-1.077459
-0.54214255
0.019887411
-0.21245155
0.76600547
-0.1532599
0.25702103
-0.10376112
0.091832683
-0.66584093
0.67442257
-0.0085816336
-0.80017221
-0.45410747
0.7022167
-1.1710666
0.55536556
0.35006202
0.28908083
0.12158515
0.20307472
-0.84935853
-0.98792281
-0.20373739
-0.049413248
-0.37673196
-0.12816288
-0.31709241
0.40263208
-1.1566122
0.096567757
0.1921198
-0.18799055
-0.031779912
0.51626864
0.28802584
-0.80429448
0.7678748
-0.40728764
-0.18087296
-0.035435442
-1.3929277
-0.60102871
0.0093790879
0.59164962
-1.5350005
-0.097546492
0.39074718
-0.18975282
-0.55989941
-1.0673664
0.96020136
-0.10753752
0.51776611
-0.37461476
-0.10054913
-0.8349004
-0.70269972
0.035020355
0.54594876
-0.4705214
0.20399582
-0.49508947
0.72453448
0.60427518
0.48139394
-0.19943622
0.15606293
-0.23844809
0.59188952
0.96150451
-0.4547943
-0.78586524
-0.022945381
0.60845726
-1.0471908
-1.4195781
0.79302619
0.83680484
0.27782883
0.082716153
0.55667177
-0.82689349
0.80586129
0.10444884
0.10912962
1.0188427
-0.49338149
0.65241859
-0.17271695
1.072286
0.38055736
0.37514403
-0.78138037
0.40623634
-0.21415591
-0.63232962
-0.6369069
1.3262095
0.35908221
0.80970375
0.96599029
-0.41378534
-0.69037517
-0.40403977
-0.41930815
-0.15978461
0.25159588
-0.25578801
-0.39510351
0.65089152
-0.29241536
-0.071611226
0.36402659
-1.1939209
0.27126034
-0.17942766
0.68329819
-1.1921949
-0.21073738
-0.31499324
1.0203544
0.17185244
-1.1922068
0.82760419
-0.56340552
-0.26419867
0.056994014
-1.0858894
1.0288954
-0.61254698
-0.22125306
0.83380003
1.1501601
-1.1141452
-0.3104597
0.73845212
-0.39371547
0.16859165
-0.077796146
0.14381134
0.25004858
1.0654399
0.18249617
0.11596425
-0.29846042
-0.37030408
-1.0041058
0.95708992
-0.38109716
0.18027381
-0.69401217
0.81824233
-1.2930699
0.45442134
0.21297891
-0.50539427
0.48295677
-0.89925979
1.1756159
0.26938909
0.27257502
1.1370883
1.1253628
0.14633024
-1.169153
0.1917934
0.18062027
-1.1734877
0.91123948
1.0963508
-0.2211089
-0.85565903
-0.043139313
0.59981109
0.86073861
0.0014174335
0.69765338
0.2282915
1.0185383
1.1958019
0.4985615
0.15822271
0.11002589
-0.93819742
0.54607864
-0.011899705
-0.42604539
0.086491117
-0.83440691
0.38884028
0.44556663
-0.087903799
0.88232519
0.22883265
-0.048911874
-0.70987512
-0.80687391
1.1820179
-0.80085917
-0.53570854
-0.21932036
0.4262423
0.57988578
-0.79233733
-0.52700014
0.050154773
0.25665637
-0.7242027
0.11498111
-0.19356783
0.63597257
0.014062038
-0.4958723
-0.2283304
0.92465929
0.36889121
1.0885187
1.30864
-0.55305708
-0.75269347
-0.88836953
0.13404197
-0.6133746
0.00066447494
-0.36608112
-1.0030572
1.3691383
-0.14183317
-0.21143795
-1.254747
0.6709825
-1.3001555
0.74816254
-0.21581168
-1.5196261
0.75628133
-1.0650344
-0.24185933
-0.83370791
-0.20289529
-0.39854704
0.74386403
0.38829349
-0.84647419
0.36767161
0.41614514
-1.0193891
-0.095618537
-0.25085936
-0.075464185
0.20330451
-0.28222588
0.64767943
-0.65583767
0.33792362
-0.38563845
-0.086454795
-1.2191379
-0.073931996
-1.1375926
0.75354117
-0.037338957
0.18443593
0.12936881
0.39886841
-0.26768757
-0.13118084
0.4256906
0.51273152
-0.93842211
-0.43213162
0.54999542
0.58207461
0.24552959
-0.059330551
-0.81082069
1.2283724
-0.36334051
-0.86503186
0.26454709
-0.072753685
0.66296659
0.075485522
1.2648752
-0.12551538
-0.44620934
1.0105841
0.48941594
0.43472288
-0.21956849
-0.74095157
-0.156872
0.63826593
1.0739015
-1.130329
-1.0552327
-0.54374797
-0.3472562
0.73554969
-0.45078171
0.34416037
-0.73028832
-0.82687408
-0.21165946
0.068436184
0.58831346
-0.018514234
1.1789336
-0.93139306
0.12623162
0.84738871
-1.3447057
0.32819454
1.0165112
-0.87301791
0.38628043
0.48673748
0.67323137
0.44553199
-0.464807
-0.017944381
-0.19960583
-1.0862918
0.79526629
0.079380719
0.16993986
-0.2425305
-0.2445369
0.084752288
0.13827181
-1.5840728
0.059495516
-0.61939492
-0.37680604
0.59882618
-0.3466034
-0.58303911
0.38998039
-0.92465929
0.84515712
0.2260128
-0.31952
-0.78546978
-0.54879
0.38756885
-1.0959975
0.29547914
0.81701442
-0.38222099
-0.14164001
0.20914856
-0.86130277
0.039386272
0.82470212
-0.35165085
1.0300171
-0.10078157
-0.1472955
-0.5146014
-0.55609634
0.22288901
-0.51795289
-0.30491334
0.82286624
-1.2168634
0.38172381
-0.087920596
-0.19107737
0.31163626
0.22364403
-0.17348926
-0.17893124
0.75881702
-0.60261029
-0.0099366818
-0.17404438
-0.48519407
0.86130277
-1.2184735
-1.0008132
0.056522506
-0.26679246
-0.010938345
-0.59009037
-1.0417465
0.95173212
0.10256119
-0.75904843
1.1532198
-0.73571933
-0.41750046
0.20972489
0.18487901
-0.28049755
-0.26343695
1.072286
-0.11908634
-0.97786945
1.097299
-0.11942953
-0.74730653
0.39404042
3.480001e-05
-0.5804626
-0.52507011
-0.27510211
-0.65113444
-0.075650511
-0.99361243
-1.4833791
0.88532159
1.1111622
-0.83932197
1.1501601
-0.083726989
0.41897041
-0.2108641
-0.20810631
0.95364939
-0.1583831
-0.64199455
0.24400318
-0.12047615
-0.31052598
0.72314088
0.5825292
0.64873605
-0.16897071
-0.24497006
-0.96069651
-0.21789397
-0.30467242
0.14416392
-0.41161509
-0.74403809
-0.66396464
0.72346016
0.57207787
0.21566232
0.28272252
-0.45211834
0.82465236
0.14111897
0.19423869
-0.2944234
0.58507723
-0.29257674
-0.13494452
-0.36415453
-0.94237424
0.9190348
-0.50258936
0.53456177
-0.41822344
0.3053468
-0.1871323
-0.46803317
0.11212458
-0.086177746
0.92790823
-0.84173048
0.69589861
-0.91392859
-0.2516552
-0.95708992
-0.30274918
0.091512625
0.6117289
-0.18879182
-1.0675866
1.0876971
-0.39178535
0.80728161
0.12911545
0.11488773
0.011321214
-1.0379209
-0.0083138106
0.5697512
-0.40335599
0.66067803
-0.07749395
-0.041217678
0.10093714
-0.56594116
0.0081447
0.32999669
-1.169144
0.077844352
1.0912997
-0.4030054
-0.39256697
0.61941234
0.55478262
-0.26809597
-0.264545
-0.34706692
0.49123084
0.013306843
-0.51920833
0.60700221
1.0363008
-1.0363008
0.85219468
-0.24682208
-0.6053726
-0.31552802
-0.76193095
0.32263173
0.11623522
-0.63263504
0.28556812
-0.87259715
-1.0354172
-0.19689439
-0.28490926
0.40303366
0.92312656
-0.81116644
0.46391024
0.85169553
0.99856156
-0.32226789
-0.32176265
-0.64559193
0.28399788
1.0098828
-0.12645798
0.83576073
1.2594339
1.2190266
0.014317935
-0.47460039
0.076053352
0.64177483
-0.40256533
0.13696208
0.26560325
-0.44632142
-0.52894183
-0.30697364
0.18590846
0.11159192
-0.042204339
-0.56949334
0.94740913
0.08196587
-0.22172074
0.13975487
0.46797637
0.47589325
0.44174533
0.19652061
0.94666697
-0.51115182
0.80987025
-0.42358982
-0.024724635
-1.1141452
1.2091734
-0.32385182
-0.66529353
-0.4565086
0.22718254
0.088408708
0.33599569
-0.53381114
0.34419994
0.34459327
-0.87860989
0.23392198
0.56152269
-0.91948397
-0.88365138
0.90918052
-0.3442176
-0.83250892
-0.099060534
0.87845596
0.040668841
0.072307708
-0.65414999
-0.41903142
-0.61638575
-0.089500416
-0.140441
-0.4680032
1.0002828
-0.61663438
1.030448
-0.79684219
0.15859747
-0.99550433
0.1775681
-1.1459847
-0.12002442
-0.21892621
1.0816297
-0.52493575
-0.095517566
-0.92762925
-0.013368937
-0.85390181
-0.68504798
-0.28423995
0.77623302
-0.16761978
1.1061087
1.2115477
0.15843299
0.060248837
-0.79691219
-0.84658075
0.84658075
-0.97100737
0.10520291
0.08444446
0.20067605
0.0043101717
-0.96224957
0.96224957
0.52740781
0.11656224
0.87845596
0.94088758
-0.49705532
-0.21789531
-0.40084609
1.1206042
-0.71975814
0.41201574
0.018116909
-0.43013264
0.35362171
-0.21665963
-0.8608891
0.8608891
0.10519381
-0.80412605
-0.35063295
-0.76005878
-0.75323537
0.82898975
-0.72379594
-0.74676463
-0.77620406
-0.36673219
0.17189396
-0.75785652
0.78994196
0.69587395
0.5871192
-0.05255743
-0.24089486
0.10830174
0.75323537
-0.77620406
-0.6420526
0.96521316
-0.96521316
0.44098431
-0.32627956
-0.17304959
-0.24028138
-0.57088505
0.83864691
-0.94754787
-0.15394108
-1.1527938
0.47264106
0.6801527
-0.64925857
-0.10060641
0.25167998
-0.20478169
-0.74365726
-0.56239456
0.91500837
0.76854961
-0.11763626
0.24135357
0.64075053
-0.31311828
-0.47872632
0.33171234
0.62245984
0.62625552
0.70218723
-0.15442707
0.3791177
-1.0718211
-0.65201815
0.921518
-0.23494468
-1.0988966
0.63089338
0.3916347
-0.52469479
-0.64080499
-0.18006687
-0.042288979
0.11581478
0.38669237
-0.096019641
0.33240039
-0.30398241
-0.077114751
0.53724275
-0.023789099
0.12121957
-0.25325368
1.1694512
0.60013879
-1.0191702
-0.72246671
-0.22508116
1.352898
-0.7501904
-0.64639559
0.77336477
-0.86085691
0.76727279
0.64527295
0.64270419
-0.76916218
0.5298919
-0.010853055
0.12074862
0.00083652573
-0.037470624
-0.16626677
0.12553966
-0.016078248
0.64215864
0.22812558
0.68398479
-1.0848309
-1.0156971
0.67253665
0.34316048
0.56893984
0.21676873
0.52498144
-1.0458255
-0.082483524
-0.45701219
-0.58881332
0.80756154
-0.29558179
-0.4721256
0.53450274
-0.074346668
0.064619251
-1.0452725
0.32551438
0.23198072
0.30328447
-0.5056261
0.066869291
0.042519317
-0.68055338
0.1198482
-0.64337519
1.2880984
-0.30131313
0.31563107
0.10812162
-0.64375601
-0.59194072
0.97420035
0.0095836016
-0.65038859
-0.37474618
-0.86413143
-1.1603634
0.54610912
-0.82798474
0.75905571
0.10359053
0.18003194
0.092669821
0.57218559
-0.020127007
-0.87894256
1.1167461
-1.1449543
-0.093930708
-0.15060619
-0.45233165
0.48449275
-0.080966752
1.1129064
-0.35128665
1.0639351
0.4236572
-0.4526336
-0.41437915
-0.24452637
-0.11114334
0.21953926
-0.10839592
0.65272694
0.060359071
-0.43980328
0.057257221
1.0524363
-1.1096935
-0.97424211
-0.50234968
-0.38807012
0.35516419
-0.17498683
0.910897
0.1682536
0.37212365
0.7430881
-0.040900873
-0.58260382
-0.16091896
-0.064908801
-0.45183983
0.2777836
0.6470119
-0.79600633
0.59348913
0.30079778
0.29901331
-0.45242672
0.58007594
-0.8626573
-0.72712304
-0.26119909
-0.25033599
-0.21148543
-0.38140341
0.3952071
-0.013803683
0.47845411
0.13547878
-0.23608519
-0.53861705
-0.068101933
0.81805877
-0.08614254
-0.59729012
-0.57206923
0.91406965
-0.21800298
0.6589714
-0.55166193
0.22538237
-0.88290388
0.89794613
-0.0011207629
1.0110035
-1.1033986
0.68901942
-0.54777062
0.32757842
-0.3504397
-0.74917176
0.65990576
-1.0033668
0.66563892
-0.39360788
-1.0671156
0.83568408
-0.98960043
-0.1006712
-0.16202744
-0.6931502
-0.33083016
0.25406583
-0.15820443
-0.11551061
0.2739436
0.34642471
-0.03671662
0.95078627
0.86679644
-0.43153542
0.48863271
-0.44924644
0.8009994
-0.053824087
-0.49631461
0.25056787
0.16496758
0.087844303
0.46625449
0.30725009
-0.29228882
0.53245943
0.11977791
-0.26935206
0.18852402
-0.20863474
-0.13321393
-0.0068548941
0.29535477
0.45610133
-0.063498036
0.45078977
-0.90455114
0.76021905
0.13772707
0.99153218
0.61998482
0.19544192
-0.63717793
0.44173601
-0.87223726
0.64715609
0.27844525
0.74729722
-0.7047779
0.810583
0.075019802
-0.39616639
-0.093875238
0.7832307
-0.42324587
-0.71250241
0.77591936
0.29851797
0.044274138
0.71347272
-0.12795817
-0.23597295
0.90161187
-0.0090255388
0.17471667
0.41693295
-1.0634442
0.73261399
0.72717022
0.93361506
0.09633032
0.12320895
-0.79325652
0.086760521
-0.0089431256
0.13315621
0.3962956
-0.59124055
0.3271978
0.098080589
0.3601992
0.42161018
-0.49976234
0.29838199
-0.17834528
-0.013591062
-1.025142
0.36331104
-0.43141297
0.33876316
-0.035478688
-0.65672804
0.86919835
-0.34657207
-0.67257185
-0.00067659933
0.98651771
-0.72186794
0.23924232
-0.11012686
-0.93136204
1.3289633
-0.1099364
-1.1465502
0.089409619
-0.24222408
0.10438157
-1.0525534
-0.029966085
0.17228992
-0.040687734
0.18987817
0.11891864
0.014237574
-0.093197559
0.088862931
0.44092269
0.0042323171
-0.18257759
-0.088786547
0.16025986
-0.61259151
-0.10721023
-0.39140207
-0.25204948
0.98190396
-0.49677673
0.21587877
-0.25908877
0.19426845
0.032241008
0.67941604
-0.2688416
0.56218963
-0.35507132
0.27846537
0.26350286
-0.74368297
-0.14948584
0.96729212
0.13402576
-0.73373644
-0.33999375
0.9037933
-0.10438448
-0.7797479
0.30946913
0.099012582
-0.11485355
-0.16885464
0.93208953
0.30093051
-0.27984168
0.10238784
-0.6035539
0.70800274
1.0279688
0.56700285
-0.38970332
-0.41488614
0.60851007
-0.93850676
-0.41100877
0.13410246
-0.77741946
0.14831971
-0.7518736
0.11958927
0.1865314
0.39309064
0.81724709
0.22450547
0.46584163
0.35002837
0.015045725
0.12539892
-0.40539733
0.26545182
0.14864931
)
;

boundaryField
{
    back
    {
        type            empty;
    }
    out
    {
        type            calculated;
        value           nonuniform List<scalar> 
20
(
1.5336648
1.5355983
1.4829187
1.5525399
1.5414591
1.5407758
1.5511084
1.5532153
1.4796512
1.318189
1.5523123
1.404693
1.5373064
1.5355086
1.3123437
1.5391147
1.5376001
1.5458364
1.5465408
1.3996234
)
;
    }
    bottom
    {
        type            calculated;
        value           uniform 0;
    }
    in
    {
        type            calculated;
        value           nonuniform List<scalar> 
20
(
-1.5
-1.5
-1.5
-1.5
-1.5
-1.5
-1.5
-1.5
-1.5
-1.5
-1.5
-1.5
-1.5
-1.5
-1.5
-1.5
-1.5
-1.5
-1.5
-1.5
)
;
    }
    top
    {
        type            calculated;
        value           uniform 0;
    }
    wall
    {
        type            calculated;
        value           uniform 0;
    }
    front
    {
        type            empty;
    }
}


// ************************************************************************* //
