# Time	Cd	Cl	Cm
0.0005	5264.5848	-0.59068922	0
0.001	1994.3802	57.958455	0
0.0015	-223.21839	4.0729637	-0
0.002	-169.36087	-13.691802	0
0.0025	21.816693	-13.54495	0
0.003	187.17153	-12.500357	0
0.0035	274.05277	-9.9962036	0
0.004	306.86085	-8.6666908	0
0.0045	322.06914	-7.9932193	0
0.005	333.06585	-7.5603323	0
0.0055	342.12475	-6.9041912	0
0.006	350.80168	-5.9348234	0
0.0065	358.46184	-4.6322814	0
0.007	363.79297	-3.0974974	0
0.0075	366.10824	-1.4472417	0
0.008	365.66362	0.19276931	0
0.0085	362.88223	1.755562	0
0.009	358.64548	3.0685911	0
0.0095	353.87494	4.0684839	0
0.01	349.27665	4.6405648	0
0.0105	345.2056	4.7413541	0
0.011	341.95615	4.3885796	0
0.0115	339.58116	3.6499489	0
0.012	337.9729	2.621983	0
0.0125	336.95975	1.4165841	0
0.013	336.46178	0.2306207	0
0.0135	336.22022	-0.76739216	0
0.014	336.11584	-1.4477603	0
0.0145	336.06289	-1.7561486	0
0.015	336.01482	-1.6799559	0
0.0155	335.97146	-1.2608363	0
0.016	335.92877	-0.56577294	0
0.0165	335.89327	0.30015281	0
0.017	335.87542	1.2186618	0
0.0175	335.86302	2.0702881	0
0.018	335.84371	2.7425638	0
0.0185	335.81525	3.1495547	0
0.019	335.76974	3.2331291	0
0.0195	335.70399	2.9678464	0
0.02	335.61974	2.3624827	0
0.0205	335.5282	1.4569098	0
0.021	335.44005	0.31604394	0
0.0215	335.37246	-0.9753857	0
0.022	335.33616	-2.3202435	0
0.0225	335.34316	-3.6152321	0
0.023	335.39736	-4.762791	0
0.0235	335.49433	-5.6765088	0
0.024	335.60319	-6.289187	0
0.0245	335.6976	-6.553564	0
0.025	335.7687	-6.4528132	0
0.0255	335.80001	-5.9954691	0
0.026	335.79064	-5.217644	0
0.0265	335.75106	-4.1788269	0
0.027	335.6961	-2.9595323	0
0.0275	335.64152	-1.6532441	0
0.028	335.61017	-0.3607629	0
0.0285	335.61097	0.81768423	0
0.029	335.64669	1.7928952	0
0.0295	335.69843	2.4917978	0
0.03	335.74006	2.8633828	0
0.0305	335.76894	2.8816814	0
0.031	335.77209	2.5491527	0
0.0315	335.7436	1.8937038	0
0.032	335.68979	0.96811412	0
0.0325	335.62284	-0.15307931	0
0.033	335.56175	-1.3809561	0
0.0335	335.52164	-2.6195631	0
0.034	335.51868	-3.7672293	0
0.0345	335.55885	-4.7328249	0
0.035	335.62239	-5.4392566	0
0.0355	335.68452	-5.8288021	0
0.036	335.73589	-5.8677479	0
0.0365	335.7596	-5.5513607	0
0.037	335.7513	-4.9024988	0
0.0375	335.71765	-3.9693512	0
0.038	335.66812	-2.82469	0
0.0385	335.61684	-1.5578189	0
0.039	335.58658	-0.26768948	0
0.0395	335.58352	0.94108611	0
0.04	335.61398	1.9735278	0
0.0405	335.66598	2.7488793	0
0.041	335.70648	3.2067597	0
0.0415	335.73616	3.3115534	0
0.042	335.74154	3.056587	0
0.0425	335.71552	2.4624919	0
0.043	335.66243	1.5761689	0
0.0435	335.59339	0.46711174	0
0.044	335.527	-0.77810301	0
0.0445	335.47888	-2.0631177	0
0.045	335.46668	-3.2854206	0
0.0455	335.4974	-4.3506238	0
0.046	335.56652	-5.1760491	0
0.0465	335.64276	-5.697829	0
0.047	335.71012	-5.8758041	0
0.0475	335.75729	-5.6967511	0
0.048	335.77179	-5.1754765	0
0.0485	335.75596	-4.353497	0
0.049	335.71585	-3.2962893	0
0.0495	335.66497	-2.0878777	0
0.05	335.62434	-0.82334645	0
0.0505	335.60894	0.3945724	0
0.051	335.62277	1.4696605	0
0.0515	335.66844	2.3177751	0
0.052	335.70855	2.8728818	0
0.0525	335.74147	3.0928268	0
0.053	335.75481	2.9618507	0
0.0535	335.73966	2.4924247	0
0.054	335.69569	1.7217891	0
0.0545	335.6321	0.71115957	0
0.055	335.56446	-0.45934845	0
0.0555	335.5104	-1.6992577	0
0.056	335.4838	-2.9097925	0
0.0565	335.49895	-3.9960229	0
0.057	335.55535	-4.8729107	0
0.0575	335.62839	-5.4727424	0
0.058	335.69606	-5.749052	0
0.0585	335.74744	-5.6801356	0
0.059	335.77145	-5.2717341	0
0.0595	335.76436	-4.5565253	0
0.06	335.73076	-3.5911636	0
0.0605	335.68284	-2.4525098	0
0.061	335.63818	-1.2300797	0
0.0615	335.61507	-0.021250942	0
0.062	335.61914	1.0762994	0
0.0625	335.65677	1.9775385	0
0.063	335.69967	2.6118314	0
0.0635	335.73464	2.9307657	0
0.064	335.7545	2.9105093	0
0.0645	335.74866	2.5548318	0
0.065	335.71338	1.8925344	0
0.0655	335.65609	0.97594146	0
0.066	335.58887	-0.12185586	0
0.0665	335.53076	-1.3149423	0
0.067	335.49415	-2.5107432	0
0.0675	335.49674	-3.6134327	0
0.068	335.54045	-4.5368044	0
0.0685	335.61063	-5.2100651	0
0.069	335.67965	-5.580227	0
0.0695	335.73644	-5.6189874	0
0.07	335.76929	-5.3233227	0
0.0705	335.77195	-4.7170756	0
0.071	335.74631	-3.8480944	0
0.0715	335.70281	-2.7858593	0
0.072	335.65551	-1.6144812	0
0.0725	335.626	-0.42531593	0
0.073	335.6212	0.68418493	0
0.0735	335.64724	1.6275665	0
0.074	335.69186	2.3315854	0
0.0745	335.72637	2.7412229	0
0.075	335.75114	2.8260811	0
0.0755	335.75359	2.5810451	0
0.076	335.72746	2.0270141	0
0.0765	335.67736	1.2074431	0
0.077	335.61296	0.18794043	0
0.0775	335.55243	-0.95176173	0
0.078	335.5088	-2.122963	0
0.0785	335.49901	-3.2317319	0
0.079	335.52885	-4.1921356	0
0.0795	335.5928	-4.9292123	0
0.08	335.66215	-5.3857708	0
0.0805	335.72274	-5.5266128	0
0.081	335.76344	-5.3407069	0
0.0815	335.77569	-4.8432754	0
0.082	335.75926	-4.0735154	0
0.0825	335.72131	-3.0931246	0
0.083	335.67469	-1.9794596	0
0.0835	335.63887	-0.81994276	0
0.084	335.6267	0.2913941	0
0.0845	335.64207	1.2672096	0
0.085	335.6853	2.0312393	0
0.0855	335.72082	2.5240183	0
0.086	335.74971	2.708327	0
0.0865	335.75941	2.5709208	0
0.087	335.74221	2.1247796	0
0.0875	335.6991	1.4048342	0
0.088	335.63864	0.4688843	0
0.0885	335.57605	-0.60975008	0
0.089	335.52727	-1.7470443	0
0.0895	335.50438	-2.852272	0
0.09	335.5211	-3.8389017	0
0.0905	335.57552	-4.6300744	0
0.091	335.6443	-5.1645798	0
0.0915	335.70772	-5.4005687	0
0.092	335.75522	-5.3202555	0
0.0925	335.7768	-4.9302778	0
0.093	335.76974	-4.2614801	0
0.0935	335.73834	-3.3676151	0
0.094	335.69455	-2.3191469	0
0.0945	335.6547	-1.1984535	0
0.095	335.63467	-0.095541129	0
0.0955	335.64039	0.90161378	0
0.096	335.67626	1.7150776	0
0.0965	335.714	2.2820076	0
0.097	335.74484	2.5582946	0
0.0975	335.76075	2.5240615	0
0.098	335.75208	2.1836932	0
0.0985	335.71691	1.5644619	0
0.099	335.66199	0.71587147	0
0.0995	335.59954	-0.2951101	0
0.1	335.54625	-1.389229	0
0.1005	335.51392	-2.4814115	0
0.101	335.51862	-3.4836461	0
0.1015	335.56137	-4.318465	0
0.102	335.62764	-4.9215571	0
0.1025	335.69254	-5.2455635	0
0.103	335.74536	-5.2657886	0
0.1035	335.77541	-4.9810306	0
0.104	335.77747	-4.4137257	0
0.1045	335.75361	-3.6095269	0
0.105	335.71355	-2.6319822	0
0.1055	335.67055	-1.5588532	0
0.106	335.64496	-0.47378289	0
0.1065	335.64206	0.53456062	0
0.107	335.66778	1.3879873	0
0.1075	335.7072	2.0198107	0
0.108	335.73799	2.3813112	0
0.1085	335.75876	2.4450078	0
0.109	335.75792	2.2079999	0
0.1095	335.73104	1.6898757	0
0.11	335.68289	0.93183664	0
0.1105	335.62229	-0.0061489732	0
0.111	335.56717	-1.049931	0
0.1115	335.52768	-2.1194024	0
0.112	335.52031	-3.1278206	0
0.1125	335.55005	-3.9969389	0
0.113	335.6106	-4.6596592	0
0.1135	335.67569	-5.0644501	0
0.114	335.73233	-5.1796451	0
0.1145	335.76987	-4.9972171	0
0.115	335.78102	-4.5312928	0
0.1155	335.76578	-3.8194826	0
0.116	335.73093	-2.9182317	0
0.1165	335.6887	-1.8988319	0
0.117	335.65691	-0.84128796	0
0.1175	335.64695	0.16871588	0
0.118	335.66261	1.0520558	0
0.1185	335.70219	1.7398504	0
0.119	335.73314	2.178765	0
0.1195	335.75793	2.335332	0
0.12	335.76439	2.1985517	0
0.1205	335.74554	1.7807289	0
0.121	335.70387	1.1153486	0
0.1215	335.64677	0.25543623	0
0.122	335.58915	-0.7317062	0
0.1225	335.54485	-1.7691802	0
0.123	335.52502	-2.7741906	0
0.1235	335.54236	-3.6676563	0
0.124	335.59412	-4.3804772	0
0.1245	335.65876	-4.8576423	0
0.125	335.71803	-5.0618697	0
0.1255	335.76222	-4.977523	0
0.126	335.78227	-4.6116522	0
0.1265	335.77577	-3.9936377	0
0.127	335.747	-3.1730838	0
0.1275	335.70736	-2.2145166	0
0.128	335.67221	-1.1932537	0
0.1285	335.65431	-0.19138462	0
0.129	335.66086	0.71160557	0
0.1295	335.69449	1.4453721	0
0.13	335.72731	1.9528023	0
0.1305	335.75431	2.1950541	0
0.131	335.76686	2.154243	0
0.1315	335.75595	1.8348834	0
0.132	335.72153	1.2634575	0
0.1325	335.6694	0.48522178	0
0.133	335.61156	-0.43870329	0
0.1335	335.563	-1.4357051	0
0.134	335.53361	-2.4282887	0
0.1345	335.53965	-3.3361054	0
0.135	335.58041	-4.0896891	0
0.1355	335.64274	-4.6303832	0
0.136	335.70361	-4.9163638	0
0.1365	335.75294	-4.9254865	0
0.137	335.78108	-4.6574707	0
0.1375	335.78317	-4.1340243	0
0.138	335.76162	-3.3972981	0
0.1385	335.72525	-2.50512	0
0.139	335.68663	-1.5280626	0
0.1395	335.66394	-0.54312384	0
0.14	335.66235	0.36983991	0
0.1405	335.68692	1.1401125	0
0.141	335.72135	1.7076186	0
0.1415	335.74857	2.0286184	0
0.142	335.76587	2.0789477	0
0.1425	335.76251	1.8558518	0
0.143	335.73556	1.378371	0
0.1435	335.68956	0.68480546	0
0.144	335.63314	-0.17108699	0
0.1445	335.58232	-1.1207463	0
0.145	335.54663	-2.0915929	0
0.1455	335.54093	-3.0045694	0
0.146	335.56955	-3.7893499	0
0.1465	335.6263	-4.3851621	0
0.147	335.68747	-4.7457726	0
0.1475	335.74045	-4.8431756	0
0.148	335.77571	-4.6701891	0
0.1485	335.7865	-4.2410295	0
0.149	335.77302	-3.5901682	0
0.1495	335.74152	-2.7691063	0
0.15	335.70382	-1.8432833	0
0.1505	335.67575	-0.88396658	0
0.151	335.66702	0.029646589	0
0.1515	335.68223	0.82723462	0
0.152	335.71763	1.4458755	0
0.1525	335.74439	1.8383324	0
0.153	335.7655	1.9743636	0
0.1535	335.76907	1.8444987	0
0.154	335.74927	1.460283	0
0.1545	335.70957	0.85305338	0
0.155	335.65602	0.070299596	0
0.1555	335.60316	-0.82613836	0
0.156	335.56287	-1.7665371	0
0.1565	335.54543	-2.6756124	0
0.157	335.56248	-3.4823109	0
0.1575	335.61083	-4.1242203	0
0.158	335.67148	-4.5514308	0
0.1585	335.727	-4.7309831	0
0.159	335.76847	-4.6492049	0
0.1595	335.78766	-4.313047	0
0.16	335.78231	-3.7497453	0
0.1605	335.75679	-3.0039081	0
0.161	335.7211	-2.1347315	0
0.1615	335.68985	-1.210272	0
0.162	335.67394	-0.30488006	0
0.1625	335.68063	0.50996548	0
0.163	335.71145	1.1707467	0
0.1635	335.73971	1.6261636	0
0.164	335.76309	1.8414044	0
0.1645	335.77268	1.8005194	0
0.165	335.76033	1.5079574	0
0.1655	335.72705	0.98797803	0
0.166	335.67786	0.28158253	0
0.1665	335.62448	-0.55546762	0
0.167	335.58022	-1.4573475	0
0.1675	335.55328	-2.3542624	0
0.168	335.55966	-3.1734779	0
0.1685	335.59773	-3.8521467	0
0.169	335.65581	-4.3377319	0
0.1695	335.71296	-4.5927299	0
0.17	335.75926	-4.597423	0
0.1705	335.78612	-4.352032	0
0.171	335.78891	-3.8766266	0
0.1715	335.77026	-3.2089724	0
0.172	335.73779	-2.4021867	0
0.1725	335.70407	-1.5198264	0
0.173	335.68316	-0.6307591	0
0.1735	335.68224	0.19205928	0
0.174	335.70496	0.88576413	0
0.1745	335.73465	1.3958242	0
0.175	335.75834	1.6832571	0
0.1755	335.77251	1.726458	0
0.176	335.76727	1.5231584	0
0.1765	335.7408	1.090466	0
0.177	335.69722	0.46312524	0
0.1775	335.6452	-0.30955865	0
0.178	335.59825	-1.1669678	0
0.1785	335.56582	-2.042383	0
0.179	335.56087	-2.8648945	0
0.1795	335.58755	-3.571692	0
0.18	335.64015	-4.1072938	0
0.1805	335.69759	-4.4304443	0
0.181	335.74737	-4.5164358	0
0.1815	335.78092	-4.3589502	0
0.182	335.79207	-3.970844	0
0.1825	335.78083	-3.3837207	0
0.183	335.7531	-2.6435076	0
0.1835	335.71957	-1.8094471	0
0.184	335.69471	-0.94582056	0
0.1845	335.68694	-0.12348921	0
0.185	335.70092	0.59377591	0
0.1855	335.73163	1.1502345	0
0.186	335.75469	1.5026942	0
0.1865	335.77239	1.6245833	0
0.187	335.77359	1.5073539	0
0.1875	335.75386	1.1612076	0
0.188	335.71605	0.61460252	0
0.1885	335.66625	-0.090050666	0
0.189	335.61809	-0.89628852	0
0.1895	335.58126	-1.742485	0
0.19	335.56545	-2.5598377	0
0.1905	335.58142	-3.2852787	0
0.191	335.62597	-3.8623659	0
0.1915	335.68258	-4.2462776	0
0.192	335.7347	-4.4076107	0
0.1925	335.77399	-4.3341821	0
0.193	335.79296	-4.0322943	0
0.1935	335.78934	-3.5266558	0
0.194	335.76742	-2.8567541	0
0.1945	335.73573	-2.0764443	0
0.195	335.70819	-1.246447	0
0.1955	335.69367	-0.43330416	0
0.196	335.69983	0.29862611	0
0.1965	335.72742	0.89256482	0
0.197	335.75138	1.3022092	0
0.1975	335.77138	1.4964387	0
0.198	335.77823	1.4610797	0
0.1985	335.76511	1.1998846	0
0.199	335.73328	0.73429054	0
0.1995	335.68731	0.1014848	0
0.2	335.63829	-0.64878243	0
0.2005	335.59767	-1.4575751	0
0.201	335.57333	-2.2620115	0
0.2015	335.57871	-2.9973632	0
0.202	335.61332	-3.6071754	0
0.2025	335.66697	-4.0438231	0
0.203	335.72057	-4.2738803	0
0.2035	335.76441	-4.2798825	0
0.204	335.79059	-4.0618852	0
0.2045	335.79493	-3.6377396	0
0.205	335.77951	-3.0412784	0
0.2055	335.75114	-2.3199426	0
0.206	335.72197	-1.5307278	0
0.2065	335.70259	-0.73469613	0
0.207	335.70186	0.0026261506	0
0.2075	335.72213	0.6250647	0
0.208	335.74727	1.083775	0
0.2085	335.76758	1.3436187	0
0.209	335.77878	1.3852627	0
0.2095	335.77222	1.2063444	0
0.21	335.74682	0.82195823	0
0.2105	335.7058	0.26285505	0
0.211	335.65802	-0.42655775	0
0.2115	335.61488	-1.1924743	0
0.212	335.58558	-1.9752987	0
0.2125	335.58029	-2.7117172	0
0.213	335.60443	-3.3450752	0
0.2135	335.65262	-3.826262	0
0.214	335.70626	-4.1180009	0
0.2145	335.7532	-4.1981272	0
0.215	335.78559	-4.0608018	0
0.2155	335.79768	-3.7175886	0
0.216	335.78924	-3.1959645	0
0.2165	335.76564	-2.5375063	0
0.217	335.73606	-1.794116	0
0.2175	335.71437	-1.0233392	0
0.218	335.70661	-0.28898086	0
0.2185	335.7189	0.35305108	0
0.219	335.74486	0.85278945	0
0.2195	335.76443	1.1710425	0
0.22	335.77899	1.2840738	0
0.2205	335.77838	1.1842195	0
0.221	335.75924	0.87981171	0
0.2215	335.7236	0.39581203	0
0.222	335.67768	-0.2295904	0
0.2225	335.63381	-0.94649081	0
0.223	335.60024	-1.7002417	0
0.2235	335.58513	-2.4298621	0
0.224	335.59934	-3.0784515	0
0.2245	335.63957	-3.5959564	0
0.225	335.692	-3.942063	0
0.2255	335.74118	-4.0904363	0
0.226	335.7787	-4.0300237	0
0.2265	335.79802	-3.7662842	0
0.227	335.79686	-3.3204771	0
0.2275	335.77876	-2.728016	0
0.228	335.75122	-2.0364626	0
0.2285	335.72784	-1.2985486	0
0.229	335.71332	-0.57479672	0
0.2295	335.7185	0.078420698	0
0.23	335.74248	0.61037161	0
0.2305	335.76231	0.97963577	0
0.231	335.77911	1.1583488	0
0.2315	335.78365	1.1331712	0
0.232	335.77053	0.9070539	0
0.2325	335.74046	0.49876029	0
0.233	335.69774	-0.059581641	0
0.2335	335.65296	-0.72316573	0
0.234	335.61585	-1.4401822	0
0.2345	335.59338	-2.1555155	0
0.235	335.59703	-2.8109121	0
0.2355	335.62772	-3.3560483	0
0.236	335.67686	-3.7489461	0
0.2365	335.72697	-3.959442	0
0.237	335.76867	-3.9713852	0
0.2375	335.79473	-3.7845339	0
0.238	335.80117	-3.4144443	0
0.2385	335.78942	-2.8903606	0
0.239	335.76558	-2.254463	0
0.2395	335.74021	-1.5568287	0
0.24	335.72264	-0.85098537	0
0.2405	335.72117	-0.19546503	0
0.241	335.73842	0.35982496	0
0.2415	335.75928	0.77219859	0
0.242	335.77628	1.0092809	0
0.2425	335.78469	1.0538533	0
0.243	335.77731	0.90307688	0
0.2435	335.75338	0.56990053	0
0.244	335.71539	0.080663176	0
0.2445	335.67178	-0.52533455	0
0.245	335.63238	-1.2007118	0
0.2455	335.6056	-1.8935252	0
0.246	335.59935	-2.5468143	0
0.2465	335.62032	-3.1113276	0
0.247	335.6637	-3.5427894	0
0.2475	335.71357	-3.807844	0
0.248	335.75802	-3.8867021	0
0.2485	335.78973	-3.7734672	0
0.249	335.80329	-3.4780068	0
0.2495	335.79821	-3.0236807	0
0.25	335.77894	-2.4472801	0
0.2505	335.75338	-1.7939611	0
0.251	335.73445	-1.1142767	0
0.2515	335.7262	-0.46413593	0
0.252	335.73624	0.10662363	0
0.2525	335.75757	0.55375147	0
0.253	335.77388	0.84247002	0
0.2535	335.78526	0.9512907	0
0.254	335.78316	0.87232485	0
0.2545	335.76509	0.61291436	0
0.255	335.73207	0.19362877	0
0.2555	335.69041	-0.35151281	0
0.256	335.65029	-0.97992235	0
0.2565	335.61995	-1.6429151	0
0.257	335.60484	-2.2874583	0
0.2575	335.61634	-2.8629915	0
0.258	335.65196	-3.3251708	0
0.2585	335.70012	-3.6382867	0
0.259	335.74642	-3.7781097	0
0.2595	335.78276	-3.734706	0
0.26	335.80295	-3.5121837	0
0.2605	335.8048	-3.1281958	0
0.261	335.7908	-2.6141672	0
0.2615	335.76772	-2.0103199	0
0.262	335.74763	-1.363699	0
0.2625	335.73317	-0.72605867	0
0.263	335.73679	-0.14809532	0
0.2635	335.75679	0.32564986	0
0.264	335.77287	0.65899441	0
0.2645	335.78631	0.82588991	0
0.265	335.78883	0.81458584	0
0.2655	335.77618	0.62685702	0
0.266	335.74814	0.27769789	0
0.2665	335.70913	-0.20448747	0
0.267	335.66848	-0.78177474	0
0.2675	335.63444	-1.4084476	0
0.268	335.61353	-2.0369406	0
0.2685	335.61488	-2.6153383	0
0.269	335.64105	-3.1000087	0
0.2695	335.68512	-3.4532527	0
0.27	335.73187	-3.6480808	0
0.2705	335.77176	-3.6695246	0
0.271	335.79809	-3.5172809	0
0.2715	335.80719	-3.2032247	0
0.272	335.79957	-2.7532346	0
0.2725	335.78047	-2.2027335	0
0.273	335.75901	-1.5955393	0
0.2735	335.74347	-0.97773131	0
0.274	335.74014	-0.40134148	0
0.2745	335.75412	0.090913813	0
0.275	335.77087	0.46037705	0
0.2755	335.78446	0.67884831	0
0.276	335.79034	0.72987765	0
0.2765	335.7828	0.61038492	0
0.277	335.76038	0.33051442	0
0.2775	335.72575	-0.086968847	0
0.278	335.68635	-0.60919784	0
0.2785	335.65045	-1.1948695	0
0.279	335.62569	-1.7989955	0
0.2795	335.61812	-2.3723644	0
0.28	335.6355	-2.8709974	0
0.2805	335.6733	-3.2563294	0
0.281	335.71917	-3.4987568	0
0.2815	335.76128	-3.5798834	0
0.282	335.79251	-3.493973	0
0.2825	335.8081	-3.2484753	0
0.283	335.8069	-2.8634689	0
0.2835	335.79232	-2.3695133	0
0.284	335.77155	-1.8056797	0
0.2845	335.75554	-1.2151076	0
0.285	335.7459	-0.64717941	0
0.2855	335.75331	-0.14466165	0
0.286	335.77031	0.25312767	0
0.2865	335.7832	0.51601352	0
0.287	335.79159	0.62382346	0
0.2875	335.7886	0.568983	0
0.288	335.77153	0.3565866	0
0.2885	335.74139	0.0039534169	0
0.289	335.70391	-0.46054504	0
0.2895	335.66747	-1.0005207	0
0.29	335.64012	-1.5740199	0
0.2905	335.62486	-2.135664	0
0.291	335.63264	-2.6407847	0
0.2915	335.66265	-3.0506716	0
0.292	335.70598	-3.3337307	0
0.2925	335.74929	-3.4685156	0
0.293	335.78453	-3.4450906	0
0.2935	335.80619	-3.2659486	0
0.294	335.81162	-2.9458075	0
0.2945	335.80244	-2.5107289	0
0.295	335.78421	-1.9948086	0
0.2955	335.7674	-1.4385121	0
0.296	335.75434	-0.88530779	0
0.2965	335.75497	-0.38037739	0
0.297	335.77103	0.03832344	0
0.2975	335.78327	0.33824411	0
0.298	335.79335	0.49667194	0
0.2985	335.79426	0.5019553	0
0.299	335.78211	0.35447745	0
0.2995	335.7565	0.066495884	0
0.3	335.72138	-0.3385467	0
0.3005	335.68503	-0.82890767	0
0.301	335.65377	-1.3661534	0
0.3015	335.63413	-1.9091138	0
0.302	335.63262	-2.4126481	0
0.3025	335.65397	-2.839063	0
0.303	335.69259	-3.1552964	0
0.3035	335.73583	-3.3372784	0
0.304	335.77402	-3.3713152	0
0.3045	335.80105	-3.2554896	0
0.305	335.81307	-2.9995224	0
0.3055	335.81001	-2.6245479	0
0.306	335.79582	-2.1600376	0
0.3065	335.7785	-1.6424264	0
0.307	335.76466	-1.1118443	0
0.3075	335.75953	-0.61219662	0
0.308	335.76976	-0.18081316	0
0.3085	335.7822	0.14836281	0
0.309	335.79212	0.35045251	0
0.3095	335.79573	0.41046531	0
0.31	335.78816	0.32438705	0
0.3105	335.76763	0.099696193	0
0.311	335.73662	-0.24497688	0
0.3115	335.70147	-0.68320294	0
0.312	335.66918	-1.1792028	0
0.3125	335.64675	-1.6963587	0
0.313	335.63751	-2.1910349	0
0.3135	335.64991	-2.6261205	0
0.314	335.68192	-2.96783	0
0.3145	335.72348	-3.1899116	0
0.315	335.76333	-3.2758075	0
0.3155	335.79457	-3.2193805	0
0.316	335.81252	-3.0257349	0
0.3165	335.81557	-2.7111269	0
0.317	335.80618	-2.2998684	0
0.3175	335.7902	-1.8255692	0
0.318	335.77652	-1.3236173	0
0.3185	335.76681	-0.83604568	0
0.319	335.77048	-0.39983197	0
0.3195	335.78276	-0.048650851	0
0.32	335.79184	0.19044408	0
0.3205	335.79747	0.29958131	0
0.321	335.79383	0.27090066	0
0.3215	335.77805	0.10737778	0
0.322	335.75114	-0.17733178	0
0.3225	335.71795	-0.56068012	0
0.323	335.68522	-1.0121447	0
0.3235	335.66006	-1.4965019	0
0.324	335.64502	-1.9765846	0
0.3245	335.64864	-2.4130818	0
0.325	335.67261	-2.7730295	0
0.3255	335.71038	-3.028499	0
0.326	335.75058	-3.1603469	0
0.3265	335.78499	-3.1590174	0
0.327	335.80828	-3.0252209	0
0.3275	335.81766	-2.7703411	0
0.328	335.81386	-2.4147473	0
0.3285	335.80093	-1.9868566	0
0.329	335.7875	-1.5202763	0
0.3295	335.77618	-1.0504	0
0.33	335.77417	-0.61685165	0
0.3305	335.78522	-0.25135187	0
0.331	335.79337	0.017431082	0
0.3315	335.8002	0.16928035	0
0.332	335.79966	0.19318576	0
0.3325	335.78809	0.087867557	0
0.333	335.76521	-0.13749905	0
0.3335	335.73432	-0.46490759	0
0.334	335.70195	-0.86825003	0
0.3345	335.67357	-1.3159693	0
0.335	335.65513	-1.7740459	0
0.3355	335.65102	-2.2041888	0
0.336	335.66625	-2.5740609	0
0.3365	335.6984	-2.8553389	0
0.337	335.73754	-3.0266433	0
0.3375	335.77408	-3.0748896	0
0.338	335.80194	-2.9973365	0
0.3385	335.81731	-2.8009068	0
0.339	335.81943	-2.5014606	0
0.3395	335.8109	-2.1230424	0
0.34	335.79817	-1.695267	0
0.3405	335.78693	-1.2507261	0
0.341	335.78051	-0.82726118	0
0.3415	335.78599	-0.45579344	0
0.342	335.79378	-0.1649759	0
0.3425	335.79993	0.022505519	0
0.343	335.80135	0.093227054	0
0.3435	335.7936	0.042079944	0
0.344	335.77517	-0.12612627	0
0.3445	335.74792	-0.39747347	0
0.345	335.71731	-0.7506174	0
0.3455	335.68854	-1.1569118	0
0.346	335.66771	-1.5864259	0
0.3465	335.65738	-2.0036717	0
0.347	335.66431	-2.3762191	0
0.3475	335.68942	-2.675714	0
0.348	335.72555	-2.8791324	0
0.3485	335.76265	-2.9714817	0
0.349	335.79381	-2.9460184	0
0.3495	335.81441	-2.80555	0
0.35	335.82235	-2.5619175	0
0.3505	335.81886	-2.2344881	0
0.351	335.80849	-1.8498338	0
0.3515	335.79835	-1.436683	0
0.352	335.78891	-1.0284616	0
0.3525	335.78891	-0.65778403	0
0.353	335.79633	-0.35270896	0
0.3535	335.80145	-0.1360209	0
0.354	335.80415	-0.024618272	0
0.3545	335.7995	-0.025929845	0
0.355	335.78508	-0.13938805	0
0.3555	335.76153	-0.3553104	0
0.356	335.73275	-0.65672795	0
0.3565	335.70379	-1.0191121	0
0.357	335.68071	-1.4141485	0
0.3575	335.66603	-1.8128959	0
0.358	335.66576	-2.1808131	0
0.3585	335.68245	-2.49099	0
0.359	335.71356	-2.7199322	0
0.3595	335.74997	-2.8497788	0
0.36	335.78333	-2.8716091	0
0.3605	335.80846	-2.784184	0
0.361	335.82221	-2.5952575	0
0.3615	335.82434	-2.3198739	0
0.362	335.81753	-1.9805387	0
0.3625	335.80784	-1.6039317	0
0.363	335.79875	-1.2174826	0
0.3635	335.79474	-0.85541406	0
0.364	335.80018	-0.54306299	0
0.3645	335.80428	-0.30502219	0
0.365	335.8075	-0.15904933	0
0.3655	335.8051	-0.11617007	0
0.366	335.79416	-0.17829034	0
0.3665	335.77412	-0.34070059	0
0.367	335.74766	-0.58973708	0
0.3675	335.71938	-0.90530547	0
0.368	335.69399	-1.26283	0
0.3685	335.67692	-1.6354392	0
0.369	335.67016	-1.9919318	0
0.3695	335.67884	-2.305412	0
0.37	335.70347	-2.5519133	0
0.3705	335.7372	-2.7127975	0
0.371	335.77159	-2.7758515	0
0.3715	335.80013	-2.7376011	0
0.372	335.81915	-2.6009859	0
0.3725	335.82702	-2.3777507	0
0.373	335.82482	-2.0862112	0
0.3735	335.81752	-1.7489234	0
0.374	335.80944	-1.3914537	0
0.3745	335.80255	-1.0439253	0
0.375	335.80342	-0.73239993	0
0.3755	335.80649	-0.48080167	0
0.376	335.80871	-0.30772562	0
0.3765	335.80757	-0.2263255	0
0.377	335.79953	-0.24221167	0
0.3775	335.78325	-0.35346096	0
0.378	335.76008	-0.5507749	0
0.3785	335.73383	-0.81794862	0
0.379	335.70848	-1.134124	0
0.3795	335.68919	-1.4749572	0
0.38	335.67812	-1.8141671	0
0.3805	335.68028	-2.123292	0
0.381	335.69674	-2.379952	0
0.3815	335.72594	-2.5643431	0
0.382	335.75932	-2.6628345	0
0.3825	335.79001	-2.6683705	0
0.383	335.81334	-2.5812215	0
0.3835	335.82662	-2.4089959	0
0.384	335.8297	-2.1660686	0
0.3845	335.82581	-1.8714257	0
0.385	335.81857	-1.5482245	0
0.3855	335.81161	-1.2202851	0
0.386	335.80903	-0.9166054	0
0.3865	335.81105	-0.65841127	0
0.387	335.81207	-0.46544951	0
0.3875	335.81163	-0.35212663	0
0.388	335.80582	-0.3266565	0
0.3885	335.7927	-0.39036583	0
0.389	335.77255	-0.53754209	0
0.3895	335.74835	-0.7558919	0
0.39	335.72311	-1.0288543	0
0.3905	335.70197	-1.3337791	0
0.391	335.68805	-1.6491137	0
0.3915	335.68413	-1.9475583	0
0.392	335.69348	-2.2068712	0
0.3925	335.71588	-2.4075692	0
0.393	335.7467	-2.5344551	0
0.3935	335.77809	-2.5784401	0
0.394	335.80469	-2.5367293	0
0.3945	335.823	-2.4133625	0
0.395	335.8315	-2.2189996	0
0.3955	335.83208	-1.9683771	0
0.396	335.82731	-1.6826631	0
0.3965	335.82153	-1.3813271	0
0.397	335.81644	-1.0920015	0
0.3975	335.8168	-0.83476724	0
0.398	335.81622	-0.62945547	0
0.3985	335.81551	-0.49145741	0
0.399	335.81104	-0.4307387	0
0.3995	335.80044	-0.45143137	0
0.4	335.78327	-0.55125859	0
0.4005	335.76142	-0.7217392	0
0.401	335.73742	-0.94929017	0
0.4015	335.7153	-1.2156597	0
0.402	335.69998	-1.5007419	0
0.4025	335.69081	-1.782201	0
0.403	335.69405	-2.0369808	0
0.4035	335.70913	-2.2464521	0
0.404	335.735	-2.3944878	0
0.4045	335.76534	-2.4704248	0
0.405	335.79381	-2.4691525	0
0.4055	335.81617	-2.3914275	0
0.406	335.83003	-2.244117	0
0.4065	335.8355	-2.0391772	0
0.407	335.83453	-1.7930804	0
0.4075	335.82985	-1.5254368	0
0.408	335.82489	-1.2547788	0
0.4085	335.82277	-1.0057353	0
0.409	335.82143	-0.79575416	0
0.4095	335.8192	-0.64044017	0
0.41	335.8152	-0.55111013	0
0.4105	335.8065	-0.53442121	0
0.411	335.79224	-0.59045716	0
0.4115	335.77304	-0.71471831	0
0.412	335.75093	-0.89672824	0
0.4125	335.72923	-1.1219384	0
0.413	335.71162	-1.3729156	0
0.4135	335.70075	-1.6313564	0
0.414	335.69813	-1.8744646	0
0.4145	335.70693	-2.0848307	0
0.415	335.72606	-2.2469154	0
0.4155	335.75304	-2.3480171	0
0.416	335.78162	-2.3812953	0
0.4165	335.8066	-2.3451748	0
0.417	335.82506	-2.242735	0
0.4175	335.83576	-2.0828984	0
0.418	335.83921	-1.8786264	0
0.4185	335.83735	-1.6457948	0
0.419	335.83355	-1.4005982	0
0.4195	335.83004	-1.1670006	0
0.42	335.82837	-0.9593409	0
0.4205	335.82513	-0.79407495	0
0.421	335.82091	-0.68351961	0
0.4215	335.81337	-0.63522319	0
0.422	335.80114	-0.65251764	0
0.4225	335.78425	-0.73313792	0
0.423	335.76393	-0.87082854	0
0.4235	335.74279	-1.0539788	0
0.424	335.724	-1.2680698	0
0.4245	335.71189	-1.4968335	0
0.425	335.70455	-1.7230497	0
0.4255	335.70759	-1.9273003	0
0.426	335.72051	-2.0951236	0
0.4265	335.74202	-2.2144076	0
0.427	335.76821	-2.2758448	0
0.4275	335.79444	-2.2758927	0
0.428	335.81622	-2.2152501	0
0.4285	335.83191	-2.0988267	0
0.429	335.84034	-1.9368203	0
0.4295	335.84235	-1.7425016	0
0.43	335.8399	-1.5304351	0
0.4305	335.83769	-1.3145426	0
0.431	335.83524	-1.1174988	0
0.4315	335.83142	-0.94995639	0
0.432	335.82654	-0.8254224	0
0.4325	335.81934	-0.75269752	0
0.433	335.80846	-0.7368552	0
0.4335	335.79352	-0.77848109	0
0.434	335.7753	-0.87372604	0
0.4345	335.75568	-1.0144265	0
0.435	335.7371	-1.1896351	0
0.4355	335.7226	-1.3853373	0
0.436	335.71435	-1.5879688	0
0.4365	335.71194	-1.7789514	0
0.437	335.71915	-1.9454914	0
0.4375	335.73464	-2.0743002	0
0.438	335.75661	-2.1568665	0
0.4385	335.78121	-2.1869293	0
0.439	335.80459	-2.1628737	0
0.4395	335.82371	-2.0872718	0
0.44	335.83677	-1.966906	0
0.4405	335.84367	-1.8112725	0
0.441	335.84539	-1.632924	0
0.4415	335.84347	-1.4444062	0
0.442	335.84201	-1.2626015	0
0.4425	335.83849	-1.1003954	0
0.443	335.83314	-0.96980203	0
0.4435	335.82596	-0.88032191	0
0.444	335.8159	-0.83813679	0
0.4445	335.80248	-0.84594635	0
0.445	335.78605	-0.90252465	0
0.4455	335.768	-1.0027239	0
0.446	335.75012	-1.1386227	0
0.4465	335.735	-1.2990705	0
0.447	335.7249	-1.4724212	0
0.4475	335.71953	-1.6459821	0
0.448	335.72127	-1.8030534	0
0.4485	335.73109	-1.934652	0
0.449	335.74758	-2.0300652	0
0.4495	335.76881	-2.0828272	0
0.45	335.79133	-2.089632	0
0.4505	335.81215	-2.0504486	0
0.451	335.82871	-1.9691472	0
0.4515	335.84006	-1.852388	0
0.452	335.84599	-1.7098636	0
0.4525	335.84727	-1.5525927	0
0.453	335.84699	-1.3896718	0
0.4535	335.84521	-1.2402717	0
0.454	335.84018	-1.1110766	0
0.4545	335.83324	-1.0124538	0
0.455	335.82377	-0.95120737	0
0.4555	335.81137	-0.93187565	0
0.456	335.79636	-0.95498986	0
0.4565	335.77972	-1.0180788	0
0.457	335.7628	-1.1159412	0
0.4575	335.74728	-1.2409617	0
0.458	335.73549	-1.3825677	0
0.4585	335.72951	-1.5315168	0
0.459	335.72659	-1.6741974	0
0.4595	335.7314	-1.8004324	0
0.46	335.74251	-1.9012669	0
0.4605	335.7588	-1.9691486	0
0.461	335.77834	-1.9998339	0
0.4615	335.79847	-1.991265	0
0.462	335.81679	-1.9447967	0
0.4625	335.83148	-1.8648072	0
0.463	335.84178	-1.7574841	0
0.4635	335.84747	-1.6321098	0
0.464	335.84869	-1.4975986	0
0.4645	335.84922	-1.3638888	0
0.465	335.84584	-1.2432051	0
0.4655	335.8396	-1.1433004	0
0.466	335.83082	-1.0708982	0
0.4665	335.81946	-1.0314558	0
0.467	335.80572	-1.0276892	0
0.4675	335.79057	-1.0583914	0
0.468	335.77479	-1.1216024	0
0.4685	335.75991	-1.2115302	0
0.469	335.74778	-1.3205587	0
0.4695	335.73963	-1.4409373	0
0.47	335.73599	-1.5649175	0
0.4705	335.73573	-1.6790798	0
0.471	335.742	-1.7773624	0
0.4715	335.75321	-1.8524307	0
0.472	335.76818	-1.8990835	0
0.4725	335.7855	-1.9141789	0
0.473	335.80308	-1.8971319	0
0.4735	335.81913	-1.8497571	0
0.474	335.83225	-1.7763538	0
0.4745	335.84139	-1.6832959	0
0.475	335.84673	-1.5774477	0
0.4755	335.84859	-1.4658119	0
0.476	335.84841	-1.358812	0
0.4765	335.84421	-1.2645566	0
0.477	335.83683	-1.1890756	0
0.4775	335.82673	-1.1377958	0
0.478	335.81444	-1.1139966	0
0.4785	335.80064	-1.119048	0
0.479	335.7862	-1.152033	0
0.4795	335.77241	-1.2097097	0
0.48	335.76034	-1.2874221	0
0.4805	335.7514	-1.3788026	0
0.481	335.74619	-1.477872	0
0.4815	335.7438	-1.5772544	0
0.482	335.74545	-1.6667003	0
0.4825	335.75203	-1.7411186	0
0.483	335.7624	-1.7957112	0
0.4835	335.77553	-1.8265792	0
0.484	335.79021	-1.8319726	0
0.4845	335.80502	-1.8118555	0
0.485	335.81855	-1.7685363	0
0.4855	335.82976	-1.7056146	0
0.486	335.83775	-1.628421	0
0.4865	335.84272	-1.5420897	0
0.487	335.8448	-1.4528543	0
0.4875	335.844	-1.369763	0
0.488	335.83937	-1.2978191	0
0.4885	335.83164	-1.24201	0
0.489	335.82143	-1.2064302	0
0.4895	335.80959	-1.192839	0
0.49	335.79693	-1.2020593	0
0.4905	335.78453	-1.2325148	0
0.491	335.77298	-1.2822213	0
0.4915	335.76375	-1.3461452	0
0.492	335.75746	-1.4197931	0
0.4925	335.75364	-1.4984681	0
0.493	335.75287	-1.5754709	0
0.4935	335.75536	-1.6432907	0
0.494	335.76157	-1.6983839	0
0.4945	335.77043	-1.7375862	0
0.495	335.78117	-1.7577573	0
0.4955	335.79294	-1.7578667	0
0.496	335.80482	-1.7383517	0
0.4965	335.81586	-1.7011505	0
0.497	335.82524	-1.6493389	0
0.4975	335.83189	-1.5876569	0
0.498	335.83563	-1.5200402	0
0.4985	335.83669	-1.4503305	0
0.499	335.83588	-1.3870873	0
0.4995	335.83167	-1.3339455	0
0.5	335.8245	-1.2941012	0
0.5005	335.81553	-1.2695404	0
0.501	335.8054	-1.262376	0
0.5015	335.7949	-1.2726554	0
0.502	335.78479	-1.2992217	0
0.5025	335.77631	-1.3391146	0
0.503	335.76908	-1.3904058	0
0.5035	335.76481	-1.4477822	0
0.504	335.76281	-1.5087366	0
0.5045	335.76251	-1.5669226	0
0.505	335.76495	-1.6182288	0
0.5055	335.77005	-1.6579423	0
0.506	335.77727	-1.6851496	0
0.5065	335.78587	-1.6976684	0
0.507	335.79501	-1.6950748	0
0.5075	335.80409	-1.6777266	0
0.508	335.81202	-1.6478931	0
0.5085	335.81903	-1.6067404	0
0.509	335.82358	-1.5589129	0
0.5095	335.82621	-1.5065754	0
0.51	335.82725	-1.4539003	0
0.5105	335.82629	-1.4068817	0
0.511	335.82271	-1.3680496	0
0.5115	335.81714	-1.3389725	0
0.512	335.81022	-1.3222738	0
0.5125	335.80249	-1.318871	0
0.513	335.79453	-1.3286968	0
0.5135	335.78695	-1.3507627	0
0.514	335.78032	-1.383035	0
0.5145	335.77571	-1.4222475	0
0.515	335.7726	-1.4666441	0
0.5155	335.77092	-1.5128259	0
0.516	335.77118	-1.5569956	0
0.5165	335.7732	-1.5939913	0
0.517	335.77723	-1.6237706	0
0.5175	335.78292	-1.6418808	0
0.518	335.78941	-1.6497804	0
0.5185	335.7963	-1.6459752	0
0.519	335.80311	-1.6311089	0
0.5195	335.80928	-1.6065344	0
0.52	335.81381	-1.5750699	0
0.5205	335.81715	-1.5379618	0
0.521	335.81931	-1.4978795	0
0.5215	335.81965	-1.4582253	0
0.522	335.81854	-1.4225225	0
0.5225	335.81586	-1.3944597	0
0.523	335.81161	-1.3735266	0
0.5235	335.80609	-1.3634745	0
0.524	335.80016	-1.3625648	0
0.5245	335.79416	-1.3715666	0
0.525	335.78883	-1.3889209	0
0.5255	335.78414	-1.4142987	0
0.526	335.78077	-1.4447684	0
0.5265	335.77833	-1.4790127	0
0.527	335.77748	-1.5144704	0
0.5275	335.77793	-1.5478524	0
0.528	335.77953	-1.5751472	0
0.5285	335.78267	-1.595479	0
0.529	335.78691	-1.60895	0
0.5295	335.79177	-1.6136533	0
0.53	335.79692	-1.6095425	0
0.5305	335.80194	-1.5971237	0
0.531	335.80646	-1.5775151	0
0.5315	335.80983	-1.5528685	0
0.532	335.81242	-1.5239998	0
0.5325	335.81376	-1.4933095	0
0.533	335.81392	-1.4632638	0
0.5335	335.81301	-1.4369215	0
0.534	335.81082	-1.4156341	0
0.5345	335.8075	-1.4020172	0
0.535	335.80345	-1.3945381	0
0.5355	335.79903	-1.3948301	0
0.536	335.79459	-1.4025836	0
0.5365	335.79071	-1.4162858	0
0.537	335.78728	-1.4362625	0
0.5375	335.78486	-1.4598056	0
0.538	335.78301	-1.4863193	0
0.5385	335.78236	-1.5127304	0
0.539	335.78277	-1.5376111	0
0.5395	335.7842	-1.5589971	0
0.54	335.78652	-1.5736126	0
0.5405	335.78971	-1.5832777	0
0.541	335.79336	-1.5858346	0
0.5415	335.79725	-1.5819502	0
0.542	335.80097	-1.5718269	0
0.5425	335.80423	-1.5565883	0
0.543	335.80663	-1.5376283	0
0.5435	335.80862	-1.5152477	0
0.544	335.8096	-1.4921672	0
0.5445	335.8097	-1.4697061	0
0.545	335.80878	-1.4496669	0
0.5455	335.80707	-1.433523	0
0.546	335.8047	-1.423694	0
0.5465	335.80168	-1.4184256	0
0.547	335.79842	-1.4191195	0
0.5475	335.79512	-1.4254468	0
0.548	335.79206	-1.4368674	0
0.5485	335.78962	-1.4517611	0
0.549	335.78759	-1.4702563	0
0.5495	335.78642	-1.4900009	0
0.55	335.78592	-1.5099748	0
0.5505	335.78639	-1.5283603	0
0.551	335.78753	-1.5440196	0
0.5515	335.78936	-1.555759	0
0.552	335.79173	-1.5627541	0
0.5525	335.79446	-1.5645837	0
0.553	335.79721	-1.5612904	0
0.5535	335.79999	-1.5533231	0
0.554	335.80241	-1.5414938	0
0.5545	335.80445	-1.5267363	0
0.555	335.80579	-1.5099565	0
0.5555	335.80656	-1.4926892	0
0.556	335.8065	-1.4759102	0
0.5565	335.8058	-1.461137	0
0.557	335.80447	-1.4492592	0
0.5575	335.8026	-1.4412542	0
0.558	335.80037	-1.4373879	0
0.5585	335.79798	-1.4379665	0
0.559	335.79551	-1.4428179	0
0.5595	335.79328	-1.4514732	0
0.56	335.79138	-1.4630682	0
0.5605	335.78997	-1.4767963	0
0.561	335.78913	-1.4916739	0
0.5615	335.78866	-1.5067087	0
0.562	335.78903	-1.5204057	0
0.5625	335.79	-1.5316834	0
0.563	335.79138	-1.5402568	0
0.5635	335.79316	-1.5453764	0
0.564	335.79513	-1.5468263	0
0.5645	335.79727	-1.5444154	0
0.565	335.79928	-1.5385659	0
0.5655	335.80113	-1.5297271	0
0.566	335.80254	-1.5189074	0
0.5665	335.80347	-1.5064355	0
0.567	335.80416	-1.4933742	0
0.5675	335.80411	-1.481007	0
0.568	335.80352	-1.4699708	0
0.5685	335.80249	-1.4611704	0
0.569	335.80114	-1.4552963	0
0.5695	335.79953	-1.4525817	0
0.57	335.79771	-1.4529997	0
0.5705	335.79591	-1.4565872	0
0.571	335.7942	-1.4628937	0
0.5715	335.79284	-1.4712138	0
0.572	335.7918	-1.4814433	0
0.5725	335.79101	-1.4925061	0
0.573	335.79083	-1.5034044	0
0.5735	335.79107	-1.5135832	0
0.574	335.79178	-1.5222133	0
0.5745	335.79285	-1.5286778	0
0.575	335.79418	-1.5325134	0
0.5755	335.79572	-1.5336149	0
0.576	335.79728	-1.5320511	0
0.5765	335.79867	-1.5279389	0
0.577	335.8	-1.5216618	0
0.5775	335.80105	-1.5136878	0
0.578	335.80194	-1.5044464	0
0.5785	335.80227	-1.4950792	0
0.579	335.8023	-1.4860071	0
0.5795	335.80187	-1.4779893	0
0.58	335.80115	-1.4715044	0
0.5805	335.80007	-1.4668337	0
0.581	335.7989	-1.4646225	0
0.5815	335.79752	-1.4645433	0
0.582	335.79624	-1.4670295	0
0.5825	335.79491	-1.4712226	0
0.583	335.79397	-1.4774334	0
0.5835	335.79321	-1.4842554	0
0.584	335.7927	-1.4924429	0
0.5845	335.79246	-1.5000518	0
0.585	335.79268	-1.5076841	0
0.5855	335.79307	-1.5138097	0
0.586	335.79391	-1.5189434	0
0.5865	335.79477	-1.5217166	0
0.587	335.79596	-1.5231669	0
0.5875	335.79698	-1.5219076	0
0.588	335.79819	-1.5196143	0
0.5885	335.79904	-1.5148483	0
0.589	335.79989	-1.5098288	0
0.5895	335.80039	-1.503019	0
0.59	335.80086	-1.4967177	0
0.5905	335.80072	-1.4899014	0
0.591	335.80068	-1.4841604	0
0.5915	335.79998	-1.47902	0
0.592	335.79947	-1.4757542	0
0.5925	335.7984	-1.4735627	0
0.593	335.79772	-1.4735287	0
0.5935	335.79652	-1.4747447	0
0.594	335.79595	-1.4776972	0
0.5945	335.7949	-1.4817399	0
0.595	335.79459	-1.4867764	0
0.5955	335.79392	-1.4922355	0
0.596	335.79395	-1.4978387	0
0.5965	335.79376	-1.5032228	0
0.597	335.79429	-1.5078176	0
0.5975	335.79453	-1.5115653	0
0.598	335.79542	-1.513942	0
0.5985	335.79589	-1.5150487	0
0.599	335.79693	-1.5145671	0
0.5995	335.79743	-1.512942	0
0.6	335.79825	-1.5102343	0
0.6005	335.79883	-1.5063269	0
0.601	335.79947	-1.5021342	0
0.6015	335.79952	-1.4973466	0
0.602	335.79979	-1.4926706	0
0.6025	335.79955	-1.4884381	0
0.603	335.79939	-1.4846729	0
0.6035	335.79874	-1.4821893	0
0.604	335.79828	-1.4804204	0
0.6045	335.79746	-1.4801968	0
0.605	335.79691	-1.480717	0
0.6055	335.79611	-1.4828001	0
0.606	335.79565	-1.485195	0
0.6065	335.79509	-1.4889304	0
0.607	335.79487	-1.4923652	0
0.6075	335.79467	-1.4966246	0
0.608	335.79473	-1.5001332	0
0.6085	335.79486	-1.5038771	0
0.609	335.79525	-1.5061996	0
0.6095	335.79567	-1.5085621	0
0.61	335.79625	-1.5090641	0
0.6105	335.79677	-1.5095356	0
0.611	335.7974	-1.5080168	0
0.6115	335.79787	-1.5067786	0
0.612	335.79836	-1.5037352	0
0.6125	335.79863	-1.5012658	0
0.613	335.79895	-1.4975572	0
0.6135	335.79892	-1.4947638	0
0.614	335.79894	-1.4912221	0
0.6145	335.79868	-1.4890062	0
0.615	335.79839	-1.4864966	0
0.6155	335.79795	-1.4856784	0
0.616	335.79752	-1.4846707	0
0.6165	335.797	-1.4854881	0
0.617	335.79658	-1.4860481	0
0.6175	335.79611	-1.4882675	0
0.618	335.79581	-1.4900159	0
0.6185	335.79549	-1.4930172	0
0.619	335.79543	-1.4953246	0
0.6195	335.79536	-1.4984122	0
0.62	335.79551	-1.5005058	0
0.6205	335.79567	-1.5029462	0
0.621	335.79601	-1.5040174	0
0.6215	335.79634	-1.5053577	0
0.622	335.79677	-1.5050168	0
0.6225	335.79711	-1.5049263	0
0.623	335.79759	-1.5034297	0
0.6235	335.79785	-1.5023687	0
0.624	335.79818	-1.4998861	0
0.6245	335.79827	-1.4981111	0
0.625	335.79841	-1.4954609	0
0.6255	335.79836	-1.4936169	0
0.626	335.7983	-1.4915454	0
0.6265	335.79802	-1.4901688	0
0.627	335.7978	-1.4888181	0
0.6275	335.79741	-1.4884933	0
0.628	335.79713	-1.4881787	0
0.6285	335.79676	-1.4892123	0
0.629	335.79644	-1.4897697	0
0.6295	335.79617	-1.4916051	0
0.63	335.79604	-1.4929477	0
0.6305	335.79581	-1.4953002	0
0.631	335.79585	-1.4966785	0
0.6315	335.79584	-1.4989112	0
0.632	335.796	-1.5000383	0
0.6325	335.79617	-1.5015266	0
0.633	335.79646	-1.5019323	0
0.6335	335.79672	-1.5026069	0
0.634	335.79705	-1.5020094	0
0.6345	335.79734	-1.5019126	0
0.635	335.79759	-1.5004345	0
0.6355	335.79774	-1.4996265	0
0.636	335.79795	-1.4976797	0
0.6365	335.79802	-1.4965947	0
0.637	335.79804	-1.4946894	0
0.6375	335.79792	-1.4936534	0
0.638	335.79783	-1.4920772	0
0.6385	335.79762	-1.4915727	0
0.639	335.79744	-1.4907319	0
0.6395	335.79715	-1.4909419	0
0.64	335.79694	-1.4907728	0
0.6405	335.79667	-1.4917648	0
0.641	335.79649	-1.4921803	0
0.6415	335.79631	-1.4936947	0
0.642	335.79622	-1.4945104	0
0.6425	335.79615	-1.4961536	0
0.643	335.7962	-1.4970746	0
0.6435	335.79623	-1.4985053	0
0.644	335.79639	-1.4991414	0
0.6445	335.79651	-1.5001121	0
0.645	335.79675	-1.5001581	0
0.6455	335.7969	-1.5005631	0
0.646	335.79715	-1.4999585	0
0.6465	335.79731	-1.4998299	0
0.647	335.79751	-1.498688	0
0.6475	335.7976	-1.4981224	0
0.648	335.79771	-1.4967492	0
0.6485	335.7977	-1.4959968	0
0.649	335.79772	-1.4947047	0
0.6495	335.79761	-1.494064	0
0.65	335.79757	-1.4931897	0
0.6505	335.79737	-1.4928808	0
0.651	335.79723	-1.4922517	0
0.6515	335.79701	-1.492624	0
0.652	335.79684	-1.4926121	0
0.6525	335.7967	-1.4933094	0
0.653	335.79654	-1.4939127	0
0.6535	335.79649	-1.4947423	0
0.654	335.7964	-1.4955977	0
0.6545	335.79643	-1.4964426	0
0.655	335.79644	-1.4972456	0
0.6555	335.79653	-1.4979134	0
0.656	335.79662	-1.4984468	0
0.6565	335.79676	-1.4987748	0
0.657	335.79689	-1.4989147	0
0.6575	335.79704	-1.4988369	0
0.658	335.79717	-1.4985764	0
0.6585	335.7973	-1.4981439	0
0.659	335.79739	-1.4975985	0
0.6595	335.79747	-1.496952	0
0.66	335.7975	-1.4962518	0
0.6605	335.79751	-1.4955671	0
0.661	335.79748	-1.4949271	0
0.6615	335.79742	-1.4943861	0
0.662	335.79733	-1.49397	0
0.6625	335.79722	-1.493708	0
0.663	335.7971	-1.4935683	0
0.6635	335.79696	-1.4936999	0
0.664	335.79693	-1.4939097	0
0.6645	335.79675	-1.4943046	0
0.665	335.79677	-1.4947442	0
0.6655	335.79666	-1.4953006	0
0.666	335.79666	-1.49582	0
0.6665	335.79667	-1.4963994	0
0.667	335.79666	-1.4968529	0
0.6675	335.79675	-1.4973081	0
0.668	335.79677	-1.4975904	0
0.6685	335.79688	-1.4977996	0
0.669	335.79695	-1.4978719	0
0.6695	335.79703	-1.4977894	0
0.67	335.79711	-1.4976526	0
0.6705	335.79719	-1.4973399	0
0.671	335.79721	-1.4970161	0
0.6715	335.79731	-1.4966224	0
0.672	335.79729	-1.4962299	0
0.6725	335.79732	-1.4958191	0
0.673	335.79729	-1.4954567	0
0.6735	335.79724	-1.4951346	0
0.674	335.79722	-1.4948512	0
0.6745	335.79713	-1.4947789	0
0.675	335.79709	-1.4945685	0
0.6755	335.79702	-1.4946904	0
0.676	335.79696	-1.4947704	0
0.6765	335.79688	-1.4950252	0
0.677	335.79688	-1.495201	0
0.6775	335.7968	-1.4955193	0
0.678	335.79682	-1.4957859	0
0.6785	335.79678	-1.4961043	0
0.679	335.79681	-1.4963893	0
0.6795	335.79683	-1.4966473	0
0.68	335.79686	-1.4968392	0
0.6805	335.79691	-1.4969922	0
0.681	335.79695	-1.4970511	0
0.6815	335.797	-1.4970624	0
0.682	335.79704	-1.4970111	0
0.6825	335.79709	-1.4968974	0
0.683	335.79712	-1.4967376	0
0.6835	335.79715	-1.4965428	0
0.684	335.79717	-1.4963217	0
0.6845	335.79718	-1.4960964	0
0.685	335.79717	-1.4958704	0
0.6855	335.79716	-1.4956686	0
0.686	335.79714	-1.4954918	0
0.6865	335.79712	-1.4953592	0
0.687	335.79708	-1.4952696	0
0.6875	335.79705	-1.4952316	0
0.688	335.79701	-1.4952425	0
0.6885	335.79697	-1.4952959	0
0.689	335.79694	-1.495399	0
0.6895	335.79691	-1.4955301	0
0.69	335.79689	-1.4956864	0
0.6905	335.79688	-1.4958571	0
0.691	335.79688	-1.4960313	0
0.6915	335.79688	-1.4961981	0
0.692	335.7969	-1.4963477	0
0.6925	335.79692	-1.4964714	0
0.693	335.79694	-1.4965629	0
0.6935	335.79697	-1.4966186	0
0.694	335.79701	-1.4966491	0
0.6945	335.79699	-1.4966195	0
0.695	335.79708	-1.4965732	0
0.6955	335.79703	-1.4965044	0
0.696	335.79713	-1.4963881	0
0.6965	335.79706	-1.4962997	0
0.697	335.79713	-1.4961227	0
0.6975	335.79711	-1.496059	0
0.698	335.79708	-1.4959161	0
0.6985	335.79711	-1.4957904	0
0.699	335.79707	-1.4957428	0
0.6995	335.79706	-1.4956505	0
0.7	335.79702	-1.4956185	0
0.7005	335.79702	-1.4956165	0
0.701	335.79701	-1.4956072	0
0.7015	335.79698	-1.4956458	0
0.702	335.79696	-1.4957082	0
0.7025	335.79699	-1.4957653	0
0.703	335.79693	-1.4958467	0
0.7035	335.79695	-1.4959461	0
0.704	335.79694	-1.4960152	0
0.7045	335.79694	-1.4961069	0
0.705	335.79698	-1.4961921	0
0.7055	335.79695	-1.4962333	0
0.706	335.79698	-1.4963023	0
0.7065	335.797	-1.4963329	0
0.707	335.79698	-1.4963489	0
0.7075	335.79706	-1.4963487	0
0.708	335.79702	-1.4963261	0
0.7085	335.79703	-1.4962988	0
0.709	335.7971	-1.4962496	0
0.7095	335.79703	-1.496182	0
0.71	335.79709	-1.4961316	0
0.7105	335.79707	-1.496051	0
0.711	335.79704	-1.4959728	0
0.7115	335.79709	-1.4959359	0
0.712	335.79704	-1.4958516	0
0.7125	335.79704	-1.4958227	0
0.713	335.79706	-1.4957807	0
0.7135	335.79697	-1.4957571	0
0.714	335.79704	-1.495768	0
0.7145	335.79701	-1.4957551	0
0.715	335.79696	-1.495788	0
0.7155	335.797	-1.4958247	0
0.716	335.79695	-1.4958784	0
0.7165	335.79697	-1.4959303	0
0.717	335.79697	-1.4959885	0
0.7175	335.79696	-1.4960504	0
0.718	335.79697	-1.4960964	0
0.7185	335.79698	-1.4961461	0
0.719	335.79699	-1.4961886	0
0.7195	335.797	-1.4962029	0
0.72	335.79701	-1.4962154	0
0.7205	335.79701	-1.4962054	0
0.721	335.79703	-1.4961772	0
0.7215	335.79703	-1.4961405	0
0.722	335.79704	-1.4960867	0
0.7225	335.79704	-1.4960274	0
0.723	335.79705	-1.4959609	0
0.7235	335.79704	-1.4958916	0
0.724	335.79704	-1.4958305	0
0.7245	335.79704	-1.4957834	0
0.725	335.79704	-1.4957401	0
0.7255	335.79703	-1.4957203	0
0.726	335.79703	-1.4957192	0
0.7265	335.79702	-1.4957376	0
0.727	335.79702	-1.4957775	0
0.7275	335.79701	-1.4958361	0
0.728	335.797	-1.4959093	0
0.7285	335.797	-1.4959932	0
0.729	335.79699	-1.4960815	0
0.7295	335.79699	-1.4961674	0
0.73	335.79699	-1.4962443	0
0.7305	335.79699	-1.4963068	0
0.731	335.79698	-1.4963673	0
0.7315	335.79701	-1.4963727	0
0.732	335.79698	-1.4963806	0
0.7325	335.79703	-1.4963532	0
0.733	335.79702	-1.4963087	0
0.7335	335.79703	-1.4962482	0
0.734	335.79705	-1.4961896	0
0.7345	335.79706	-1.4961147	0
0.735	335.79707	-1.4960369	0
0.7355	335.79707	-1.495972	0
0.736	335.79706	-1.4959028	0
0.7365	335.79705	-1.4958661	0
0.737	335.79706	-1.4958351	0
0.7375	335.79702	-1.4958248	0
0.738	335.79703	-1.4958238	0
0.7385	335.797	-1.4958498	0
0.739	335.79699	-1.495871	0
0.7395	335.79698	-1.4959167	0
0.74	335.79696	-1.495963	0
0.7405	335.79696	-1.496015	0
0.741	335.79696	-1.4960614	0
0.7415	335.79696	-1.4961135	0
0.742	335.79697	-1.496143	0
0.7425	335.79698	-1.4961775	0
0.743	335.79699	-1.4961878	0
0.7435	335.797	-1.4961913	0
0.744	335.79701	-1.4961819	0
0.7445	335.79701	-1.4961583	0
0.745	335.79703	-1.4961236	0
0.7455	335.79702	-1.4960847	0
0.746	335.79704	-1.4960293	0
0.7465	335.79703	-1.4959888	0
0.747	335.79705	-1.4959237	0
0.7475	335.79701	-1.4958802	0
0.748	335.79708	-1.4958818	0
0.7485	335.79702	-1.4957154	0
0.749	335.79693	-1.4959437	0
0.7495	335.79721	-1.4956733	0
0.75	335.79692	-1.4957945	0
0.7505	335.79704	-1.4957888	0
0.751	335.797	-1.4957773	0
0.7515	335.79694	-1.4958469	0
0.752	335.79707	-1.4958856	0
0.7525	335.79698	-1.4959032	0
0.753	335.79701	-1.4959985	0
0.7535	335.79704	-1.4960096	0
0.754	335.79701	-1.4960566	0
0.7545	335.79703	-1.49609	0
0.755	335.79702	-1.4961006	0
0.7555	335.79699	-1.4961132	0
0.756	335.79701	-1.4961062	0
0.7565	335.797	-1.4960939	0
0.757	335.797	-1.4960675	0
0.7575	335.79699	-1.4960374	0
0.758	335.79705	-1.4959969	0
0.7585	335.79701	-1.4959418	0
0.759	335.79703	-1.4959453	0
0.7595	335.79706	-1.4958729	0
0.76	335.79705	-1.4958715	0
0.7605	335.79702	-1.4958012	0
0.761	335.79706	-1.495877	0
0.7615	335.79704	-1.4957685	0
0.762	335.79697	-1.4958916	0
0.7625	335.79704	-1.4958776	0
0.763	335.79699	-1.4959179	0
0.7635	335.79701	-1.4959402	0
0.764	335.79701	-1.4959909	0
0.7645	335.79698	-1.4960024	0
0.765	335.79698	-1.4960606	0
0.7655	335.797	-1.4960525	0
0.766	335.79696	-1.496092	0
0.7665	335.79702	-1.496095	0
0.767	335.797	-1.4961304	0
0.7675	335.79701	-1.4961424	0
0.768	335.79702	-1.4961534	0
0.7685	335.79702	-1.496153	0
0.769	335.79703	-1.4961283	0
0.7695	335.79702	-1.4961144	0
0.77	335.79703	-1.4960901	0
0.7705	335.79703	-1.4960594	0
0.771	335.79702	-1.4960296	0
0.7715	335.79701	-1.4959896	0
0.772	335.79704	-1.4959277	0
0.7725	335.79699	-1.4959284	0
0.773	335.79707	-1.495876	0
0.7735	335.797	-1.4958442	0
0.774	335.79708	-1.4958896	0
0.7745	335.79699	-1.4957892	0
0.775	335.79702	-1.4960441	0
0.7755	335.79708	-1.4958642	0
0.776	335.79696	-1.4960602	0
0.7765	335.79707	-1.4960663	0
0.777	335.797	-1.4960913	0
0.7775	335.79698	-1.4961874	0
0.778	335.79697	-1.4961895	0
0.7785	335.79696	-1.4962039	0
0.779	335.79692	-1.4962422	0
0.7795	335.79699	-1.4962019	0
0.78	335.79695	-1.4962014	0
0.7805	335.79701	-1.496206	0
0.781	335.79703	-1.4960955	0
0.7815	335.79699	-1.496142	0
0.782	335.79709	-1.4960494	0
0.7825	335.79705	-1.4960335	0
0.783	335.79706	-1.4960004	0
0.7835	335.79706	-1.4959645	0
0.784	335.79704	-1.4959603	0
0.7845	335.79705	-1.495935	0
0.785	335.79702	-1.4959552	0
0.7855	335.79703	-1.4959616	0
0.786	335.79702	-1.4959829	0
0.7865	335.797	-1.4960117	0
0.787	335.79702	-1.4960452	0
0.7875	335.797	-1.4960767	0
0.788	335.79701	-1.4961106	0
0.7885	335.79699	-1.4961393	0
0.789	335.797	-1.4961595	0
0.7895	335.79699	-1.4961783	0
0.79	335.797	-1.4961785	0
0.7905	335.797	-1.4961787	0
0.791	335.79701	-1.4961587	0
0.7915	335.797	-1.4961417	0
0.792	335.79703	-1.4960992	0
0.7925	335.79701	-1.4960776	0
0.793	335.79704	-1.4960133	0
0.7935	335.79697	-1.4959818	0
0.794	335.79712	-1.4960384	0
0.7945	335.797	-1.4956995	0
0.795	335.79696	-1.4960146	0
0.7955	335.79719	-1.4957101	0
0.796	335.79683	-1.4958603	0
0.7965	335.79703	-1.4957786	0
0.797	335.79698	-1.495694	0
0.7975	335.79694	-1.4957628	0
0.798	335.79705	-1.4957227	0
0.7985	335.79698	-1.4957194	0
0.799	335.79699	-1.4958316	0
0.7995	335.79705	-1.4957761	0
0.8	335.79697	-1.4958924	0
0.8005	335.79702	-1.4959299	0
0.801	335.797	-1.4959673	0
0.8015	335.79698	-1.496053	0
0.802	335.797	-1.4960635	0
0.8025	335.79698	-1.4961173	0
0.803	335.79699	-1.4961232	0
0.8035	335.79698	-1.4961303	0
0.804	335.79702	-1.4961304	0
0.8045	335.79701	-1.4960849	0
0.805	335.79703	-1.4960608	0
0.8055	335.79703	-1.4959964	0
0.806	335.79705	-1.4959431	0
0.8065	335.79703	-1.4958658	0
0.807	335.79705	-1.4957759	0
0.8075	335.797	-1.4956312	0
0.808	335.79703	-1.4956557	0
0.8085	335.79704	-1.4954726	0
0.809	335.79696	-1.4955447	0
0.8095	335.79705	-1.4955239	0
0.81	335.79704	-1.4954981	0
0.8105	335.79701	-1.4956155	0
0.811	335.79705	-1.4956496	0
0.8115	335.797	-1.4956858	0
0.812	335.79696	-1.4958491	0
0.8125	335.79699	-1.4958436	0
0.813	335.79694	-1.4959745	0
0.8135	335.79699	-1.4960766	0
0.814	335.79699	-1.4960639	0
0.8145	335.79695	-1.4962104	0
0.815	335.79703	-1.496182	0
0.8155	335.79699	-1.4962025	0
0.816	335.79703	-1.4962403	0
0.8165	335.79706	-1.4961499	0
0.817	335.79701	-1.4961541	0
0.8175	335.79708	-1.4961084	0
0.818	335.79705	-1.4960132	0
0.8185	335.79704	-1.4959958	0
0.819	335.79709	-1.4959043	0
0.8195	335.79703	-1.4958258	0
0.82	335.79706	-1.4958204	0
0.8205	335.79706	-1.4957206	0
0.821	335.79698	-1.4957413	0
0.8215	335.79707	-1.4957191	0
0.822	335.797	-1.4956563	0
0.8225	335.79698	-1.4957449	0
0.823	335.79704	-1.495711	0
0.8235	335.79691	-1.4957991	0
0.824	335.79701	-1.495852	0
0.8245	335.797	-1.4958382	0
0.825	335.79692	-1.4959729	0
0.8255	335.79702	-1.4959863	0
0.826	335.79695	-1.4960688	0
0.8265	335.79699	-1.4961137	0
0.827	335.79699	-1.4961349	0
0.8275	335.79698	-1.4961659	0
0.828	335.797	-1.4961645	0
0.8285	335.797	-1.4961505	0
0.829	335.79702	-1.4961248	0
0.8295	335.79702	-1.4960831	0
0.83	335.79704	-1.4960274	0
0.8305	335.79704	-1.4959725	0
0.831	335.79705	-1.4959005	0
0.8315	335.79704	-1.4958475	0
0.832	335.79705	-1.4957788	0
0.8325	335.79702	-1.4957262	0
0.833	335.79707	-1.495741	0
0.8335	335.79702	-1.4955904	0
0.834	335.79694	-1.4958069	0
0.8345	335.79717	-1.4956011	0
0.835	335.79692	-1.495719	0
0.8355	335.79703	-1.4957515	0
0.836	335.79698	-1.4957681	0
0.8365	335.79694	-1.4958522	0
0.837	335.79704	-1.4959166	0
0.8375	335.79698	-1.4959334	0
0.838	335.797	-1.4960489	0
0.8385	335.79705	-1.4960677	0
0.839	335.79697	-1.4961371	0
0.8395	335.79704	-1.4961813	0
0.84	335.79702	-1.4961544	0
0.8405	335.79698	-1.4962345	0
0.841	335.79703	-1.4962009	0
0.8415	335.797	-1.4962006	0
0.842	335.79703	-1.4961853	0
0.8425	335.79704	-1.4961297	0
0.843	335.79704	-1.4960866	0
0.8435	335.79705	-1.4960413	0
0.844	335.79704	-1.4959783	0
0.8445	335.79705	-1.4959363	0
0.845	335.79704	-1.4958893	0
0.8455	335.79703	-1.4958502	0
0.846	335.79703	-1.4958313	0
0.8465	335.79703	-1.4958096	0
0.847	335.797	-1.4958142	0
0.8475	335.79702	-1.4958434	0
0.848	335.797	-1.4958633	0
0.8485	335.797	-1.4959146	0
0.849	335.79699	-1.4959795	0
0.8495	335.797	-1.4960253	0
0.85	335.79698	-1.4961096	0
0.8505	335.79705	-1.4962238	0
0.851	335.79697	-1.4961227	0
0.8515	335.7969	-1.496456	0
0.852	335.79709	-1.4962602	0
0.8525	335.79689	-1.4963617	0
0.853	335.79706	-1.4963403	0
0.8535	335.79701	-1.4962662	0
0.854	335.797	-1.4963027	0
0.8545	335.79708	-1.4962272	0
0.855	335.79703	-1.496147	0
0.8555	335.79704	-1.496151	0
0.856	335.79709	-1.4960631	0
0.8565	335.79704	-1.4960094	0
0.857	335.79705	-1.4960366	0
0.8575	335.79706	-1.4959369	0
0.858	335.797	-1.4959701	0
0.8585	335.79703	-1.4959295	0
0.859	335.797	-1.4959435	0
0.8595	335.797	-1.4959725	0
0.86	335.797	-1.4959902	0
0.8605	335.79698	-1.4960367	0
0.861	335.79699	-1.4960754	0
0.8615	335.79698	-1.4961192	0
0.862	335.79699	-1.496151	0
0.8625	335.79701	-1.4961865	0
0.863	335.797	-1.496241	0
0.8635	335.79701	-1.4962468	0
0.864	335.79701	-1.4962706	0
0.8645	335.797	-1.4962817	0
0.865	335.79703	-1.4962422	0
0.8655	335.797	-1.4962495	0
0.866	335.79701	-1.4961922	0
0.8665	335.79702	-1.4961444	0
0.867	335.79701	-1.4960859	0
0.8675	335.79703	-1.4960258	0
0.868	335.79702	-1.4959647	0
0.8685	335.79704	-1.4959101	0
0.869	335.79703	-1.4958642	0
0.8695	335.79704	-1.495834	0
0.87	335.79703	-1.4958185	0
0.8705	335.79703	-1.4958256	0
0.871	335.79703	-1.4958453	0
0.8715	335.79701	-1.4958955	0
0.872	335.79702	-1.4959475	0
0.8725	335.797	-1.4960281	0
0.873	335.79701	-1.4960977	0
0.8735	335.79699	-1.4961896	0
0.874	335.79702	-1.4962697	0
0.8745	335.79696	-1.4962965	0
0.875	335.797	-1.4964671	0
0.8755	335.79708	-1.4962793	0
0.876	335.79685	-1.4965256	0
0.8765	335.7971	-1.4964147	0
0.877	335.79699	-1.4964028	0
0.8775	335.79704	-1.4963902	0
0.878	335.79709	-1.4962995	0
0.8785	335.79699	-1.4962315	0
0.879	335.79706	-1.4961925	0
0.8795	335.79705	-1.496062	0
0.88	335.79699	-1.4960143	0
0.8805	335.79708	-1.4959117	0
0.881	335.797	-1.4958526	0
0.8815	335.79701	-1.4958449	0
0.882	335.79706	-1.49575	0
0.8825	335.79699	-1.4957613	0
0.883	335.79704	-1.4957544	0
0.8835	335.79701	-1.4957454	0
0.884	335.79695	-1.4958196	0
0.8845	335.79703	-1.4958521	0
0.885	335.79693	-1.4958964	0
0.8855	335.79697	-1.4959801	0
0.886	335.79698	-1.4960205	0
0.8865	335.79695	-1.4961017	0
0.887	335.79698	-1.4961487	0
0.8875	335.79698	-1.4961793	0
0.888	335.79698	-1.4962228	0
0.8885	335.79701	-1.4962229	0
0.889	335.79698	-1.496205	0
0.8895	335.79701	-1.4962096	0
0.89	335.79704	-1.4961459	0
0.8905	335.79703	-1.4961106	0
0.891	335.79706	-1.4960664	0
0.8915	335.79706	-1.4959957	0
0.892	335.79706	-1.4959614	0
0.8925	335.79707	-1.4959006	0
0.893	335.79706	-1.4958752	0
0.8935	335.79706	-1.4958431	0
0.894	335.79704	-1.4958156	0
0.8945	335.79703	-1.4958655	0
0.895	335.79705	-1.4957843	0
0.8955	335.79697	-1.495897	0
0.896	335.79703	-1.4959049	0
0.8965	335.79702	-1.495899	0
0.897	335.79694	-1.4960145	0
0.8975	335.79701	-1.4960025	0
0.898	335.79698	-1.4960567	0
0.8985	335.79697	-1.4961054	0
0.899	335.79698	-1.4961107	0
0.8995	335.79698	-1.4961415	0
0.9	335.79698	-1.4961619	0
0.9005	335.79701	-1.4961328	0
0.901	335.79701	-1.4961309	0
0.9015	335.79702	-1.4960907	0
0.902	335.79703	-1.4960523	0
0.9025	335.79705	-1.4960237	0
0.903	335.797	-1.4959649	0
0.9035	335.79706	-1.4959464	0
0.904	335.79702	-1.4958732	0
0.9045	335.79704	-1.4958514	0
0.905	335.797	-1.4957593	0
0.9055	335.797	-1.4958615	0
0.906	335.79704	-1.4957194	0
0.9065	335.79695	-1.4958212	0
0.907	335.79706	-1.4957915	0
0.9075	335.79701	-1.4958347	0
0.908	335.79702	-1.4959223	0
0.9085	335.79705	-1.4959293	0
0.909	335.79698	-1.4959739	0
0.9095	335.79697	-1.4960588	0
0.91	335.79701	-1.4960882	0
0.9105	335.79696	-1.4961665	0
0.911	335.79699	-1.4961842	0
0.9115	335.79699	-1.4962124	0
0.912	335.79699	-1.4962346	0
0.9125	335.79701	-1.4961989	0
0.913	335.79697	-1.4961832	0
0.9135	335.79703	-1.4961454	0
0.914	335.797	-1.4960581	0
0.9145	335.79706	-1.4960543	0
0.915	335.79703	-1.4959025	0
0.9155	335.79701	-1.4959311	0
0.916	335.79706	-1.4958483	0
0.9165	335.79705	-1.4957841	0
0.917	335.79701	-1.49581	0
0.9175	335.79707	-1.49573	0
0.918	335.797	-1.4957702	0
0.9185	335.79703	-1.4957827	0
0.919	335.79702	-1.4958185	0
0.9195	335.79698	-1.4958962	0
0.92	335.797	-1.4959258	0
0.9205	335.79698	-1.4960004	0
0.921	335.79699	-1.4960677	0
0.9215	335.79698	-1.4961019	0
0.922	335.79699	-1.4961555	0
0.9225	335.79701	-1.4962016	0
0.923	335.79699	-1.4961959	0
0.9235	335.79702	-1.4962093	0
0.924	335.797	-1.4962058	0
0.9245	335.79703	-1.4961606	0
0.925	335.79702	-1.4961286	0
0.9255	335.79703	-1.4960537	0
0.926	335.79703	-1.4960023	0
0.9265	335.79703	-1.4959125	0
0.927	335.79703	-1.4958385	0
0.9275	335.79706	-1.4958127	0
0.928	335.79701	-1.4956627	0
0.9285	335.79698	-1.4957894	0
0.929	335.79712	-1.4955982	0
0.9295	335.79697	-1.495665	0
0.93	335.79703	-1.4956722	0
0.9305	335.797	-1.4956623	0
0.931	335.79696	-1.4957486	0
0.9315	335.79703	-1.4957941	0
0.932	335.79697	-1.49584	0
0.9325	335.79696	-1.4959889	0
0.933	335.79702	-1.4959988	0
0.9335	335.79696	-1.4961102	0
0.934	335.79702	-1.496194	0
0.9345	335.797	-1.4961737	0
0.935	335.79697	-1.4962778	0
0.9355	335.79704	-1.4962553	0
0.936	335.797	-1.496235	0
0.9365	335.79703	-1.4962539	0
0.937	335.79706	-1.496171	0
0.9375	335.79702	-1.4961352	0
0.938	335.79706	-1.4961242	0
0.9385	335.79707	-1.4959982	0
0.939	335.79703	-1.4959973	0
0.9395	335.79707	-1.4959058	0
0.94	335.79704	-1.4958556	0
0.9405	335.79705	-1.4958463	0
0.941	335.79705	-1.4958083	0
0.9415	335.79703	-1.4958174	0
0.942	335.79703	-1.4958359	0
0.9425	335.79702	-1.4958661	0
0.943	335.797	-1.4959181	0
0.9435	335.797	-1.4959768	0
0.944	335.79699	-1.496041	0
0.9445	335.79698	-1.496113	0
0.945	335.79698	-1.4961753	0
0.9455	335.79698	-1.4962366	0
0.946	335.79698	-1.4962787	0
0.9465	335.79698	-1.4963114	0
0.947	335.797	-1.4963169	0
0.9475	335.79698	-1.4963187	0
0.948	335.79703	-1.4962987	0
0.9485	335.79699	-1.4962033	0
0.949	335.797	-1.4962448	0
0.9495	335.79711	-1.4960743	0
0.95	335.79697	-1.4960425	0
0.9505	335.79704	-1.4960077	0
0.951	335.79707	-1.4958939	0
0.9515	335.79701	-1.4958793	0
0.952	335.79707	-1.4958306	0
0.9525	335.79703	-1.4957921	0
0.953	335.79698	-1.4958176	0
0.9535	335.79707	-1.4957911	0
0.954	335.79697	-1.4957963	0
0.9545	335.797	-1.4958501	0
0.955	335.797	-1.495857	0
0.9555	335.79696	-1.4959335	0
0.956	335.79699	-1.4959562	0
0.9565	335.79698	-1.4959973	0
0.957	335.79699	-1.4960408	0
0.9575	335.79698	-1.4960897	0
0.958	335.797	-1.4961068	0
0.9585	335.797	-1.4961305	0
0.959	335.79701	-1.4961368	0
0.9595	335.79701	-1.496144	0
0.96	335.79702	-1.4961298	0
0.9605	335.79703	-1.4961081	0
0.961	335.79702	-1.4960795	0
0.9615	335.79704	-1.4960287	0
0.962	335.79702	-1.4960006	0
0.9625	335.79702	-1.4959351	0
0.963	335.79703	-1.4958983	0
0.9635	335.79702	-1.4958516	0
0.964	335.797	-1.4957936	0
0.9645	335.79704	-1.4957688	0
0.965	335.79696	-1.4957567	0
0.9655	335.79702	-1.4957118	0
0.966	335.79698	-1.4957188	0
0.9665	335.79699	-1.4957189	0
0.967	335.797	-1.4957332	0
0.9675	335.79699	-1.4957734	0
0.968	335.797	-1.4958185	0
0.9685	335.797	-1.4958858	0
0.969	335.797	-1.495929	0
0.9695	335.79701	-1.4959915	0
0.97	335.797	-1.4960687	0
0.9705	335.797	-1.4961064	0
0.971	335.79701	-1.4961617	0
0.9715	335.797	-1.4961854	0
0.972	335.79701	-1.4961973	0
0.9725	335.79701	-1.49619	0
0.973	335.79702	-1.4961604	0
0.9735	335.79702	-1.4961126	0
0.974	335.79703	-1.4960504	0
0.9745	335.79703	-1.4959714	0
0.975	335.79704	-1.4958952	0
0.9755	335.79704	-1.495809	0
0.976	335.79704	-1.4957337	0
0.9765	335.79704	-1.4956744	0
0.977	335.79704	-1.4956277	0
0.9775	335.79704	-1.4955962	0
0.978	335.79703	-1.4956105	0
0.9785	335.79703	-1.4956274	0
0.979	335.79701	-1.4956768	0
0.9795	335.79699	-1.4957429	0
0.98	335.79699	-1.4958135	0
0.9805	335.79697	-1.4959032	0
0.981	335.79696	-1.4959827	0
0.9815	335.79696	-1.4960558	0
0.982	335.79695	-1.4961422	0
0.9825	335.79697	-1.4961739	0
0.983	335.79697	-1.4962068	0
0.9835	335.79698	-1.4962272	0
0.984	335.79702	-1.4962188	0
0.9845	335.79701	-1.4961988	0
0.985	335.79703	-1.496172	0
0.9855	335.79707	-1.4961266	0
0.986	335.79704	-1.4960715	0
0.9865	335.79707	-1.4960322	0
0.987	335.79708	-1.4959691	0
0.9875	335.79703	-1.4959223	0
0.988	335.79709	-1.4958867	0
0.9885	335.79704	-1.4958448	0
0.989	335.79704	-1.4958315	0
0.9895	335.79703	-1.4958184	0
0.99	335.797	-1.4958222	0
0.9905	335.79701	-1.4958334	0
0.991	335.797	-1.4958609	0
0.9915	335.797	-1.4958983	0
0.992	335.79701	-1.4959219	0
0.9925	335.79698	-1.4959964	0
0.993	335.79699	-1.4960152	0
0.9935	335.79699	-1.4960597	0
0.994	335.79699	-1.4961021	0
0.9945	335.79699	-1.4961308	0
0.995	335.79698	-1.4961586	0
0.9955	335.79699	-1.4961694	0
0.996	335.797	-1.4961687	0
0.9965	335.79701	-1.4961525	0
0.997	335.79701	-1.4961339	0
0.9975	335.79703	-1.4960962	0
0.998	335.79703	-1.4960567	0
0.9985	335.79704	-1.4960066	0
0.999	335.79702	-1.4959661	0
0.9995	335.79705	-1.4959072	0
1	335.79702	-1.4958842	0
