/*--------------------------------*- C++ -*----------------------------------*\
| =========                 |                                                 |
| \\      /  F ield         | foam-extend: Open Source CFD                    |
|  \\    /   O peration     | Version:     4.1                                |
|   \\  /    A nd           | Web:         http://www.foam-extend.org         |
|    \\/     M anipulation  |                                                 |
\*---------------------------------------------------------------------------*/
FoamFile
{
    version     2.0;
    format      ascii;
    class       volScalarField;
    location    "1";
    object      p;
}
// * * * * * * * * * * * * * * * * * * * * * * * * * * * * * * * * * * * * * //

dimensions      [0 2 -2 0 0 0 0];

internalField   nonuniform List<scalar> 
4242
(
-0.17664286
-0.17777017
-0.17838325
-0.17809071
-0.17628098
-0.17192817
-0.16382676
-0.15086379
-0.13240189
-0.10856832
-0.080228846
-0.04879642
-0.016056626
0.015796205
0.045011871
0.074760273
-0.35161973
-0.35118374
-0.35007617
-0.3473496
-0.34160083
-0.33111673
-0.31427743
-0.29028887
-0.2596672
-0.22416413
-0.18602826
-0.1471501
-0.10883112
-0.072120935
-0.038096784
-0.0062224998
-0.51002208
-0.50929961
-0.50799541
-0.50530015
-0.49986668
-0.48988648
-0.47329946
-0.44837893
-0.4145751
-0.37303139
-0.32634494
-0.27746714
-0.22870963
-0.18155919
-0.13699181
-0.096389017
-0.63642175
-0.63520949
-0.63345208
-0.63048212
-0.62506385
-0.61551752
-0.59982613
-0.57602954
-0.54292867
-0.50078972
-0.45153084
-0.39802212
-0.34292257
-0.2882555
-0.23556351
-0.18649172
-0.70977658
-0.70820057
-0.70614406
-0.70311046
-0.69802854
-0.68940108
-0.6753259
-0.65376779
-0.62316087
-0.58315665
-0.53505471
-0.48142491
-0.42502754
-0.36803707
-0.31190274
-0.256703
-0.72790474
-0.7261524
-0.72400209
-0.72114407
-0.71674836
-0.70961319
-0.69809679
-0.68024719
-0.6542599
-0.61919406
-0.5756043
-0.52554801
-0.4717583
-0.41665996
-0.36201675
-0.3085663
-0.69847994
-0.69674508
-0.6946921
-0.6921763
-0.68863945
-0.68325145
-0.67477833
-0.66157262
-0.64183827
-0.61420113
-0.57840929
-0.5356966
-0.4883756
-0.4388982
-0.38917782
-0.34004171
-0.63646628
-0.634938
-0.63315371
-0.63107441
-0.62837812
-0.62459444
-0.61895676
-0.61029553
-0.59710898
-0.57790361
-0.55179276
-0.51906883
-0.48125795
-0.44048995
-0.39869194
-0.35717501
-0.56059568
-0.55942787
-0.55804598
-0.55644538
-0.55446551
-0.55191228
-0.54843972
-0.54339308
-0.53574101
-0.52421821
-0.50767004
-0.48560983
-0.45863213
-0.4282439
-0.39615955
-0.36373556
-0.48888343
-0.48818821
-0.48732029
-0.48625518
-0.48490257
-0.48318548
-0.48097704
-0.47803859
-0.47397909
-0.46809447
-0.45926046
-0.44655001
-0.42978713
-0.40966339
-0.38734341
-0.36450644
-0.43569904
-0.43554791
-0.43528226
-0.43481997
-0.43405355
-0.43288615
-0.43128262
-0.42922258
-0.42643008
-0.42228677
-0.41655724
-0.40945238
-0.40076034
-0.3891523
-0.37274692
-0.34997299
-0.39786974
-0.39817327
-0.39841532
-0.3985306
-0.39845561
-0.39806679
-0.39717038
-0.39552753
-0.39305487
-0.39014612
-0.38734317
-0.38552899
-0.38668768
-0.38562283
-0.37725915
-0.35711041
0.067536999
0.068492382
0.069746855
0.072168233
0.076831276
0.084718626
0.096466881
0.11205823
0.13067433
0.15083082
0.17081956
0.18917922
0.20479024
0.21671137
0.22504681
0.23331697
0.28002408
0.2787184
0.27766404
0.27746089
0.27865291
0.28183729
0.28742019
0.29534592
0.30497712
0.31520755
0.32474762
0.33239245
0.33710144
0.33791941
0.33426553
0.32745242
0.47287463
0.4713114
0.4698142
0.46876055
0.46837331
0.4688883
0.47037982
0.47258574
0.47485772
0.47626805
0.47581831
0.4726166
0.46590047
0.45497649
0.43970708
0.42223603
0.61940019
0.61754376
0.61563225
0.61391416
0.61238942
0.61104895
0.60974932
0.60809367
0.60540975
0.6008301
0.59344177
0.58241561
0.5670146
0.54660176
0.52134439
0.49394796
0.72121386
0.71919418
0.71703827
0.7149054
0.71266027
0.71012957
0.70699137
0.70268499
0.69642781
0.68733193
0.67456679
0.65745709
0.63543779
0.60816758
0.57689039
0.54678851
-0.51215904
-0.51143439
-0.51012861
-0.50743125
-0.50199311
-0.49200362
-0.47539968
-0.45044832
-0.41659785
-0.37499146
-0.32822557
-0.27926286
-0.23043396
-0.18326567
-0.13886094
-0.098588975
0.74671133
0.7448352
0.74277202
0.74062164
0.73819718
0.73526536
0.73145515
0.72620361
0.71880214
0.70850457
0.69464189
0.67669937
0.65434314
0.62745001
0.596318
0.56231468
0.74711672
0.74523097
0.7431579
0.74099795
0.73856317
0.73561875
0.73179144
0.72651569
0.7190815
0.70874438
0.69484128
0.67686582
0.65449578
0.62765298
0.59679945
0.56358365
0.72136139
0.7193368
0.71717662
0.71504035
0.71279174
0.71025619
0.70710997
0.7027904
0.69651391
0.68739451
0.67460772
0.65748636
0.63547821
0.60829941
0.57735247
0.54784137
0.61878561
0.61694558
0.61505262
0.61335356
0.61184825
0.61052642
0.60924209
0.60759478
0.60490867
0.60031593
0.59290996
0.5818637
0.56638582
0.5457168
0.52027738
0.4944084
0.47211738
0.47057899
0.46910957
0.46808463
0.46772851
0.46827862
0.46981067
0.47206297
0.47438587
0.4758506
0.4754642
0.47233292
0.46558761
0.45425639
0.43860897
0.42430165
0.28043471
0.27914112
0.27810107
0.27791305
0.27912247
0.28233049
0.28794981
0.29593262
0.30564813
0.31599417
0.32568588
0.33352215
0.33843847
0.33944274
0.33610462
0.32945943
0.069031111
0.069983205
0.071234035
0.073648612
0.078299078
0.086167963
0.097895077
0.11346871
0.13207645
0.15223503
0.17223219
0.19059587
0.20617344
0.21794582
0.22596831
0.23404964
-0.39954757
-0.39985175
-0.40009487
-0.4002119
-0.40013977
-0.39975552
-0.39886593
-0.39723036
-0.39475515
-0.39181999
-0.38897171
-0.38706245
-0.38794246
-0.38640068
-0.37674907
-0.35471023
-0.4371811
-0.43703165
-0.43676807
-0.43630861
-0.43554615
-0.43438305
-0.43278308
-0.43073006
-0.42795769
-0.42385277
-0.41817063
-0.41116308
-0.4027294
-0.39168964
-0.37669475
-0.35727732
-0.48979953
-0.48910829
-0.48824428
-0.48718293
-0.48583432
-0.48412182
-0.48191916
-0.47898762
-0.47494089
-0.46908826
-0.46032728
-0.44773424
-0.43114601
-0.41127588
-0.3893549
-0.36707072
-0.56124181
-0.56007691
-0.55869748
-0.55709888
-0.5551214
-0.5525723
-0.54910848
-0.54407982
-0.5364586
-0.524983
-0.5085001
-0.48652133
-0.45963771
-0.42935007
-0.39736884
-0.36510832
-0.63692149
-0.63539513
-0.63361247
-0.63153522
-0.62884313
-0.62506838
-0.61944782
-0.61081561
-0.5976722
-0.57852272
-0.5524746
-0.51981211
-0.48205625
-0.44133335
-0.39956867
-0.35816567
-0.69901593
-0.69728179
-0.69522955
-0.69271566
-0.68918404
-0.68380744
-0.67535492
-0.66218103
-0.64248891
-0.61489951
-0.57915281
-0.53647637
-0.48918481
-0.43973563
-0.39005315
-0.34110172
-0.72874813
-0.72699515
-0.72484466
-0.72198828
-0.71759788
-0.71047386
-0.69897604
-0.68115213
-0.65519425
-0.62015516
-0.57658251
-0.52653277
-0.47274898
-0.41766471
-0.36305959
-0.30981247
-0.71108783
-0.70951015
-0.70745274
-0.70441989
-0.6993412
-0.69072012
-0.67665411
-0.65510573
-0.62450477
-0.58449752
-0.53638013
-0.48272852
-0.42631895
-0.36933619
-0.31326648
-0.25834433
-0.63821558
-0.63700123
-0.6352425
-0.63227191
-0.62685296
-0.6173049
-0.60160892
-0.57780147
-0.54467989
-0.50250771
-0.45320242
-0.39964475
-0.34451166
-0.28984134
-0.23724369
-0.18844019
-0.3538508
-0.35341357
-0.35230468
-0.34957413
-0.34381513
-0.33331099
-0.31643757
-0.29239713
-0.26170643
-0.22611979
-0.18788858
-0.14890418
-0.11048085
-0.073723286
-0.039746245
-0.0075793517
-0.17839761
-0.17952585
-0.18013861
-0.17984318
-0.17802619
-0.17365946
-0.16553524
-0.1525428
-0.13404204
-0.11015725
-0.081750601
-0.05023741
-0.017427818
0.014448102
0.043741508
0.073866969
-0.39344002
-0.39329146
-0.39310973
-0.39284476
-0.39242838
-0.39177006
-0.39073079
-0.38911262
-0.38667571
-0.38320483
-0.3786216
-0.37299326
-0.3661565
-0.36057675
-0.35557806
-0.35041857
-0.39066232
-0.39036064
-0.39001698
-0.3896296
-0.38914719
-0.38851109
-0.38764928
-0.38648466
-0.3849726
-0.38315507
-0.38120069
-0.37940393
-0.37833118
-0.3793801
-0.38305761
-0.38520659
-0.38232458
-0.38195334
-0.38155003
-0.38113214
-0.38066798
-0.38014214
-0.37956461
-0.37899031
-0.37855517
-0.3785085
-0.37921587
-0.38111584
-0.3846303
-0.38997509
-0.39693105
-0.40621699
-0.35833423
-0.35827394
-0.35821586
-0.35816276
-0.35811579
-0.35809735
-0.35817528
-0.35849626
-0.35931866
-0.36102157
-0.36406709
-0.36891229
-0.37588949
-0.38514391
-0.39694931
-0.41206366
-0.31702431
-0.31759892
-0.31822856
-0.31887862
-0.3195956
-0.32044317
-0.32154671
-0.32313928
-0.32557167
-0.32927004
-0.33464542
-0.34198359
-0.3513172
-0.36230098
-0.37454734
-0.38927945
-0.29525323
-0.29637966
-0.29761967
-0.29890726
-0.30033028
-0.30197913
-0.30399974
-0.30663854
-0.31023611
-0.31517194
-0.32177952
-0.33027087
-0.3406803
-0.35275977
-0.36574037
-0.37813474
-0.29309178
-0.29426332
-0.29555221
-0.29689124
-0.29837186
-0.30008914
-0.30219678
-0.30495312
-0.30871341
-0.31387063
-0.32076511
-0.32960247
-0.34038879
-0.3528275
-0.36620938
-0.37964991
-0.3191045
-0.31967356
-0.32029664
-0.32093906
-0.32164882
-0.32249302
-0.32360386
-0.32522462
-0.32772175
-0.33154113
-0.33711502
-0.34475837
-0.35456623
-0.3662352
-0.37895446
-0.39257164
-0.36040309
-0.36032591
-0.3602511
-0.36018466
-0.36012931
-0.36011085
-0.36020227
-0.36055597
-0.36143484
-0.36321949
-0.36637036
-0.37134578
-0.37848301
-0.38783893
-0.39928109
-0.4136225
-0.38467353
-0.38429801
-0.38389
-0.38346737
-0.38299829
-0.38246709
-0.38188341
-0.38130321
-0.38086428
-0.38081874
-0.38153619
-0.38346243
-0.38702942
-0.39243795
-0.39942504
-0.40917819
-0.39299345
-0.39268678
-0.39233811
-0.39194659
-0.39146146
-0.3908252
-0.38996751
-0.38881386
-0.38732281
-0.38554039
-0.38364139
-0.38193285
-0.38100283
-0.38227515
-0.38640408
-0.38881574
-0.39554543
-0.39539543
-0.39521221
-0.39494607
-0.39452907
-0.39387107
-0.39283378
-0.39122041
-0.38879274
-0.38533621
-0.38076858
-0.37515824
-0.36842026
-0.36304105
-0.35816873
-0.35353875
-0.065984883
-0.066703422
-0.064660597
-0.059749502
-0.051746709
-0.040248763
-0.02461945
-0.0048328135
0.018285355
0.043366444
0.06890601
0.093461865
0.11537029
0.13394789
0.15348972
-0.06763742
-0.06834707
-0.066282429
-0.06133839
-0.053295593
-0.041756775
-0.026094419
-0.00627724
0.016875435
0.042003434
0.06760314
0.092226696
0.11425283
0.13321712
0.15254365
-0.39841272
-0.39870883
-0.39883011
-0.39865783
-0.39803325
-0.39675957
-0.39462561
-0.39149597
-0.38749321
-0.38328242
-0.38077333
-0.37749502
-0.37115667
-0.36136248
-0.3421743
-0.39651833
-0.39681201
-0.3969295
-0.39675173
-0.39611966
-0.39483627
-0.39269197
-0.38955642
-0.38556079
-0.38138482
-0.37899454
-0.37584287
-0.36960342
-0.36048155
-0.34544925
-0.062221175
-0.063868499
-0.39803857
-0.39614558
-0.21630421
0.0088360931
0.28250069
0.00040290603
-0.3898085
0.044443911
0.15806363
0.20044614
0.19843203
0.16007561
0.152106
0.016562689
0.22734099
-0.048553625
0.1635997
-0.25091477
0.08894676
-0.31589698
-0.37090968
0.01224141
-0.38385585
0.23067811
0.20642072
0.19548002
0.19912257
0.039646907
-0.0015075702
0.011073056
-0.015357843
-0.031046361
0.043433094
0.16420132
0.019260775
-0.024024437
0.21620464
0.0052684704
0.017316367
0.21144178
0.089977661
0.08838454
0.0065077616
0.011966098
0.19643041
-0.027481506
0.19493272
0.30871642
0.0044975946
0.19574369
0.1696009
0.16912302
-0.31416794
0.41953006
0.24447127
0.13332266
-0.16336066
-0.056483956
0.13218706
0.15331444
0.19477629
-0.0057128946
-0.0028585376
0.17272666
0.17019903
0.099441512
-0.29577064
0.10514839
0.039231291
-0.0074706521
0.071647391
0.0059473302
0.060849405
-0.23735641
0.075182886
0.0095701766
0.0085246336
0.20464433
-0.19825686
0.060651967
0.013600538
0.12908323
-0.26201045
-0.32410495
-0.027756627
0.00060547878
0.076384204
0.01515079
0.17393518
0.0051229614
-0.26378429
0.0074389464
-0.035170243
0.037624971
0.32675122
0.073830966
0.20162759
0.2172001
0.0013317901
0.29768141
-0.34275206
0.22164492
0.0078530702
0.0062079104
0.039785577
0.015017087
-0.0028487505
-0.047360549
0.037595552
0.0048262599
0.091708393
-0.023784741
-0.18357963
0.24397286
0.072210635
0.016102802
-0.0031794949
0.016607677
0.25864234
0.014098732
0.016164022
0.24758928
0.25472373
0.12696679
-0.41182
0.023205573
-0.3565941
-0.41175054
0.10962843
-0.35034777
-0.30363917
0.23143594
0.12048351
0.084849604
0.025779755
0.0095429315
0.035273703
0.074679084
0.29746003
0.0055026973
-0.32744777
-0.00054759329
0.2034514
0.010268862
-0.38666021
-0.1929187
-0.0048238353
-0.0036283493
-0.02550025
-0.23549647
0.0080320221
0.16444956
0.16273413
0.0026054951
0.058639205
0.25632835
0.021600416
0.19378262
-0.31288713
0.113208
0.021225061
0.013721966
-0.31429944
-0.31349348
0.20639559
0.23402577
0.12073998
0.024473614
0.0089951778
0.15473986
-0.059045702
0.015129889
-0.15808961
0.31687108
0.071074572
0.027392717
0.0053474516
0.20726293
0.12126018
0.015270766
0.00057520967
-0.23379891
0.16092524
-0.044145686
-0.022523501
0.062097188
0.075036151
0.1692104
0.20399852
-0.029648558
-0.038192976
-0.049507507
0.012930086
0.035395614
-0.006209605
-0.32674212
0.097862038
0.1953297
0.027597632
0.048088482
0.15045886
0.33561576
0.1604863
0.060389612
-0.23669302
0.13510286
0.23557063
0.17773654
0.22138341
0.030372429
0.25799088
0.021220322
-0.017458199
-0.0034772208
0.1200421
0.14561591
0.013297591
0.011254365
0.0072716528
0.19824021
0.21279138
0.078850936
0.049839396
0.062545253
0.12479432
0.010475278
0.10654424
-0.28770014
0.24032166
0.0083255624
0.028531516
0.096168538
-0.35208363
0.280854
0.01793081
0.092946785
-0.003297833
0.055824799
0.018873735
0.19929672
-0.0086648188
0.012861387
0.044234671
0.01076242
0.075351781
0.045369248
0.27065207
0.1181409
-0.022551726
0.18914487
0.029391145
0.089788533
0.17382121
0.32316233
0.019902807
0.010800748
-0.3853317
0.0061427428
0.22344329
0.057810356
0.0062483865
-0.0057101379
0.0031291355
0.0019984434
0.022217212
0.02251186
0.099884225
-0.0036457888
0.044122312
-0.010261554
0.022136214
0.089346794
0.14598908
0.099827014
0.11671144
0.2259703
-0.15401961
0.022857294
0.26044678
0.23847153
0.0088959666
0.031915615
-0.33350161
0.022847142
0.045319004
-0.034450013
-0.38422451
-0.38113419
0.036224846
0.11462994
0.066459094
0.012486971
0.16147121
-0.059320744
-0.030635672
0.0032398039
0.26723538
0.11312818
0.051967189
0.20451954
0.068592318
0.010644842
0.0029101399
-0.00054965337
0.028209234
0.28020448
0.32756671
0.11079998
0.065067243
0.12912189
-0.0039128631
0.20970557
-0.28303811
-0.005445931
0.034763696
0.036147633
0.12462681
0.029268724
0.040973584
0.041580509
0.36173032
-0.054971087
0.046372779
0.21853552
0.0029799759
0.011842473
0.046280791
0.11546257
0.042470817
0.028982241
0.03442892
0.0080473045
0.41835403
-0.35548375
0.15391879
0.19519388
-0.028839397
-0.033396576
0.11656687
0.019268634
0.014308288
0.041606783
0.013227534
0.038358917
0.036786322
0.25196613
0.011502303
0.028979222
0.017324346
0.012994289
0.028123598
0.0087904777
0.015348409
-0.34407949
0.055622221
0.1603138
-0.10670605
-0.050696188
0.0086626574
-0.023520398
-0.36273406
0.17879562
0.077744882
0.18705283
0.016593634
-0.35492292
0.28871263
0.21396478
0.045809151
-0.19166456
0.023775831
0.22935502
-0.046337406
0.007123443
0.34013405
0.16335123
0.15243026
0.082006594
-0.16730379
0.068437305
0.0098402535
0.047790621
0.018348365
0.23257184
0.21455009
-0.38733876
0.068735715
0.11347764
-0.26196606
0.0078889344
0.14834265
-0.092741506
0.023382886
0.072337191
-0.089150104
0.029349737
0.050751632
-0.0049494637
-0.0039870918
-0.073010143
0.39742465
0.031102262
0.0049829009
-0.2766306
0.044104833
-0.037883252
0.1883743
-0.30154515
0.0039785916
0.016978263
0.18867123
0.030650535
0.12106566
0.19185691
-0.006385228
0.0051583925
0.12175776
0.15785732
0.16099523
0.0106869
-0.0089077162
0.01780118
-0.088769767
0.0067200092
-0.0012275084
0.1884758
0.23634979
0.28061798
-0.095974967
0.023604324
0.22160679
0.039836733
0.16270966
0.15889011
0.037616321
0.044261356
-0.4029131
0.14652364
0.036445268
0.010129056
0.012621908
0.090030578
-0.1713271
-0.28320535
0.10150628
0.036798611
-0.0100073
0.019986687
0.025785533
0.0037725394
0.00070253391
0.19638073
0.029759278
-0.23650189
-0.0069565441
0.01701141
0.046205243
0.037601791
0.14142741
0.1178978
0.014205167
0.16522311
0.16843542
0.24673642
0.063897436
0.072314552
0.15177264
0.18219323
0.19343523
0.20749521
0.22488544
-0.063323373
-0.42943379
0.026448647
0.26882187
-0.00017966406
0.013688315
0.038797585
0.016586627
0.021149556
0.42673756
0.020286653
0.001530959
-0.24896285
-0.046447238
0.0011708001
-0.033941116
-0.052008872
0.034530739
0.19548618
0.19290776
-0.12401591
-0.41635179
0.0053996766
0.010292234
-0.004936422
-0.047769022
-0.32748283
0.12296714
0.074503852
0.01912106
0.0008251839
0.083109532
0.11629421
0.29000316
0.15693819
0.15317356
0.018007642
-0.28248174
-0.011442524
0.0072874467
-0.10608705
0.016801571
0.017766618
-0.019295233
-0.0050642245
-0.27017891
-0.2812328
0.020077664
0.19635945
0.14768971
0.19307179
0.017110382
0.10033083
0.016421391
0.014010343
-0.11867621
0.010503635
-0.21149801
0.0074366274
-0.26423808
0.23663762
0.1587396
-0.24214551
0.23275429
0.053926723
-0.32055693
0.22855048
0.16909284
0.16921635
0.19455248
0.1830627
-0.30313311
-0.014874072
0.001881408
0.029411813
0.0050473714
-0.39809039
0.19109002
0.18383301
0.077845776
0.046469517
0.090548009
0.03819178
0.010286718
0.22612504
0.034792163
0.068340292
0.04545028
-0.30151368
0.27730668
-0.36783201
0.05736235
0.13280295
-0.36326716
-0.02005207
0.018505501
-0.28930334
-0.16250059
-0.087927453
0.17881693
0.18347518
0.1087627
0.031618654
-0.21077372
0.2304135
0.27242644
0.26622954
0.17093365
-0.028950481
0.18193908
0.22046574
0.280189
0.20506276
0.32417417
0.028671772
0.19388545
0.20658077
0.016690581
-0.00044498174
-0.020834575
0.19343328
0.23790001
0.20262944
-0.19578498
0.17465957
0.010431861
0.42660286
0.20133023
0.0092383692
0.41563466
0.23261687
-0.055502452
0.042268989
-0.362228
0.41381032
0.018516228
-0.25018854
0.21550505
0.019163463
0.31036712
0.21733344
0.22288782
0.016476652
0.0010035641
-0.35838632
0.22404849
0.42740568
0.1661741
0.03320572
0.18471982
-0.046112907
-0.40648841
0.039378704
-0.080104124
0.42426075
-0.18094246
0.008908173
0.082307075
0.28266282
0.27135476
-0.28639129
-0.025164213
0.048902911
0.21743062
-0.35358007
-0.075547701
-0.00066863105
-0.033158464
0.17223001
0.17188092
-0.011264708
-0.21682127
0.11736645
-0.40347214
-0.0068449351
-0.16349534
0.19306881
0.038081538
0.0064771702
0.01402285
0.38255801
0.082012284
0.15767619
0.010644562
0.054017301
0.17889308
-0.075028356
0.41043454
0.0098328001
0.0067387404
0.196097
0.019280397
-0.021114732
0.015677035
-0.062341642
0.023370366
0.080210113
-0.042376441
0.010437653
0.28137422
-0.37257519
0.13418703
0.16819548
0.088085201
0.254523
0.014798502
0.27816787
-0.28200245
0.47269092
-0.31538623
0.088288416
-0.018496987
0.35746086
-0.35482416
0.0061224701
0.031293362
0.1862846
0.13603246
-0.32155518
0.18427736
0.18955337
-0.43677191
-0.14946999
0.033289735
-0.12404708
-0.00096585544
-0.14896903
-0.37677478
0.01512228
0.020157338
0.02819899
0.037255566
0.22518418
0.023183657
-0.25859668
0.1718025
0.090945792
0.0023219741
0.13541106
-0.0084430201
-0.005808312
-0.10890281
0.11507617
-0.4092486
-0.014704718
0.28373921
-0.11787941
0.0035089595
-0.0001330225
-0.11351679
0.19303769
0.22645274
0.0024862323
-0.066186189
0.014863102
0.23113452
0.20975994
-0.06644373
0.1561724
0.013586347
0.094945176
-0.42602494
-0.30283551
0.19744575
-0.2864333
-0.3244924
0.03200018
-0.21855602
0.20031027
0.12407956
-0.041565657
0.013596144
0.0014253759
-0.073240826
0.017594163
-0.4030033
0.045169451
0.05803229
0.011748483
0.0766378
0.041111948
-0.090915407
0.10460403
0.10950974
-0.35438582
0.029714628
0.031371704
0.070354308
-0.041147499
0.29151096
0.046635443
0.17033035
0.012827294
0.17208774
-0.14014293
-0.00012415671
-0.22382843
-0.23185674
0.033290681
0.11257925
0.0819212
0.094529997
0.0021317589
0.13720123
-0.01543127
0.21725843
0.0065990963
0.032175282
0.18679917
0.21979204
0.017844303
0.27744302
-0.032944686
0.52671174
-0.26301851
-0.062073115
0.0021572287
0.012391473
0.080884238
0.24041037
-0.011594248
0.024466287
0.026573278
0.054323383
-0.023938568
-0.013654497
0.025337528
0.01245793
0.0068116216
0.27348505
0.007564312
0.21101482
0.2378137
0.22433757
0.21999717
0.20419506
0.1725184
0.0087340499
0.042401417
-0.12650369
0.00064056165
0.0019491391
0.1369593
0.28067825
-0.041438487
-0.092437896
-0.00158984
0.22846995
0.02176308
0.2351466
0.18841296
0.085653874
0.32151563
0.13785321
0.11560325
-0.043874943
0.0087935847
0.0036991229
0.0099461695
0.038604152
0.42279259
0.13732431
0.096208442
0.1992148
0.13992993
0.14430818
0.020681679
0.02478855
0.2314605
0.086351578
0.10171962
0.010922774
0.1984624
0.051416392
0.1614875
0.10773891
0.013315723
0.02829247
-0.10721838
0.2155152
0.072429224
-0.071793694
0.011596798
0.022745996
-0.19120031
0.16970822
-0.020808548
0.09371307
0.40851603
0.018639433
0.40626687
-0.33497693
0.036833767
0.14822456
0.0092954931
0.17988691
0.02683886
0.25394932
0.013595258
0.21699512
0.0096605744
-0.033974318
-0.25436064
-0.060625586
0.16599483
0.019961056
-0.0091374234
0.22723064
0.055260498
-0.23534671
-0.13932074
0.10468005
0.21412855
0.18731575
0.0065615129
0.15500528
0.11625482
-0.057770916
0.14450021
0.52011791
-0.091752115
0.050102179
0.045936427
0.37563844
0.17789368
-0.25635123
0.060012521
0.024012605
0.089336516
0.049984052
-0.033743313
-0.0070301124
0.18203244
-0.031436472
0.14170906
-0.21668714
0.042746047
0.0047778469
-0.0022780244
-0.0073984513
-0.22272786
0.0074191932
0.18175329
0.039695645
0.13208528
0.10812235
0.23695208
0.20238175
0.28156715
0.22020855
-0.17492926
-0.086041464
-0.33714855
-0.044698781
0.051442164
-0.16047761
-0.12865301
0.075614967
0.078511642
0.04288776
0.22641839
-0.14870763
0.010018912
-0.041322233
0.11871539
-0.39761527
0.12179459
0.040261832
0.040868821
-0.16765028
-0.010646026
0.033222906
0.024147537
0.13448449
0.18832822
0.16636701
0.48612462
0.029349309
0.020339642
0.13007675
-0.0031103072
-0.17161762
-0.12503153
-0.1578497
-0.1119588
0.059046908
0.27449774
0.35551062
-0.21525624
0.019210255
0.24133492
-0.23206458
0.0043806627
-0.024245159
0.023983229
-0.27561136
0.1917552
0.14274815
0.18079336
0.0085671359
-0.16097723
-0.0075163016
0.2232143
0.31978327
0.024956381
0.16488016
0.32998653
0.12768988
0.076468733
0.0099934198
0.25886823
-0.052306142
0.004495896
0.044194189
0.02208233
0.1177606
-0.37233204
0.46025432
0.020686903
-0.34109263
0.016525591
0.039924635
0.35214342
-0.110435
-0.38894045
0.0083770473
0.072408745
0.020203818
0.0072393198
0.16049884
0.001350627
0.050948576
-0.18650191
0.082246977
0.21113365
0.30410074
-0.022273422
-0.26577646
0.23369364
0.14220607
0.14135243
0.014788539
-0.231146
0.016754818
0.0070639492
0.14149788
-0.039114334
0.022294179
0.17874455
0.23898011
0.1835884
-0.08478271
0.017846078
0.078154015
-0.20863293
0.040117465
0.30826074
-0.38939111
0.0068080627
0.22520081
-0.024421904
0.23982652
0.057541624
0.099448556
0.19321163
0.35028559
-0.29101269
-0.15350972
0.018217711
0.03598445
0.008363324
-0.29035606
0.011620735
0.20513437
-0.21796003
0.022249227
0.18796072
-0.0069932412
0.082205855
-0.19250998
-0.21746715
0.012442137
-0.048254921
0.15502705
0.011371943
0.27549327
-0.17353385
-0.028741638
-0.38914168
0.021682773
-0.3573712
0.034468568
0.086557767
0.20026624
0.056947041
0.15592223
0.15773479
-0.10864982
-0.015337386
-0.18937886
0.0098877926
0.026719696
-0.14452936
0.051373308
0.045306565
-0.00059922517
0.012887412
-0.15341439
0.012202373
0.38933139
-0.15046976
0.28501524
0.058141514
0.015171984
0.24646552
0.018454232
-0.0067413825
-0.24900072
0.016071911
0.45830199
0.14076921
-0.137973
-0.032747626
0.19609368
-0.2477924
0.050804039
0.1446045
0.29484599
0.051207384
0.079437117
0.015290958
0.25111717
0.058221982
0.020893196
0.015323384
-0.079169829
0.0019639552
0.16507355
0.013957671
0.076712024
0.1480193
0.02518586
-0.07358584
0.52888334
0.13158209
-0.32085403
-0.2714682
-0.21586277
0.17621219
0.010386919
0.39813364
0.021097984
-0.25794456
-0.34622473
-0.035994067
-0.38135361
-0.091418304
0.024399778
0.0022014733
-0.014531517
0.0047768956
0.0040811094
-0.013415536
0.17969214
0.053477382
-0.20829071
0.48469145
-0.14685043
0.21921999
-0.086230292
0.20724286
0.19598728
0.0046996916
0.31096414
-0.3928673
0.021240078
0.19976919
0.0066604829
0.018914506
0.16597609
-0.018470552
0.01398589
-0.16277491
-0.16179485
0.021334334
-0.00021751605
0.010912369
0.019515801
-0.098046577
0.010211835
0.015743139
-0.19872498
0.028758856
0.031553229
-0.0017584896
0.0013601203
0.031047892
0.081987966
0.11754214
0.026694573
0.17700427
-0.25682263
0.24332405
0.021863583
-0.41156525
0.23459794
0.04379175
-0.2563276
0.025647457
0.021366321
-0.15410485
0.19669601
0.014908672
-0.21396214
0.00018352192
0.27702741
-0.093934422
0.16300003
0.0067140574
0.091930742
-0.21109108
-0.3843014
0.022425915
-0.36841519
0.011200542
0.045249891
-0.07595395
0.21318894
-0.14202766
0.017712693
0.19468439
0.020756785
-0.12906349
-0.070931128
0.05122756
0.0066266436
0.06467619
0.0084580815
-0.0041844391
0.50691576
0.024928918
0.35187788
0.051691023
0.37529638
-0.14155234
-0.27150764
0.0088581424
0.18147378
0.19396046
0.2633725
-0.056639668
0.007690513
0.2673487
0.19951815
0.010661581
-0.38502293
0.017055515
0.24868487
0.18821254
0.0055422477
0.021040995
0.013444595
-0.033869078
0.10828513
0.19266467
-0.42538153
-0.41680955
0.15131651
-0.32307822
0.18627726
0.034009863
0.075526316
-0.0020498266
0.15476597
0.0108487
0.39582394
0.12699231
-0.026514465
0.0089704657
0.2461788
0.30829435
-0.33863903
0.096105877
-0.16788936
-0.36955621
0.46742539
0.03103266
0.14601732
0.20083114
0.019014341
0.0064842533
0.026370726
-0.40959298
0.23056332
0.006712367
0.0003557435
-0.16331929
0.18372662
0.0086709961
-0.12881766
0.014294413
0.011556814
0.023773384
0.034011422
-0.39020695
-0.10271303
0.035152094
0.0075060072
0.14331736
0.091003516
0.24132117
-0.19369566
-0.010230407
-0.30456496
0.00090443021
0.21630993
0.059746212
-0.098325146
0.00077558875
0.0043826297
-0.43041313
-0.089488686
-0.28044946
-0.14693198
0.039454828
0.21751469
0.21374994
0.018064998
-0.22164548
0.0056143166
-0.019269974
-0.42262806
0.25751369
-0.38110369
0.21612903
0.25866938
0.003349946
0.3415923
0.46668108
0.19218812
0.045735244
0.044886586
-0.40696903
0.056990677
0.27085935
0.17125509
0.069699759
0.098264903
0.32342896
0.28230714
0.014629222
0.0030618855
-0.12072572
0.027357951
0.2821372
0.14990235
0.15850118
-0.14215274
-0.014541453
-0.036135945
0.28974165
-0.34247414
0.0044104405
0.048782207
0.075016728
0.34340552
0.011275466
0.051909851
0.021818956
0.21155633
0.021417184
0.0076332587
-0.13941437
0.012403651
0.024875103
-0.13754116
-0.034490286
-0.17663221
0.024041583
-0.42790627
0.10231548
0.015758437
0.17655033
-0.38523442
0.045398262
0.0049037915
-0.020198563
0.024676201
0.030858354
0.17164167
-0.10820024
0.17565801
0.19292211
-0.11533199
-0.17289127
-0.067694733
0.0091502899
0.0098566074
0.0052742969
0.049534832
0.016220943
0.18358178
0.038808014
0.017052131
-0.0033197261
0.25795847
0.10802307
0.31657911
-0.0061368893
0.016671137
-0.34169562
0.21163494
-0.33618482
0.24630179
0.0065858793
-0.086691982
0.072081955
0.10537369
0.022923729
-0.33155071
0.013439638
0.19047215
0.016449294
0.22032759
0.011937851
0.048031593
0.015428184
0.028187863
0.26517046
0.11173454
0.070578331
0.079045396
0.18806608
0.013510107
0.0062498414
0.01121623
0.019132293
-0.0085344418
0.40314184
-0.044826751
0.0027559333
-0.02272561
0.23227753
-0.096042988
-0.024587736
0.027737862
0.20311114
-0.33641261
0.023986102
0.015380848
0.21541915
0.023163003
0.18956534
0.014233979
-0.051989896
0.046465546
0.2264534
0.1037671
0.41740205
-0.28222747
0.035897138
0.098355561
-0.069450276
-0.070383964
0.40877557
0.22119213
-0.43231027
-0.18818728
0.016218367
0.015151796
0.25403695
0.00273825
0.22573031
0.3000465
0.0019406953
-0.062313007
0.27757284
-0.41517
0.15617434
0.023590624
0.19859463
-0.40755458
-0.074570096
0.018684277
0.14847639
0.14874637
-0.19220409
-0.16189226
0.0094062652
0.018289671
-0.21892221
-0.25264197
0.0020019696
0.0089702547
-0.39717838
-0.029342648
0.017969598
-0.10892126
0.033203992
0.019756664
0.15230142
-0.098476035
-0.17857088
-0.068200514
0.4819569
0.24382436
0.15427873
0.15160045
-0.26265242
0.012214997
-0.052052648
0.056592757
-0.055799507
0.1916579
0.18899798
-0.31150914
-0.15075777
-0.033480045
0.19827401
-0.11833498
-0.41610476
0.39701217
0.33375392
0.11915613
0.50990023
-0.43298728
-0.063023343
0.010576503
-0.33498363
0.46121271
0.16100838
-0.17373607
-0.066133345
0.1259404
0.0029728437
0.032303268
0.23858326
0.44187225
-0.070376696
-0.14232311
0.077071134
0.094731323
0.1105645
0.17157508
-0.3990773
0.0031192737
-0.1529719
0.17308928
0.0043468793
-0.12556897
0.062216691
0.1453578
0.006423758
0.018436386
-0.10842441
0.18222816
0.13700453
-0.30630978
0.19638673
-0.40471639
-0.10788568
-0.013665233
0.0018574964
0.0026594348
0.23634453
0.22383661
-0.11386051
0.19628303
0.47862017
-0.12897409
0.076800564
0.18291299
0.017873241
0.20447552
0.37590584
0.0043679185
-0.092881552
0.052523087
-0.22984717
-0.085251248
0.20493425
0.040249244
0.0068674649
0.18250134
-0.11087386
0.097698032
0.35048505
-0.35253914
-0.038480787
0.12795652
0.056116481
0.025813065
0.011295915
0.1243864
-0.16645262
0.23123691
0.008596881
0.26165443
-0.16351944
0.010995808
0.26916668
-0.32936513
-0.35207776
0.17841741
-0.20119727
-0.41842218
-0.22814589
-0.21842553
-0.21818756
0.30229649
-0.074582738
-0.12137594
-0.0025088306
0.0056766244
-0.027543769
0.095015377
0.0098786853
-0.28176338
0.028902954
-0.046880322
0.05131351
0.041427197
-0.13870647
0.075951666
0.25939586
0.042515798
0.25425811
0.118551
0.10588008
0.24356671
-0.088780476
-0.35208454
-0.17015222
0.093563056
-0.2386928
0.016848016
0.046162496
0.067171989
0.020574517
0.14443254
0.14104826
0.2588875
0.022756925
-0.046685886
0.17294082
0.044220699
0.014062675
-0.028240085
-0.038862749
0.31780096
0.12657499
0.042405215
0.096930144
0.02913445
0.0064456737
0.016160286
0.47718507
0.01625798
-0.39741759
-0.18468821
0.37916464
-0.01948531
0.015563708
0.12425902
0.19090482
0.30282763
0.016908077
0.051156575
-0.098849395
0.23076764
0.16483521
0.20535417
-0.05983312
0.0012732492
0.24060444
-0.062877277
-0.013307648
0.049911399
0.062892126
0.014546656
0.06692732
0.38809882
-0.064386822
0.018712169
-0.39645757
0.10359622
-0.39091479
0.002786344
-0.41272948
-0.42378198
0.046226599
-0.17882549
-0.24149597
-0.10171823
0.13101903
-0.3514072
0.45884688
0.0041770567
-0.027826927
0.040983863
0.056796312
0.078384019
0.028765612
-0.11790366
0.21019497
0.0012066957
-0.0056105865
0.20822686
0.018237408
0.22142858
-0.14553432
0.20618566
-0.056278139
0.017269644
0.21384652
-0.36868257
0.17721245
-0.37417432
0.015654896
0.22235409
0.0014631232
0.010795784
0.19562127
0.022623676
0.15764358
-0.23850679
-0.15802129
-0.033733936
-0.034659233
-0.34477705
0.019514942
0.0054690464
0.18579884
0.0035238993
-0.016657485
0.20675509
-0.0058420825
-0.0074861711
0.26882364
0.020553989
0.0064131537
0.43888866
0.29570938
0.11987358
0.019663593
-0.0056487968
0.080962031
0.10049282
0.21323323
-0.018133949
0.070282647
0.0020941724
0.027704878
0.070987524
0.25119128
0.12749496
-0.075217345
0.22538202
0.010039604
0.031330121
0.0024061537
-0.042043232
-0.42321529
0.031768729
-0.045749336
-0.039643895
0.21015611
0.4552377
0.0039433239
0.0033910444
-0.13794744
-0.33183137
0.0049699093
-0.16256053
0.012463731
0.030293135
0.026426278
-0.10671815
-0.41036723
0.050966494
-0.076863044
0.077109438
-0.012408956
-0.3512964
0.31299611
0.0012455615
0.23378839
0.14111139
0.25228825
0.26320776
0.10541026
-0.10315724
0.23600044
0.028223457
0.098260069
-0.42773085
0.24151086
0.19545726
-0.031792711
0.14039966
-0.37732704
0.24152949
-0.049460706
0.02699186
0.03800946
0.19543578
0.038471817
0.0014300421
0.21979347
0.15850104
0.21531223
-0.10915665
0.01032324
0.17424644
0.1880009
0.0018263061
0.0032431113
0.044171837
0.008039179
-0.082898656
0.0011413651
-0.13104687
0.15168036
0.016266164
0.18033013
0.015810244
0.3541997
0.19514911
0.0065932058
-0.3840257
0.15950812
0.31990194
-0.26967676
0.012754259
-0.012310913
-0.099101849
0.020965998
-0.027956028
0.14138003
-0.34555965
-0.24938693
0.10652128
0.019303122
0.029808819
0.020562558
0.34573224
-0.1502894
0.01260997
-0.35560009
0.068081914
0.012162979
0.089050094
0.077309851
0.34900919
0.21783032
0.059602084
0.061445928
-0.24550987
0.015776072
-0.018666793
0.0017284157
0.0052837138
0.01328155
0.0010999589
0.027385104
0.17596124
-0.031014472
0.19237763
0.21643312
0.14840761
0.14548184
0.027348705
-0.048598216
-0.43231085
-0.28889047
0.27668123
0.025237859
0.094549043
0.13339324
0.27780429
0.092673089
0.00099866653
-0.04805391
0.011114282
-0.15409483
0.028056408
0.0032095537
-0.39535883
0.041755331
-0.24656786
0.0055252743
0.081179941
0.080411875
0.015469485
-0.12886162
0.080478123
0.031061969
-0.055354009
0.26997372
-0.21734873
-0.067161778
0.36609046
0.016554057
0.091824285
0.19871006
0.011014494
0.069500709
0.21987449
-0.069996641
0.24474791
-0.35474278
-0.2541793
0.033488776
0.006931605
0.016512558
0.014274972
0.10348287
0.030011736
-0.13043821
-0.082416706
0.14117925
0.056775942
0.057858848
-0.43274582
0.17906446
0.4304442
0.032138197
0.19238207
0.025733695
-0.06742435
-0.04435056
-0.14622606
0.014836712
0.029489624
0.142805
0.25087245
0.12803823
-0.39391915
-0.031408621
0.016914188
-0.13025188
0.0054022507
0.12536353
0.098021348
-0.40767622
0.22576924
0.02012551
0.22723894
-0.12837907
-0.11238933
0.027154332
0.012437327
0.21308477
0.25910751
0.017742966
0.071075623
-0.27417715
-0.1670015
0.033353464
0.015314
-0.17536314
-0.084470662
0.032631349
0.027291463
0.36131124
-0.01551878
0.042866642
0.19823434
-0.13824463
0.15290061
0.0078649396
0.0059683768
0.051371754
-0.16082222
0.045026553
-0.1931924
0.016403
0.060911509
0.035872945
-0.0027842779
0.22873296
-0.2682065
-0.16777735
0.070334501
0.14543684
0.25012917
-0.21028876
0.047871576
0.030739739
-0.24257016
0.025128884
0.0026474553
0.012302186
0.21330465
-0.0036128482
-0.34709948
-0.36712281
-0.018174011
-0.20423155
-0.20703597
-0.44261191
0.29952889
-0.044080225
0.26353235
0.012463576
0.2275904
0.074244981
0.0092096626
0.0087183363
-0.15532099
0.14936478
-0.0095221071
0.011604606
0.018638547
0.016548681
0.070655967
-0.039722086
0.088304485
0.18309554
0.0036322278
0.035746903
0.21737873
0.028276667
0.15578066
0.073470025
-0.34008445
0.02507884
0.019758619
0.19674523
0.0063388374
-0.15344212
0.005115643
-0.028170706
0.0028670807
0.18757521
0.078868004
0.033589023
0.069375484
-0.13679255
-0.34124509
0.042261612
0.252986
0.12540067
0.12376657
0.2190753
0.042457126
-0.38109515
0.00013537173
-0.37550421
0.20924479
0.028974972
-0.37020821
-0.15706545
0.041709067
0.01452172
-0.27371597
0.054511535
0.024846564
0.00021336583
0.037021093
-0.34590912
-0.02508042
0.06383729
0.15547074
-0.028936235
-0.17358351
-0.35435648
0.015164519
0.0017484039
-0.39223488
0.36495372
0.016762898
0.031760369
0.0054931364
0.015358347
-0.024846494
0.0080717243
0.21918338
0.031556165
0.14308873
-0.12830173
0.22240186
0.15956104
0.062167247
0.20046356
0.069587679
0.074125977
0.0052246346
0.0069569482
-0.34912265
0.004561245
-0.28479741
0.011839428
0.014250296
0.13709715
0.041495871
0.013124285
0.20497107
0.17221092
-0.0097965468
-0.0057401541
0.020717616
-0.30942274
-0.43721944
0.003871588
-0.30245718
0.13653704
0.27048156
-0.29862085
0.056069237
0.20470107
0.0015561268
0.23839218
0.0018455215
0.028381457
0.069860785
0.024643356
0.012858399
0.1060858
-0.011133994
0.020100286
-0.062134067
0.0020771731
0.25056567
0.0037196891
0.012004922
0.00098035677
0.036842409
-0.015378164
0.13810695
-0.034939781
0.23233268
-0.11579025
0.035548907
0.0125114
-0.35396967
0.0048068606
0.24402577
-0.017856488
0.10792145
0.015875775
-0.22618936
0.38126071
0.23262884
0.24049555
0.18783732
0.1342519
-0.016922623
0.002338535
-0.17754263
-0.026871601
0.092101296
0.049888129
-0.0090244507
-0.0070209664
-0.31736386
0.24528533
0.090446738
-0.06757032
-0.11981097
-0.086613809
0.00776811
0.070687614
0.020764822
0.00081946414
0.0060247619
0.26185269
0.11021654
-0.43578299
0.10696652
0.1308239
0.22462023
0.010485356
0.094499047
0.0019290596
-0.37572927
0.0047266669
0.01320413
0.20971769
0.1687868
0.24344936
0.11982252
0.0057084639
0.002068284
0.21693778
0.010114585
0.15698338
0.18873401
0.03581776
0.16233647
-0.35194702
-0.038906785
-0.24197786
0.013437035
0.23066863
0.018108321
0.019112492
0.023643778
0.11746047
0.20297778
0.011918603
-0.038599899
0.18248011
0.24860396
-0.009654898
0.059778101
0.026893149
0.02285383
-0.094544649
0.016774909
0.20152871
0.041925586
0.034613957
0.17194649
0.020046958
0.0047797323
-0.13724415
0.19027368
0.017367305
0.13535299
-0.34852132
0.32349564
-0.0052842955
-0.10262201
0.069165095
-0.076558589
-0.29993993
0.083804086
-0.12495603
-0.039715824
-0.1231404
-0.29354417
-0.44454547
-0.32431687
-0.16630921
0.19630485
0.06094078
0.21727363
0.063853137
-0.36945899
0.21549838
0.18649006
-0.37366058
0.028135487
0.2684805
0.089256975
0.072859716
0.0087346358
0.0043875725
0.07201623
-0.30631011
0.24472296
0.24139848
0.018603966
0.025068108
0.13259914
0.086842162
0.014997017
0.0098749064
0.34535554
0.018936274
0.34152362
-0.21820173
0.0491773
0.24104048
0.087919182
-0.044193249
0.024581094
-0.0012799289
0.16752332
-0.35447826
0.015872374
0.026779046
0.30686955
0.18505164
-0.24815877
0.24711354
-0.043023955
0.31686861
0.22486895
0.25616695
-0.14054543
-0.34799831
-1.9085635e-05
-0.076763808
-0.11585414
-0.19759092
0.014184068
-0.067391469
0.19584775
0.086329863
-0.32916517
0.24012851
-0.17249063
-0.43726232
0.072232672
-0.01403564
0.060716555
0.048697665
-0.21591174
0.0079965664
0.053512294
0.12972196
-0.02590325
0.0017974849
0.040863883
0.025095507
-0.28042065
0.028289719
0.045175203
-0.092020595
0.087674555
0.012085789
-0.33998712
0.033002804
0.034691536
0.13202932
0.045845771
0.0057326301
-0.017880506
0.089851732
0.075047161
0.021972203
0.0024235798
0.2847124
0.0087173091
-0.0051247317
-0.06056598
0.020232802
0.31613585
-0.014450364
0.19049231
0.17380446
0.25541479
0.31680655
0.20581304
0.090011077
-0.36616699
0.18942728
0.030479683
0.012831228
0.38577498
0.0057488692
0.019620309
0.032596147
0.26113038
0.034470093
-0.092596379
-0.0076552545
0.32557857
0.35723193
-0.090194717
-0.34657776
-0.0051308188
0.25499612
0.059345409
0.014654039
0.16772023
-0.34823376
-0.15010571
0.015790361
0.080087365
0.35715776
0.046267572
0.19893447
0.013736194
-0.36517634
0.30696161
0.064010838
-0.15521487
0.22601682
0.23230179
0.22863851
-0.11366198
0.16703915
0.16731743
0.19968223
-0.34156035
0.34401781
-0.00089772518
-0.056082033
0.033452337
-0.30674922
-0.24705093
-0.019398819
0.047156736
-0.072042892
-0.023058951
0.018076381
-0.0014097853
0.14242852
0.23233053
-0.33501254
0.063809373
0.01511265
-0.030488165
0.051275379
0.098428188
-0.05781306
0.17902918
-0.06799456
-0.38489467
0.036060978
0.013695508
-0.35123532
-0.2781034
0.21618141
-0.012448341
0.20320306
0.013997479
0.015711609
0.098867837
0.1004716
0.067908404
0.060408735
0.010066704
-0.33754185
0.064316443
-0.17093243
-0.10108498
0.26923954
0.095698079
0.064783891
0.07550982
0.32294458
0.01762953
0.0067048995
0.025616203
0.0077278516
0.22106751
0.025940607
0.087331051
0.0083757095
0.0064046611
0.27460111
0.099490611
0.18041958
0.17881533
0.095022455
0.011745673
-0.0076645781
0.39957883
0.044722747
0.18983848
0.067453289
0.018508504
-0.011275758
-0.0001758877
-0.019638043
-0.022543093
-0.350806
0.12694866
-0.28572812
0.047177016
-0.21189385
0.25050734
0.12951461
0.21204735
0.012286368
0.018594676
0.0043817155
0.18629167
0.18426664
-0.077851823
0.33937726
0.020755951
-0.17969073
0.030300567
-0.31379734
-0.014680416
0.015570243
-0.33874149
0.051796538
-0.090714428
0.013326014
0.25427103
0.20374345
-0.11342981
-0.11732205
0.2013732
0.015654939
0.094873436
0.012719987
0.0031434355
0.01353089
-0.020545197
-0.013132523
-0.015797628
0.040466711
0.26835994
0.11838444
0.014656751
0.076656404
0.17334042
0.010871301
0.11511445
0.010323233
-0.37082342
0.060620551
0.18972994
0.0081405421
0.015803146
0.015067119
0.063793053
0.005550082
-0.062115476
-0.01262692
0.17497065
0.26766503
0.075914033
0.13991379
0.18608581
0.02449511
-0.064339481
0.16067633
-0.44268909
-0.028346225
0.0047881323
0.20973725
0.0020976064
0.31773181
0.0043078702
0.30152475
-0.2102794
-0.095090053
0.0032446155
-0.022368517
0.057594189
0.05722543
-0.058247484
0.018341341
-0.43395346
0.00061925079
0.053974407
0.0091460118
-0.29924604
-0.086943711
0.36032545
-0.24724923
0.0024281538
0.012496751
-0.026380595
0.010820918
0.14386386
0.013763777
0.051711623
0.030813285
0.25481638
0.23077481
0.16037235
0.15979006
-0.03963159
0.036908308
0.014623287
0.14986039
0.011241586
-0.070352308
0.0085175411
0.18458016
0.013881466
-0.34441027
-0.049812944
0.052906847
-0.089954367
-0.28443779
0.23808896
0.17641214
0.021561473
0.0095908918
0.1182992
-0.31611149
0.086092634
0.019372859
0.29462872
0.016964708
0.11975152
0.015490531
0.18528934
0.28401085
0.19085266
0.20690904
0.018063178
0.20556184
-0.33195512
-0.0048658442
0.14539477
0.095728422
0.26084833
-0.34285452
0.0052454865
0.025250991
-0.23800302
0.019230341
-0.27050283
0.22454455
-0.26163525
-0.10366966
0.26061185
-0.11063565
0.01306316
0.0027346096
0.011507436
0.21299126
0.017905133
-0.016055999
-0.0028174437
-0.023737565
0.14688709
0.22275815
-0.28157179
0.16398479
-0.047867499
0.00044282796
-0.19203158
0.2327996
-0.058890363
0.17880358
-0.14971184
-0.44104675
-0.016542191
-0.038890688
-0.32260365
-0.37582753
-0.047846064
-0.07663706
0.35304295
-0.40391617
0.22034703
0.1812808
-0.087594682
0.066316236
-0.052927411
0.29486633
0.012978915
-0.30012225
0.013758549
0.35421591
0.012863884
-0.29188983
-0.14540103
0.38130318
-0.092101383
0.047228652
0.0061221997
0.28125294
0.0088641086
0.094248551
-0.10422122
0.33034326
0.0047877998
0.03570014
0.0052689903
0.064055152
0.0051952291
0.01672228
-0.30189504
0.29317882
0.0030972038
0.022122983
-0.031726652
0.077518524
0.016945008
0.15868061
-0.34714961
0.030484352
0.02055916
-0.11285947
0.0071594869
0.21043562
-0.040284096
-0.007689749
-0.095790604
-0.07898218
-0.044095588
0.018055049
-0.20791991
0.035999369
0.0551747
-0.0030584769
-0.016969047
0.0074648808
-0.1379269
0.12032792
-0.196613
-0.2137077
0.18527954
0.13674768
0.0097965685
0.0089346697
0.0077019874
0.12117609
0.033550535
0.1986192
0.0037954189
0.013626735
-0.085847603
0.19075824
0.0091357453
-0.13243088
0.0083779293
-0.0089738561
0.282935
0.02026778
-0.02617469
-0.31687673
0.0066465541
0.0088744295
0.047382596
0.170798
0.02999107
0.16794157
0.034960443
0.013790845
0.029500842
8.2210431e-05
-0.34927973
0.15184236
0.1494654
0.29425758
0.056923644
0.025861352
0.14140423
0.17917531
-0.099761345
0.056592485
0.0054124698
-0.34530044
0.19448861
-0.34325435
0.057188934
-0.016834461
0.00082303924
0.017240791
-0.13052257
0.20297009
0.14381943
0.14151885
0.085743597
0.22423413
-0.082744785
0.29335284
-0.26326273
-0.0060753993
0.0065451571
0.16481708
-0.17260342
0.2582482
0.29727215
0.026228433
0.34290714
0.0053312063
0.026658921
-0.13212246
0.006103382
0.23818719
-0.094782978
0.0024426018
-0.33748093
-0.20526853
0.17271085
-0.42546443
0.0007288815
0.004839017
0.15668308
0.35033851
0.041099285
-0.013026688
0.052101276
0.026443818
0.22272318
-0.055431012
0.0098859228
0.020518089
0.011822192
-0.23814287
-0.15378137
0.010845223
0.011633527
0.017941742
0.016843511
-0.049491462
0.013868506
0.22690874
-0.12258726
-0.16640822
-0.0057034542
0.034193012
-0.42527855
0.01523185
0.13738961
-0.015209648
0.062132026
0.012417781
0.0046294728
0.068851518
0.25210816
0.017673883
-0.30407484
-0.11628622
-0.04557596
0.21174566
0.22643536
-0.38744487
-0.40821011
-0.2398354
0.20424401
0.0081813849
-0.0063300164
0.00096674619
-0.37645657
0.22644494
0.20909321
-0.0013483924
0.031357085
0.0091686306
-0.017670397
-0.24363064
-0.001028519
0.0034551328
0.52416237
0.16642728
-0.2130795
-0.21262475
0.016814725
-0.011937483
0.0053706956
0.37272044
0.2344309
0.017349334
-0.0023982887
0.1960717
0.13276909
-0.35033802
0.0079536374
-0.13954483
0.0059259906
0.17164563
0.0072306564
0.088785316
0.012563805
-0.022685586
-0.019128408
0.0098995367
0.22707524
-0.32689379
-0.080561602
0.024131502
-0.26812583
0.21219241
-0.42169739
-0.028454227
-0.0096842588
0.20660102
0.22261506
0.22121135
0.20737892
0.19754363
-0.0087012277
0.22267816
-0.024299076
0.19981183
0.20662025
0.28956252
0.17093289
0.010876228
0.020601525
0.24696946
0.22885387
0.14086199
0.22834793
0.2477756
0.074969855
-0.09287532
-0.099167555
0.2015589
0.0069662892
0.0096115307
0.23866254
0.18473427
-0.11250118
0.0029024612
-0.019696026
0.22737736
-0.028358394
0.087562591
-0.0039021658
-0.026310484
0.52291339
0.010704736
0.17382691
-0.28390763
0.036045002
0.30823295
0.040534193
0.03592045
0.20763143
0.28487391
0.024251681
0.23156053
0.214552
0.052031177
0.0077250549
-0.0074818873
0.047425298
-0.30924791
0.29487776
0.0022511916
0.011579035
0.026356216
0.18796822
0.23395532
0.2301466
0.0020369651
0.0095080184
-0.073515461
0.028543555
-0.086851037
0.019118597
0.024356704
0.23274265
0.21442822
-0.29679447
0.17537182
0.17800492
0.2375214
0.024247514
-0.26437254
-0.31929823
-0.30828495
0.35194595
-0.0063106161
0.050426908
0.076290726
0.015466541
-0.15751948
-0.0085681653
0.003593723
-0.00013802313
-0.025434426
0.030532592
0.0053791298
-0.10373416
0.010888059
-0.024074519
0.015847124
0.20271062
-0.0064686306
0.074266641
0.0127026
0.23757529
-0.10812605
0.11306029
0.23518981
0.11635744
0.094895836
-0.0036029078
0.0045102418
0.023601375
0.0080783684
0.010575056
0.029915526
0.043716637
0.013407693
0.017132022
0.013925211
-0.031434665
0.24792255
-0.036168169
-0.00013310257
0.13909073
0.068998984
0.00807742
0.29988635
-0.36516012
0.019157477
0.011293139
-0.42868247
0.033179026
0.058335033
0.1443697
0.20642908
-0.12391655
0.0085180629
0.0084907791
0.31257932
0.2332312
0.19703919
-0.11980897
0.004987817
-0.059494146
-0.030988019
0.0036059962
0.027137891
0.025875776
0.013414995
0.013951778
0.057603441
0.02042473
0.019042236
0.027060212
-0.32723834
0.17465382
0.042147686
0.020984921
0.040459919
-0.019966529
-0.16306784
0.29259026
0.20248465
0.02287295
0.22737666
0.21834546
0.016115639
0.056625411
0.0036734228
-0.077143486
-0.019088511
0.022209255
0.0065491927
0.0042329485
0.22068081
0.19795272
0.16375067
0.0061446324
0.054402345
0.04156755
-0.3191273
0.0061460665
0.199378
0.047414525
0.025773395
0.018753494
0.027319664
0.20363945
0.0069909402
0.38041364
-0.026003568
0.042862801
-0.043942692
0.018399945
0.071060763
-0.30288259
-0.27214817
0.2654577
0.2973215
0.036323637
-0.076298939
0.20513387
0.32336218
0.021599901
0.010012346
0.038525017
0.20014044
0.074714611
0.022191537
0.2872539
0.063689207
0.062034114
0.23041221
0.021266702
-0.18613394
-0.059800465
0.017345
-0.069563862
0.19378853
0.043154405
-0.082651031
0.17249109
0.051850162
-0.045149456
-0.32155814
0.0031207087
-0.067961206
0.18247727
-0.34881855
0.054964955
0.32362105
0.052832858
0.035418131
0.17523173
0.010016525
-0.050373227
0.27521262
-0.25009028
-0.099143905
0.21927986
-0.036657905
0.22654923
-0.007553179
0.17961329
0.01572993
-0.18889322
0.21155822
0.021529034
0.040600172
0.22338098
0.23182772
-0.065859611
0.19397444
0.026635385
0.026728257
0.0032731068
0.014818262
0.016731028
-0.31800259
-0.059814165
0.021979342
0.038513515
-0.03973986
0.012791976
0.33922842
0.1525267
0.0089455057
0.02523006
0.28703631
0.01776073
0.1127569
0.028403513
0.010971937
-0.30925767
0.21241764
0.012063472
0.019459723
0.20760046
-0.35885826
0.19731799
0.044948461
0.029784867
0.027932493
0.029082821
0.12464034
0.16704826
0.17163367
0.0060765602
-0.3172451
0.24819169
0.12775137
0.071002671
0.18072171
0.13485326
-0.19367266
-0.35804859
0.2534702
0.1342962
0.047491443
-0.069680259
0.042091268
0.19048947
0.20403407
0.022553735
0.0088210164
-0.024391791
0.077370298
-0.40380011
0.074785798
0.065746022
-0.027797772
0.21271401
0.039658996
0.087700835
0.22891053
0.014741201
0.24473683
0.02764377
0.066852849
0.059982589
-0.017612613
0.19583673
-0.17359181
0.056618862
-0.22028254
-0.3585148
0.019163417
0.016325196
-0.054344848
-0.13333006
0.018526763
0.23584618
0.0082922957
0.20020365
-0.00028015048
-0.00018214334
-0.31106688
0.015419747
0.064398843
0.06077156
0.04620878
0.0052104474
0.16004465
-0.01899228
0.011396868
0.20951166
0.033648881
0.31738009
0.31736788
0.010243271
0.010093703
-0.11361289
0.047161346
0.035354761
0.058859356
0.18704225
-0.038362667
0.036389477
-0.30624131
-0.010784746
0.0090451396
0.001224799
-0.35320972
-0.0076909633
0.014254131
0.059284707
-0.060584834
0.2010002
0.037433243
0.0055154369
0.35882011
0.18019887
-0.33330089
-0.36699958
0.032839929
-0.0011918139
-0.34975371
0.15831041
0.018037147
-0.23290197
-0.36384579
0.061550988
0.21069487
0.19886605
0.016105669
0.26764327
0.022334983
0.020341039
-0.32668266
0.0032609926
0.060020192
0.0019225958
0.20867338
0.027195296
0.14327328
-0.0013609951
0.017744987
0.048276868
-0.003883791
0.37787492
0.01091632
0.18416172
0.024799801
-0.26010575
0.061415141
0.021676345
0.011711936
0.033389911
-0.35367134
-0.37497774
0.036051137
0.20037231
0.24799142
-0.39599906
-0.014908413
0.20932647
0.1116775
0.13591423
0.12329612
0.23339862
-0.35158346
0.20487541
0.18746036
0.11420046
-0.045954901
0.22378167
0.028444348
0.2149404
-0.35951287
0.081575772
-0.20131829
-0.13969037
-0.30431521
0.0093911807
0.015442286
-0.36013467
-0.1350929
-0.0137328
0.012711695
0.035073042
0.017943925
0.1232667
0.29236573
0.32063017
0.16929388
0.20459138
-0.040000957
0.0091768311
-0.27096806
-0.041292538
0.22481218
0.011954319
0.24000394
0.068334233
-0.36798105
0.026285748
-0.36418522
0.037665003
0.23184519
0.016002512
-0.21258966
0.025087803
0.14957303
0.15369818
0.032367208
0.21971738
0.22263936
0.17638015
0.25954045
-0.20084612
0.19195682
0.055185028
-0.35429012
0.016776111
-0.0016918577
0.018337831
0.15296777
0.13029985
0.06832083
-0.21637495
0.021734918
0.0014611865
0.24959379
-0.084174222
0.012369481
0.19921658
0.012223656
0.022241802
0.010803735
0.15237225
0.051135813
0.3409438
0.025690024
-0.30007739
-0.00048596175
0.032916212
0.15356591
-0.0017368049
-0.30078579
-0.25479281
-0.15675001
0.20924755
0.055388983
0.18659452
0.023244073
0.023499249
-0.33151014
0.32928298
0.21069057
-0.00049526891
0.01270826
-0.18368073
0.038668249
0.0047274875
0.18365375
0.18876398
0.060412019
0.022332196
-0.074412412
-0.25672389
-0.28463264
0.060804776
0.25202964
0.0083705704
0.011477966
0.32962059
0.22720745
0.010389896
-0.13691436
-0.063985103
-0.0055010938
0.035638467
0.014505044
0.032016546
0.038166556
0.14220065
0.036985043
0.13968804
0.20682937
0.065267689
-0.053524158
0.23982448
0.2170457
0.22739334
0.00967724
0.0091746493
0.16444952
0.037414257
-0.18884784
0.018374405
0.21616021
0.00085037565
0.0023316336
0.013379918
0.012271758
-0.064811909
-0.082915697
0.03757628
0.014000396
0.019428982
0.0057675774
0.28713564
0.037163928
0.015485528
-0.053728486
0.20115152
-0.2929576
0.016360291
-0.28130781
-0.0018540709
-0.31558119
0.01871047
-0.053257551
0.15771173
0.056341197
0.2023363
0.013706113
-0.06699054
-0.30724576
-0.070124276
-0.013302975
0.067611383
-0.34036457
-0.32823766
-0.0073347397
-0.062607281
0.22606717
0.23386969
0.12923123
0.094992915
-0.38145161
-0.36512107
0.096394133
0.23613649
0.23458839
)
;

boundaryField
{
    back
    {
        type            empty;
    }
    out
    {
        type            totalPressure;
        rho             none;
        psi             none;
        gamma           1;
        p0              uniform 0;
        value           uniform 0;
    }
    bottom
    {
        type            zeroGradient;
    }
    in
    {
        type            zeroGradient;
    }
    top
    {
        type            zeroGradient;
    }
    wall
    {
        type            zeroGradient;
    }
    front
    {
        type            empty;
    }
}


// ************************************************************************* //
