/*--------------------------------*- C++ -*----------------------------------*\
| =========                 |                                                 |
| \\      /  F ield         | foam-extend: Open Source CFD                    |
|  \\    /   O peration     | Version:     4.1                                |
|   \\  /    A nd           | Web:         http://www.foam-extend.org         |
|    \\/     M anipulation  |                                                 |
\*---------------------------------------------------------------------------*/
FoamFile
{
    version     2.0;
    format      ascii;
    class       volScalarField;
    location    "0.9";
    object      p;
}
// * * * * * * * * * * * * * * * * * * * * * * * * * * * * * * * * * * * * * //

dimensions      [0 2 -2 0 0 0 0];

internalField   nonuniform List<scalar> 
4242
(
-5748.5561
-5570.0464
-5291.1341
-4967.3704
-4591.4343
-4160.9732
-3673.4065
-3129.178
-2532.8287
-1894.6318
-1230.7709
-562.69081
83.074161
672.8572
1182.8974
1682.5162
-8077.7077
-7864.1665
-7504.5575
-7093.7498
-6632.3442
-6121.8711
-5563.3087
-4959.905
-4316.8904
-3642.11
-2946.1552
-2242.401
-1547.4521
-884.39267
-279.55636
272.53983
-10742.09
-10517.619
-10114.261
-9654.8626
-9138.5105
-8564.1127
-7932.214
-7246.6407
-6513.9328
-5743.6848
-4948.0618
-4142.0648
-3342.0113
-2566.0674
-1833.645
-1167.7961
-13155.951
-12939.574
-12511.664
-12015.729
-11458.079
-10834.468
-10144.634
-9391.9544
-8582.8897
-7727.6831
-6840.0584
-5936.823
-5035.6713
-4155.3304
-3313.0798
-2528.134
-14014.499
-13834.443
-13435.03
-12955.867
-12421.699
-11826.671
-11168.5
-10448.551
-9670.5718
-8841.529
-7972.2314
-7076.3373
-6169.3149
-5268.5422
-4389.3731
-3527.7863
-12815.861
-12710.56
-12419.973
-12037.463
-11609.979
-11138.737
-10620.352
-10053.643
-9438.0435
-8774.5505
-8067.2599
-7322.8171
-6549.7335
-5759.2111
-4966.3065
-4174.6338
-10277.443
-10229.809
-10090.259
-9878.1487
-9625.3532
-9341.294
-9027.8689
-8684.5364
-8307.5144
-7890.8613
-7429.3491
-6919.968
-6362.6351
-5761.109
-5125.5332
-4459.6138
-8398.5148
-8383.0749
-8342.4443
-8241.0605
-8093.2244
-7930.4501
-7746.0979
-7535.7318
-7302.3878
-7044.2171
-6753.2739
-6419.5711
-6035.0544
-5595.7964
-5105.3132
-4570.0482
-7776.7519
-7762.094
-7726.0403
-7686.5124
-7634.9286
-7512.6228
-7336.5899
-7164.3006
-6983.1887
-6773.6536
-6527.6731
-6239.8121
-5906.1405
-5524.4724
-5095.6317
-4624.9655
-7825.4038
-7810.0826
-7777.9082
-7736.8052
-7694.2133
-7668.1312
-7651.2987
-7561.3404
-7402.1792
-7186.7077
-6886.6009
-6513.0749
-6093.9066
-5643.3936
-5156.4732
-4653.0235
-7719.6514
-7708.9649
-7692.3607
-7679.2004
-7675.4162
-7685.6195
-7721.5051
-7805.5631
-7880.7756
-7727.7725
-7377.8585
-6889.5518
-6407.4536
-5847.1944
-5144.7957
-4370.9304
-7045.4806
-7046.1299
-7048.6601
-7056.0204
-7071.3277
-7098.2236
-7138.2477
-7178.3851
-7184.035
-7145.213
-6957.2815
-6633.4452
-6738.6189
-6187.98
-5164.4421
-3996.8041
-3667.3121
-3479.9283
-3196.1989
-2881.3064
-2531.1177
-2146.7255
-1731.8435
-1292.3953
-836.91026
-376.32424
76.372557
506.63702
897.52717
1229.6122
1501.7788
1766.5282
1520.7885
1643.0844
1829.6778
2035.6494
2260.8453
2503.3753
2758.8047
3020.604
3279.7995
3525.0446
3743.1986
3920.2333
4041.3914
4090.3275
4057.4524
3973.2904
6395.9694
6464.5685
6569.6407
6682.4459
6799.6976
6917.7504
7030.6439
7130.4521
7207.2401
7249.4239
7244.6599
7180.8345
7045.9002
6827.9028
6528.0181
6197.6041
10358.981
10385.822
10426.131
10463.7
10493.395
10509.933
10506.062
10472.727
10399.237
10273.828
10084.689
9820.7122
9470.8177
9024.8033
8491.6766
7936.1373
13064.516
13066.148
13065.523
13054.098
13026.011
12974.843
12892.537
12769.462
12594.718
12356.84
12044.818
11648.534
11157.671
10565.51
9899.554
9272.3185
-18836.633
-18523.269
-17988.781
-17384.054
-16698.689
-15931.451
-15081.104
-14150.858
-13147.469
-12081.882
-10969.238
-9828.1232
-8679.3502
-7546.3069
-6457.9337
-5453.0724
14176.469
14166.496
14146.437
14112.283
14058.804
13979.507
13866.512
13710.604
13501.508
13228.487
12881.32
12451.452
11932.69
11322.219
10625.557
9874.3683
14404.355
14396.152
14378.953
14348.097
14298.111
14222.263
14112.328
13958.677
13750.62
13477.112
13127.823
12694.344
12171.357
11559.185
10871.117
10146.788
14063.154
14057.17
14044.116
14018.759
13975.65
13908.192
13808.148
13665.703
13469.809
13208.959
12872.198
12449.528
11931.797
11316.868
10638.625
9995.5717
12381.281
12389.37
12400.225
12404.28
12396.261
12370.408
12319.238
12233.6
12102.908
11915.79
11661.102
11328.23
10905.414
10382.173
9776.1686
9184.6287
9441.9278
9479.167
9536.7903
9596.0852
9652.7578
9702.5719
9739.3581
9755.1944
9740.4644
9684.3103
9575.5285
9402.8599
9152.6415
8809.8016
8390.8685
8015.8921
5570.9393
5649.4088
5771.7058
5905.943
6049.9143
6201.2145
6355.2357
6505.5347
6643.6143
6759.0527
6840.0854
6874.0918
6846.8494
6743.762
6565.2861
6340.7245
1344.1616
1475.0092
1678.0036
1903.6945
2152.8277
2423.9691
2713.0749
3014.0019
3318.3367
3615.4395
3892.9511
4137.1298
4331.2804
4456.3685
4517.7683
4586.542
-12740.914
-12723.506
-12663.931
-12549.836
-12395.84
-12219.483
-12032.196
-11901.018
-11912.629
-12176.972
-12928.689
-13543.916
-13700.05
-13508.507
-13071.289
-12369.85
-12329.456
-12330.193
-12308.456
-12239.296
-12120.984
-11989.482
-11853.199
-11669.025
-11451.246
-11332.682
-11420.371
-11609.491
-11738.487
-11719.057
-11521.044
-11127.802
-13018.11
-13016.589
-12994.256
-12958.791
-12898.748
-12737.135
-12496.93
-12274.193
-12091.379
-11924.895
-11775.379
-11640.609
-11485.931
-11262.343
-10930.146
-10464.445
-14584.763
-14566.953
-14522.475
-14403.555
-14212.867
-13990.64
-13736.907
-13452.032
-13148.954
-12835.352
-12507.74
-12154.885
-11759.306
-11299.811
-10755.082
-10112.066
-17309.085
-17254.556
-17102.143
-16851.022
-16529.369
-16157.384
-15747.333
-15303.035
-14821.579
-14296.949
-13722.611
-13093.196
-12405.003
-11655.828
-10843.193
-9974.5736
-20858.999
-20744.665
-20408.977
-19951.051
-19430.675
-18852.494
-18212.541
-17508.335
-16737.563
-15899.713
-14997.546
-14037.373
-13028.246
-11980.824
-10904.979
-9816.4454
-23595.158
-23377.306
-22870.001
-22250.406
-21554.993
-20777.811
-19915.058
-18966.569
-17934.846
-16826.607
-15652.888
-14428.598
-13171.44
-11900.628
-10634.45
-9395.2458
-24070.947
-23785.497
-23203.963
-22523.889
-21754.239
-20888.983
-19925.533
-18865.363
-17713.978
-16482.243
-15186.2
-13846.494
-12486.984
-11132.572
-9803.9659
-8511.0093
-22214.035
-21901.814
-21322.991
-20660.428
-19907.527
-19061.057
-18119.383
-17085.164
-15964.749
-14769.488
-13516.019
-12225.715
-10923.159
-9634.0649
-8383.1382
-7208.931
-15368.703
-15075.767
-14600.334
-14059.713
-13448.55
-12767.394
-12015.415
-11195.006
-10311.227
-9372.6328
-8391.9312
-7385.936
-6375.8937
-5391.3485
-4469.2323
-3600.9439
-12483.84
-12235.732
-11855.215
-11413.067
-10897.926
-10306.346
-9633.4106
-8878.5225
-8046.4854
-7149.1447
-6206.3274
-5244.9295
-4298.2027
-3407.9955
-2610.01
-1845.3602
-5954.4545
-5956.3182
-5959.8936
-5967.0116
-5979.6698
-6000.6673
-6033.4383
-6080.37
-6143.6368
-6241.8284
-6420.5963
-6620.2157
-6303.0463
-5529.8584
-4317.2174
-3051.8812
-5327.9853
-5331.7506
-5337.8211
-5347.895
-5363.6027
-5385.9785
-5415.305
-5450.4304
-5489.1222
-5531.2112
-5574.6463
-5581.4644
-5436.5739
-5021.3798
-4219.8564
-2996.7759
-5400.291
-5402.5829
-5406.719
-5414.3412
-5426.2928
-5443.066
-5464.966
-5491.361
-5519.3377
-5542.0435
-5544.654
-5498.2093
-5353.4151
-5035.0744
-4480.4573
-3722.9639
-6290.1683
-6287.7336
-6282.9029
-6279.5412
-6279.9918
-6286.0334
-6299.6141
-6322.1282
-6353.1886
-6388.6571
-6417.5594
-6416.2237
-6346.1817
-6151.8448
-5793.631
-5267.9426
-7962.0841
-7950.1743
-7929.0777
-7907.4952
-7888.8373
-7874.9049
-7867.8266
-7869.7309
-7881.929
-7903.3818
-7928.101
-7941.8469
-7919.9245
-7823.9846
-7609.9125
-7219.0209
-10317.755
-10288.891
-10239.898
-10187.366
-10135.571
-10086.801
-10044.416
-10012.338
-9994.31
-9992.8515
-10007.289
-10030.562
-10043.956
-10009.062
-9864.1679
-9540.9218
-13166.811
-13114.105
-13027.035
-12932.8
-12836.21
-12740.365
-12650.35
-12572.66
-12514.618
-12483.315
-12483.195
-12514.487
-12564.8
-12578.559
-12424.379
-11958.86
-16100.93
-16021.825
-15893.023
-15754.015
-15609.773
-15464.697
-15326.263
-15204.296
-15110.503
-15057.495
-15056.88
-15119.817
-15238.297
-15269.25
-15013.147
-14286.273
-18355.286
-18256.328
-18091.311
-17913.897
-17730.281
-17545.934
-17370.881
-17218.484
-17105.417
-17050.51
-17074.42
-17193.18
-17374.499
-17378.532
-17133.917
-16041.584
-19247.257
-19151.297
-18975.628
-18783.689
-18587.558
-18392.125
-18209.007
-18055.438
-17954.074
-17932.426
-18021.679
-18258.033
-18588.024
-18761.458
-18198.466
-16706.36
-18292.226
-18221.393
-18070.77
-17893.256
-17709.401
-17525.075
-17350.794
-17203.173
-17104.609
-17083.003
-17169.529
-17434.9
-17796.847
-17893.329
-17390.588
-16253.858
-16368.241
-16337.675
-16239.924
-16090.703
-15912.729
-15720.551
-15528.295
-15353.085
-15215.635
-15138.914
-15058.478
-15114.906
-15230.818
-15247.239
-14997.693
-14314.622
-2042.117
-1751.6265
-1575.7718
-1264.501
-900.61596
-501.14392
-71.224347
384.20497
854.04235
1323.9593
1777.2554
2192.9368
2541.52
2817.2943
3116.6289
-7735.6638
-7406.915
-7178.9718
-6748.7817
-6247.2563
-5690.6865
-5084.8127
-4435.6657
-3754.1025
-3056.9304
-2364.2771
-1700.6461
-1098.4296
-567.72187
-32.219885
-14564.946
-14302.362
-14068.615
-13877.149
-13703.995
-13556.101
-13469.778
-13479.894
-13889.573
-14297.445
-14357.805
-14207.678
-14030.13
-13750.385
-13171.121
-6484.2195
-6468.21
-6475.7056
-6493.2
-6513.5853
-6536.7743
-6562.7556
-6577.6353
-6546.6028
-6497.5934
-6877.4845
-7022.9701
-5869.9417
-4584.1349
-3329.3703
-2439.4562
-8255.7218
-14562.517
-6505.327
-3768.6832
-1268.5267
3453.0966
-1247.7334
-12020.183
382.51852
942.39198
2293.7753
1215.388
3234.9508
145.51145
-323.41505
3270.8226
-848.29202
2671.0536
-6133.9869
-245.87996
-2227.535
-1594.8385
-1877.6744
-12591.061
3290.9125
1294.7583
2437.4934
1936.9689
-385.91168
-510.23585
314.48905
-1590.1674
-180.13331
-242.63596
497.06025
-1183.9346
-467.02857
2387.5406
-1240.649
-197.75341
2255.4826
-417.72807
1310.1542
-5533.7565
57.841923
2277.8933
-3015.7478
1191.6416
4930.6212
-475.79889
1811.7436
2195.4602
1066.4758
-2987.7372
6956.7386
4391.3848
64.616253
-1938.6921
-1110.74
2478.4498
2371.0152
1430.5062
-755.77964
-763.19835
2194.6783
1035.4583
-125.85315
-8460.5535
1590.746
-928.28778
-646.01512
1086.6965
-450.71152
54.979744
-5564.2026
-325.37537
-198.07781
52.031449
1313.3058
-3923.5602
-253.23688
-377.82389
1808.7045
-2308.6565
-2608.2258
-121.86006
-429.53711
-458.97101
-2.4443153
1372.3372
66.380692
-7401.3402
49.371516
-1404.585
-604.53803
4885.162
-750.07158
2932.3812
2218.1694
5.1839123
3764.8853
-10333.417
3368.4246
-200.84064
-1161.8564
-527.66244
-161.28726
-1159.2971
-786.31094
524.45541
-148.62985
1531.8844
-3072.7185
-2199.8293
3870.4744
1127.8134
-5651.3377
-2174.5784
-339.34555
4126.1746
85.528059
-357.81627
3038.8824
4597.2135
-117.23319
-9540.8792
-1134.2096
-2708.3276
-6559.6832
102.6881
-3110.8526
-6191.4047
3463.9817
2327.8416
-3538.4589
259.52519
31.266534
-1003.6656
1277.8173
4746.7567
79.943913
-9622.1492
-1075.4294
2006.7675
-1181.4432
-10941.267
-3499.4895
-37.698374
-19.597625
-1329.0552
-4745.7453
-234.75931
2130.0157
956.19544
-931.14929
-6.1611928
3256.8829
86.215889
1802.1247
-2761.1409
134.99686
-4.5646285
72.713279
-3958.5493
-8932.4269
3042.3824
2652.9569
1867.9481
197.1229
-246.21161
970.25122
-2792.3467
-291.11982
-4117.092
4613.8708
-931.41486
-819.37925
-851.43184
2137.9734
1724.2548
-294.57892
-506.0598
-3035.2418
2366.2945
-2502.363
-1981.4529
203.17558
-775.86687
2471.7873
3271.3063
-389.91143
-283.72422
-1475.8233
68.080402
100.94397
66.303886
-6915.7165
-81.485428
2471.516
-795.85256
-938.02866
2135.7202
5447.9911
2394.8471
-716.65498
-2187.3028
2197.9546
2924.5293
2620.4313
3164.3651
-0.96133989
3084.0606
330.67732
-445.23345
-676.98778
302.58603
782.04997
72.273051
53.977838
-212.581
1853.608
3426.7633
-2657.9414
704.17536
951.70394
404.99534
60.607064
-115.16292
-5841.0212
2693.3179
70.128353
-1254.1982
-3763.9126
-7460.5509
4853.4798
111.63668
-653.22211
144.94274
165.03866
-533.30438
3166.8239
-563.52811
60.170619
10.160709
33.834938
-234.73259
763.41484
3508.2342
1896.6674
-487.14363
1464.7418
505.35169
1712.9954
2946.9373
5244.9025
316.30128
23.961996
-1415.8223
-24.390871
2419.2445
-677.13964
-193.28388
-496.80735
-1257.4059
-7.2744304
117.09797
61.235036
1461.0632
-450.63182
278.15617
-1504.4862
160.24689
-264.86899
2345.5462
-99.646158
264.24466
3329.3466
-4229.5719
-206.97374
3261.3316
3184.3619
-666.01365
-888.52928
-5971.9209
-736.70345
360.65613
-261.11412
-3869.6332
-13767.657
-143.67711
1707.841
-859.75499
-683.3627
2474.4818
-4362.1256
-2952.3352
30.660435
4651.3142
-229.00432
115.10835
2034.2957
-261.42471
-1256.1725
212.13431
-2248.5054
537.0998
3623.9071
5928.8041
2052.7187
-419.36392
1966.1146
-1045.4173
2950.0613
-2228.1022
-459.353
-597.0568
284.40715
1964.0721
-110.55293
-1641.0387
335.03485
6508.6117
-1430.1276
-1877.062
3207.213
-20.03311
36.848397
-889.59775
116.68408
1056.5876
446.93115
-677.6004
-93.488425
7270.2608
-2120.0262
2858.1418
1741.3128
-1748.3607
-2723.5726
48.7375
35.002851
-349.56343
280.82818
577.56018
-1076.564
41.813251
2865.9585
79.431682
-796.68184
-2471.0444
288.9415
-1545.3048
-61.497243
-23.632076
-11041.128
-4900.4699
2582.7736
-2129.6111
-505.62973
-1290.7468
-333.17822
-2439.2081
1345.7693
-642.51206
1563.2158
-354.78874
-3633.2954
4420.3931
3171.5166
-1834.7014
-5555.9623
319.90097
3228.61
-3211.6861
531.24902
6333.0645
2989.7518
877.76807
-895.12007
-2143.3443
1210.9565
-2864.0067
613.06169
-1373.743
2933.6994
3111.6362
-1882.6089
-896.44513
1667.298
-4987.9862
-51.430537
839.21586
-1070.2894
-585.53878
-445.29509
-4463.4858
-782.64943
525.17635
-541.11507
-1786.3535
-5978.7793
6486.2853
129.62737
-12.109961
-6256.2475
332.3784
-384.52465
2894.0616
-6464.4801
-930.04411
-541.45298
1519.9285
-208.40326
254.93045
1515.7891
-178.03384
-719.14159
309.5223
932.15441
2142.5047
96.362243
-597.56814
-20.800588
-1764.2669
-1613.6518
-600.02631
1338.556
3168.9984
3762.1273
-3681.8188
-581.28655
2617.1855
-58.943659
2193.6197
975.34807
-934.2459
549.50236
-7557.3436
798.1422
-779.91851
389.67712
-2110.3239
1248.6012
-1987.5169
-7106.2377
1638.2772
243.19653
81.192439
43.610095
-669.96472
33.253815
-558.48076
1744.9071
-647.12549
-2158.4113
-2454.4648
-342.14748
-1190.9367
-1543.6751
-105.25489
1541.8298
-139.44063
1030.4579
2203.2373
3540.5196
-439.46196
-507.98949
2130.129
1528.2197
2394.4364
2137.8658
3700.0859
-1952.1134
-5367.8043
-113.19798
4105.5173
-1199.9977
-353.92081
465.44334
72.561859
-511.93543
7192.5808
-656.53206
-387.34326
-2184.474
-986.00457
-43.211026
-2362.3311
-487.31827
-400.85312
1862.1767
2350.682
-1491.1888
-3892.1359
92.931449
136.28116
-489.72842
-3381.4795
-6767.1578
1777.4502
-1813.3488
-331.73424
-646.01786
-1848.2344
187.83712
3234.3512
2145.2704
910.76802
222.89108
-3593.2932
-731.53038
109.59671
-4456.1978
-137.58559
-502.06227
-1598.8398
-710.80439
-2181.7396
-8342.4158
-253.74245
1411.4667
668.29348
2529.2539
73.056153
-184.38726
619.63648
-546.99232
-4649.5008
-873.945
-2140.8538
397.90829
-7312.7224
3389.053
2199.1209
-6845.652
2877.6958
-835.53248
-9383.2357
3462.5232
1120.0021
2227.9483
1494.5884
1390.1703
-3800.3498
-1805.9455
292.21893
-778.46115
-2350.6824
-9144.0175
1620.0597
2686.1634
-1044.2879
-1030.1831
1367.0769
-309.4395
-130.78835
2771.0127
-1774.036
-615.9722
212.12926
-8673.434
4293.6023
-2613.9195
934.29522
446.67134
-3007.6179
-2412.9209
-443.95816
-8255.9274
-3531.3521
-1653.1275
1415.0721
2487.622
1817.4456
765.02819
-2212.6452
3369.2583
3610.139
4318.0671
1209.6684
-2768.1572
1550.9517
3398.7412
4560.5226
2861.5773
5471.2404
325.1474
1353.8458
1960.615
-102.53356
-1056.51
-3190.7917
2941.2763
3819.3288
3883.5002
-6162.3168
2642.9119
-537.47093
7351.6141
3517.7019
76.947895
7044.1471
3244.611
-1729.8866
499.83551
-4483.7898
6514.1186
460.87118
-4487.0506
3091.1533
-584.14977
5233.3307
3552.667
2693.3657
-1197.3846
-1.7891635
-5398.516
2696.3425
6490.7887
1121.2184
-239.9835
3153.8089
-2184.1224
-12405.534
-978.21143
-879.87986
6958.1197
-3446.1574
56.296726
1158.6406
3735.4251
2968.9049
-7340.9502
-229.43964
151.42493
2470.0918
-11248.665
-4025.4278
-1620.4864
-2458.2104
2137.8192
975.91029
-1735.9724
-2822.0368
1513.4576
-2366.6568
-683.26742
-1990.4634
3002.1503
-916.30299
-433.87554
-2229.4097
6913.2602
1685.5297
1034.3024
92.432025
-700.00877
2456.8747
-1850.3573
6572.541
-1097.4665
-105.23872
2845.3858
-457.39299
54.282844
103.97408
-1266.7037
387.19777
-368.34976
-383.21696
444.68603
5111.8741
-12130.288
568.86837
1252.6374
-996.85788
2735.1756
-374.41054
4192.306
-2336.8276
8692.2235
-5447.9762
-167.36245
-3293.5958
4824.0199
-10952.037
8.4715246
140.28922
3561.1587
1847.3324
-9059.5274
2644.9401
3306.0888
-2785.9195
-6213.0321
289.00942
-1597.0592
34.766858
-1918.1953
-2512.4275
-62.547655
-1831.1542
-672.30694
-727.92417
3144.9076
-1243.3426
-7505.0954
1199.2888
1267.5767
25.044167
1952.7994
-508.25827
-1665.4215
-1447.2186
151.16738
-8783.9676
-997.42542
3130.8597
-1450.873
-532.48394
-1093.9202
-4922.0654
2481.8786
2904.9279
3.3290672
-2142.3349
93.924436
2213.3182
2870.2201
-1170.3548
997.15476
114.64193
1521.471
-2992.9443
-5414.135
2420.0047
-5099.2471
-6401.7703
494.95086
-2599.0546
2795.1734
1854.0519
-2352.1149
-556.80783
-500.94934
-1697.7447
-421.74343
-1527.2527
640.71371
-548.9997
93.608047
1553.0376
535.35631
-2212.5004
-189.76441
120.88738
-11275.805
665.11726
-1691.558
-4379.3552
-2552.8562
5164.4687
-848.65467
2299.2984
-1253.5678
2355.4572
-4554.8007
-3155.5702
-5248.6164
-2341.55
-1101.9837
221.38707
-1045.1002
-286.38893
-568.1725
1925.8271
-1471.4983
2940.9832
-879.35957
370.01026
1445.8203
3032.5589
-1329.8159
3865.8336
-2156.0698
9115.2724
-4471.4241
-1044.8326
-992.08282
-71.454859
-616.02601
3418.9326
-590.09297
417.5613
-598.97912
-622.16703
-702.89744
-591.80343
370.45097
-418.38536
-84.390432
3693.8428
34.78236
2909.1244
3334.0887
2567.2245
3009.2435
3112.2877
1333.3415
18.919928
-4844.8738
-2794.6423
-612.21939
21.022345
590.19473
3969.9569
-2026.9835
-3528.9073
-4215.0268
2816.4092
-428.72663
2971.4439
2563.72
-385.87112
3928.2027
1858.1406
1619.658
-2153.206
132.86029
-35.99517
-651.25463
-839.89009
6778.1868
506.82494
1348.2709
1880.2649
673.41932
732.33599
389.07073
-553.18286
2536.4484
1294.9664
-84.906271
-1326.1278
1632.5597
287.45475
1101.581
1521.4693
103.71597
53.080403
-1458.4791
2924.8439
-1997.4818
-1425.9754
100.98797
146.07066
-4822.2658
1253.3128
-2279.254
-98.28672
7362.7082
102.52962
5914.0882
-2195.2598
-1208.3033
2030.1082
-1091.4883
2693.3343
277.11655
3117.5616
170.56954
3001.7733
-493.3161
-1907.1413
-5647.1899
-581.06043
2501.9731
-143.81997
-497.44953
2824.596
-841.29517
-5229.3623
-2337.0536
90.422173
2960.9655
1403.1838
-21.488205
2218.8558
240.57815
-4109.2772
2011.4969
9099.8941
-1086.9536
771.9972
-338.33205
6966.0266
1429.5618
-2968.6141
-706.61291
349.41684
-165.93974
690.2173
-122.48788
-924.88571
2434.8889
-3696.0257
-42.645305
-3444.9235
-121.81777
-575.73965
-836.75724
-31.877982
-3971.8406
95.7156
1443.9079
-913.72991
535.13794
1671.6056
3706.5459
2018.9413
4440.5934
2450.8055
-4885.026
-3951.1983
-1911.2171
-2237.0337
-792.41543
-5463.3255
-3837.9171
-554.30669
1143.4792
-1280.1659
2939.3896
-3133.9747
-51.243677
-1095.0923
1609.8228
-10408.371
1982.4719
-1078.9097
-690.60367
-2045.3704
-640.76113
626.32455
308.2902
575.76885
1613.5873
2307.6667
8356.2098
208.02109
-389.82708
492.99328
-1117.2766
-5580.5428
-4071.8253
-3609.3516
-3094.5484
-921.24932
4054.6822
6299.911
-2436.3964
-398.28119
3743.302
-2696.6778
-494.53105
-395.4627
784.66638
-2732.4985
2761.092
2175.4761
2521.8472
-157.1438
-2705.6166
-174.50617
3566.6492
6064.7532
-2703.0257
944.91735
5787.4659
452.52752
-851.19622
-658.404
3942.7463
-2419.4237
-372.95593
-1202.8186
-459.21677
273.14093
-11757.163
7996.1154
-2333.3165
-9568.7249
-451.33825
-1870.1766
5259.8416
-3795.5819
-9026.2642
-1466.2152
1502.006
-199.38561
-3670.3093
1049.6284
-56.776515
-557.90514
-5546.1957
-1790.9117
2860.0107
5459.6315
-2133.5533
-2077.8638
4098.7464
350.47875
2015.6901
-185.82728
-6878.2086
608.97588
-1059.9149
2583.0076
-983.86643
-285.84869
2546.023
2740.7507
1536.9945
-996.92721
-97.603899
-1196.8951
-3701.6842
-747.54978
3839.5586
-9874.7595
-19.735906
2791.2689
-1207.2866
3603.972
-192.13507
-44.696395
2743.1517
4725.6697
-3761.2669
-4835.6521
-502.81263
904.62407
-70.181797
-8641.359
-302.07828
3434.2642
-2166.0858
202.13623
1667.8191
-1087.6408
-554.48448
-2191.3745
-6705.1316
-146.05737
-696.20672
2560.9226
-398.11416
4370.502
-5065.3302
-2697.2131
-9378.075
-374.70031
-10913.633
-612.47396
-4418.6046
3136.4435
1345.1338
847.31805
2054.0596
-2361.7949
-848.66098
-2062.4308
-143.87771
399.38747
-1754.3062
-1375.9307
-969.92166
-1231.6758
-273.6276
-1943.8564
-242.01366
6111.6358
-5766.4329
5412.5994
-1946.235
-489.97057
2690.528
-673.60775
-1250.2651
-3246.5477
-1277.7854
7856.4525
699.7762
-4992.4553
-294.41178
2509.2162
-7812.8527
-308.44496
619.79359
3640.2742
126.36726
-342.11414
-481.51331
3598.9161
-717.42599
205.54625
-524.60874
-3734.0685
44.984246
1149.1322
-1319.3574
1094.8235
2341.9725
302.02913
-5594.5002
9402.7198
1948.7347
-6872.7439
-2158.4723
-4530.9423
2341.7522
329.95547
5884.1982
-483.1316
-4928.7236
-7574.0275
-2119.4222
-8098.8705
-1060.9604
148.35629
40.638303
118.8477
-608.96569
49.408548
-1029.6345
3270.5277
-2171.314
-5397.1765
8789.771
-1785.9126
3094.8597
-4096.762
2064.7524
3247.0872
-98.996869
4915.4939
-11103.176
-23.603757
1737.1128
-647.96669
66.870861
1161.01
-1022.5533
-591.8772
-2113.4776
-6283.4752
-298.37936
-979.28275
-202.61887
68.957489
-2032.9901
-399.82715
-115.32552
-2103.2078
-233.40495
-1028.2861
-160.90791
-14.214988
346.73626
-4145.9958
1999.5188
389.45903
1225.2678
-3394.8426
3628.6151
-480.06431
-1379.6423
3856.192
760.62297
-8114.4358
-97.995013
-1885.8777
-1866.5724
2719.1542
-623.50723
-2762.8329
6.8769823
3926.8864
-2380.3083
2842.5413
49.688279
-158.49135
-6955.3349
-9736.2468
-497.88133
-1741.7215
-132.66442
603.80168
-863.39377
2893.015
-4516.4975
31.319317
1840.9721
-475.67116
-1621.0677
-3709.9428
-186.70616
-792.59305
913.60013
-1741.7388
-172.66328
8563.1246
137.97318
5788.3607
-954.44024
5963.8299
-1757.2458
-6659.9896
-1238.3394
2332.3144
2334.0707
2843.9959
-2052.3223
13.337282
4235.1189
2819.3198
-407.75454
-1258.7563
2.5924482
2650.3733
2633.1301
-49.336868
280.25701
-176.01569
-480.45004
125.73551
3457.5464
-10250.29
-11111.411
899.19049
-3253.79
1648.0007
-4060.6458
-426.11252
-556.00544
757.54417
71.952154
6652.7556
282.73167
-1134.7414
54.497367
2975.0162
5255.2401
-2595.2886
1253.1805
-3739.0914
-7246.2439
7420.6517
-314.81484
2249.0175
3410.3415
-539.3547
-1.7493385
-1561.7607
-2299.6547
3174.4165
1.4022179
-1144.9587
-4019.0282
3184.8867
81.317415
-2236.9399
-552.43311
45.190232
34.113025
701.65202
-8923.0232
-1221.3224
-1562.2333
-37.527955
628.62774
-177.38131
3074.4458
-4771.196
-5489.9645
-2082.3968
-0.19179347
3742.4436
-1294.2527
-4570.0492
-2814.4649
54.061943
-12359.736
-1132.8793
-7931.1256
-1800.8932
380.64929
3720.6238
2990.98
-472.59434
-5992.4105
34.713806
-1359.9284
-9705.872
3652.5022
-1785.2449
3254.7333
3464.7972
-227.80649
5831.5755
8302.4805
2602.6556
-521.15634
1115.7743
-5821.6515
1162.6799
3699.3068
2870.6726
1523.3983
-1773.0082
5914.5463
3504.7031
-204.05017
-18.124504
-1448.5305
-262.09953
3227.2705
2250.5251
2645.4973
-5345.6118
56.165242
-6338.2037
5319.1881
-4005.6422
-1762.602
-1966.7876
-1360.6717
5133.1151
1.5403772
-427.85747
-1148.5536
2264.3692
-1059.1184
102.87995
-1765.6757
-353.88461
-176.56348
-5690.2473
-3660.9812
-2242.7176
-475.92973
-4698.5499
1463.9508
-247.41957
1407.1365
-6046.6865
-909.94107
-35.589251
-766.83525
-549.01875
-1037.7702
1158.9729
-3282.175
2297.7871
2585.8661
-4703.7124
-6143.6684
-762.96122
242.21599
-178.59969
82.064702
-62.679712
-207.71314
2972.4023
-2109.1346
232.04211
-3643.6535
4322.5225
-203.56457
4493.0403
-632.92442
-524.07755
-3112.3723
1973.7005
-4177.742
3430.921
-244.23234
-3039.113
212.20069
1869.6348
189.47615
-10159.153
-491.92603
2521.3385
-496.86776
3079.8954
64.476225
-395.04555
148.4135
325.45353
3173.7488
1586.496
948.7261
1046.5143
1683.8783
-1344.1159
-813.00896
-277.06771
99.937997
-1361.9507
7001.0534
-1672.7425
-110.046
-1455.5849
2766.9768
-2786.2415
-2435.4947
-4826.2663
2037.6069
-9418.7426
-603.93248
147.56167
2124.9958
-547.34663
3378.5397
-504.50943
-1253.1487
188.36405
3105.9682
-2249.8216
7770.6995
-2627.0986
-1339.0893
-1354.7334
-713.88979
-4677.0216
7268.2633
2614.4785
-14604.698
-4355.2328
-343.33183
54.000834
3242.6272
-35.281188
2852.9406
4146.1695
20.046907
-3378.2648
4075.7186
-1542.8166
2672.1827
-277.41111
2343.1944
-11488.597
-2110.0921
108.0995
721.55709
1948.4527
-2089.2864
-5098.8027
-55.40562
-859.49285
-6103.9887
-3686.0597
-140.6578
-645.02655
-7278.3988
-305.93139
-416.30178
-2607.8954
-1140.9106
40.303751
2215.1607
-1620.5162
-2232.6594
-5046.5673
8490.3041
3320.1112
2058.8944
829.80589
-4541.1727
44.274418
-3731.1832
-395.246
-525.8209
2304.5679
1233.6052
-2372.4168
-2009.3571
-1766.6149
1753.0844
-4484.6337
-14500.408
6106.3369
5184.8692
170.73507
9075.3868
-11714.671
-4125.7917
-212.28284
-9851.1921
7439.3583
1021.1355
-5957.1485
-674.37974
403.40027
44.448437
-368.84265
3655.1748
8106.0572
-2371.6649
-3634.2525
-366.06555
-3431.9693
2204.2991
1322.3868
-1869.1195
-2721.0917
-3015.097
687.71292
-928.94821
-1508.8274
520.45986
2962.7043
-749.36875
-214.44606
-1290.8556
3633.2068
-149.44537
-3108.2927
1292.4221
-11840.864
-5303.0861
-371.0192
-185.77996
-78.021367
3224.1297
3091.3354
-3532.0347
1662.0783
7901.782
-3921.4339
-371.76236
1330.6239
41.517366
2039.8826
5887.1843
-417.65975
-1545.1451
637.37594
-2840.0736
-2326.7974
2920.3073
-256.94276
-169.25778
3422.0722
-2811.6698
-1267.8503
5517.4179
-2223.384
-631.10536
1774.6487
-284.38171
165.34022
-330.27367
395.43437
-2146.7932
2957.8762
-5930.6294
3585.9904
-6156.5714
-583.5245
3298.1777
-9064.0772
-2494.3234
1474.3365
-5377.6007
-3086.0848
-7040.2689
-2866.5609
-7339.0518
4717.6769
-951.48431
-1458.3668
-60.402504
-264.63696
-4349.5015
-255.90031
-982.12059
-2110.5051
-879.7397
-613.66684
-871.78755
-914.11506
-1666.758
-371.07705
2940.4031
-797.5645
4686.9563
-423.07529
1804.9509
3966.3046
-2675.3709
-4294.4838
-3009.2651
1321.0282
-6036.3852
-491.71128
-914.1357
-1142.2532
-147.82836
1963.2802
662.44997
3626.9969
7.5566516
-1782.1289
1343.4917
-536.13615
-290.8917
-2093.9155
-356.26086
4102.9896
1719.3373
412.16993
1535.8052
257.7009
60.682011
-235.46244
7752.5502
111.91354
-14962.211
-2292.4739
6171.4057
-1816.2061
-952.95207
389.21894
1682.1903
5324.1267
-112.61052
-1312.6133
-1334.5294
2990.7231
1180.1753
2961.1025
-3669.2996
-62.307195
3116.5055
-1162.1843
-1164.5065
976.74889
1319.5361
-138.56136
-1305.9825
6802.9098
-3160.6542
-402.89257
-9942.061
-42.718949
-1275.7272
-24.050727
-1501.9225
-4676.4409
684.99616
-5951.2363
-3059.3102
-1741.6352
2202.5503
-10789.128
7543.1283
-1298.3595
-1604.3397
-911.2583
411.87267
1285.8013
70.857586
-1522.6237
2175.5208
6.3256785
-2123.658
2153.4946
168.91167
3491.7977
-4657.318
2849.7603
-2162.4812
196.08065
1984.5227
-1927.237
1266.0023
-9294.6101
-520.22006
3020.1783
32.737909
98.370847
3164.4579
-542.87266
1008.3292
-7369.5009
-4804.0792
-4874.4444
-2913.959
-6471.7682
397.56081
-830.04085
2452.4169
-228.28051
-677.43115
2812.4257
-666.88525
-1097.0348
3765.2624
299.70625
-61.328486
7755.2896
3933.6471
2337.2373
-75.097602
-1750.4045
-341.26383
-3022.6398
2147.7775
-1445.1135
1265.6813
17.470431
180.01112
-881.78078
4599.3216
-187.06819
-1110.1647
3062.7404
-212.7205
469.307
10.484297
-3620.2329
-15390.617
726.10212
-361.84481
-859.23145
2988.9406
7599.183
21.903338
-38.032516
-3880.1884
-2552.4846
-94.84018
-2390.9379
-99.059069
-807.09744
-1093.8827
-1275.4197
-14409.214
-280.36933
-4056.9331
-624.01691
-1997.8161
-9945.1654
4327.0487
-4.4436482
4054.7677
384.20419
3577.9233
4790.1768
-592.36931
-4912.3274
2879.9655
366.57918
1979.2939
-13300.745
2641.9306
1654.6916
-2482.5126
2527.6887
-1930.7416
3182.2953
-2754.6001
169.62867
-263.76793
1561.5891
639.4275
-68.694803
3893.943
689.50433
2399.7809
-3844.7776
-331.04444
3108.9839
1588.6436
-1324.7041
26.350502
165.7564
-389.25851
-1101.8553
17.532004
-4012.3179
2628.2339
-498.84398
2989.1908
-555.71904
5537.7935
1718.8025
-297.67279
-8030.3794
920.93542
4862.9416
-3870.4931
124.22107
-1246.4144
-1196.6448
178.46095
-507.36933
700.78531
-9758.3235
-2588.1473
1347.7087
-382.26189
-902.9259
-506.97157
5298.9246
-3161.5318
26.745467
-3778.0438
181.34319
-151.65174
1865.6078
-589.69831
4809.1624
2448.6245
826.1339
-295.73455
-7378.0074
37.693086
-1439.7996
22.615303
-63.928915
-52.553254
-841.80213
-2153.7169
2484.1321
-1306.1675
1733.4418
2426.609
1979.8189
704.80507
-529.175
-495.49949
-11230.028
-3005.1337
4720.8254
-4482.1559
-559.92779
510.94408
5197.4183
-1114.6331
7.0974432
-2059.825
-114.77582
-2381.1548
471.11326
-544.69067
-2041.2209
-73.441426
-3008.6639
-303.36277
-1502.6325
-537.87305
-561.01124
-2978.9072
1102.8028
299.35636
-1639.4629
3082.2288
-2816.5745
-894.48277
5169.9779
216.70791
1710.0541
2620.7343
-485.99106
923.59937
2499.7714
-1561.0831
3095.8433
-4282.4713
-6902.8485
370.07856
-237.18092
-173.29616
0.70741816
-1837.9625
-926.69387
-4653.7307
-1447.5586
2330.7833
-321.84539
283.13166
-4575.3015
1206.2873
6773.5613
-678.48171
2824.8296
-696.83745
-2393.1497
-3048.1713
-2618.2674
-597.98547
-160.20822
690.09881
4414.8483
17.674879
-8814.8229
-1450.8126
-169.79598
-3117.1321
139.1941
2337.1257
-3178.9918
-1865.5591
2950.69
185.47422
2988.3518
-2771.2731
-2364.954
326.02657
84.347928
2316.2365
4050.6892
201.34673
196.42105
-8015.5383
-3789.3862
-533.27017
-577.61536
-4836.6038
-3521.8231
382.69963
-653.90841
5908.0723
-219.28461
756.69772
3677.0977
-1655.4357
917.80127
-352.04474
-146.5435
-676.17335
-2149.6915
-83.949023
-4377.4436
-562.77575
-1441.3102
400.13435
-1566.0516
2999.6965
-2424.9647
-3952.9383
-175.33307
2481.1444
3321.0526
-2675.0336
-788.66152
-488.35691
-2203.2599
-332.08759
-1301.3456
-354.39768
1913.5602
25.150927
-4163.0871
-1843.8768
-354.12684
-2089.4718
-6735.6981
-2986.5813
5196.4426
-884.52113
3248.6646
-65.657207
3548.6732
-1097.506
-989.47016
-305.47707
-2283.6662
866.05378
-1407.0339
48.76514
-300.44306
-137.59168
1423.2978
-500.18459
-2875.8575
2309.7775
-667.51197
522.14054
2477.6833
-772.6254
2770.4934
1019.8298
-8501.0477
-194.40926
-377.54745
2576.2522
-198.53835
-1794.5718
-138.07752
-1939.3361
-712.82283
1385.7089
-113.72633
457.15733
295.65039
-4339.0923
-2517.9154
810.5278
4517.4706
-81.70564
2316.5349
2507.5036
-431.98767
-7227.1491
-1687.1171
-9734.3012
2193.7537
-534.4323
-2317.3017
-3157.4393
-1310.1273
-66.877471
-3342.2101
946.93081
-680.52312
7.0526929
396.08759
-2248.2627
-590.66665
-1276.4288
721.06838
-969.70808
-4422.6425
-2874.013
28.784086
-938.76511
-7874.1771
6384.6659
212.98414
-125.29186
31.81742
19.820623
-724.69564
-514.84653
2445.8881
-517.44458
742.13611
-1924.4772
3001.9898
2891.9846
244.93745
1639.2688
-413.15881
1193.0364
-136.18772
-166.0685
-8054.946
-35.610647
-3166.6737
-294.28908
-301.9979
2145.4641
-1115.7535
-9.1563287
3620.9712
1009.2085
7.1783022
5.7368521
-415.77959
-8773.7045
-11582.331
96.064348
-3564.3064
613.72128
4505.5599
-8172.6412
787.00418
2028.3089
-12.582598
2891.9211
-0.21159967
-499.31998
-442.41906
-551.00457
-1573.7625
125.12952
-2946.2163
27.533453
-970.51709
2.3572227
3211.1831
19.4776
-434.85008
-15.626382
-240.38681
110.08575
2009.7785
-1087.8443
3164.1865
-1407.2742
453.40754
-551.38891
-9370.2377
-106.74385
3170.1061
-1692.3393
1494.2902
-501.49609
-2154.4554
5682.8385
3951.8315
2382.3847
1683.4551
1850.6831
-1948.2329
25.713595
-2914.1814
-5170.6617
-518.12309
-496.75816
-469.87923
-1417.6665
-8036.5903
3145.3792
1624.5755
-2478.9039
-2115.9171
-1179.2963
-579.25961
-705.8396
136.87588
-1345.0924
-96.461653
4446.5011
-202.66959
-3619.1241
1930.8624
509.81607
4019.349
-10.789086
-1029.0561
322.12649
-7090.5877
-50.630205
-262.48681
2131.1735
2372.645
4050.5973
70.534875
-2456.4453
3.0632
1936.3044
-7.1671004
2461.0345
1654.2023
25.501132
734.02705
-1912.9551
-3855.2832
-6474.4151
-627.20529
4414.0205
-524.1965
202.02881
6.168468
2038.5574
2019.715
205.33735
-1595.2078
1329.7693
3372.3595
-1186.2219
-597.61702
-379.84361
-111.36335
-3342.3493
-603.68565
2700.8111
639.39967
393.96337
1276.3936
-88.166636
-6.9516195
-3730.8213
1197.6911
-561.39346
1824.8947
-6794.3409
4592.191
-317.00963
-1423.9855
1165.3735
-2527.6645
-4987.0843
-453.08001
-1514.6905
-768.75957
-4270.994
-2280.8868
-3269.8333
-4002.6235
-5319.3737
2684.5121
-147.52676
2961.2684
-3770.4782
-1390.9899
2227.7194
1268.2291
-11906.321
-3004.708
4037.7618
1854.3075
-411.21483
-1324.8624
37.201292
-282.8358
-7461.4683
3728.1019
2134.0777
-459.95527
-1353.209
509.60221
1894.46
139.76491
-512.17728
4794.7148
-992.9712
4982.5494
-4388.9643
646.82403
4665.0279
-1290.8601
-636.95624
-586.92044
-241.76015
1169.0189
-12276.219
-372.49391
-537.67997
4691.7688
2395.7875
-6449.7763
3101.8743
-4834.5094
4726.0853
3002.605
3353.2207
-3321.1483
-12045.882
-14.562144
-2420.1288
-1936.6838
-2535.5178
181.06996
-1922.1134
2582.7508
-750.12938
-8555.0132
3328.2312
-2603.6204
-12620.801
41.748281
-365.71353
829.66359
-310.65724
-3107.7099
80.852966
-1104.9098
441.71843
-860.76261
7.466618
206.2036
-705.56748
-8087.5055
-3450.3488
-764.58711
-3184.2012
1379.5035
-105.10659
-6068.093
347.922
-798.63679
1753.9614
-7.991409
-86.720547
-989.13294
1582.5102
-720.04622
-1185.5475
34.170552
3647.3786
-172.27753
-1049.6914
-787.4898
189.26643
4207.7983
-1686.3611
1161.1
2712.8144
3932.7474
5207.5131
2784.6623
-507.30904
-10935.875
2417.5357
-1168.9002
-662.45323
6601.6449
52.833498
-143.29476
-273.41717
3489.0345
-1056.2742
-2941.614
-455.07572
4745.2058
5130.7297
-1310.4157
-12975.14
-1301.4263
3093.34
-504.07524
-139.59911
3121.7382
-2253.1779
-1765.0721
131.40011
1068.2853
6065.0386
-653.59472
1908.1085
-387.53756
-3132.5266
5032.1498
844.18525
-4699.0461
2716.3589
2484.9538
2294.0462
-1433.3698
2100.4805
932.65701
1846.1455
-10438.334
5939.6527
-30.677159
-798.10745
-1046.0873
-8704.5309
-2370.4581
-654.23598
-598.84011
-1595.6468
-945.1822
-119.76263
-1349.3477
2084.1829
2203.8653
-7953.5109
-632.53794
-541.61411
-854.79307
948.50021
-48.491768
-685.59947
1341.3449
-813.25169
-1352.9324
334.91356
21.041278
-2079.8548
-3306.1788
2277.8942
-865.16255
1973.7212
-2330.4795
-123.98498
-2404.6076
1349.9182
-826.46368
-3444.881
460.6939
-1996.1564
-2214.9982
-1952.0899
-5210.2256
4992.149
-934.10616
-2699.4528
-359.55212
5296.5392
-148.85228
-10.466993
339.67986
-461.13248
2979.9126
-127.89735
-1721.1667
-432.48501
-116.32148
4847.9933
-609.68492
2245.0528
1132.1451
1866.8782
81.242701
-1587.6059
6026.1629
-816.48401
2849.4282
-4998.3608
170.20958
-218.73237
-1159.4917
-108.68543
-1610.6671
-1652.8614
2287.7179
-7797.6145
-201.16797
-6263.6801
4328.0476
144.29596
2890.6894
-418.05973
52.927957
-1471.7063
2288.4668
1204.819
-3527.3924
4834.8168
-108.85365
-1987.7264
-337.50144
-4271.9422
-851.39179
1.5737837
-9970.1447
-1212.6828
-1387.4531
-133.80156
3444.2489
1981.7302
-5196.2284
-3072.7071
2688.5113
34.716465
-906.3565
-312.45669
-1191.9155
89.60049
-318.83495
-703.28558
-2497.0178
-584.94443
4715.6232
-178.81209
191.99796
-3078.4953
1071.5316
-170.93374
2145.1838
-1545.0409
-10576.469
-401.2941
1576.8521
-342.85339
101.53653
53.249294
527.11228
-737.00817
-3203.8552
-1299.9182
3090.7286
3791.0905
-68.417115
614.51135
976.13381
-56.134377
-1755.6203
3160.0247
-12943.06
-1859.148
-20.007873
1562.6266
-50.673537
5479.5088
-14.010431
4382.3939
-6319.1673
-1136.6156
-792.43174
-1792.5485
-1403.1743
-631.51831
-673.20366
-474.15556
-2065.4356
19.872792
1141.3887
-474.14827
-2697.537
-1070.9884
5773.1805
-5337.4738
-569.14449
-585.66744
-1393.4079
-204.07885
192.3187
-10.315863
-680.44421
103.59403
3499.6782
4151.2701
2017.5388
811.29558
-1049.7933
540.71703
3.5243922
457.22632
-45.558496
-2961.233
25.599023
2891.9995
46.926444
-1777.337
-1159.3895
-2902.8146
-3003.8042
-2404.5648
2771.4235
2884.1969
-610.7307
-443.87976
323.1388
-8779.1728
1332.383
-239.02424
4457.88
83.938838
1643.5538
-456.52432
1281.6558
4578.5995
2640.4645
2795.6855
151.43027
2052.6907
-1913.8418
-5156.6041
270.91254
-1383.8541
4277.9789
-2396.3561
-64.840023
287.53874
-2608.0459
-31.115445
-3221.8892
2983.856
-7546.5023
-5403.4271
3861.9728
-1648.6095
-150.0164
-396.89432
-83.376421
2317.2817
-281.8404
-476.33905
-434.52786
-1026.6091
2475.2698
2628.3322
-2149.5867
978.48565
-1391.1291
-96.540169
-2112.7111
2823.3724
-613.14945
3393.3553
-1909.9085
-14584.413
-777.97931
-1108.5061
-9298.7934
-8000.5113
-5457.6208
-1141.9934
5399.7703
-1971.0921
2494.7801
1523.9847
-1050.7061
-141.46442
-3075.5938
4183.6921
-484.48986
-3405.0936
-423.74366
5700.5016
-301.01644
-1939.6905
-4876.0615
5793.0251
-2139.8181
-833.05559
-864.46732
4069.4984
86.858203
-2144.0025
-5118.9589
5277.8385
-85.184571
50.471054
-247.32861
789.13554
-59.761748
156.40279
-7980.3604
4838.2671
-289.82459
-538.42254
-1664.0115
-489.39115
140.49606
3061.0555
-10579.373
-963.36069
-538.63907
-3364.8144
-4624.3581
2226.7621
-1328.8412
-1966.9732
-1192.7219
-1346.6918
-1073.2424
173.4368
-4956.6892
284.75674
-5287.8279
-398.32315
-1174.7469
-115.22122
-2391.0865
480.00061
-4320.0819
-4382.2499
1609.0023
601.22002
-343.78588
-1596.3159
-305.88928
1768.0762
-175.96081
2709.2611
-552.81112
-213.02387
-2691.8182
1732.4525
-153.97837
-2496.2137
-713.23944
-475.99661
4732.663
219.38768
-367.73086
-3820.2965
-151.23131
-294.14106
-311.66437
1179.0164
-892.87857
2676.6324
-441.61821
125.50727
-852.69836
41.431498
-2954.7502
2023.9462
795.79591
3815.4406
-4873.2388
539.75919
680.95048
2739.5306
-1881.2917
-39.445769
-707.09525
-10037.008
2890.4675
-9389.3587
-341.11576
-1074.3814
7.4268348
245.97115
-1562.7684
1539.0357
1914.9404
649.2071
-640.06118
2625.5471
-3637.1248
4249.8331
-4960.0376
-419.4698
-373.08171
1162.4651
-2324.5091
3762.8427
4804.7208
-503.53645
4841.2342
43.757903
-1645.0078
-3306.6834
-811.11709
3499.4721
-3807.3257
4.7930278
-7359.2931
-4839.7774
2663.2982
-1827.3145
-15.294394
45.52366
2918.959
5120.1789
-2789.2847
-1064.6135
-43.90364
-508.51759
2978.3894
-603.58812
-360.66225
-413.24237
-243.83415
-5007.7189
-5139.9033
-886.88232
-301.87259
-77.240761
126.84569
-1708.2747
-30.186879
2221.5771
-3489.29
-1901.7861
-403.18593
-237.99488
-2119.6046
-573.66553
2629.9774
-48.747332
-451.74706
-1362.3597
-596.70056
995.54343
3323.682
25.281521
-8185.4512
-4248.5152
-2017.6889
2269.1416
2664.1609
-1488.7386
-13335.833
-6881.6203
2742.1565
92.3685
-1469.0831
-28.77701
-13632.908
3020.565
2164.025
-353.45396
-717.78192
-347.39812
-2197.2556
-2646.7146
-2418.9205
-61.895488
9460.9007
2619.4794
-7406.7588
-2839.2946
-97.871519
-2389.6631
-846.37754
5697.6086
4375.8461
255.2585
27.783201
2628.3937
2293.6339
-11653.438
-371.41918
-2289.3887
-90.144832
2470.8902
-852.27576
-1085.9607
-232.25279
-763.93515
-486.93481
-669.86931
2720.9986
-5303.34
-2088.8357
20.504997
-2183.556
2342.0353
-1921.5094
-772.71944
-927.51115
1239.6467
2330.2773
1277.1102
2307.2489
2632.0308
-835.7327
2037.9409
-898.32789
2675.8666
2357.5347
4257.2445
1301.2387
221.98741
-2675.544
1271.5815
2320.2416
2670.3957
1259.2494
2328.6816
-236.52451
-3942.6883
-1180.422
3299.5028
-98.498642
-805.07389
2798.5698
1251.7678
-1602.6146
-377.41
-259.54935
3061.0178
-714.65533
-712.17347
-901.468
-315.80261
8789.2363
-804.67703
854.30988
-3096.2849
-718.26884
4653.706
-3835.1511
-1007.546
2128.0253
3972.7404
-539.46987
4275.0474
2308.6392
88.560483
-757.85605
-814.64327
715.40589
-1961.959
4925.76
-78.134474
-167.17298
412.27457
2322.1718
3008.0172
3101.5497
-695.83529
-330.37797
-1062.5359
-154.6658
-2503.7593
-1547.3639
-364.07935
3903.3867
2294.4562
-4638.6294
1110.1387
2240.5815
3120.2146
-37.547032
-2950.8118
-3549.3022
-5065.6575
5890.0533
-448.09584
208.24039
-873.36366
-423.58857
-5151.6031
-1026.9775
-1405.7192
-339.90077
-623.01207
-5180.9179
42.503078
-3340.9654
-463.62861
-1370.1386
-19.402922
2021.3509
-19.541491
1392.41
92.093688
2107.951
-1560.2596
2378.9027
4520.2591
-590.82065
-2217.5762
-822.29594
26.404776
-584.81889
-722.61294
-670.1189
-526.07147
708.82811
-627.68142
-12.04399
-32.00581
-654.5723
3619.6793
-564.79147
31.769458
418.69605
-261.31117
-636.35551
4244.7386
-1739.8977
226.70349
-1985.1048
-9980.818
-1092.7906
-837.99884
2139.6864
3716.8518
-1769.8704
248.47923
-721.4834
4217.4137
4252.3545
1877.9322
-1438.7339
-64.694618
-2913.7128
-1071.9475
-105.09783
-1432.1881
285.95805
-522.79219
12.885252
-466.4595
-540.17472
2.6671406
10.257755
-9396.545
997.41561
-1219.2042
7.3286263
-999.96334
-197.46591
-4930.1379
4041.8096
1821.5883
-607.09096
1985.2773
2355.6385
-87.790215
-1271.2688
30.998437
-1564.6265
-1304.613
-401.30289
63.284402
-722.18778
2201.9423
1500.5671
2332.8182
-545.71898
1076.3439
-1073.4624
-2252.3019
30.264806
1547.6866
-893.60683
17.733199
-545.80999
-805.53496
2788.0376
277.76057
6282.5362
-419.15881
-34.742711
-1918.0759
-45.050951
-451.59162
-1964.1981
-7263.4159
3863.6442
4394.1941
546.74558
-2771.4683
1566.9339
5385.2744
-256.90913
54.171355
-971.24894
1847.7065
-451.09408
216.50058
4871.7533
435.66123
79.524901
3061.4398
-570.54903
-3933.101
-881.8638
-525.26098
-856.56391
1790.5005
-613.64276
-3305.65
1306.1866
762.33689
-1527.4992
-7356.6578
-325.40708
-5179.026
1532.8074
-1862.2772
-2893.1118
4503.0487
-598.27556
-972.62519
918.71243
-569.77495
-1709.0174
3981.157
-3682.7027
-2687.3753
3652.9571
-1209.6593
2830.7551
-92.921626
2874.1308
-1179.1983
-2369.5073
2254.4836
-21.358228
-559.60045
1948.1583
2653.9614
-3144.3719
1791.2604
472.7658
-729.88813
-790.59659
162.38796
-407.798
-8567.7626
-717.60126
-12.164111
53.661811
-1868.0619
-649.98122
5630.1235
875.00239
-84.766243
-687.55284
4432.0399
-556.04478
2280.3109
-76.339691
-684.6081
-8664.9327
3987.0568
-266.60931
-1444.3094
2149.4324
-9809.2431
1823.6539
257.74488
-1320.7669
-1484.9728
428.64539
2222.9876
3144.5995
714.17454
-273.91847
-8586.8965
4238.0473
145.37962
-59.223435
1503.3788
2366.3749
-6032.4248
-6762.4116
3752.3515
-97.553249
196.12492
-3028.6193
-756.22042
3481.135
2775.1238
-2515.17
-731.65388
-1528.1324
-893.17259
-1584.9184
1426.7172
53.531887
-1133.3298
1770.957
327.9102
-1002.541
2963.892
288.52524
4609.9689
23.434647
-201.17553
-158.11497
-512.55883
1857.6591
-1936.7027
-902.81522
-4924.3723
-6394.897
-1623.8094
29.295119
-2990.3253
-1770.926
-545.93318
2806.6744
42.492892
1972.1221
-882.10351
-1949.6983
-2041.7148
-424.9203
-407.71491
-275.3822
729.02742
-795.69587
604.83801
-863.05495
-642.30474
2189.2566
-1026.4376
4939.203
4997.0319
-718.38005
-532.70687
-1866.0528
-1082.3682
-1106.2109
-1922.0143
1226.6734
-533.47147
291.64449
-8548.8782
-377.66823
-250.41827
111.62943
-13291.634
9.7127894
-181.39774
-609.97997
-2441.3121
2373.7918
-601.41745
-1896.5868
5980.9745
1452.2134
-8914.239
-8770.9926
63.966116
-942.62131
-12531.933
1002.6167
-23.623999
-3487.0319
-1729.5554
-111.06902
1759.7249
2688.6116
-37.796054
3582.9855
-151.27437
346.20895
-2128.7237
-220.72114
-1514.68
-1280.6018
3258.1659
-1354.4462
2779.3333
-1388.1111
-68.716098
-649.65681
-2119.5246
6366.8128
-112.06141
3399.8059
-588.1094
-2134.7199
-2518.4008
-533.60326
-108.98424
-1080.5533
-2083.9264
-7611.1124
126.57563
3680.6005
2422.9104
-8143.9835
-582.32997
4096.1208
-724.54105
394.56423
-402.87384
3093.8444
-2488.7655
1331.1941
1205.0089
2443.1633
-535.99484
2300.7813
273.39705
3991.486
-13660.401
-270.86854
-2823.0129
-1729.5454
-7223.2163
-55.974109
-481.46727
-12244.885
-5287.3619
-2192.2018
-385.40518
497.06346
-1250.8584
2444.7155
4465.4133
4351.9912
1217.943
3716.5549
-2700.8214
-764.37224
-7148.1747
-1775.7858
2514.551
-631.12052
3487.8988
-635.94427
-1584.9488
-710.85214
-12825.744
365.69573
2676.6062
-61.883221
-4424.6027
-2.736127
2855.6336
917.52599
518.54186
2375.6849
2476.4971
1008.4362
3401.2244
-2260.4868
3637.3866
-695.65695
-11580.972
-58.704737
-1787.2411
-312.87328
2988.9
2594.6146
1016.0622
-3289.5452
-373.6902
21.446992
2424.5009
-1210.6627
-36.847527
1237.9235
-316.56552
-504.07437
72.353856
3030.6146
1.1429772
5431.3822
-657.05694
-2525.8159
20.68239
-52.3705
343.6889
-1377.9847
-2014.7505
-4226.6347
-1856.9711
1515.8368
1.4881016
2959.3963
-544.05169
-569.53147
-1991.92
5156.5469
3246.3012
-1260.1428
-307.22553
-2654.0612
571.4494
-281.08586
1539.3758
1668.7243
-2411.5952
-528.38858
-2877.4399
-4067.9989
-6693.3137
885.3229
3776.1508
-709.99985
-244.99906
5704.54
2602.465
-17.099976
-1637.4939
-1798.8911
-1495.936
-1873.2053
-586.88772
816.16468
157.41651
1906.2355
483.93667
625.72182
3118.1574
-762.65818
-1918.0178
2869.0214
3926.8603
2906.3765
-671.92921
-43.178628
729.11468
-1234.8096
-2122.3845
-253.66162
3932.2897
20.420515
20.742997
-608.7346
-1786.1307
-2753.1983
-3217.2093
384.71298
-81.5364
215.10044
-4726.3979
4265.3828
-410.36297
-33.872846
-2529.4403
2717.0086
-8294.6991
26.18233
-7809.6339
-1433.1671
-8861.789
-5070.0034
-2428.9707
473.64062
-3744.9769
3011.1892
-10.186037
-2873.728
-2001.7563
-2725.1552
-511.52565
-4100.8263
-1970.4312
-2076.3328
-412.29251
-2566.5187
1898.2498
2047.1516
2614.2097
-1280.1844
-14159.946
-12006.414
2052.7845
4544.984
1818.8264
)
;

boundaryField
{
    back
    {
        type            empty;
    }
    out
    {
        type            totalPressure;
        rho             none;
        psi             none;
        gamma           1;
        p0              uniform 0;
        value           uniform 0;
    }
    bottom
    {
        type            zeroGradient;
    }
    in
    {
        type            zeroGradient;
    }
    top
    {
        type            zeroGradient;
    }
    wall
    {
        type            zeroGradient;
    }
    front
    {
        type            empty;
    }
}


// ************************************************************************* //
