/*--------------------------------*- C++ -*----------------------------------*\
| =========                 |                                                 |
| \\      /  F ield         | foam-extend: Open Source CFD                    |
|  \\    /   O peration     | Version:     4.1                                |
|   \\  /    A nd           | Web:         http://www.foam-extend.org         |
|    \\/     M anipulation  |                                                 |
\*---------------------------------------------------------------------------*/
FoamFile
{
    version     2.0;
    format      ascii;
    class       surfaceScalarField;
    location    "0.9";
    object      phi;
}
// * * * * * * * * * * * * * * * * * * * * * * * * * * * * * * * * * * * * * //

dimensions      [0 3 -1 0 0 0 0];

internalField   nonuniform List<scalar> 
6703
(
0.00042075034
0.011887087
-0.012307837
-0.0018916607
0.022696151
-0.02038374
-0.0053030138
0.02870095
-0.025289597
-0.0092532865
0.034270038
-0.030319766
-0.013767084
0.040636187
-0.036122389
-0.018893109
0.048084843
-0.042958818
-0.024684038
0.056797623
-0.051006693
-0.031196835
0.06697685
-0.060464053
-0.038506029
0.078848736
-0.071539542
-0.046708655
0.09267647
-0.084473845
-0.055931375
0.10876766
-0.099544941
-0.066334527
0.12748726
-0.11708411
-0.078113058
0.14928129
-0.13750276
-0.091515698
0.17472459
-0.16132195
-0.10690382
0.20461272
-0.1892246
0.24006982
-0.2224435
-0.12453013
-0.00015124859
0.012038336
-0.0015635445
0.024108447
-0.0038234135
0.030960819
-0.0065688474
0.037015472
-0.0098240898
0.043891429
-0.013680462
0.051941215
-0.018243372
0.061360533
-0.023629309
0.072362786
-0.02997265
0.085192076
-0.03743108
0.1001349
-0.046197166
0.11753375
-0.056516765
0.13780686
-0.068710694
0.16147522
-0.08319153
0.18920543
-0.10042096
0.22184216
0.26037801
-0.12072916
0.00058527975
0.011453056
0.00059826939
0.024095458
-0.00026262381
0.031821712
-0.0016326872
0.038385535
-0.0033665349
0.045625277
-0.0054882152
0.054062895
-0.0080766585
0.063948976
-0.011235173
0.075521301
-0.01509145
0.089048353
-0.01980139
0.10484484
-0.025521844
0.1232542
-0.032477859
0.14476288
-0.040947953
0.16994532
-0.051281525
0.199539
-0.063913608
0.23447424
0.27576491
-0.079300507
0.0015941431
0.0098589128
0.0032275738
0.022462027
0.0040285352
0.03102075
0.0041922735
0.038221797
0.0040400267
0.045777524
0.0036913536
0.054411569
0.0031424363
0.064497893
0.0023318761
0.076331861
0.0011622912
0.090217938
-0.00049340519
0.10650054
-0.0028059321
0.12556673
-0.0059977588
0.1479547
-0.01029557
0.17424313
-0.015950669
0.2051941
-0.023227656
0.24175123
0.2847655
-0.032228248
0.0030771359
0.0067817769
0.0071792068
0.018359956
0.010592312
0.027607645
0.013113674
0.035700435
0.015060192
0.043831005
0.016713394
0.052758367
0.018230352
0.062980935
0.01966495
0.074897264
0.020995616
0.088887271
0.02214424
0.10535191
0.022992038
0.12471893
0.023403601
0.14754314
0.023188488
0.17445824
0.022129984
0.2062526
0.01996151
0.2439197
0.28848444
0.016242567
0.0058707205
0.00091105644
0.012911448
0.011319229
0.019786225
0.020732868
0.025883994
0.029602666
0.031116651
0.038598349
0.035656791
0.048218227
0.039725391
0.058912334
0.043519981
0.071102674
0.047182415
0.085224837
0.050786941
0.10174739
0.054332721
0.12117315
0.057780697
0.14409516
0.061044542
0.1711944
0.064010753
0.20328639
0.066552952
0.2413775
0.28647174
0.068565652
0.0040443646
-0.0031333082
0.015383691
-2.0097684e-05
0.027638121
0.0084784377
0.038679833
0.018560955
0.048699535
0.028578647
0.057709432
0.039208331
0.06573025
0.050891516
0.072902271
0.063930652
0.07942681
0.078700299
0.08553399
0.095640207
0.091441799
0.11526534
0.097345501
0.13819146
0.10339406
0.16514583
0.1096884
0.19699206
0.11628046
0.23478543
0.27967061
0.1230816
-0.00019703479
-0.0029362734
0.0061873266
-0.006404459
0.018773381
-0.0041076165
0.035831508
0.0015028276
0.052893338
0.011516817
0.068311951
0.023789717
0.082528535
0.036674932
0.09560003
0.050859158
0.1074828
0.066817533
0.11827852
0.084844486
0.12821223
0.10533163
0.13763596
0.12876772
0.14698263
0.15579916
0.15670729
0.18726741
0.16724521
0.22424751
0.26797735
0.17893846
-0.00082325463
-0.0021130188
-0.0013831679
-0.0058445458
0.0028045533
-0.0082953377
0.013246119
-0.0089387384
0.029950917
-0.0051879806
0.052172009
0.0015686249
0.075283237
0.013563704
0.096664012
0.029478384
0.1166403
0.046841247
0.13515317
0.066331611
0.15220157
0.088283237
0.16808283
0.11288647
0.18328639
0.14059559
0.19844895
0.17210486
0.21440235
0.2082941
0.25034807
0.23203163
0.00023746087
-0.0023504796
0.00047742753
-0.0060845124
0.00064236446
-0.0084602746
0.0018180286
-0.010114402
0.0082559301
-0.011625882
0.022068584
-0.012244029
0.04339649
-0.0077642016
0.071477664
0.0013972096
0.098934882
0.01938403
0.12487198
0.040394515
0.1501448
0.063010417
0.17484586
0.0881854
0.19900996
0.1164315
0.22280613
0.14830869
0.24743475
0.18366547
0.22292715
0.27485567
0.00070221476
-0.0030526944
0.0012053231
-0.0065876208
0.0012968606
-0.0085518121
0.0011862854
-0.010003827
0.00104894
-0.011488537
0.0019459845
-0.013141074
0.0091156998
-0.014933917
0.026069283
-0.015556373
0.052429405
-0.006976092
0.085880851
0.0069430693
0.11695993
0.031931336
0.15130497
0.053840363
0.18395561
0.083780857
0.21601677
0.11624753
0.24993075
0.14975149
0.18531357
0.28754433
-0.00063095088
-0.0024217435
-0.0025886605
-0.0046299111
-0.0052357271
-0.0059047454
-0.0082916568
-0.0069478974
-0.011696248
-0.0080839456
-0.015339788
-0.0094975331
-0.019156522
-0.011117184
-0.021918295
-0.0127946
-0.014671868
-0.014222519
0.0071088705
-0.014837669
0.050274474
-0.011234267
0.10539034
-0.0012755073
0.12715867
0.062012535
0.15455004
0.088856156
0.18461281
0.11968872
0.15362126
0.21630513
-0.0017475872
-0.012768665
0.014516253
-0.0040781558
-0.021446041
0.02377661
-0.007029989
-0.026397005
0.029348838
-0.010714932
-0.031407472
0.035092416
-0.015147988
-0.037220663
0.041653718
-0.02044458
-0.044024658
0.04932125
-0.02674253
-0.051968312
0.058266262
-0.034193303
-0.061211275
0.068662048
-0.042952729
-0.071929149
0.080688576
-0.053166308
-0.084315588
0.094529166
-0.064967648
-0.098585383
0.11038672
-0.078474955
-0.114981
0.1284883
-0.093797621
-0.13378475
0.14910741
-0.11108139
-0.15533858
0.17262235
-0.13073865
-0.17998817
0.19964543
-0.20822468
0.23127109
-0.15378506
-0.0017583221
-0.011010343
-0.0050280595
-0.018176304
-0.0091498651
-0.0222752
-0.014098166
-0.026459171
-0.019999289
-0.03131954
-0.027014851
-0.037009095
-0.035333357
-0.043649807
-0.045171093
-0.051373539
-0.056775476
-0.060324766
-0.070429063
-0.070662001
-0.086453616
-0.08256083
-0.10521497
-0.096219644
-0.12713093
-0.11186879
-0.15267833
-0.12979118
-0.18233536
-0.15033115
-0.17399924
-0.21656079
-0.0021639936
-0.0088463497
-0.0058649957
-0.014475302
-0.010451403
-0.017688792
-0.015930174
-0.0209804
-0.022444869
-0.024804845
-0.03017546
-0.029278505
-0.039330238
-0.034495028
-0.050148043
-0.040555734
-0.062901273
-0.047571536
-0.077899429
-0.055663844
-0.095493807
-0.064966453
-0.1160843
-0.075629149
-0.14012859
-0.0878245
-0.16816045
-0.10175931
-0.20081195
-0.11767965
-0.13577645
-0.23903474
-0.0024339
-0.0064124497
-0.0064125963
-0.010496605
-0.011317364
-0.012784025
-0.017182958
-0.015114807
-0.024164505
-0.017823297
-0.032452361
-0.020990649
-0.042266029
-0.02468136
-0.053855922
-0.028965841
-0.067505674
-0.033921783
-0.083534666
-0.039634853
-0.10230121
-0.046199908
-0.12420783
-0.053722529
-0.14971277
-0.062319563
-0.17934029
-0.072131793
-0.21363516
-0.083384784
-0.096593245
-0.25281836
-0.0027468781
-0.0036655716
-0.006984975
-0.0062585085
-0.012172452
-0.0075965477
-0.018367778
-0.0089194805
-0.025731855
-0.010459221
-0.034462047
-0.012260457
-0.044787471
-0.014355936
-0.05697088
-0.016782432
-0.071311925
-0.019580739
-0.088151674
-0.022795103
-0.10787898
-0.026472606
-0.13093772
-0.030663787
-0.15783169
-0.035425588
-0.18914757
-0.040815922
-0.22575969
-0.046772656
-0.052879663
-0.26947328
0.00042532056
0.014036704
-0.014462025
2.5016963e-05
0.028354568
-0.027954265
-0.0012909725
0.036758489
-0.0354425
-0.0030878378
0.044052171
-0.042255306
-0.005286705
0.052283318
-0.050084451
-0.0079364466
0.061899329
-0.059249587
-0.011116489
0.073141552
-0.06996151
-0.01493432
0.086265135
-0.082447303
-0.019519693
0.10154717
-0.096961796
-0.025027681
0.11930024
-0.11379226
-0.031643927
0.13988657
-0.13327032
-0.03959425
0.16374138
-0.15579106
-0.049159862
0.19141485
-0.18184924
-0.060689238
0.2236363
-0.21210693
-0.074560085
0.26136514
-0.24749429
0.30567435
-0.28911064
-0.091123791
-0.0028629214
-0.00080265024
-0.0077291304
-0.0013922995
-0.013564868
-0.0017608099
-0.020340852
-0.002143497
-0.028222302
-0.0025777702
-0.037406582
-0.0030761767
-0.048114476
-0.0036480427
-0.060595797
-0.0043011101
-0.075135004
-0.005041533
-0.092056735
-0.0058733718
-0.1117315
-0.006797836
-0.13458307
-0.0078122191
-0.16109984
-0.0089088207
-0.19184348
-0.010072284
-0.22730475
-0.011311385
-0.012587424
-0.26759699
-0.0026070961
0.0018044459
-0.00725085
0.0032514544
-0.012921432
0.0039097724
-0.019588893
0.0045239642
-0.027417293
0.0052506293
-0.036606411
0.0061129415
-0.047381473
0.0071270196
-0.0599966
0.008314016
-0.074738225
0.0097000921
-0.09192813
0.011316533
-0.11192635
0.013200384
-0.1351351
0.015396532
-0.16200406
0.017960137
-0.1930169
0.020940562
-0.22863871
0.024310422
0.027868114
-0.26909425
-0.0026668926
0.0044713384
-0.0068603887
0.0074449505
-0.012029096
0.0090784801
-0.018234054
0.010728922
-0.025634758
0.012651333
-0.034427679
0.014905863
-0.044840646
0.017539987
-0.057133295
0.020606665
-0.071598895
0.024165693
-0.08856709
0.028284728
-0.1084076
0.033040897
-0.13153377
0.038522701
-0.15840614
0.044832504
-0.18955151
0.052085934
-0.22571438
0.060473294
0.070329008
-0.26817528
-0.0024037525
0.0068750909
-0.0063382509
0.011379449
-0.011198748
0.013938978
-0.017014753
0.016544927
-0.02393619
0.019572769
-0.032147717
0.02311739
-0.041861738
0.027254007
-0.053319455
0.032064382
-0.066792799
0.037639037
-0.082587147
0.044079076
-0.10104587
0.051499616
-0.12255935
0.060036183
-0.14758347
0.069856623
-0.17667349
0.08117596
-0.2104221
0.094221898
0.10910979
-0.24920287
-0.0021142913
0.0089893822
-0.0057375703
0.015002728
-0.010233797
0.018435204
-0.01560497
0.021916099
-0.021988165
0.025955964
-0.029556296
0.030685521
-0.038509546
0.036207257
-0.049077629
0.042632465
-0.061523574
0.050084982
-0.076149168
0.058704669
-0.093303476
0.068653923
-0.11339608
0.080128789
-0.13691306
0.093373604
-0.16443531
0.1086982
-0.1967896
0.12657619
0.14797202
-0.23565183
-0.0017161846
0.010705567
-0.0049122821
0.018198825
-0.0089405132
0.022463436
-0.013774019
0.026749605
-0.019533921
0.031715866
-0.02637652
0.03752812
-0.034484683
0.04431542
-0.044069995
0.052217778
-0.055378639
0.061393626
-0.068699167
0.072025198
-0.084372651
0.084327407
-0.10280667
0.098562808
-0.12449918
0.11506612
-0.15005806
0.13425708
-0.18009922
0.15661735
0.18251758
-0.21464479
-0.0017540395
0.012459606
-0.004093765
0.020538551
-0.0069999864
0.025369657
-0.010590295
0.030339914
-0.014899456
0.036025026
-0.020039549
0.042668214
-0.02614352
0.05041939
-0.033365657
0.059439915
-0.041860611
0.06988858
-0.051783673
0.08194826
-0.063286514
0.095830248
-0.076512686
0.11178898
-0.0915946
0.13014803
-0.10868056
0.15134304
-0.12799249
0.17592928
0.20479365
-0.15026856
-0.0018611593
0.00025922564
0.0016019337
-0.00017213481
0.0033076508
-0.0049966753
0.0026956071
0.0076622467
-0.010529989
0.0061286222
0.01169779
-0.015130805
0.010081568
0.014956358
-0.018909303
0.014375376
0.017786772
-0.02208058
0.024268785
0.014730014
-0.024623423
0.043383871
0.0071953207
-0.026310406
0.075390398
-0.0059967066
-0.026009821
0.12310141
-0.025379761
-0.022331247
0.16137406
-0.052415573
0.014142918
0.19469029
-0.084836368
0.051520137
0.22440499
-0.12188113
0.092166433
0.24952904
-0.16361557
0.13849152
0.26964695
-0.2104646
0.19034668
-0.26248925
0.24729221
0.284844
-0.0023753993
0.0026346249
-0.004636244
0.0055684956
-0.0058469404
0.0088729432
-0.0064095833
0.012260433
-0.00063728331
0.0091840578
0.013916615
0.0032328733
0.03774189
-0.0090952613
0.070735364
-0.025798153
0.10956907
-0.044830414
0.1502333
-0.066043988
0.18830664
-0.090488913
0.22240652
-0.11893625
0.25236146
-0.15183607
0.27843073
-0.18968484
0.30114493
-0.2331788
-0.28317527
0.32183094
-0.0017937704
0.0044283953
-0.004203186
0.0079779112
-0.0015157336
0.0061854908
0.008893066
0.0018516335
0.02724621
-0.0091690858
0.053298353
-0.02281927
0.081383915
-0.037180823
0.10858816
-0.053002401
0.13452417
-0.070766426
0.15932003
-0.090839846
0.18254596
-0.11371484
0.2036965
-0.14008679
0.22262765
-0.17076722
0.23959696
-0.20665415
0.25516017
-0.24874201
-0.29810044
0.27008535
-0.0007540979
0.0051824932
0.0046624021
0.0025614112
0.01735764
-0.0065097475
0.037068393
-0.017859119
0.057238596
-0.029339289
0.075971164
-0.041551837
0.093688872
-0.054898532
0.11036932
-0.069682851
0.12589434
-0.08629144
0.14028362
-0.10522913
0.15366985
-0.12710107
0.16620525
-0.15262218
0.17805648
-0.18261845
0.18942643
-0.2180241
0.20053753
-0.25985312
-0.30914648
0.21158357
0.0042609334
0.00092155985
0.016652928
-0.0098305838
0.031013834
-0.020870653
0.044477533
-0.031322818
0.057033385
-0.04189514
0.068549677
-0.05306813
0.078968903
-0.065317757
0.088418183
-0.079132132
0.097140358
-0.095013614
0.10540746
-0.11349624
0.11346707
-0.13516067
0.12149423
-0.16064934
0.12956503
-0.19068926
0.13767007
-0.22612913
0.14574398
-0.26792703
-0.31707965
0.15367715
0.0070134261
-0.0060918663
0.016323285
-0.019140443
0.025367083
-0.029914451
0.033479099
-0.039434834
0.040516211
-0.048932252
0.046663982
-0.059215901
0.052221072
-0.070874848
0.057478046
-0.084389106
0.062663803
-0.10019937
0.067921421
-0.11875386
0.073299764
-0.14053902
0.078759241
-0.16610882
0.084190402
-0.19612042
0.089443455
-0.23138219
0.094353105
-0.27283668
-0.32139943
0.098672884
0.0042775406
-0.010369407
0.0098410409
-0.024703943
0.014777609
-0.034851019
0.01872632
-0.043383545
0.021984354
-0.052190287
0.024905644
-0.062137191
0.027733876
-0.07370308
0.030597807
-0.087253037
0.033530003
-0.10313157
0.036490843
-0.1217147
0.039384094
-0.14343227
0.04206701
-0.16879173
0.044359576
-0.19841299
0.046056365
-0.23307898
0.046954532
-0.27373485
-0.32139408
0.046949184
0.0024314758
-0.012800883
0.0051783156
-0.027450783
0.0070826382
-0.036755342
0.0082694201
-0.044570327
0.0091319817
-0.053052848
0.0098784016
-0.062883611
0.010574658
-0.074399336
0.011205521
-0.0878839
0.011701545
-0.10362759
0.011957375
-0.12197053
0.011832804
-0.1433077
0.011152369
-0.1681113
0.0097084201
-0.19696904
0.0072683868
-0.23063894
0.0035891216
-0.27005558
-0.3160074
-0.0017975558
0.0012358218
0.0021396068
0.0021427544
0.0016245987
0.00085506855
-0.00012921326
-0.0013869971
-0.0030057621
-0.0050861836
-0.0077564647
-0.011177595
-0.015547511
-0.0211017
-0.028104341
-0.036794788
-0.047127843
-0.00035200244
-0.014110023
-0.0020749342
-0.026231333
-0.004635903
-0.032881531
-0.0076772367
-0.039213972
-0.011275984
-0.046485703
-0.015530975
-0.054994597
-0.020552344
-0.064940141
-0.026460551
-0.076539097
-0.033389992
-0.090032355
-0.041496786
-0.10568546
-0.050970722
-0.12379638
-0.062056956
-0.14470483
-0.075083872
-0.16882232
-0.090475689
-0.19671511
-0.10872561
-0.22924437
-0.26761211
-0.13022415
0.00022269196
-0.014332715
-0.0024117868
-0.023596854
-0.0060467115
-0.029246606
-0.010215512
-0.035045171
-0.01497516
-0.041726056
-0.020378377
-0.04959138
-0.026477293
-0.058841225
-0.033328626
-0.069687763
-0.041000677
-0.082360304
-0.049583723
-0.097102415
-0.059195915
-0.11418419
-0.069992051
-0.13390869
-0.082176369
-0.156638
-0.096035951
-0.18285553
-0.11189243
-0.21338789
-0.2497757
-0.12972883
-0.0013480204
-0.0010895371
0.0024375575
-0.0039091433
-0.0020678874
0.0046290104
-0.0069549092
-0.0028005701
0.005846336
-0.010136264
-0.0036275817
0.0068089369
-0.013330876
-0.004640984
0.0078355957
-0.016642216
-0.0057903055
0.0091016454
-0.020107256
-0.0070540001
0.010519041
-0.023628823
-0.0084096468
0.011931213
-0.026882995
-0.0098173096
0.013071482
-0.028961786
-0.011332369
0.01341116
-0.028941509
-0.012514871
0.012494594
-0.030716987
-0.010849228
0.012624706
0.0068835392
0.0013572351
-0.038957761
0.051525314
0.027410234
-0.072052008
0.095420646
0.054325805
-0.098221138
0.084803698
-0.12554209
0.13615904
-0.0019724743
0.00088293719
-0.0058169156
0.001776554
-0.010605637
0.001988151
-0.01609979
0.0018665716
-0.022381164
0.0016403906
-0.029596471
0.0014250011
-0.037824854
0.0011743835
-0.047081312
0.00084681065
-0.057324675
0.00042605403
-0.068595788
-6.1255562e-05
-0.080712909
-0.00039774949
-0.091719149
0.00015701233
-0.092962356
0.0026004421
-0.073926756
0.0083746344
-0.037849356
0.018248405
0.035690376
0.011263966
-0.0016319094
0.0025148466
-0.0045139391
0.0046585838
-0.0082667471
0.0057409591
-0.013026979
0.0066268038
-0.019012621
0.0076260326
-0.026323497
0.0087358771
-0.03505225
0.0099031366
-0.045297258
0.011091819
-0.057143029
0.012271825
-0.070565572
0.013361288
-0.085236988
0.014273667
-0.10020237
0.015122396
-0.11338078
0.015778855
-0.12090636
0.015900212
-0.11750563
0.01484767
0.010765253
-0.092580502
-0.0017379543
0.0042528009
-0.0047139757
0.0076346054
-0.0084333185
0.009460302
-0.012905374
0.01109886
-0.018197812
0.012918471
-0.024413317
0.014951382
-0.031684303
0.017174123
-0.04012519
0.019532706
-0.049773507
0.021920142
-0.060578587
0.024166368
-0.072319635
0.026014715
-0.084305884
0.027108645
-0.095263889
0.026736859
-0.10302534
0.023661659
-0.10403284
0.015855179
0.00031124805
-0.093578839
-0.0017135462
0.0059663471
-0.0046176013
0.010538661
-0.0081912936
0.013033994
-0.012419366
0.015326932
-0.017374989
0.017874094
-0.02314935
0.020725743
-0.02982361
0.023848383
-0.037454336
0.027163432
-0.046055905
0.030521711
-0.055555303
0.033665766
-0.065711063
0.036170475
-0.075992458
0.037390041
-0.085396772
0.036141174
-0.092414066
0.030678953
-0.094788862
0.018229975
-0.0034132133
-0.091064401
-0.0014745415
0.0074408886
-0.0041064786
0.013170598
-0.0073712829
0.016298799
-0.011228837
0.019184486
-0.01574139
0.022386646
-0.020984955
0.025969309
-0.027029352
0.02989278
-0.033919148
0.034053229
-0.041649002
0.038251565
-0.050127771
0.042144536
-0.059117613
0.045160317
-0.068139696
0.046412124
-0.076309378
0.044310856
-0.082038138
0.036407713
-0.082778205
0.018970043
-0.01087122
-0.075320198
-0.00091993071
0.0083608193
-0.0029946831
0.01524535
-0.005683621
0.018987737
-0.0088830952
0.022383961
-0.012633574
0.026137125
-0.016998008
0.030333743
-0.022034551
0.034929322
-0.027780588
0.039799266
-0.034227677
0.044698655
-0.041273879
0.049190737
-0.048631628
0.052518066
-0.055766339
0.053546835
-0.061766319
0.050310836
-0.064820445
0.039461839
-0.059081445
0.013231043
-0.026699086
-0.043253579
1.6849985e-05
0.0083439694
-0.00092368396
0.016185884
-0.0025523813
0.020616434
-0.0045986706
0.02443025
-0.0070157758
0.02855423
-0.0098377343
0.033155702
-0.013100765
0.038192353
-0.016822471
0.043520972
-0.020975977
0.048852161
-0.025435312
0.053650072
-0.029927348
0.057010103
-0.033663524
0.057283011
-0.037582751
0.054230063
-0.033112585
0.034991674
-0.011445838
-0.0084357042
-0.059834646
0.021689722
0.0010659174
0.007278052
0.0017536522
0.015498149
0.0017996544
0.020570432
0.0015239914
0.024705913
0.0011005437
0.028977678
0.00058014864
0.033676097
-1.5377664e-05
0.038787879
-0.00065747818
0.044163072
-0.0012877324
0.049482416
-0.0017878341
0.054150174
-0.0019124748
0.057134744
-0.0021312231
0.057501759
0.005427783
0.046671057
0.029937799
0.010481658
0.062887158
-0.041385063
-0.097801704
0.10085422
0.0022919788
0.0049860732
0.0048857045
0.012904424
0.0070159129
0.018440223
0.0088195839
0.022902242
0.010638217
0.027159045
0.01273446
0.031579853
0.015308853
0.036213486
0.018572739
0.040899187
0.022816013
0.045239142
0.028483427
0.04848276
0.036276981
0.049341189
0.050115333
0.043663408
0.078221743
0.018564647
0.11419223
-0.025488832
0.15283792
-0.080030748
-0.13954455
0.19458076
0.0030371155
0.0019489577
0.0073336134
0.0086079259
0.011343018
0.014430819
0.015059901
0.019185359
0.018810015
0.023408932
0.022999508
0.02739036
0.028022309
0.031190685
0.034296543
0.034624952
0.042311986
0.037223699
0.052724989
0.038069757
0.070047889
0.032018289
0.10176428
0.011947015
0.14567523
-0.025346297
0.19424097
-0.074054572
0.2445753
-0.13036508
-0.19160139
0.29663214
0.0035166508
-0.0015676931
0.006951073
0.0051735038
0.010576349
0.010805543
0.014254214
0.015507493
0.018239648
0.019423498
0.022836313
0.022793696
0.028364482
0.025662516
0.035120853
0.027868581
0.043396047
0.028948506
0.051913359
0.029552445
0.083858598
7.3050801e-05
0.12989477
-0.034089159
0.17656635
-0.072017873
0.21823203
-0.11572025
0.2528042
-0.16493725
-0.21929571
0.28049851
0.00030657946
-0.00015176895
0.00038663972
0.00040678838
0.00030942539
1.8820993e-05
-0.00056848186
-0.0015926205
-0.0032435825
-0.0057691668
-0.0094838598
-0.01477899
-0.022133719
-0.03211263
-0.045407948
-0.0630578
0.00036329376
-0.00018353809
0.00046552576
0.00051277022
0.00044043241
0.00017030279
-0.00040466066
-0.0014303761
-0.0031021047
-0.0056753539
-0.0094728241
-0.01489321
-0.022423799
-0.032656972
-0.046399434
-0.064904045
0.00021106911
-3.4240544e-05
0.0004866238
0.0008633117
0.0013775065
0.0020906221
0.0031297154
0.0046878908
0.0076265758
0.014847773
0.029063742
0.04649472
0.066643279
0.08941455
0.11482398
0.14282048
1.4913273e-05
-1.5814043e-05
-4.3496114e-05
-0.00018245666
-0.00043080652
-0.00082669411
-0.0014248369
-0.0022882232
-0.0034392602
-0.004865769
-0.0036054419
0.0077437568
0.030798531
0.047602679
0.069070264
0.097149429
0.13470562
-0.5307484
0.39604279
1.3184977
-1.3635294
0.045031701
0.16960918
-0.4865878
0.31697862
1.3184977
-0.43465193
0.031247147
0.40340479
-1.2354952
0.69248284
0.5430124
-0.19073571
0.67532104
-0.48458533
1.1644208
0.44061315
-1.605034
1.2138298
0.30008766
-1.5139175
0.17734257
-0.24040037
-0.29838835
0.23348431
0.52262475
1.1199415
-1.6425663
-0.52876616
-0.58540544
1.1141716
-1.2327608
0.47495722
0.7578036
-0.23802639
0.58755008
-0.34952369
0.61299115
-0.017557505
-0.59543365
1.1318956
-1.1557648
0.023869238
-0.0083498924
0.32230454
-0.31395465
0.06156232
-0.19975673
0.13819441
0.96728788
-0.3368842
-0.63040368
-0.20961345
-0.22503849
-1.1471926
0.6184264
-1.4225164
1.4085989
0.013917456
0.10937903
1.2782758
-1.3876549
0.021450425
-0.86150168
0.84005125
0.81893249
0.085844508
-0.904777
-0.65400542
-0.97816552
1.6321709
0.94082003
-0.27929007
-0.66152996
0.22798483
0.99901156
-1.2269964
-0.37031155
0.82145321
-0.45114166
1.0309468
-0.21201429
0.30896266
-0.2291813
-0.079781353
-0.023750588
1.2931998
-1.2694492
1.065278
-0.053450614
-1.0118274
0.17581447
-0.93109582
0.75528134
1.3766778
-1.1562365
-0.22044127
1.0313162
-1.2619017
0.2305855
-0.70994827
0.88576274
0.85903361
-0.51561269
-0.34342092
-1.2897918
0.23046985
1.0593219
0.33554531
-0.31381322
-0.021732082
1.1399714
-0.67757734
-0.4623941
1.1644208
-0.38398598
0.87764641
-0.49366043
1.2138298
-0.1441131
0.55456527
-0.41045217
-0.33088045
1.0876041
-0.75672367
-1.4744484
0.63664854
0.83779986
-1.1644208
1.7483094
-0.5838886
-1.2138298
1.7706815
-0.55685175
0.52171175
-0.19762934
-0.32408241
-0.57693313
0.23725198
0.33968115
0.20533603
-0.38456676
0.17923074
0.13660448
0.19178993
-0.32839441
-0.57346769
0.87111426
-0.29764656
0.18135191
0.88115208
-1.062504
0.1321201
-0.27315722
0.14103711
-0.8129328
0.52236218
0.29057062
-1.5774836
0.16845041
1.4090332
1.4170793
-0.51081959
-0.90625973
1.2904582
0.1266211
0.83124496
0.61322938
-1.4444743
0.78660555
0.65036973
-1.4369753
-0.35561219
0.76976735
-0.41415516
0.081671585
-0.66738424
0.58571266
-0.98071778
1.0382653
-0.057547564
0.72483205
-1.2149757
0.49014368
0.74475085
0.23332097
-0.97807182
-0.18291394
0.95186031
-0.76894637
-1.4857619
1.1548815
-0.57869764
0.92608236
-0.34738472
0.2853523
0.32763885
-0.31302819
0.57856677
-0.26553858
0.80008719
0.9965755
-1.7966627
1.4162379
-1.301227
-0.11501085
0.077483623
-0.42220517
0.79208957
-0.36988439
0.92841244
-0.22921432
-0.69919811
1.5879871
-1.4394119
-0.14857521
1.1534679
-1.0333045
-0.12016338
0.59761766
-0.5963574
-0.0012602646
-0.30365455
0.042752134
0.26090242
0.14912272
-0.51943427
-1.9372966
1.36906
0.56823664
0.371845
0.76005061
0.41606281
-1.4285464
1.0124835
-0.69869939
1.150452
-0.45175258
-0.18671554
-0.98328276
1.1699983
0.49198264
-0.34215324
-0.14982941
0.085215322
1.3310225
0.95731282
-0.019280821
-0.938032
-1.2559275
0.59981218
0.6561153
0.10057979
0.53651952
-0.6370993
0.47388554
0.38514807
0.65696346
0.3591843
-1.0161478
0.69905543
-0.28542453
-0.4136309
-0.74579634
-0.82295835
0.46411429
-0.29450511
-0.10572415
-0.32794247
0.43366662
-0.42189698
0.83644627
-0.41454929
-0.47329291
1.2733801
-0.89071761
1.1895204
-0.29880277
-0.88197407
-0.3739534
-0.14447876
1.175795
1.2838762
-1.2061443
-0.077731898
-0.75850724
-0.47425358
-1.7174211
1.1530476
0.56437351
-1.9009052
1.3756229
0.52528231
0.84822311
-0.36546044
-0.48276267
0.18226557
-0.56625155
0.18912533
-0.76259302
0.014154503
0.61945925
-0.63361375
0.44439862
-0.62731256
-0.15201041
0.48755571
0.27241603
0.69487185
1.0706414
0.51734567
0.57233589
-0.55818138
0.17283772
0.98063066
-1.1534684
1.6442454
-0.90665349
-0.73759187
-0.35600896
0.7318721
-0.37586314
-0.0077050892
0.21304112
0.30891464
-0.17231016
0.34226553
-0.11908148
-0.22318405
1.6868983
-1.7106489
0.051936201
0.10034162
-0.15227782
-0.11486286
0.023798457
-1.1562444
1.2268047
-0.070560276
-0.26255609
0.2074277
0.055128387
0.60573725
-0.66630917
0.060571917
-0.83961608
0.75871282
0.080903262
0.27033815
-0.13821805
-0.14027507
0.29924468
-0.15896961
-0.73081428
1.31936
-0.58854577
0.22918448
0.91078696
1.2717666
-0.54693455
0.4851376
0.36308551
-0.53034778
0.38623468
1.0446763
-1.2313918
-0.5375484
0.43182425
0.86870404
0.41517214
0.80373166
-1.6248286
0.82109693
0.48596016
0.3102838
-0.27903665
-0.55867836
0.69338397
1.2446923
-1.2446923
-0.35062185
-0.21034536
1.1676582
0.2263798
-0.64858497
-0.069720008
1.0175723
-0.94785224
-0.61113961
1.4423846
-0.6391022
1.4257077
1.3225828
-0.7472935
-0.57528935
0.3497148
0.43851803
-0.79452698
0.92265289
-1.2017544
0.27910148
0.89753989
-0.87608947
0.2180572
-0.090471203
-1.0392344
1.1297056
1.5415643
0.25885342
-1.8004177
-0.83084968
1.0036874
-0.51269554
0.691634
-0.62943479
0.78311195
-0.053498289
0.71046175
0.033649353
0.5432985
-0.57694786
-0.85027178
-0.057041782
0.90731356
0.539627
-1.2704413
-1.4292934
1.3595734
0.92509198
0.39581902
-1.320911
-0.10807451
-0.55356855
0.66164306
-0.64103029
1.163655
-0.99065666
0.38675967
0.60389698
0.57700158
-0.47642179
-0.14997913
-0.57871837
0.7286975
1.1151729
-1.2055068
0.090333914
0.92984838
0.39273446
-1.5188
0.80885172
0.060824067
1.0926438
1.0032151
0.78733005
-1.4413355
-0.021916448
0.61953411
-1.0469065
0.82371973
0.22318672
-1.1229556
1.0148811
0.60291181
0.74940575
-1.3523176
0.71882138
0.20726098
-0.89694731
0.74696819
-0.31099636
-0.73591009
-0.17067375
-0.32861079
0.49928454
0.39771249
-0.67415222
0.27643973
0.046102162
0.40982483
-0.45592699
-1.1398874
0.25921402
0.88067335
0.15118017
1.2653884
-1.4165686
-0.88384649
-0.53552757
1.4193741
0.19604184
0.74477819
0.096929802
-0.33123866
0.23430886
-0.98013161
-0.17563324
1.199068
-1.0896889
1.1732738
-0.058100899
-0.80620039
-0.28999979
1.0962002
-0.67658423
-0.30204797
0.9786322
-0.13334417
0.47195101
-0.33860684
-0.058181814
0.88190155
-0.6434573
-0.30440028
0.94785758
0.49139553
0.1501061
-0.64150163
-0.77635859
0.72179925
0.054559348
-1.0024765
0.54285659
0.45961994
-0.88054006
0.5695437
0.56397391
-1.1493794
1.5415643
0.19768935
0.38165381
-0.57934316
1.3925454
-1.1600239
-0.23252154
-1.1499666
1.2075373
-0.46278648
-0.88755339
-0.26869102
0.033368982
-0.84020341
0.80683443
-1.1338469
1.2850271
0.64435392
-1.1258413
0.48148738
0.58553185
0.77268509
-1.3582169
-0.67071674
0.52221244
-0.69288619
0.030332358
-0.17060742
-1.2012097
-0.51621142
1.0419507
-0.090090412
1.0936235
-0.91557937
-0.17804415
0.91374193
0.77361935
-1.6873613
0.18630386
-0.70191654
0.35386253
-0.14722851
-0.20663402
-0.40309844
0.6007878
-0.56145848
1.4752004
-1.4096848
1.4131005
-0.0034156869
-0.14738756
0.44663225
0.2559463
-0.1590165
0.35870143
-0.37558152
0.016880092
0.31335117
-1.4335955
1.1202443
-0.48415131
-0.018291839
0.50244315
-0.18227818
-0.66099033
0.84326851
0.34878107
0.37004031
0.31074652
1.1573214
-1.4680679
-0.60992293
0.28131214
1.110417
0.23895429
-1.3493713
0.037953432
1.227435
0.50262738
0.5283194
1.0436958
-0.0065945501
-1.0371013
-0.41979501
0.10676682
-1.1538004
0.34855926
0.80524118
0.14016677
-0.60528064
0.46511387
-0.79569797
0.80900995
-0.013311984
-0.14793105
1.2132091
1.1613758
-1.7362433
0.57486753
0.47649525
0.27605419
-0.75254943
-0.43896826
-0.025326594
0.46429485
-0.13263621
-0.34282282
0.47545903
0.4212211
0.0025632749
1.3899822
-0.35854174
1.0028957
0.21630455
-0.15474223
0.6761267
0.32323369
-0.99936039
0.48157301
-0.44792366
-0.92805584
0.28459854
1.5821074
-0.13762506
1.3615623
-1.2239373
0.12405273
-1.2802892
-1.2626762
0.67869049
0.58398568
1.4622799
-0.41090918
-0.79084519
-1.0956739
-0.19411781
-0.84222109
1.0755421
-0.62927546
-0.60621978
1.2292029
-1.0012181
-0.7953787
0.96935115
-0.17397245
-0.87119249
0.89506173
-0.3928355
-0.3835231
0.10138599
0.99223754
-0.040391655
-0.79922442
-0.61785857
-0.37279809
-0.24891477
1.312714
-1.0637992
-0.4681313
0.60829807
-0.90261714
0.92309976
-0.020482622
0.058743784
-1.3193373
1.2605935
0.84818335
-0.012547044
-0.83563631
0.51205367
-0.66516788
0.15311421
1.0445178
-1.2833685
0.23885072
-0.062117046
0.82072301
-0.75860596
0.72904399
-0.56616231
-0.16288167
0.052859267
-0.2054408
0.15258153
0.21950594
-0.42911938
0.12664808
-1.0104946
-0.070230651
-0.91048713
-1.2013476
1.3771568
-1.318413
-0.56608357
-0.24684923
-0.046806959
-0.29715714
0.3439641
0.76026626
-0.61986675
-0.14039951
0.09366627
-0.93883237
0.8451661
-0.00017466341
0.35887609
-0.4349525
-0.049198808
0.59696999
-0.24818892
-0.68204699
-0.9427816
0.51549343
0.063073345
0.32336897
-1.6868984
1.3635294
0.93321297
-0.51526804
-0.41794493
-0.15848672
-0.70453085
0.86301757
-0.64584925
0.36655918
-0.63443925
0.51816969
0.11626956
-0.31386092
0.0071696543
0.30669127
-0.40444876
-0.034519499
0.14021381
0.37527962
-0.085526181
-0.7647456
0.84577983
0.02292421
-0.48704807
-0.5856199
1.072668
0.46264171
-0.0024065465
-0.46023516
-1.1234249
1.4538506
-0.33042573
1.0953616
-0.49554943
1.6866379
-1.0798743
-0.60676356
-0.85273975
-1.1938488
0.65832128
-0.93606084
0.097907386
0.83815345
-0.82363817
0.76152113
0.15080278
-0.4646637
-0.56425886
-0.57562852
0.5715297
-0.43039851
-0.14113119
0.84729695
-0.8876886
-0.82590633
0.9195726
-0.18383343
1.2622754
-1.0784419
-0.8703571
0.43301079
0.43734632
-0.79918569
0.83576196
-0.036576271
0.50752147
-0.38401137
-0.1235101
0.88986164
-0.4133664
0.94356784
0.15179377
0.69065511
0.82904932
-1.5197044
-0.10923273
-0.21730652
0.32653924
-0.27271117
0.26516887
0.0075422988
-0.31799483
0.04483761
-1.783312
1.1125953
0.34049961
-1.0667209
0.72622131
-0.0089928636
-0.56233399
0.57132685
0.53509372
-0.65363731
0.11854359
0.55079491
0.27766629
-0.82846119
-1.387995
0.32881448
1.0591806
-0.76207908
-0.061559096
0.38156354
0.12595793
-1.2206436
-0.18904121
0.10491001
0.58757283
0.46549164
-0.35664295
-0.10884869
0.64312029
1.0321981
-1.6753184
0.85586134
-0.0076779907
0.43045439
0.14107531
0.43125191
0.50196106
-0.58929484
0.25241064
0.95512238
0.08857343
-0.89278513
0.061935455
-0.53560548
0.20766301
0.80102256
-0.48550766
-0.3155149
-0.63086189
0.89363882
-0.60919003
-0.28444879
0.55667658
0.1723674
-0.98198068
1.3053497
0.84394782
-0.44623534
0.18809524
-1.2918487
1.0546151
0.23723356
-0.64842522
0.19629831
0.45212692
0.59532566
-0.64828764
0.052961978
-0.055310185
1.1752517
-0.046250957
-0.7358327
0.35800316
0.37782955
0.79379866
0.23846068
-1.1745215
-0.92991616
0.59943811
0.33047806
-0.0018257214
-0.79355298
-0.27125495
-0.8759376
0.62855195
0.13171431
0.59655913
-0.32513493
-0.2714242
-0.3061011
0.42908278
-0.12298169
-0.25122782
-0.066767003
-1.3138224
0.23953871
1.0742837
-0.54485837
-0.10356686
0.51324502
-0.21985373
-0.29339128
-0.17296487
0.65810247
0.67497587
-0.36384717
-0.3111287
0.66172061
-0.38572695
-0.27599366
0.87032308
0.54277745
-0.72993286
1.0486528
-0.31871994
-0.99886167
0.11117307
-0.12867413
-0.14403704
-0.19635926
0.67024479
-1.1659046
0.83211705
1.5578035
-0.86714839
0.95846096
0.72839967
-0.53474266
-0.19365701
1.2215253
0.076198591
-1.2977239
0.51775386
0.80289383
-0.6012739
-0.20161993
1.2855249
-1.3156664
0.030141423
0.22027396
0.44144665
0.97279191
1.2125194
-0.76343319
-0.44908625
-0.3603111
0.74209391
-0.3817828
-0.24682905
-0.33010408
0.86486391
0.82177395
-0.30426657
0.98039327
0.25286729
0.17490249
-0.42776978
-0.0020289087
0.82275192
0.074875267
-0.56142734
0.48655208
-0.84830693
0.52923693
0.31907
-0.41344188
1.6523265
-0.15540756
-1.4969189
-0.65990493
0.97065145
0.95721988
0.20415591
-0.16101944
-1.0328294
-0.88965689
-1.2104149
-0.52582838
-1.1282201
-1.1506241
-0.16871316
-0.43862629
-0.60060816
0.36670736
-1.5760743
1.209367
0.3219043
-1.5823189
1.2604146
-1.0781355
1.7212558
-0.92770847
1.1666628
-0.34199023
0.71638641
0.21665469
-0.9330411
1.1512803
0.061239168
-0.67596792
-1.0095225
1.6854905
-1.6319204
0.62736121
1.0045591
0.27182789
-1.174445
-0.92972075
0.3244401
0.90352382
-0.79300901
-0.11051481
1.4561159
-0.2345906
1.2648036
0.086934511
-1.3517381
1.3159313
-0.99402695
-0.94711505
0.29872282
1.0459863
-1.3447092
0.50039698
0.52326226
-1.0236592
-0.025970011
-0.088892845
-1.2060756
0.36587221
-0.62624512
1.569813
0.7484405
-0.11446195
-0.63397855
0.77835347
-0.1061549
-0.67219857
-0.11205577
1.5054112
-1.3933554
0.43920323
0.43191103
-0.57112481
0.36449627
0.20662853
0.44354951
0.85190686
0.5674672
1.2809267
0.078134932
1.20739
-0.93514519
-0.32753098
-1.6541334
-0.75469698
-1.0286151
1.1010082
-0.94921446
-0.6372658
-0.05047764
0.68774344
-1.17653
1.1212198
0.31549071
-0.89169058
0.57619987
-0.63877899
0.73668637
-0.13000977
-0.042133229
0.172143
1.1786945
0.52209204
-1.7007866
1.4922603
-0.69934793
-0.79291235
-0.92570459
-0.9690895
-0.8327359
0.33199131
0.50074458
0.65035566
-0.51014185
-0.88592797
1.257773
-1.1171535
0.44056927
-0.94132393
-0.051884101
0.99320803
0.4985899
0.77968595
-0.69770307
-0.18235856
-0.25224085
0.43459941
1.1629514
-0.64794554
-0.51500588
0.07730849
-0.053510032
-0.52013391
1.1784552
0.83038152
-0.30370196
-0.52667956
0.039452959
1.364919
-1.4043719
-1.1655167
0.054563961
1.1109527
0.073173323
-1.489922
1.1832009
0.3067211
1.6172062
-1.5410076
-0.13291287
0.37016485
0.23111883
0.813399
0.27011028
-1.3935352
-0.14587027
1.1212439
-0.93989202
-0.649245
-0.72326939
-0.39968619
0.65857154
1.171514
-1.0856695
0.0865545
-0.70896198
0.62240748
-0.73041036
1.2290003
-0.22523813
0.78773457
-0.56249643
0.12569025
-0.072830979
-1.5555523
1.3339141
0.22163815
0.14057217
0.79511275
-0.93568492
0.10447934
0.7372469
0.3330916
-0.27251968
-1.1050805
0.28614896
0.49509237
-0.78124133
-1.439158
0.26262802
0.3064251
0.98403313
0.73275049
-0.44660153
1.123086
0.50770129
-1.6307873
-0.12723652
-0.20660456
0.33384108
0.22118685
1.0947444
-0.96653692
-1.0616045
1.2021767
-0.60021846
0.087522925
1.0350209
-0.010123885
-1.024897
-0.647348
-0.90820427
-0.27696679
0.23015983
0.10963876
0.60030071
-0.70993947
1.1470152
-1.2087268
0.061711679
1.3395112
-1.5203421
0.31677144
-0.67146472
0.04202993
-1.2900793
1.0411645
-0.092576229
-0.42132463
0.51390086
-0.44430486
1.3078597
-0.86355486
-1.1765709
0.49234104
-0.30303931
-0.4157783
0.71881761
-0.22387054
1.3465554
-1.1226849
-0.28807444
0.85699154
-0.5689171
1.2093447
0.4429818
-0.44395511
0.59406121
-0.81830736
0.43343768
0.058544965
-0.20515332
0.82357972
-0.89596665
0.46983481
-0.81198804
-0.35014589
-0.65233064
-0.7255583
-0.080642095
-0.45587682
0.33681583
-1.0419645
-0.33462877
0.31637948
0.37525452
-0.60575131
1.2086631
-0.56560361
-1.1379372
-0.17772918
-0.59981533
0.046847851
0.29541768
1.3167512
-0.62162724
-0.25891282
-0.77659397
0.1978756
0.97099939
-0.30869488
-0.6623045
0.53847651
0.49978883
-0.00093452887
-0.88103954
0.9517542
0.72626238
-1.6780166
-0.42950664
1.0181084
-0.58860176
0.74604337
-0.45016616
-0.29587721
0.90354838
-0.14349777
-0.57449345
0.57246455
0.39953584
0.3835761
0.82304037
0.0073411539
-0.11291316
0.21325478
-0.70940183
0.070892506
0.73849282
-0.80938532
0.09451454
0.76733386
-0.77632673
1.6737409
-0.52672578
-0.46743376
-0.19995048
0.67266014
-0.44396143
-0.22869871
0.28733177
0.60630705
-1.2186481
0.018582626
1.2000655
1.3051812
-0.67932189
-0.62585927
-0.70848726
0.2257246
0.69619676
-0.41579165
-0.28040511
-0.1573318
0.6601466
-0.5028148
0.31494717
-0.49120272
-0.0073785857
0.57971447
0.40458996
0.49190278
0.68419166
-1.1760944
-0.95718749
0.25848811
0.52118446
0.31526182
-0.40143596
0.39405738
0.7987424
-1.2857905
0.060972598
0.35042666
-0.41139926
-0.61078552
1.2331212
-0.6223357
-0.22288714
0.34514081
0.35391462
-0.72762043
0.83725919
-0.97747179
1.3926439
1.2176278
-0.72572503
-0.39207258
-0.45623435
0.041509183
0.57795007
0.089729681
0.097022174
-0.18675186
-0.47303295
-0.017362629
0.49039558
-0.93809332
0.62426538
0.31382793
0.13128683
1.1293067
-0.36114863
0.2519159
0.26022663
-0.47267557
0.21244894
-1.5918587
1.0304002
-0.4940615
0.79490733
-1.0661623
0.6389231
0.52402832
1.5463715
-1.4731982
-0.27669198
0.07125118
-0.21255539
-0.1463747
0.35893009
-0.75914235
0.098152018
0.30136864
-0.43488777
0.52135894
0.85579784
0.38386036
-0.32288776
0.33985388
0.65215437
0.84784563
-0.87152529
-0.68492149
-0.22277662
-0.053915356
0.83529692
0.37945357
-0.30356831
-0.075885261
-1.4930421
0.54592701
-0.56832211
0.4356859
1.0533836
-0.89405412
-0.15932945
0.52272313
-0.11931834
1.5491375
-0.83530287
-0.71383462
0.644099
0.014472537
-0.031491863
0.37117302
0.23341121
-0.69655705
1.4701764
0.7789831
-1.1941691
0.41518597
-0.16932538
-0.14869631
-0.11143982
0.26013613
-0.24514996
-0.32597484
0.75688784
-0.68201257
0.022476539
-0.93594578
1.0228803
-0.34023582
0.046349392
0.29388643
0.67777097
0.059475926
1.4311433
-0.9050313
-0.52611201
1.1112128
-0.66006874
-0.45114403
1.1371698
1.1315793
0.27544904
-1.0388822
-0.54546625
0.5235498
1.1786945
0.078366138
-0.089704002
0.011337864
-0.48532124
-0.36714675
-0.38529673
0.75244348
-0.029401714
0.55863864
1.7106489
-1.4119261
1.3962712
-0.30866711
0.14622804
-0.1563697
0.30717248
0.25776355
0.12230075
-0.3800643
-0.66499775
1.0608168
-0.56037146
-1.0314872
-0.76683635
0.041278045
0.82039092
0.48479024
-1.0449423
0.88905773
0.15588459
0.41516841
-0.44666028
0.18032696
1.0091934
0.48638263
-1.2745131
0.78813049
-0.42231858
0.78150289
1.9251865
-0.30798034
0.53014488
-0.14858134
1.1199405
0.063260424
-0.032502277
0.91365436
-1.0825266
1.0807009
-1.1598939
0.27396596
0.54186762
-0.49576546
0.13059315
-0.35342813
0.12968042
0.22374771
0.29733675
-0.28631626
-0.011020486
-0.32493325
1.0797122
-0.754779
0.48545421
0.3014837
0.13863174
-0.44011544
0.33760742
-0.31308298
-0.024524433
-0.96721836
-0.42077667
-0.46725301
-0.26857969
-0.20092511
-0.39543229
-0.22999884
-0.019204037
0.10291932
0.40913435
-0.06832288
1.3757526
-1.3074298
0.59627834
-0.16582395
0.42316535
-0.14041883
-0.28274652
-0.36745432
0.027218504
-0.45244974
0.69933867
0.15256818
0.23187358
-0.1421439
-0.31864043
1.1135257
-0.79488528
0.299576
0.13224826
-0.83677814
0.2151509
-0.076852946
0.33707957
-0.035986244
-0.017188879
0.053175123
0.54708263
-0.59421047
1.0102857
-0.31094701
0.29151483
0.22173019
-1.0296931
0.84585969
0.48581951
-0.51804776
0.23493707
-0.15657094
0.66223617
-0.76689455
0.062363703
-0.036928944
-0.29380819
0.5995177
-0.30570952
0.047396888
-0.92333449
-1.1602856
0.33086089
0.82942476
-0.24520226
-0.4214183
0.66662056
-0.43842696
-1.0398527
0.92779695
0.83438819
-1.5801845
-1.0662559
-0.038824674
1.0011938
-1.3316195
0.82539201
-0.030456757
0.32197158
1.123086
-0.36301562
0.24393415
-0.56616816
-0.55812898
1.1242971
-0.29862062
0.17138409
0.25703855
0.47136112
0.63091943
0.57661789
-0.79714484
0.30767538
0.49521846
0.75476311
-0.13465568
-0.85789211
0.99254779
0.62352918
-1.4464875
0.0032233535
-0.65116889
-0.01390644
0.20203783
0.13556958
1.4741785
-0.38093735
-1.0932411
-1.1485654
0.086061411
0.13324768
-0.83522978
0.70198209
1.2886696
-1.2394028
-0.049266736
-0.22963106
0.67318057
0.13108591
0.11234512
0.40428796
-0.46397944
0.13274078
0.50577508
-1.1165606
0.69346957
-0.50434424
-0.32484786
1.1235903
-0.99601331
0.31813056
0.69675052
-1.416189
1.1923184
-0.87043318
-0.61532875
-0.36305437
1.0794408
1.2060047
0.46773626
0.0054406997
0.065857949
-0.071298649
-0.09996261
-0.73442325
0.83438586
-0.39155673
-1.638507
0.12624782
0.3590609
-0.48530872
1.0647705
-0.15345118
-0.89149114
0.72139758
-1.0506919
0.18936988
0.082537669
-0.27190754
0.14223235
-0.7762109
0.13848356
-0.81068213
0.37839492
0.42262764
0.38794339
0.34625847
-0.44593563
0.099677155
0.66402234
-0.95402213
0.41181938
-1.4058463
1.2322103
-0.23879773
0.96760578
-0.72880805
0.24122417
0.97640364
-0.12460803
0.40996033
-0.61813038
0.46079857
0.38885184
1.2811183
-0.26563351
-1.0154848
0.12891481
0.40386469
-0.5327795
-0.18619985
0.67854089
0.81505727
-1.1209282
0.087623654
1.1615171
0.17799405
1.0840945
0.41590553
-0.12443249
-1.1939805
0.46951177
0.54077391
-0.44306209
0.42892485
0.014137243
-1.4244503
0.83834939
0.58610095
1.201184
-0.097313547
-0.44320611
0.54051966
1.0675363
-0.26069767
-0.0068993182
0.189391
-0.45195898
0.26256798
-0.67360819
-0.098486341
1.4911303
0.89642165
0.59583863
-0.24974663
0.10017206
0.14957456
-1.0378892
1.4485231
-0.44732929
-0.0402309
-1.0422957
0.99815282
-1.0350818
0.61047327
-0.69111536
-0.2624105
0.37461826
-0.11220776
-0.13989466
-0.70232643
1.2002548
-0.39003123
-0.81022357
-1.56187
1.5151742
0.046695864
1.7122637
-0.88321437
0.1101052
-0.60130792
1.2622754
0.84925297
0.62492549
-0.24298189
0.93082474
0.063198375
-0.99402312
-0.36682415
-1.0576262
0.39544464
-0.78751722
0.5402602
-0.99201277
1.1620124
-0.93282794
0.090937249
-0.57644491
-0.16590187
0.76264121
-0.59673934
1.1214824
-1.7738926
0.90236733
-1.3365504
1.0116171
-0.68021041
0.58289687
0.11263717
0.94074639
0.75935246
0.14417137
0.70290359
-0.94460621
0.24170262
0.28817555
1.36906
0.69850691
-1.1738871
0.49456523
0.70617077
0.063596579
-1.3626221
1.0439817
1.3354958
-0.23797619
-1.0975196
-0.67728
1.1401304
-0.46285036
1.3311527
0.066857477
-1.3980102
-1.1731837
-0.60070888
-0.023976138
0.87144538
-0.84746925
0.25792409
-0.55173228
0.20261302
0.36824921
-0.2973567
-1.4066332
0.36678049
-0.44520476
0.030488196
0.41471656
-0.7307388
1.096611
0.3435449
1.0832642
0.82042364
-0.68852297
0.71555049
0.35268134
0.79859894
0.24027671
-0.45481228
0.21453557
-1.0067949
-0.7806508
-0.071137423
-0.87230679
-0.76620016
1.2797014
-1.1271332
0.396602
-0.42705876
0.010466443
1.073628
0.22149556
-0.1911632
0.93868289
-0.97118516
0.36581207
0.92285749
0.86037917
-0.48954142
-0.37083775
-0.7858814
0.18755998
0.59832142
-0.372849
0.52567092
-0.15282192
-0.59895473
1.2831464
-1.3170353
0.93782863
0.37920668
-0.41015419
0.25378449
-0.56688066
-0.8616657
0.26672757
-0.27507746
1.0623074
-0.091308013
0.68035889
0.41438552
0.66781832
-1.9285106
1.2606923
-0.36854962
0.812896
0.42022522
-0.56068492
0.092553625
-0.40679161
0.83804352
0.1216937
0.7166557
1.0026984
-0.87141156
-0.95408374
0.50254134
0.38077441
0.14937047
1.3756229
-0.079773125
0.79830498
-1.3869067
0.5948535
0.24562641
-0.39285492
0.50330056
0.42158055
-0.9248811
-0.035917044
0.97094667
-0.097443442
0.33772015
-1.0166516
0.60986002
0.78920204
-1.09125
-1.2858827
1.0202492
0.420096
0.17618234
-0.42656444
0.16586677
0.47305591
-0.69829405
0.56997593
0.47197479
-0.49644653
1.0391632
-0.54271667
0.0010713839
-0.46611628
0.093267281
-0.061520151
-0.40884172
0.47036187
0.63198284
0.62579014
0.86950575
0.67165267
-0.77161528
0.4479778
1.0495262
-0.035681688
-1.0138445
0.92397721
-1.5498365
0.50915192
0.17895289
0.46275628
-0.27336529
0.36143577
-0.85788231
-1.3806954
1.4356337
-0.054938266
1.1761473
0.42600289
0.06268702
0.34759991
-0.41028693
-0.11162864
1.4427814
-0.98141453
-0.023183725
-0.57305202
0.59623574
0.18103164
0.849766
-0.69242449
0.05881074
0.73883685
-0.65228235
0.29269259
0.3456028
0.58522195
-0.85308908
0.23523051
0.45161316
-0.73968759
0.27848395
-0.013315078
-0.52635368
-0.36770044
-0.25988384
0.84645535
-0.39032739
-0.45612796
0.61998701
-0.9927851
-0.060647732
0.7668185
0.27097729
0.78834461
-0.27380413
-1.182319
1.0476633
0.50675827
0.84726472
0.27742027
-1.124685
-0.84456322
-0.3493955
1.1939587
-1.3358849
1.0979087
0.19241748
-0.14556963
-0.93220685
0.90902313
1.1771985
-0.52108322
-0.2759116
-0.48668143
0.52081462
1.1922212
-0.6864461
0.43211965
-0.82215088
0.98786607
-0.58726691
-0.061020735
0.33624365
-0.2621076
-0.16445684
0.32788352
0.53249565
-0.67764535
-0.76151268
-0.038560178
-0.84899321
-1.1290044
1.1684574
0.3734224
-0.2788303
0.62924817
-0.35041788
-0.58277415
0.13881272
0.22403224
0.49925464
-0.72328688
-0.85662589
-0.035064698
0.4028537
-0.87010671
-0.15981423
-0.30484947
-0.63194942
0.36661769
0.26533173
-1.3016786
0.62403326
-0.69831811
0.005893614
1.0168422
0.22906595
-0.49147645
-0.44586409
0.47593325
-0.0069176671
-0.46901558
-1.2590967
0.094706733
-0.85945233
-0.79097531
1.2757655
-0.29353316
1.2452874
0.5343104
0.15907357
0.04513205
0.70111035
-0.7462424
-0.65137701
0.214438
-0.49407132
0.042128296
-0.3314814
0.28935311
0.14538681
-0.30520103
0.94930589
-0.038110153
-0.21163647
1.2409192
-1.2648953
0.47728805
-0.78099
-1.2018265
0.52454648
1.8042194
-0.64933795
0.5002849
0.59591528
0.15443733
0.34368614
-0.10805725
0.35997315
-0.34960065
0.49067596
0.034068639
0.32138282
-0.35545146
-1.56187
-0.51136345
0.16176279
-0.48266604
0.16835591
0.31431013
0.48052216
-0.10129021
0.29615266
-0.67689782
1.0519297
-0.37503189
0.94412776
0.033599462
-1.0001364
1.3765546
-1.3314226
-0.76861749
0.19315804
0.57545945
-0.56180766
-0.36810851
0.1833854
1.0667728
0.43322716
-1.13792
0.73823385
0.3504815
-0.40095914
-0.2881042
0.36209068
-0.073986485
-0.10962655
-0.28056182
0.39018838
-1.1241865
0.040726834
1.0834597
-0.57191991
0.32671765
-0.31830315
0.44426108
1.6770117
-0.1055778
0.37879111
-0.27321331
0.27668071
-0.018405772
-0.65849205
-0.63951385
0.85466475
-0.14522447
-0.9227413
-0.29193235
0.76498826
0.68222113
0.55095339
-0.072853921
0.41006044
-0.33720652
-0.027871351
-0.073418859
0.87670079
0.28531163
-0.64210789
1.2942623
0.60722201
-0.81756737
-0.57289762
0.65380088
-0.09499295
-0.67362454
-0.95632049
0.78068726
-0.85639577
-0.40270096
-0.35560044
-0.47713686
0.10880237
-0.35646857
0.24766619
-0.080888394
-1.1278384
-0.4640386
0.14573545
1.2595928
-0.41232811
-0.57279184
1.1519662
0.37888293
-1.5308491
-0.13545421
0.52867498
-0.39322076
0.1603295
0.52741394
1.1815009
-0.74938121
0.84565579
-1.1646861
0.30418299
0.19413604
-0.49831903
0.80582092
-0.58928254
1.288088
0.037875628
-1.3259636
-0.56293724
-0.11121498
0.18576879
0.40178129
-0.16281829
-0.21729888
0.50999147
-0.25365097
0.084863612
-0.6471976
-0.15070079
0.12282944
-0.93808563
0.91967985
-0.17808445
0.67647426
-0.076956553
0.3153477
-0.46273526
-0.63932465
-0.20876189
-0.23710219
0.20497101
1.2207367
0.22545232
1.2169322
-0.43058304
-0.54748879
-0.81164281
0.44449607
-0.79344205
0.096308661
0.51182297
0.83530124
0.0028522119
0.93329569
1.4425504
-1.4292934
0.58986297
-0.33282442
-0.025478873
-1.0987076
-0.50792248
0.061262204
0.65571379
-0.34803842
-0.051840323
0.26627832
-0.26030608
-0.23376524
1.5944703
-1.0590832
-0.53538711
0.1039525
0.36153914
0.75247777
-1.0782934
-0.12785091
-0.59611848
0.11898162
1.4094469
-0.11624714
0.10946775
0.46666414
0.039676222
-0.60110357
0.41031106
-0.66176855
0.08897671
-0.37619865
0.25983547
0.11636318
0.28538811
-0.37796434
0.069027839
0.39508645
-0.87614676
1.2258616
-0.11561203
0.5582451
1.0362252
-0.4168106
0.74880191
1.0243441
-0.39236123
0.94794955
0.23355132
0.32766868
0.72342831
-1.051097
-0.36252147
0.81413463
-1.4480769
0.76315544
-0.74705134
0.42746625
1.0499604
0.23567084
-0.61919394
0.40192566
0.91743439
-0.30286229
-0.057448808
-0.10322748
-0.48202133
-0.51399198
0.049312277
-0.19895964
0.54944114
-0.16338995
0.27219232
-0.48186913
-0.63889078
0.22311248
0.17747014
-0.48103845
-0.012155408
1.1694768
0.31328129
-0.18219538
0.22743014
-0.17811786
0.54118263
0.13640118
0.14161746
0.50248154
-0.41374522
1.2355192
-1.742879
0.81211543
0.93076354
-1.7406622
0.3599668
-1.4772012
0.02912427
-1.2565383
0.69037017
-0.23001617
-0.021211655
0.73455722
-0.49609654
-0.78815579
0.0022743871
-0.31243928
0.082440444
0.84056733
-0.54007915
-0.30048818
-0.38532677
-0.76405258
0.11113564
0.56663533
-0.54981299
0.10460824
0.39460813
-0.53006234
-0.18829037
1.2007739
-0.71440935
0.30395718
-0.11667244
-0.15308617
-0.088297656
-0.35476443
-0.49974305
0.20051213
1.1111185
-1.3116306
0.39375267
0.13191825
-0.98871202
0.87925714
0.031996197
-0.91125334
0.12336342
0.36245609
0.1243081
0.42277453
0.79144203
0.29779549
-1.0892375
0.46470657
0.4634863
-0.92819287
0.55135726
0.41799388
-0.54154137
0.75819606
1.5151741
0.20314559
1.0849424
0.21619149
-0.018867976
-1.0139614
1.1882642
-0.90602247
-0.69337761
1.5463715
0.69374262
0.48737674
-0.66519219
0.17781545
-0.76624155
1.3641315
-0.49653157
-0.86759997
-0.52755283
-0.83594194
0.26304432
0.19776935
0.96019324
-1.1579626
-0.041188558
-0.013340204
0.054528762
-0.60965213
0.35741128
-0.29728999
-0.61481936
0.79258009
1.0520109
-0.10804733
-0.94396355
0.2416125
-0.62690923
-1.0239589
0.69911103
1.2151479
-0.3358908
-0.48177244
0.60075406
-0.78587319
-0.85588433
-0.78153564
0.10132523
-0.22301505
-0.66847609
-0.35883296
0.10710162
0.25173133
0.82415295
0.65104746
-1.3436068
1.3436068
-0.57222685
0.66120356
0.041716683
0.88326467
-0.68549532
-0.19216779
-0.007588937
-1.5615659
0.76812381
0.82437903
-0.15272636
1.0772393
0.062877695
-0.33984449
-1.2708034
1.4713156
0.1115317
-0.82049368
0.51018162
-0.98284818
0.47266657
-0.600727
0.092404268
0.50832273
0.021709542
0.5668861
-0.58859564
-0.40346239
-0.82257505
1.2260374
0.88488622
0.16507417
0.79252809
-0.8431747
0.050646607
-0.59064873
-0.2597575
0.25285818
-1.1430187
0.73210957
0.053727509
0.4182235
-0.0927546
0.18753218
-0.43436123
0.23984033
0.34693877
0.92305938
0.44185961
1.4509586
-0.41815129
-1.0328073
-1.5073112
0.77690081
-0.37056202
0.22186571
0.87976071
-0.87653735
1.5026694
-0.93184741
-0.570822
-0.77548026
0.26719449
-1.392716
0.18583344
-0.18039274
-0.10239873
-1.1684047
-0.42093112
0.10784813
-1.1936763
-0.50267263
0.6080757
-0.10611464
1.4822788
-1.1499666
-0.12728053
-0.10273563
-0.21320837
-0.14980725
0.13674589
0.38597724
0.64594891
-0.51270123
0.15748049
-0.35510983
0.90080052
-0.88089559
-0.019904938
-0.26785737
0.23283165
0.035025727
-0.38072438
-0.18806907
0.56879346
-0.68134152
-0.4361679
0.4782962
-1.1124241
-0.57493716
-0.43121921
-0.062842289
-1.0987888
0.11007676
-1.2632736
0.17118717
0.42430937
-0.040449011
-0.16854341
0.21129554
-1.4053399
1.4053399
0.87302247
-0.19080134
0.2027706
0.024659544
-0.32870362
-0.722995
1.0932206
-0.37022557
0.61706891
-0.039647132
-0.95788627
-0.20717228
-1.0925814
1.2997537
1.1859134
-0.13390247
0.060438871
-0.043511639
-0.016927232
-0.80200541
-0.26415687
1.3506312
-1.4425504
0.13059251
0.44372715
-0.57431966
1.3430205
0.37823532
0.76552304
-0.26222248
0.92589007
-0.59822138
0.044821245
-1.3080948
-1.0110009
-0.13201782
-0.61691
-0.48628552
0.41388115
0.072404373
0.48583366
-0.62841099
-0.067146011
-1.0254354
-0.22939923
0.77225582
0.30850411
-0.16298384
-0.15082938
0.319898
-0.68130293
-0.38903117
-0.083644391
-0.0092546721
-0.44091149
0.55469438
0.27101679
-0.25277523
-0.01824156
-0.69820269
0.16279683
-0.03315108
-0.12964575
0.35758256
0.3360544
-0.69363696
0.43588325
0.06001489
0.5339093
-0.59392419
0.3317265
0.49102542
-0.42867831
-0.416577
-1.145293
-0.80031286
0.55292528
0.24738758
0.83560585
0.66706357
0.7263325
0.44132568
-0.4182265
0.20501813
0.14359398
-0.77477417
0.6311802
-0.05657401
-0.1399602
0.19653421
0.37924937
-0.15220162
0.83429291
-0.68209129
-0.13298148
-1.2252355
-0.15093423
0.50136088
-0.071010841
-0.24142844
-1.1235523
-0.050334819
-0.85836785
0.33728463
-0.3949343
-0.14885524
-0.058596144
0.20745139
-0.0036548558
-0.4121368
-0.71072357
0.26751746
0.27785199
-0.62067481
-0.27263356
-0.39522794
0.17050993
0.22471801
0.18370958
-0.12716347
-0.35942433
0.47590376
-1.6224419
0.71641942
-0.97378664
0.25079165
0.022449215
0.46362078
0.0022817679
0.63589956
-0.63818133
0.49478446
0.24730945
0.31339001
-0.5275588
0.33838776
0.18917103
-0.032469102
0.8249972
-0.45225988
-0.31362815
-0.38261027
-0.10005577
0.99709285
-0.41611483
0.43782437
-1.4348382
0.16538898
-0.18748228
1.0842282
-0.89674595
1.2606922
0.48167859
-0.35831517
1.5588214
-1.230007
-0.18234462
0.54188081
-0.41757271
0.36582933
-1.0915544
0.10809053
-1.1993319
1.1871765
-0.016270349
-1.0215064
0.82738858
0.32830748
0.0011952556
0.79639772
-0.35905141
0.17744748
-0.78901645
-0.34250207
1.1315185
0.056848444
-1.0919302
0.59679607
0.33514316
-0.93193923
-0.25966497
-0.86388733
0.083486947
-0.65025041
0.35831806
-0.86498994
-1.6068921
1.1335992
-0.95404715
0.077900386
1.3963827
-1.0680752
-0.30907608
0.57559037
-0.26651429
-0.69634125
-0.47818027
0.39949314
-1.2990482
0.89955504
0.0031594213
-0.42652896
0.40904313
0.01748583
0.54053244
0.032906171
-0.57343861
-0.41013185
0.60452317
-0.19439132
0.77670128
0.55632542
-1.3330267
0.3820518
-0.22457131
0.36212909
-0.45042674
0.54841111
-0.35752482
1.1915848
-0.83405995
-0.64469647
-0.47360172
1.0703978
-0.27443736
0.37460943
0.48905901
0.052298393
-0.5413574
1.1326263
-0.66965135
0.21377454
1.2355153
-0.10620866
1.0481947
-0.99737151
-0.66520981
-0.058070721
-1.0295267
1.0875974
-1.2108815
-0.48380642
-1.3429829
0.27986827
1.0631147
0.92134145
0.58406975
1.2909664
-0.99481374
0.80588227
1.3010556
-0.9221727
-0.32247701
-1.1289229
0.29309237
-0.51039889
-1.2292903
1.0097676
0.21952271
-1.5667128
1.0339711
0.53274178
-1.2046944
0.047041925
1.1576525
-0.75984586
0.82304423
-0.46560368
0.68963591
-0.079697836
0.8470317
-0.0012601095
0.23409176
-0.041695633
-0.81980605
0.61111941
0.98369579
-0.90556086
1.0397881
-1.0978588
0.38665317
-0.041512361
1.158075
-0.33765134
0.19999356
-0.32727409
-0.37141426
1.1481155
0.21906667
0.33723354
-1.1392389
-0.21184254
-0.23458045
0.40031061
0.075622645
0.54713436
0.21569011
-0.56267288
0.34698277
0.36867729
0.41802813
-0.32504338
-0.085110808
-0.50389243
0.20740126
-0.10654704
0.139047
-0.4737134
0.3346664
-1.2506119
1.557333
-0.60787679
-0.18665019
-1.0030308
-0.61941111
-0.57945723
2.0229197
-1.0436204
-0.97929932
-0.70481392
0.34229245
-0.23864007
0.64149378
0.016490792
-0.057679349
0.29353858
0.18192045
-1.0826672
-0.699041
-0.80827017
0.017227202
0.69801215
0.32878021
-1.0267924
0.82902355
-1.3365504
-1.3626221
-0.2175816
-0.80060538
-0.79862689
-0.48474166
-0.22612125
-0.088558753
0.31468
-1.0414305
-1.0967165
-0.75840387
1.8551203
-0.14748899
0.051666989
0.70522085
-1.018533
0.97741606
-0.48048932
-0.49692674
0.15248696
1.1192796
-1.0325291
1.0123888
0.73807654
0.10975258
-0.84782912
0.67698062
-0.14307132
0.99542825
-0.29431279
-0.70111547
0.28896231
0.56557494
1.2160549
0.044359706
1.1991082
0.010258747
0.14989134
-0.14405433
-0.41900833
0.24865946
-0.38561994
1.217514
-1.1857118
1.4857994
-0.053052236
0.32837566
0.42406782
0.87049199
-0.14427068
0.8224899
0.6775101
0.81617848
-0.34951434
0.047369783
-0.39681974
0.34944995
0.34722504
-0.49359975
0.57666575
-0.48385812
-0.092807629
0.18573483
-0.25633513
-0.19909664
0.61919264
-0.30583645
-0.59019552
-0.079455837
-0.14957171
0.34531872
-0.19574701
0.087390551
-0.57197588
0.74762539
-0.11172583
-0.17119777
0.55197218
-0.70731731
-0.94447779
1.092286
-0.36150227
-0.50381434
-0.49655555
0.62714806
-0.64626296
0.37651088
0.31723175
-0.10549349
0.23739592
-0.13190243
-0.30688763
0.79234184
-0.062816179
0.048664242
0.9277394
0.74016948
-0.17070915
-0.1276792
1.3357227
0.79799627
-0.2861733
0.048573189
-0.32301055
0.2092962
-0.031953632
1.2769865
-1.2769865
1.1429377
-0.10177316
-0.1433782
0.19135108
0.071330915
-0.39541333
-0.099445235
-0.73054339
0.24059414
0.96017978
0.80988303
0.45841632
-1.2682993
-0.80521396
1.0770418
0.8400892
-0.22010218
1.2805254
-0.45803546
-0.4093292
-0.39020496
0.050360472
0.62807942
0.74767323
0.29474472
-0.60365465
0.60088678
0.0027678697
-0.3203903
-0.37477038
1.0056898
0.6703195
-0.38298773
-1.4731982
-0.19029919
-0.54520567
0.73550486
-0.73802093
0.90497469
-0.6377802
-0.50264586
-0.082321039
0.5849669
1.053578
0.21980205
-0.24212509
0.11420158
0.12792351
0.043111731
-0.71158782
-0.25046747
0.46615758
0.31828778
0.25837797
-0.11823812
-0.046465722
0.16470384
-0.81195785
-1.217683
0.048198999
-0.53833171
0.027972285
-1.1935289
0.14885418
-0.43127421
1.2295792
0.34277405
0.58111057
-0.73331218
0.19384239
-1.0562222
-0.10215261
-0.25384342
0.28791205
-0.19390881
0.075670689
0.5939129
-0.032141629
-0.29149743
-0.59150766
0.88300509
-0.37869866
-0.42097697
-0.36534431
-0.34906504
-0.24939788
0.60698044
-0.29523354
-0.5003497
0.79558324
1.112064
-0.31695127
-1.2612016
1.2612016
-0.57877688
0.52935064
-0.084187703
0.092244956
-1.0847042
0.99245923
-0.79102669
0.38828897
0.40273772
-0.049382349
-0.4906968
-0.52075752
0.33268845
-1.4119261
-0.10033577
-0.10400555
0.20434133
-0.12119866
0.28054481
-0.15934615
0.71310133
-0.031702062
-0.25270312
0.37616237
0.086593919
-0.59315926
0.74958919
-0.70625523
0.16709886
0.97583882
-0.658427
1.0728125
-0.67707613
1.020621
0.86303135
-0.71943738
0.52254396
-0.69651641
-0.34952962
0.042887938
-0.46200563
0.41911769
1.1614236
-0.05047089
0.54117563
0.61057419
-0.43820679
-0.26817868
-0.87916409
-0.45672083
0.3864646
-0.33789141
0.62013493
-0.7413697
-1.4086355
0.42535274
1.0596505
0.016615097
-0.32444482
0.51613808
-0.41160516
0.081501084
0.54448941
0.66417371
-1.4407851
1.4407851
-0.82534068
-0.46054203
-0.33533669
0.97198523
-0.30054882
1.5262926
-1.323147
-0.5514874
-0.25919473
-0.47002957
1.0056259
-0.53559635
-0.95305298
0.52177876
-0.41884983
-0.67270453
-0.068217532
-0.93481326
-0.27378977
0.97229668
0.50353998
0.14201562
-0.6455556
-0.43835361
-0.53741457
-0.23879633
-0.1049777
1.2519039
-0.10749876
-0.031951015
0.65154796
-0.34953963
-0.22052072
0.20296435
-0.5194891
1.5604598
-1.0409707
-0.016769885
0.13462041
-0.19736435
0.58382896
-0.45768274
-0.19496456
-0.45634064
-0.20885155
-0.20671618
-1.1509726
1.1960043
-0.33420242
0.2233457
0.55523304
-0.33495909
0.21679062
0.45638995
0.4353069
-0.6235606
0.1882537
-0.56987261
0.66227688
-0.61867878
0.015024132
0.83406014
-0.86952927
0.16524573
0.95499861
-0.5799952
-0.07138181
-0.12630873
-0.66086497
-0.11274367
-0.76379368
0.53564684
0.85433533
-0.092683188
0.11021505
-0.16678906
-0.33786335
0.35200059
-0.51866314
0.16912352
1.3687858
-0.022230346
0.90363819
-1.2704623
0.19020846
-0.55731178
-0.028211987
-0.52031015
0.54852214
-0.54947773
0.17947004
-0.26322419
0.083754146
0.41665137
0.61995031
-0.488236
-0.33207627
0.30315192
0.78011227
-0.064158729
0.99400711
-0.50164173
0.89307225
0.18246982
-1.2363457
-1.2194302
0.83849289
-1.0967165
-1.4679918
0.97375545
0.49423638
-0.20042508
0.715428
-1.4042512
1.1649017
0.2393495
0.061146093
0.4570236
0.10972615
-0.21521964
0.76013225
0.7661603
-1.1401957
0.6140837
1.1434717
-0.23478971
0.61130059
-0.58618125
0.17255035
-0.68759723
-0.71037943
-1.3630384
0.71379339
-0.74784666
-0.21604262
0.11570684
0.1312008
-0.25239947
0.42092162
-0.23560075
-1.0641971
0.32559918
0.73859791
-0.42865206
-0.32389737
-1.5239356
0.73806238
-0.61810497
0.24195054
0.76356911
-0.55681771
-1.1679661
0.22807405
-1.1389002
0.63187416
0.24114831
0.28265753
0.09939427
-0.37028015
-0.072479977
0.46969476
-0.39721478
0.12606263
1.0530198
-1.0228784
-0.97449576
0.24634873
0.72814704
-0.70538768
-0.96701732
0.26367866
0.41486223
-0.88307749
-0.25484255
-0.32011017
-0.3690929
0.430239
-0.40440477
-0.72758158
-0.37174859
-0.47456275
0.3649362
0.32574311
-1.085589
-0.247856
-0.81374853
0.077755513
-0.31823299
0.2093843
-0.03579941
-0.21697582
-0.44882416
0.34324636
0.048135039
0.61658687
-0.89037664
0.53161557
-0.51960377
0.41071135
1.4775908
-1.5458083
0.11482515
0.24726553
-0.33783367
0.057271841
-0.99610757
0.060161787
1.0986137
0.33998031
-0.13998675
0.15437704
-0.77259647
-0.7513391
1.2334529
-0.39939736
1.0038137
-0.60441634
-0.73173587
-0.36353693
0.4006402
-0.22606669
-1.2337289
0.11104407
-0.11607345
0.40687659
1.5223256
-0.64681816
-0.87550747
0.08416731
-0.50549194
0.091563094
-0.57542122
-0.0089681321
-0.21715312
-0.12924585
-1.0807081
-0.38728369
0.51401509
-0.80924863
1.3078561
-1.1398029
-0.16805317
-0.85589933
0.40966399
0.049734012
0.5962149
-0.057229437
0.37861226
-0.62504804
-0.22664534
0.99252514
-0.69472965
-1.0840376
0.42044607
0.15344226
0.22272011
1.0784419
-0.27082226
-0.39286295
0.3580661
0.034796853
1.5187052
-0.15913186
-1.3595734
0.035237632
-0.24399952
0.67360501
-0.4773067
0.1781303
-0.44630898
1.3527798
-0.86508786
-0.48769198
0.11327094
0.56442875
-0.50577715
-0.0586516
0.29372255
-0.99879915
1.208559
-0.48016886
-0.88674829
0.20917095
0.025523139
-0.80438858
0.6362517
-0.52359808
-0.5751907
0.40781109
-0.37732289
0.10116681
0.92171348
0.55762788
0.52203208
-0.036059019
0.83767159
-0.80161257
-0.078711066
0.4646883
-0.39768467
-0.024717328
-0.35086419
-0.67199259
0.76292984
-0.50019191
0.48190007
-0.22028004
-0.66937685
-0.20938445
0.15754413
0.03308333
-0.29338941
0.9785251
0.43556055
-1.4140856
0.82800272
1.5187052
0.46183042
-0.0026724385
1.145293
0.65488906
-1.8001821
0.059399005
0.047005442
-0.5496513
0.23116062
0.51830187
-0.043843476
0.88656369
0.092111207
-0.9786749
-0.55362761
-0.66608398
0.25271758
0.80052994
-0.54131591
0.20265806
-0.74812431
-0.8751175
0.47572015
0.93513997
-0.46488392
0.43955733
1.0584534
0.44154663
-1.2222467
0.80566973
0.42168403
0.88821734
-0.56247423
0.016722067
0.24171326
0.19172442
0.45800693
0.57447339
1.1003773
1.4364525
-1.1775991
-0.40408658
0.5745965
1.048148
-0.95590306
0.32349623
0.49268225
-0.86143258
0.43377451
0.13065424
0.12228595
0.4329471
0.081110373
-1.1858912
0.68935961
0.16318308
0.66392721
0.52259006
-1.0546057
0.29081206
0.83963624
-0.4180557
0.34716526
-1.4033874
0.98605543
-1.7534882
0.76743272
0.32751187
-0.54779191
0.14779399
-0.22178047
0.1354069
0.25478147
-0.046461801
0.46034295
0.48616954
0.53455303
-1.2621735
-0.35914692
-0.57279231
-0.71350704
0.14605927
0.23273184
0.015887365
0.31768098
0.5988015
0.70905456
0.93201916
0.11564418
0.2685963
-1.0693369
0.92528256
1.185395
-0.76958665
-0.087190611
-1.2118576
0.12845377
0.24615565
0.67729865
-0.2367627
-1.3495177
0.85396822
0.35277695
-0.17330691
-0.50399383
-0.28901519
-0.67120076
0.34730339
0.81980232
-0.29599062
0.34971813
-1.1282201
-0.86066793
0.56337794
-0.12342899
-0.1186961
0.67377011
0.084274415
1.1491785
-0.75371313
0.99430728
0.6167375
0.71524539
-0.38686973
0.48897301
-0.1413731
-0.70340302
-0.71845877
0.047258012
1.217857
-0.39246499
0.87886948
0.053149676
0.18070306
0.21960755
-0.76914465
0.42175993
-0.25476923
0.43668968
-0.74289745
0.27058775
0.4723097
-0.25723161
-0.080292574
0.48841504
-0.40812247
0.17917954
-0.084284911
0.41825152
0.58743829
0.11756257
0.25914152
-0.37670409
-0.97929933
-0.081952746
-0.31071707
0.60482557
0.048411978
-0.063921493
0.015509515
-0.28366873
-0.35235934
-0.4630736
-0.52721359
1.1418709
-0.61465732
0.3949444
0.18009285
0.29978915
0.7713182
-1.0711074
-0.20963572
0.54811554
-1.0542388
1.2322329
0.63446549
-1.1071557
-0.15474603
0.35931715
-0.38272144
-0.40830525
-0.52867213
0.84590388
-1.1917438
0.77359254
0.81531997
0.75921344
-0.34850209
1.04047
-0.19709282
-0.43270584
1.0167756
-0.11681956
-0.32647693
0.44329649
-0.50176958
0.68094912
1.2228213
1.4687644
-0.73105603
0.38594106
0.34511497
0.79232983
1.085672
0.18026999
1.2022287
-0.24389061
0.37234439
-0.57578669
-0.28356438
-0.10929857
0.6171879
0.11411412
0.44400606
0.27481155
-0.23677278
0.32719684
0.28709638
0.056625615
-0.42456906
0.34224802
0.42722095
-0.019082305
-0.40813864
-0.76934993
-0.37084578
-0.20837935
0.84406711
-0.095246246
-0.76359366
-0.8418441
0.56803997
0.60641514
-0.81947546
-0.041192468
0.24855343
0.7919166
-0.65355482
-0.38673227
0.12600289
0.063781923
-0.18978481
-0.3208794
-0.074800021
-0.18520964
-0.21386064
-0.81489084
1.0287515
1.418024
-1.1232793
-0.075671444
0.3196056
-0.33680049
0.91254494
-0.058209616
0.98605543
0.74457868
1.6038646
-0.16741209
0.34434575
0.8807122
-1.2250579
-1.0787638
0.084740663
-0.21883733
-0.86683218
0.65758329
0.99872841
-0.57466059
-0.1033703
-1.167092
0.48035204
0.33209814
1.0265215
-0.39844213
-0.49261121
1.5942549
-0.54067681
0.077673808
-0.36306807
0.53219158
-0.221622
0.13306324
-0.96141247
1.8248177
-0.76563717
0.0010888334
-0.37486509
-0.15251051
-0.18532316
1.1889605
-1.1889605
0.25941988
0.73310526
-0.5468896
-0.40614239
1.0159191
-0.57243422
-0.44348491
-0.29570799
-0.19757341
0.4932814
-0.54801241
0.12148345
-0.087467472
0.2907522
-0.20328473
0.19810201
0.27767573
0.32321105
-0.25281169
0.11653077
0.70651347
0.87915686
-1.4565635
0.15284748
-0.1182833
-0.88472991
0.85226081
1.5279505
-0.12742901
1.1673304
0.43653421
0.61151436
0.49134602
0.39687132
1.6469075
-0.47690922
0.8617602
-0.44350868
0.30460346
0.28036344
-0.11255663
-0.520846
0.98009809
-1.0693708
0.73056053
-0.23412229
-0.49643824
0.57652302
1.2949254
0.14070827
-0.3251989
1.0130666
0.5811883
-1.0954081
-0.13158829
1.6200008
-0.72756777
1.2838932
0.44712137
0.029369676
0.31785537
-0.41627576
-0.012402551
-0.03556386
0.25742957
-0.14487045
0.72435633
-1.4803252
0.75596884
-0.24004386
0.66396082
0.026449081
0.51408336
0.91740197
-0.63280344
0.041282011
-1.2652193
0.17496409
0.20741594
0.080232493
-0.28764843
0.20978159
-0.0027218998
0.49178091
-0.59618507
-0.45842068
-0.80376385
0.53378413
0.88632596
-0.94126423
-0.59294722
1.0652172
-1.1495021
0.77942396
0.3843258
-0.46728574
-0.41258553
-0.17290788
0.031487875
0.21577765
0.045373552
-0.97820149
0.37429258
-0.38884112
0.3515495
1.4218039
0.05578687
0.90264502
-0.27213727
0.97249535
0.37489711
-0.45489501
-0.42002351
0.91517165
0.03839362
0.2207479
-0.79829009
0.84366364
-0.32862331
0.049243931
-0.26650829
0.57111175
0.23089724
-0.17362539
-0.041796403
-0.27908607
0.32088248
-0.29399772
0.48910084
-0.53194204
0.027368434
-0.21412029
0.56735766
0.72114579
0.62086186
-0.36354195
-0.010954321
0.69227481
0.14452804
-0.83680285
0.71896149
-0.73824231
1.1821618
0.46676148
0.55976007
-0.59456167
-0.41939975
0.95967895
0.96351985
-0.48299768
0.55524302
0.026535181
-1.1818787
1.1553436
0.48321978
1.0997853
0.45420937
0.74585609
-0.051821261
1.0276601
0.10734143
0.085053884
0.16109668
-0.24615057
1.0627627
-1.0240345
-0.14437385
0.23543026
-0.1279675
1.0881473
0.43575331
0.69955391
-0.40874184
-0.20717566
-0.24478332
0.58497869
0.14558183
-0.41016247
-0.83932286
0.27722368
-0.69691863
-0.10368675
-1.0742937
-0.48654968
0.016001829
-0.44028674
0.86291438
-0.14677498
0.26074012
-0.11396513
0.11864765
-0.71835178
0.84170259
-0.12335082
-0.79525926
-0.25139079
0.79454095
-1.2495057
0.57460741
0.41404447
0.2922986
0.13045332
0.20338776
-0.8881456
-0.99824856
-0.18810898
-0.048993218
-0.32685788
-0.11498514
-0.33132384
0.40378617
-1.1763856
0.08857133
0.17770699
-0.1922909
-0.041474338
0.48825295
0.35340357
-0.84165653
0.76442848
-0.51587505
-0.22602946
-0.060286803
-1.503229
-0.60365337
0.026978264
0.57667511
-1.5344491
-0.10405842
0.16424396
0.17972014
-0.54553621
-1.0664945
0.96312418
-0.12356934
0.52044066
-0.41481489
-0.14349179
-0.87006673
-0.72842631
0.048385015
0.65809955
-0.45544149
0.1674813
-0.53812486
0.86690507
0.60520957
0.13040197
-0.24624444
0.27073889
-0.29197066
0.32676751
1.0403332
-0.49321902
-0.8000103
-0.041833806
0.61917022
-1.1573929
-1.5094392
0.53803086
0.93868317
0.25588035
0.22577598
0.33914426
-0.69819567
0.85365616
0.10986368
0.12752373
1.0224843
-0.31878059
0.65680488
0.022813246
1.1187841
0.39992119
0.41854093
-0.86769431
0.44915338
-0.30979929
-0.66469647
-0.68158458
1.4059409
0.35487098
0.84006601
0.99667966
-0.48682853
-0.69612651
-0.40949025
-0.43123439
-0.17030868
0.25536256
-0.25437161
-0.38604871
0.64042032
-0.29613005
-0.060399551
0.3565296
-1.1928951
0.35530464
-0.23665699
0.79348309
-1.2581469
-0.21648307
-0.29391582
0.87167714
0.34249361
-1.2141707
0.61610209
-0.41583336
-0.20026873
0.034858231
-1.0871478
1.0522896
-0.65020178
-0.22414375
0.87434552
1.2297397
-1.1884577
-0.30195417
0.78564877
-0.34989546
0.21992816
-0.077107675
0.1539395
-0.040759705
1.1213353
0.17444162
0.10684457
-0.28128619
-0.299145
-1.0434331
0.97263402
-0.3674173
0.057753163
-0.6905566
0.82684554
-1.3785822
-0.003989404
0.19866013
-0.49479019
0.50056417
-0.89192253
1.1800981
0.2825548
0.26885595
1.1371698
1.1315793
0.14029908
-1.1689141
0.25558217
0.1645604
-1.2206886
0.9639731
1.1541379
-0.29100924
-0.89199999
-0.16513029
0.50427455
0.84980918
0.039248554
0.76252224
0.26622923
1.048556
1.2401813
0.49154276
0.16647397
0.08022842
-0.95789439
0.56553315
-0.094874448
-0.43876533
0.10090198
-0.84487014
0.33043367
0.51443647
0.022571605
0.8111033
0.20875398
-0.082751097
-0.72006092
-0.88354149
1.3020824
-0.80248251
-0.54745252
-0.35219526
0.20721401
0.54841908
-0.98870582
-0.50139775
-0.030277348
0.29700492
-0.75008713
-0.031154203
-0.30300612
0.68894719
-0.21910815
-0.33424226
-0.41584487
0.94516463
0.36082155
1.1022626
1.3968412
-0.59117145
-0.75118651
-0.66667043
0.16490085
-0.60651636
0.0041251482
-0.362073
-1.0598681
1.4219411
-0.13709562
-0.20558267
-1.2547704
0.6708818
-1.3044674
0.74761567
-0.19821234
-1.6064244
0.78662262
-1.0910108
-0.25369831
-0.82478397
-0.17204081
-0.29069445
0.76404722
0.36582162
-0.87487673
0.40506173
0.4977066
-1.1853038
0.0016402306
-0.28072631
-0.061202405
0.23830885
-0.32577632
0.58969934
-0.71342647
0.34531797
-0.37192325
-0.070016308
-1.3095753
-0.069006845
-1.1747193
0.78225427
-0.037256432
0.18133204
-0.24363724
0.40343603
-0.28575876
-0.11767727
0.50179922
0.43799473
-0.93979395
-0.38845901
0.6046505
0.47841674
0.13768536
0.22114252
-0.89366538
1.1186036
-0.39670097
-0.72190266
0.32823295
-0.072650781
0.77537117
0.010277601
1.1568318
0.018963167
-0.46272443
1.008596
0.49140405
0.028558041
-0.21233317
-0.7403321
-0.32412903
0.454531
1.1574013
-1.1736795
-1.0670363
-0.60828209
-0.40344973
0.76927135
-0.50408238
0.37478157
-0.84702384
-0.86247733
-0.22657248
0.076267994
0.39301481
-0.031888741
1.2416757
-0.98017271
0.14076446
0.44425766
-1.4126627
0.33478577
1.0778769
-0.9136193
0.38601414
0.52760516
0.66260628
0.088780003
-0.48187345
-0.027197375
-0.20198393
-1.1326263
0.79480769
0.075107222
0.15676636
-0.1354035
-0.24842156
0.078112883
0.14064064
-1.6416796
0.080814057
-0.62635027
-0.38670882
0.55080144
-0.21474704
-0.60678043
0.38568972
-0.94516463
0.89802434
0.015073077
0.0004364383
-0.82928371
-0.58480194
0.3556623
-1.1800787
0.29367985
0.83853863
-0.32452354
-0.1532272
-0.15854606
-0.91385612
0.22153209
0.84627804
-0.3601085
1.0930319
-0.095075177
-0.15732429
-0.53125078
-0.37084301
0.21071861
-0.49744984
-0.31441777
0.81186761
-1.0731784
0.42149208
-0.097497176
-0.27943665
0.30426703
0.1708877
-0.20116504
-0.36352233
0.91194141
-0.63355398
-0.016647795
-0.24062761
-0.48439423
0.91385612
-1.3054502
-1.0116171
0.070697225
-0.32454064
-0.028764511
-0.57488886
-1.0439817
1.0259814
0.10855551
-0.7596679
1.1850494
-0.73887312
-0.44617631
0.20611344
0.25052602
-0.24888579
-0.26738534
1.1187841
-0.25970927
-1.024426
1.129223
-0.10479706
-0.74881349
0.46667008
0.088156608
-0.46993941
-0.5098754
-0.28538386
-0.67255448
-0.17527465
-1.0856621
-1.5850788
0.93574088
1.1600534
-0.83658417
1.2297397
-0.10517207
0.46063437
-0.3193157
-0.14131867
0.96316803
-0.16836033
-0.62596903
0.22770851
-0.11350693
-0.17211103
0.6418058
0.62743614
0.64875025
-0.2596719
-0.20827818
-1.0235036
-0.051478315
-0.32348244
0.13190727
-0.47881496
-0.42347633
-0.65062486
0.73143892
0.61272843
0.28703911
0.20624229
-0.44921782
0.88709628
0.11611878
0.13579719
-0.33475683
0.61295886
-0.37181055
-0.11802741
-0.37557234
-0.96753293
0.96416823
-0.52118644
0.52529143
-0.4239662
0.35554767
-0.39930234
-0.46178255
0.12317571
-0.070584117
0.955897
-0.88531288
0.67237721
-0.96599631
-0.25923915
-0.97263402
-0.36144943
0.11629947
0.59271751
-0.19467811
-1.1481102
1.2049586
-0.46634234
0.834414
0.12242538
0.10528313
-0.060771039
-1.0239331
0.021366571
0.61594545
-0.43028997
0.66341583
-0.057358644
-0.058080291
0.23609989
-0.34830765
0.025174104
0.3614302
-1.2490287
0.08828873
1.16074
-0.41026029
-0.45572069
0.61479426
0.5985831
-0.2639167
-0.39530876
-0.36395007
0.49585733
-0.0043932555
-0.55376168
0.62568833
1.1001689
-1.1001689
0.88982934
-0.32392909
-0.56590025
-0.3124462
-0.76184751
0.3647587
0.077992943
-0.64233523
0.27838516
-0.93010954
-1.0948531
-0.23676643
-0.26982975
0.3913132
0.94260588
-0.84236853
0.43891881
0.90393562
1.096037
-0.31179701
-0.31906488
-0.49278991
0.32139725
1.0352659
-0.17482247
0.86709728
1.261292
1.2309955
-0.0045533456
-0.21235968
-0.078334767
0.63289794
-0.30832411
0.28198804
0.026336067
-0.1832145
-0.49041004
-0.30219391
0.24893091
0.12968135
0.12724032
-0.54335516
1.0563754
0.075023087
-0.22407409
0.14905101
0.46640667
0.47621648
0.13572831
0.31880269
0.94945147
-0.52776743
0.85063443
-0.4646203
-0.043453399
-1.1884577
1.2845292
-0.34878836
-0.67313207
-0.46550232
0.23892652
0.10148187
0.35738781
-0.52099477
0.34664061
-0.0016968088
-0.77101589
0.21927923
0.61802179
-0.72593117
-0.98389691
0.96141247
-0.22389103
-0.88795621
-0.14604363
0.91959866
0.024130049
0.062287623
-0.68163363
-0.41704384
-0.67780926
-0.081061184
-0.13415845
-0.45120358
1.0278215
-0.64240639
1.0789406
-0.9291927
0.041791984
-0.97535028
0.18634996
-1.187568
-0.14943538
-0.27968401
1.0787684
-0.53931422
-0.079364554
-0.9789184
0.10016558
-0.96699776
-0.71814903
-0.35971632
0.88272438
-0.18300322
1.1454654
1.271564
0.14776517
0.056576158
-0.79115688
-0.89343129
0.89343129
-0.97042656
0.10653923
0.073147734
0.24547118
-0.037808171
-1.0202716
1.0202716
0.53662818
0.11875466
0.91959866
0.96508923
-0.49098821
-0.21133822
-0.39275808
1.1736067
-0.78084862
0.51459569
-0.12334135
-0.39125434
0.2252715
0.056716547
-0.89915787
0.89915787
0.10503395
-0.80407496
-0.39582269
-0.76070441
-0.75321305
0.8289869
-0.72395294
-0.74678695
-0.77604706
-0.36521699
0.1739632
-0.75882701
0.79012656
0.69592504
0.59189635
-0.066604918
-0.25401438
0.057867552
0.75321305
-0.77604706
-0.40758269
1.0053428
-1.0053428
0.44898892
-0.31320706
-0.23180653
-0.29222252
-0.55014601
0.84316761
-0.9969839
-0.36259072
-1.1846065
0.4660659
0.71854064
-0.67494396
-0.094429064
0.25552575
-0.11064556
-0.74685826
-0.54844295
0.85415984
0.67363329
-0.11087492
0.22658176
0.64168579
-0.296083
-0.29298408
0.32747
0.66653711
0.66151066
0.69888106
-0.12890512
0.38632321
-1.1178165
-0.71292735
0.91085926
-0.22620322
-1.1275766
0.67637298
0.40902177
-0.48971952
-0.6690129
-0.1741618
-0.041378642
0.10237157
0.26981237
-0.051321972
0.285793
-0.3059519
-0.061465399
0.55507194
-0.04098858
0.16703055
-0.11716246
1.2097205
0.65493724
-1.0719811
-0.80304662
-0.19393728
1.4396393
-0.78859182
-0.69272174
0.79754398
-0.90011316
0.79771443
0.6594723
0.62327697
-0.79809943
0.51920144
-0.027420532
0.12110645
0.0093468689
-0.035772851
-0.15233613
0.11593976
-0.020147904
0.68830018
0.25251412
0.73567804
-1.1284361
-1.063148
0.72728002
0.33586802
0.54895629
0.2562849
0.57538532
-1.0914437
-0.0861554
-0.47841982
-0.61302385
0.80332954
-0.30258495
-0.45855428
0.53730205
-0.059005848
-0.17308869
-1.0806023
0.29975365
0.25501712
0.30908211
-0.49642956
0.018523531
0.028611724
-0.69091623
0.11304202
-0.74993523
1.1992113
-0.31256173
0.30800838
0.1021662
-0.63956736
-0.63447764
1.022421
-0.0052243838
-0.66378851
-0.40365877
-0.88406644
-1.2094347
0.52025513
-0.91241183
0.83152343
0.096693901
0.22692521
0.087114722
0.58146887
-0.0052690009
-0.89564225
1.086059
-1.2500632
-0.086302087
-0.16211947
-0.46368746
0.47871159
-0.073754548
1.158697
-0.36884406
1.1248129
0.54053745
-0.48570427
-0.40422929
-0.24104244
-0.10678276
0.22314585
-0.11636308
0.7833112
-0.046624829
-0.38788999
0.045104518
1.1500688
-1.1951733
-0.97331117
-0.40684949
-0.45103282
0.0082956735
-0.18557733
0.93325056
0.067007513
0.43003326
0.77051955
-0.071638491
-0.61283286
-0.17112748
-0.054869653
-0.4938629
-0.010057999
0.65266626
-0.81135207
0.60159622
0.17588797
0.32838658
-0.46885248
0.61302385
-0.86332837
-0.74355103
-0.33321346
-0.24184295
-0.22427333
-0.21288536
0.010606704
0.20227865
0.26037129
0.14519291
-0.23962198
-0.58431279
-0.22340665
0.92273944
-0.09264449
-0.58557917
-0.66507721
0.92880777
-0.30591723
0.51813599
-0.55455639
0.24134933
-0.92349283
0.91551547
-0.069397999
1.1046639
-1.1399309
0.73570165
-0.60520469
0.40421152
-0.2969156
-0.73077858
0.68373204
-1.0569549
0.72106406
-0.3944829
-0.98315012
0.86928517
-1.0841292
-0.091132573
-0.15286695
-0.74824486
-0.32967483
0.30090016
-0.1686519
-0.10788566
0.25565083
0.35371948
-0.019557577
0.94836535
0.74401689
-0.30257024
0.23480074
-0.013268652
0.83387951
-0.020637333
-0.47378794
0.23476808
0.17558121
0.11656309
0.43353433
0.41033664
-0.25722244
0.51794568
0.11443652
-0.27378267
0.17643642
-0.19764808
-0.13481828
-0.23112692
0.2959279
0.24439557
-0.057600119
0.50853306
-0.8999033
0.73533381
0.18018166
0.97049038
0.40151872
0.41270092
-0.6087797
0.19607878
-0.91236568
0.7184284
0.3870689
0.76036553
-0.7317538
0.82865513
0.080141455
-0.39588767
-0.076492755
0.78300622
-0.42139031
-0.74720026
0.79784687
0.35960953
-0.03971153
0.72825969
-0.12219242
-0.23430986
0.95537392
0.028356408
0.15782537
0.41884973
-1.115526
0.7858512
0.75509653
0.93737953
0.090570972
0.13257488
-0.58528887
0.097615425
-0.062765622
0.15964135
0.40199978
-0.61775013
0.21242648
0.081454873
0.35675811
0.44005763
-0.50107837
0.22224552
-0.22059947
-0.00073022588
-1.0717108
0.2654656
-0.48887225
0.2581547
0.050927407
-0.65530828
0.75006737
-0.33379046
-0.65662119
0.16000072
1.01974
-0.71070646
0.22303501
-0.10060963
-0.96315213
1.3639624
-0.10484977
-1.2013704
0.20312051
-0.22827875
0.098016657
-1.1287664
-0.027438433
0.17120317
-0.049602702
0.17352335
0.16045586
-0.00081451
-0.20003671
0.080831011
0.49681405
0.026436364
-0.24703583
-0.084606059
0.1474133
-0.61110076
-0.20891115
-0.40714308
-0.25858381
1.0247441
-0.50872919
0.2196896
-0.21795584
0.18039035
0.027523402
0.6982542
-0.20120871
0.5972515
-0.33307802
0.29552919
0.26940075
-0.76903054
-0.15487657
1.0187638
0.12481272
-0.5661191
-0.3260421
0.89575278
-0.098201461
-0.8087751
0.27542182
0.20307926
-0.12387105
-0.26220982
1.0237225
0.25729339
-0.31165724
0.1141135
-0.63344517
0.74330886
1.0817791
0.52862139
-0.40094542
-0.42343188
0.52601373
-0.88744393
-0.40826784
0.12611255
-0.82113897
0.15822405
-0.79166923
0.13002616
0.23367085
0.41172026
0.85497457
0.26723135
0.48727413
0.23730438
-0.059335006
0.130476
-0.41033802
0.3082208
0.14552971
)
;

boundaryField
{
    back
    {
        type            empty;
    }
    out
    {
        type            calculated;
        value           nonuniform List<scalar> 
20
(
1.5687547
1.5953141
1.3279355
1.5564468
1.5994001
1.6417575
1.5836703
1.6465036
1.4334122
1.1319863
1.6624994
1.3035824
1.6320799
1.624521
1.1723843
1.4769488
1.598493
1.653234
1.5955763
1.1955
)
;
    }
    bottom
    {
        type            calculated;
        value           uniform 0;
    }
    in
    {
        type            calculated;
        value           nonuniform List<scalar> 
20
(
-1.5
-1.5
-1.5
-1.5
-1.5
-1.5
-1.5
-1.5
-1.5
-1.5
-1.5
-1.5
-1.5
-1.5
-1.5
-1.5
-1.5
-1.5
-1.5
-1.5
)
;
    }
    top
    {
        type            calculated;
        value           uniform 0;
    }
    wall
    {
        type            calculated;
        value           uniform 0;
    }
    front
    {
        type            empty;
    }
}


// ************************************************************************* //
