/*--------------------------------*- C++ -*----------------------------------*\
| =========                 |                                                 |
| \\      /  F ield         | foam-extend: Open Source CFD                    |
|  \\    /   O peration     | Version:     4.1                                |
|   \\  /    A nd           | Web:         http://www.foam-extend.org         |
|    \\/     M anipulation  |                                                 |
\*---------------------------------------------------------------------------*/
FoamFile
{
    version     2.0;
    format      ascii;
    class       surfaceScalarField;
    location    "0.4";
    object      phi;
}
// * * * * * * * * * * * * * * * * * * * * * * * * * * * * * * * * * * * * * //

dimensions      [0 3 -1 0 0 0 0];

internalField   nonuniform List<scalar> 
6703
(
-2.8262836e-05
0.0001457261
-0.00011746326
-5.3549602e-05
0.00017949847
-0.00015421171
-7.755249e-05
0.00021543028
-0.00019142739
-0.00010567451
0.00025586435
-0.00022774233
-0.0001379722
0.00030324046
-0.00027094277
-0.00017487351
0.00035872282
-0.00032182151
-0.00021682484
0.00042352242
-0.0003815711
-0.0002642979
0.00049903029
-0.00045155723
-0.00031785651
0.00058677352
-0.00053321491
-0.00037818958
0.00068845656
-0.00062812349
-0.00044613234
0.00080600523
-0.00073806248
-0.00052267995
0.00094163437
-0.00086508676
-0.00060899092
0.0010980071
-0.0010116961
-0.00070648328
0.0012785905
-0.0011810981
-0.00081681957
0.0014882531
-0.0013779168
0.0017335289
-0.0016106654
-0.00093968305
-2.0615959e-05
0.00016634206
-4.1247952e-05
0.00020013047
-6.1601159e-05
0.00023578349
-8.5612386e-05
0.00027987557
-0.00011363107
0.00033125915
-0.0001464393
0.00039153105
-0.00018483792
0.00046192104
-0.00022970036
0.00054389273
-0.00028200905
0.00063908221
-0.00034288866
0.00074933616
-0.00041366498
0.00087678156
-0.00049595591
0.0010239253
-0.00059176544
0.0011938166
-0.00070347144
0.0013902965
-0.00083348383
0.0016182655
0.001883407
-0.00098336194
-7.928617e-06
0.00017427068
-2.0455584e-05
0.00021265743
-3.487483e-05
0.00025020274
-5.2163357e-05
0.0002971641
-7.2664425e-05
0.00035176022
-9.6995743e-05
0.00041586237
-0.00012580519
0.00049073048
-0.00015984719
0.00057793473
-0.00019998238
0.0006792174
-0.00024718916
0.00079654294
-0.00030258339
0.00093217579
-0.00036745611
0.001088798
-0.00044333661
0.0012696971
-0.00053204774
0.0014790076
-0.00063558829
0.001721806
0.0020037898
-0.00075597107
-3.2762021e-06
0.00017754688
-1.15036e-05
0.00022088483
-2.0278991e-05
0.00025897813
-3.1109969e-05
0.00030799508
-4.4067626e-05
0.00036471788
-5.9631847e-05
0.00043142659
-7.8258714e-05
0.00050935735
-0.00010050197
0.00060017799
-0.00012699731
0.00070571274
-0.00015847446
0.00082802009
-0.00019576754
0.00096946888
-0.00023982325
0.0011328537
-0.00029169831
0.0013215722
-0.00035251174
0.001539821
-0.00042320788
0.0017925022
0.0020837882
-0.00050320631
9.0798851e-07
0.00017663889
-3.5278031e-06
0.00022532062
-7.1842497e-06
0.00026263457
-1.2109661e-05
0.00031292049
-1.7959356e-05
0.00037056757
-2.5071702e-05
0.00043853893
-3.3671995e-05
0.00051795765
-4.4078863e-05
0.00061058485
-5.6663177e-05
0.00071829705
-7.1865976e-05
0.00084322289
-9.0206396e-05
0.0009878093
-0.00011228886
0.0011549362
-0.0001388033
0.0013480866
-0.0001705032
0.0015715209
-0.00020817129
0.0018301703
0.0021303063
-0.00025468934
5.1872742e-06
0.00017145162
4.9628397e-06
0.00022554506
6.3348639e-06
0.00026126255
7.3570353e-06
0.00031189832
8.6567182e-06
0.00036926789
1.0051178e-05
0.00043714447
1.1544068e-05
0.00051646476
1.305889e-05
0.00060907003
1.449901e-05
0.00071685693
1.5721123e-05
0.00084200078
1.6528786e-05
0.00098700164
1.6662693e-05
0.0011548023
1.5792274e-05
0.0013489571
1.3503963e-05
0.0015738092
9.4968864e-06
0.0018341773
0.0021363803
3.4228898e-06
9.7626975e-06
0.00016168892
1.4494869e-05
0.00022081289
2.0962525e-05
0.00025479489
2.8225131e-05
0.00030463571
3.6812483e-05
0.00036068054
4.6820291e-05
0.00042713667
5.8449537e-05
0.00050483551
7.1881332e-05
0.00059563824
8.7294169e-05
0.0007014441
0.0001048447
0.00082445024
0.00012465996
0.00096718638
0.00014683132
0.0011326309
0.00017141932
0.0013243691
0.00019844717
0.0015467814
0.00022802291
0.0018046016
0.0021050917
0.00025931149
1.4407378e-05
0.00014728154
2.4652965e-05
0.0002105673
3.6178327e-05
0.00024326953
4.9781316e-05
0.00029103272
6.5716207e-05
0.00034474565
8.4422863e-05
0.00040843001
0.00010627151
0.00048298686
0.00013168292
0.00057022683
0.0001610824
0.00067204462
0.00019489563
0.00079063701
0.00023353817
0.00092854384
0.00027740972
0.0010887594
0.00032689569
0.0012748831
0.00038232841
0.0014913486
0.00044396495
0.0017429651
0.0020376693
0.00051138735
1.9459249e-05
0.00012782229
3.6274405e-05
0.00019375214
5.3243287e-05
0.00022630065
7.3336045e-05
0.00027093996
9.6683433e-05
0.00032139826
0.00012407747
0.00038103597
0.00015607323
0.0004509911
0.0001933035
0.00053299657
0.00023641082
0.00062893729
0.0002860538
0.00074099403
0.00034290633
0.00087169131
0.00040767609
0.0010239896
0.00048115706
0.0012014021
0.00056430015
0.0014082055
0.00065829666
0.0016489686
0.0019314535
0.00076451244
2.6517299e-05
0.00010130499
5.1440937e-05
0.0001688285
7.5302501e-05
0.00020243908
0.00010265283
0.00024358963
0.00013387151
0.00029017958
0.00017006759
0.00034483989
0.0002120416
0.00040901709
0.00026061738
0.0004844208
0.0003166132
0.00057294147
0.00038085992
0.00067674731
0.00045422389
0.00079832734
0.00053766955
0.00094054394
0.00063239589
0.0011066758
0.00074009285
0.0013005086
0.00086338036
0.0015256811
0.0017871739
0.00100766
2.8908995e-05
7.2395996e-05
6.9436405e-05
0.0001283011
0.00010802772
0.00016384777
0.00014714541
0.00020447195
0.00018856283
0.00024876216
0.00023445126
0.00029895145
0.00028628447
0.00035718388
0.00034521451
0.00042549076
0.00041223812
0.00050591785
0.00048828363
0.00060070181
0.00057428064
0.00071233033
0.0006712665
0.00084355807
0.00078052845
0.00099741385
0.00090373038
0.0011773067
0.0010426649
0.0013867465
0.0016284196
0.0012014193
5.5698167e-05
1.669783e-05
0.00010796998
7.6029283e-05
0.00015080532
0.00012101243
0.00019379422
0.00016148305
0.00024004162
0.00020251477
0.00029097368
0.00024801939
0.0003474323
0.00030072526
0.00040990991
0.00036301315
0.00047852896
0.0004372988
0.00055311646
0.00052611431
0.0006333757
0.00063207109
0.0007191185
0.00075781528
0.00081050865
0.0009060237
0.00090822473
0.0010795906
0.0010127477
0.0012822235
0.0015156383
0.001125529
-1.9000668e-06
-0.00011786801
0.00011976808
-1.5027094e-05
-0.00014125015
0.00015437718
-3.9333041e-05
-0.00016802229
0.00019232823
-6.7705878e-05
-0.000199643
0.00022801584
-0.00010130734
-0.00023675733
0.00027035879
-0.00014096669
-0.00028019398
0.00031985333
-0.00018758443
-0.00033086635
0.00037748409
-0.00024216553
-0.00038977369
0.00044435479
-0.00030569065
-0.00045801029
0.0005215354
-0.00037907126
-0.00053677509
0.0006101557
-0.00046312945
-0.00062739174
0.00071144993
-0.00055857894
-0.00073135407
0.00082680356
-0.00066607635
-0.00085041398
0.00095791139
-0.00078660237
-0.00098664143
0.0011071674
-0.00092267837
-0.001142257
0.001278333
-0.0013202594
0.001478923
-0.001081342
-1.8110172e-05
-9.9757839e-05
-4.1121785e-05
-0.00011823854
-6.9157418e-05
-0.00013998665
-0.00010305939
-0.00016574103
-0.00014375372
-0.00019606299
-0.00019233311
-0.00023161459
-0.00025006189
-0.00027313758
-0.0003183877
-0.00032144788
-0.00039896245
-0.00037743554
-0.00049366616
-0.00044207138
-0.0006046319
-0.000516426
-0.00073427676
-0.00060170921
-0.00088535439
-0.00069933635
-0.0010609697
-0.00081102613
-0.0012641921
-0.00093903452
-0.0010866428
-0.0014978087
-2.1256176e-05
-7.8501663e-05
-4.7248101e-05
-9.2246614e-05
-7.8426284e-05
-0.00010880847
-0.00011569394
-0.00012847338
-0.00016011176
-0.00015164518
-0.00021291507
-0.00017881128
-0.00027552635
-0.0002105263
-0.00034956883
-0.0002474054
-0.00043688171
-0.00029012266
-0.00053953896
-0.00033941413
-0.00065987731
-0.00039608765
-0.0008005416
-0.00046104492
-0.00096455326
-0.00053532469
-0.0011554113
-0.00062016813
-0.0013774492
-0.0007169966
-0.00082701077
-0.0016370812
-2.1809245e-05
-5.6692418e-05
-4.8971266e-05
-6.5084593e-05
-8.1946052e-05
-7.5833683e-05
-0.00012158891
-8.8830518e-05
-0.00016898167
-0.00010425242
-0.00022540388
-0.00012238907
-0.00029233081
-0.00014359936
-0.00037143861
-0.00016829761
-0.00046461135
-0.00019694992
-0.00057395012
-0.00023007536
-0.00070178737
-0.0002682504
-0.00085071894
-0.00031211335
-0.0010236786
-0.00036236502
-0.0012240283
-0.00041981848
-0.0014552114
-0.00048581346
-0.0005632479
-0.0017189743
-2.3871823e-05
-3.2820595e-05
-5.3040791e-05
-3.5915625e-05
-8.8014913e-05
-4.0859562e-05
-0.00012980891
-4.703652e-05
-0.00017964212
-5.4419207e-05
-0.0002389208
-6.3110394e-05
-0.00030924614
-7.3274018e-05
-0.00039242641
-8.5117338e-05
-0.00049049091
-9.888542e-05
-0.00060570776
-0.00011485851
-0.00074061124
-0.00013334692
-0.00089803278
-0.0001546918
-0.0010811173
-0.00017928052
-0.0012934725
-0.00020746323
-0.0015404576
-0.00023882838
-0.00027071823
-0.0018329873
-7.9304797e-06
0.0001743105
-0.00016638002
-2.0461826e-05
0.00021272239
-0.00020019104
-3.4884256e-05
0.00025029741
-0.00023587498
-5.2174249e-05
0.00029730007
-0.00028001007
-7.2673509e-05
0.00035196205
-0.00033146279
-9.6996102e-05
0.00041615127
-0.00039182868
-0.00012578455
0.00049112408
-0.00046233563
-0.00015978522
0.00057843541
-0.00054443474
-0.00019984879
0.00067979596
-0.00063973239
-0.00024694506
0.00079711871
-0.00075002244
-0.00030219198
0.00093260386
-0.00087735694
-0.00036690933
0.0010888883
-0.001024171
-0.00044269393
0.0012692997
-0.0011935151
-0.00053144832
0.0014781709
-0.0013894165
-0.00063514018
0.0017209046
-0.0016172127
0.0020032724
-0.0018831426
-0.00075526998
-3.2710324e-05
-1.10271e-07
-6.8543393e-05
-8.2556355e-08
-0.00010934104
-6.191421e-08
-0.00015633504
-4.2518176e-08
-0.00021073235
-2.1897891e-08
-0.00027384407
1.3205277e-09
-0.00034714581
2.7723854e-08
-0.00043232005
5.6902505e-08
-0.0005312924
8.692841e-08
-0.00064626466
1.1375448e-07
-0.00077974277
1.3118559e-07
-0.00093456672
1.3215181e-07
-0.0011139572
1.0998131e-07
-0.0013214724
5.1910663e-08
-0.0015602084
-9.2345849e-08
-4.5501477e-07
-0.0018304716
-3.323372e-05
3.3123449e-05
-6.9519528e-05
3.6203252e-05
-0.0001107765
4.1195058e-05
-0.00015825339
4.7434374e-05
-0.00021315965
5.4884357e-05
-0.00027680041
6.3642083e-05
-0.00035063733
7.3864644e-05
-0.00043633021
8.574978e-05
-0.00053577281
9.9529534e-05
-0.00065112625
0.00011546719
-0.00078484726
0.00013385219
-0.00093971423
0.00015499912
-0.0011188537
0.0001792495
-0.0013256634
0.0002068616
-0.001563162
0.00023740622
0.00026906897
-0.001832686
-2.3965072e-05
5.7088521e-05
-5.3320076e-05
6.5558256e-05
-8.8518796e-05
7.6393778e-05
-0.00013056262
8.9478198e-05
-0.00018066225
0.00010498399
-0.00024021415
0.00012319398
-0.00031080651
0.00014445701
-0.00039422992
0.00016917319
-0.00049248942
0.00019778904
-0.00060781919
0.00023079696
-0.00074270446
0.00026873746
-0.00089990841
0.00031220307
-0.0010825008
0.00036184184
-0.0012940198
0.00041838067
-0.0015394534
0.00048283981
0.00055718986
-0.0018275743
-2.1716753e-05
7.8805274e-05
-4.8776995e-05
9.2618498e-05
-8.1632031e-05
0.00010924881
-0.00012112689
0.00012897305
-0.00016833149
0.00015218859
-0.00022450996
0.00017937246
-0.000291117
0.00021106405
-0.00036980128
0.00024785747
-0.00046241153
0.00029039928
-0.00057100607
0.0003393915
-0.00069787179
0.00039560319
-0.0008455687
0.00045989999
-0.0010170395
0.00053331267
-0.0012158006
0.00061714171
-0.0014457596
0.00071279889
0.00082057544
-0.0017091452
-2.1088874e-05
9.9894148e-05
-4.688172e-05
0.00011841134
-7.7817514e-05
0.00014018461
-0.00011479016
0.0001659457
-0.00015884895
0.00019624738
-0.00021121522
0.00023173873
-0.00027329515
0.00027314397
-0.00034669474
0.00032125706
-0.000433239
0.00037694354
-0.00053500038
0.00044115288
-0.00065434729
0.00051495009
-0.00079402538
0.00059957808
-0.00095726206
0.00069654935
-0.0011478998
0.00080777944
-0.0013713113
0.00093621038
0.0010883887
-0.0016391246
-1.8014175e-05
0.00011790832
-4.0905852e-05
0.00014130302
-6.8792431e-05
0.00016807119
-0.00010251422
0.00019966749
-0.00014299543
0.00023672858
-0.00019132921
0.00028007251
-0.00024878587
0.00033060064
-0.00031683046
0.00038930164
-0.00039715394
0.00045726702
-0.00049171447
0.00053571342
-0.00060278964
0.00062602526
-0.00073304909
0.00072983752
-0.0008856842
0.00084918447
-0.0010645602
0.00098665541
-0.001273491
0.0011451412
0.0013268256
-0.0015119278
-1.7597971e-06
0.00011966812
-1.4806129e-05
0.00015434935
-3.907309e-05
0.00019233815
-6.7394696e-05
0.0002279891
-0.00010094506
0.00027027895
-0.0001405593
0.00031968676
-0.00018714825
0.00037718958
-0.00024173433
0.00044388773
-0.0003053303
0.00052086298
-0.00037889711
0.00060928024
-0.00046332798
0.00071045613
-0.00055941659
0.00082592613
-0.00066783787
0.00095760575
-0.00078928115
0.0011080987
-0.00092514519
0.0012810052
0.0014817171
-0.0010800367
5.5671192e-05
-7.2282453e-05
1.6611261e-05
0.00010793583
-0.00012822443
7.5959794e-05
0.00015076976
-0.00016380754
0.00012097361
0.00019374283
-0.0002044477
0.00016147463
0.0002399609
-0.00024875816
0.00020254009
0.00029084924
-0.00029897185
0.00024808351
0.00034724754
-0.0003572323
0.000300834
0.0004096437
-0.00042556335
0.00036316718
0.00047815244
-0.00050599165
0.00043748292
0.00055258798
-0.0006007171
0.00052628155
0.00063263454
-0.00071216953
0.00063212297
0.00071807725
-0.00084302806
0.00075758535
0.00080903864
-0.00099623848
0.0009052771
0.00090603833
-0.0011751266
0.001078127
0.0010091066
-0.001382799
0.0012797308
-0.0016227961
0.0015076066
0.0011242961
2.8954004e-05
-0.00010123646
6.9522561e-05
-0.00016879299
0.00010815072
-0.00020243569
0.00014730397
-0.00024360095
0.00018876095
-0.00029021514
0.00023469646
-0.00034490735
0.0002865886
-0.00040912444
0.00034559231
-0.00048456705
0.00041270574
-0.00057310509
0.00048885883
-0.00067687019
0.00057499014
-0.00079830084
0.00067217263
-0.00094021056
0.00078180302
-0.0011058689
0.00090583874
-0.0012991624
0.0010469152
-0.0015238755
-0.0017866478
0.0012107669
2.6558719e-05
-0.00012779518
5.152728e-05
-0.00019376155
7.5426783e-05
-0.0002263352
0.00010281748
-0.00027099164
0.00013408483
-0.0003214825
0.00017034106
-0.00038116358
0.00021238915
-0.00045117253
0.00026105292
-0.00053323082
0.00031714805
-0.00062920021
0.00038150049
-0.00074122263
0.00045497245
-0.0008717728
0.00053853252
-0.0010237706
0.00063340227
-0.0012007386
0.00074129568
-0.0014070558
0.00086474412
-0.0016473239
-0.0019300429
0.0010081392
1.9487133e-05
-0.00014728231
3.6333558e-05
-0.00021060798
5.3329118e-05
-0.00024333076
7.3454369e-05
-0.00029111689
9.6842428e-05
-0.00034487056
0.00012428724
-0.0004086084
0.00015634477
-0.00048323006
0.00019364643
-0.00057053248
0.00023683091
-0.00067238469
0.00028655033
-0.00079094205
0.00034347243
-0.00092869489
0.00040830709
-0.0010886053
0.00048187421
-0.0012743057
0.00056518591
-0.0014903675
0.00065958235
-0.0017417203
-0.0020371196
0.00076665902
1.4424413e-05
-0.00016170672
2.4686998e-05
-0.00022087056
3.6227656e-05
-0.00025487142
4.9851505e-05
-0.00030474074
6.5813551e-05
-0.0003608326
8.4554882e-05
-0.00042734973
0.00010644563
-0.00050512081
0.00013190474
-0.00059599159
0.00016135303
-0.00070183297
0.00019520865
-0.00082479768
0.00023387815
-0.00096736439
0.00027775559
-0.0011324827
0.00032723085
-0.001323781
0.00038264415
-0.0015457808
0.00044426231
-0.0018033385
-0.0021042188
0.00051136157
9.7731289e-06
-0.00017147985
1.4513092e-05
-0.00022561053
2.0989349e-05
-0.00026134767
2.8264664e-05
-0.00031201606
3.6869672e-05
-0.00036943761
4.6901132e-05
-0.00043738119
5.8560015e-05
-0.00051677969
7.2026243e-05
-0.00060945782
8.747497e-05
-0.0007172817
0.00010505712
-0.00084237983
0.00012489254
-0.00098719982
0.00014706783
-0.001154658
0.00017164715
-0.0013483603
0.00019866982
-0.0015728035
0.00022830843
-0.0018329771
-0.0021355291
0.00025961871
5.194167e-06
-0.00017667402
4.9726216e-06
-0.00022538898
6.3503648e-06
-0.00026272542
7.3814234e-06
-0.00031304712
8.6946263e-06
-0.00037075081
1.0108514e-05
-0.00043879508
1.1627394e-05
-0.00051829857
1.3174995e-05
-0.00061100542
1.4653632e-05
-0.00071876034
1.5917345e-05
-0.00084364354
1.6765402e-05
-0.00098804787
1.6934e-05
-0.0011548266
1.6091604e-05
-0.0013475179
1.3837198e-05
-0.001570549
9.9234768e-06
-0.0018290634
-0.0021294672
3.8616187e-06
9.11573e-07
-0.00017758559
-3.5248445e-06
-0.00022095256
-7.1779212e-06
-0.00025907234
-1.2097164e-05
-0.00030812788
-1.7935906e-05
-0.00036491207
-2.5030488e-05
-0.0004317005
-3.3604186e-05
-0.00050972487
-4.3973133e-05
-0.00060063648
-5.6506096e-05
-0.00070622737
-7.164336e-05
-0.00082850628
-8.9906689e-05
-0.00096978454
-0.00011190824
-0.0011328251
-0.00013834832
-0.0013210778
-0.00016997428
-0.0015389231
-0.0002075057
-0.001791532
-0.0020831314
-0.00025384152
-3.2750854e-06
-1.1505261e-05
-2.0280189e-05
-3.1107999e-05
-4.4058022e-05
-5.9607243e-05
-7.8208029e-05
-0.00010040909
-0.00012684051
-0.00015822808
-0.00019540876
-0.00023934547
-0.00029112361
-0.00035187579
-0.00042250318
-0.00050236221
-2.058583e-05
-0.00014579419
-4.1220555e-05
-0.00017955632
-6.1595616e-05
-0.00021549992
-8.5626212e-05
-0.00025597948
-0.00011366448
-0.00030342452
-0.0001464879
-0.00035900526
-0.00018488901
-0.00042393453
-0.00022972693
-0.00049959681
-0.00028196334
-0.00058749598
-0.00034269838
-0.0006892874
-0.00041324355
-0.00080681177
-0.00049524472
-0.00094216983
-0.00059082406
-0.0010979358
-0.00070258975
-0.0012776508
-0.00083327385
-0.0014865286
-0.0017314159
-0.00098500054
-2.822425e-05
-0.00011756995
-5.3545011e-05
-0.00015423556
-7.7621633e-05
-0.0001914233
-0.00010582695
-0.00022777416
-0.00013822178
-0.00027102969
-0.00017522961
-0.00032199744
-0.00021728678
-0.00038187735
-0.0002648463
-0.0004520373
-0.00031844375
-0.00053389853
-0.00037873092
-0.00062900023
-0.00044651087
-0.00073903181
-0.00052279076
-0.00086588995
-0.00060886078
-0.0010118657
-0.00070644101
-0.0011800706
-0.00081726395
-0.0013757057
-0.0016089422
-0.00093973769
3.7979077e-05
-2.3711946e-05
-1.4267131e-05
0.00011871722
-5.4416245e-06
-7.529652e-05
0.00021830818
1.8303126e-05
-0.00011789409
0.00032794753
4.6777053e-05
-0.0001564164
0.00043815153
8.5284173e-05
-0.00019548817
0.00054040245
0.0001361396
-0.00023839051
0.00063288781
0.00019508888
-0.00028757424
0.00071424652
0.00026389257
-0.00034525128
0.0007841755
0.00034371004
-0.00041363902
0.00084418759
0.00043503594
-0.00049504803
0.00089779901
0.00053823538
-0.00059184679
0.00095032107
0.00065385941
-0.00070638147
0.0010082491
0.00078299133
-0.00084091938
0.001078315
0.00092772321
-0.00099778904
0.0011664834
0.0010915257
-0.0011796941
0.0012787148
-0.0013902164
0.001277985
3.0204138e-05
-5.3916083e-05
8.4480666e-05
-5.9718153e-05
0.00016089753
-5.811374e-05
0.00025699606
-4.932147e-05
0.00037322565
-3.0945419e-05
0.00050623583
3.1294124e-06
0.00063584904
6.5475671e-05
0.00075143452
0.00014830709
0.00085215325
0.00024299131
0.00094169894
0.00034549026
0.001025656
0.00045427829
0.0011112059
0.00056830954
0.0012070147
0.00068718255
0.0013229459
0.00081179197
0.0014699171
0.00094455449
0.0010886784
0.0016599535
1.4784657e-05
-6.8700741e-05
3.1445083e-05
-7.6378579e-05
5.7383806e-05
-8.4052463e-05
9.8020946e-05
-8.9958611e-05
0.00015869794
-9.1622413e-05
0.00024123222
-7.9404865e-05
0.00034023638
-3.3528489e-05
0.00042978282
5.876065e-05
0.00053134296
0.00014143116
0.0006404069
0.00023642631
0.00075675419
0.000337931
0.0008827443
0.00044231943
0.0010224373
0.00054748954
0.0011810363
0.00065319297
0.0013648258
0.00076076501
0.00087268989
0.0015808143
-7.1619827e-06
-6.1538758e-05
-1.628967e-05
-6.7250891e-05
-2.6890761e-05
-7.3451372e-05
-3.8533694e-05
-7.8315677e-05
-5.0137933e-05
-8.0018174e-05
-5.2262843e-05
-7.7279954e-05
-1.2570124e-05
-7.3221209e-05
6.2676931e-05
-1.6486405e-05
0.00015420123
4.9906861e-05
0.00026622625
0.0001244013
0.00039538478
0.00020877247
0.00054775706
0.00028994716
0.00072359413
0.00037165247
0.00092340442
0.00045338268
0.0011506149
0.0005335545
0.00061299653
0.0014103083
-1.5817361e-05
-4.5721397e-05
-3.873182e-05
-4.4336432e-05
-6.6527679e-05
-4.5655513e-05
-9.7920662e-05
-4.6922694e-05
-0.00013111588
-4.6822961e-05
-0.00016447744
-4.3918386e-05
-0.00020134505
-3.6353603e-05
-0.00019534
-2.2491455e-05
-0.00014921038
3.7772411e-06
-6.3547655e-05
3.8738574e-05
6.3907567e-05
8.1317246e-05
0.00022991899
0.00012393574
0.00042204835
0.00017952311
0.000642361
0.00023307003
0.00089537283
0.00028054267
0.0003282714
0.001180098
-4.5797777e-05
7.6379883e-08
-9.0188495e-05
5.4286811e-08
-0.00013586492
2.0910433e-08
-0.00018275884
-2.8773254e-08
-0.00022948073
-1.0107275e-07
-0.0002731951
-2.0401319e-07
-0.00030920147
-3.4722913e-07
-0.00033115173
-5.4119539e-07
-0.00032660026
-7.7423058e-07
-0.0002867695
-1.0921867e-06
-0.00020404963
-1.4026229e-06
-7.8410969e-05
-1.7029273e-06
0.00010322971
-2.1175626e-06
0.00033907764
-2.777898e-06
0.0006232924
-3.6720939e-06
-5.4020648e-06
0.00095696586
-4.5625627e-05
4.5702007e-05
-8.9866795e-05
4.4295454e-05
-0.00013539703
4.5551151e-05
-0.00018214417
4.671836e-05
-0.00022871403
4.6468793e-05
-0.00027226046
4.3342411e-05
-0.00030806317
3.5455486e-05
-0.00032976662
2.116225e-05
-0.00032485673
-5.684124e-06
-0.00028485501
-4.1093902e-05
-0.000202151
-8.4106636e-05
-7.6540457e-05
-0.00012731347
0.00010471192
-0.00018336994
0.00033927931
-0.00023734529
0.0006211072
-0.00028549998
-0.00033351462
0.00094921975
-1.5757984e-05
6.1459991e-05
-3.858037e-05
6.711784e-05
-6.6267852e-05
7.3238633e-05
-9.7530515e-05
7.7981022e-05
-0.00013056033
7.949861e-05
-0.00016372046
7.6502538e-05
-0.00020026885
7.2003881e-05
-0.00019381031
1.4703704e-05
-0.00014768239
-5.1812041e-05
-6.2319969e-05
-0.00012645632
6.4464007e-05
-0.00021089061
0.00022930742
-0.00029215688
0.00041998716
-0.00037404968
0.0006386975
-0.00045605563
0.00089004678
-0.00053684926
-0.00061721462
0.0011737468
-7.1909422e-06
6.8650933e-05
-1.6360812e-05
7.628771e-05
-2.7015993e-05
8.3893813e-05
-3.8726563e-05
8.9691592e-05
-5.0408405e-05
9.1180453e-05
-5.2410341e-05
7.8504474e-05
-1.2566818e-05
3.2160358e-05
6.2303637e-05
-6.0166751e-05
0.00015323081
-0.00014273921
0.00026442019
-0.0002376457
0.00039252132
-0.00033899174
0.00054352612
-0.00044316168
0.00071751033
-0.00054803389
0.00091475182
-0.00065329712
0.0011381718
-0.00076026921
-0.00087060223
0.0013915594
1.4716086e-05
5.3934847e-05
3.130572e-05
5.9698076e-05
5.7162012e-05
5.8037522e-05
9.7703582e-05
4.9150022e-05
0.00015825275
3.0631281e-05
0.00024047531
-3.7180821e-06
0.00033896993
-6.6334261e-05
0.00042792589
-0.00014912271
0.00052887055
-0.00024368387
0.00063722784
-0.00034600299
0.0007527742
-0.00045453811
0.00087780428
-0.00056819176
0.0010162336
-0.00068646321
0.0011729933
-0.00081005685
0.0013538531
-0.00094112895
-0.00108242
0.0015656709
3.0207831e-05
2.3727017e-05
8.4441012e-05
5.4648953e-06
0.00016078681
-1.8308276e-05
0.00025677351
-4.6836678e-05
0.00037283027
-8.5425484e-05
0.00050542307
-0.00013631088
0.00063438062
-0.0001952918
0.00074937426
-0.00026411635
0.00084961283
-0.00034392244
0.00093879378
-0.00043518395
0.001022487
-0.00053823133
0.0011078539
-0.00065355868
0.0012035625
-0.00078217175
0.0013195918
-0.00092608617
0.0014671674
-0.0010887045
-0.0012731249
0.0016578723
3.7909718e-05
-1.4182702e-05
0.00011859893
-7.5224316e-05
0.00021814618
-0.00011785553
0.00032771768
-0.00015640818
0.00043780635
-0.00019551415
0.00053995197
-0.0002384565
0.00063234714
-0.00028768697
0.00071364342
-0.00034541264
0.00078355696
-0.00041383598
0.00084361076
-0.00049523774
0.00089731814
-0.00059193871
0.00094998224
-0.00070622278
0.0010081058
-0.0008402953
0.001078495
-0.00099647538
0.0011673379
-0.0011775474
-0.0013882279
0.0012824408
2.3425024e-06
-2.2048559e-06
3.2532563e-06
3.5000229e-06
2.8361997e-06
7.0144848e-07
-3.680063e-06
-1.1349566e-05
-2.3701488e-05
-4.2544735e-05
-7.0151085e-05
-0.00010931171
-0.0001634021
-0.00023640151
-0.00033331306
-0.00046226135
2.3397567e-06
-2.1981326e-06
3.2446919e-06
3.4863766e-06
2.8154824e-06
6.7137743e-07
-3.7218831e-06
-1.1404387e-05
-2.3767519e-05
-4.2612048e-05
-7.0193934e-05
-0.00010928032
-0.00016323467
-0.00023613782
-0.0003335105
-0.00046352966
3.1640373e-06
-2.428559e-06
6.2821158e-06
1.1348565e-05
1.8374509e-05
2.8001512e-05
4.1148542e-05
5.8903084e-05
8.2550019e-05
0.00011359383
0.00015377809
0.00020514066
0.00027012245
0.00035177403
0.00045395739
0.0005733361
3.1634614e-06
-2.4306981e-06
6.2818056e-06
1.1348452e-05
1.8375047e-05
2.8003923e-05
4.1154938e-05
5.8916803e-05
8.2576586e-05
0.00011364287
0.00015386716
0.00020530097
0.00027040528
0.00035220682
0.0004547362
0.00058015805
0.001349519
-0.0034381476
0.0020886285
0.0084505129
-0.0087724958
0.00032198292
0.0012391642
-0.0032142235
0.0019750593
0.0084505129
-0.0022254594
0.00018498074
0.0020404787
-0.008164274
0.0050595406
0.0031047333
-0.0011203412
0.0043922331
-0.0032718918
0.0077647371
0.002936303
-0.01070104
0.0080785201
0.0020098569
-0.010088377
0.0012677568
-0.0017300181
-0.001943908
0.0014803784
0.00349888
0.0064427362
-0.0099416162
-0.0036235652
-0.0038398167
0.0074633818
-0.0075611321
0.0034772908
0.0040838413
-0.0016608879
0.0040144737
-0.0023535858
0.0035916605
-0.00010700065
-0.0034846598
0.0073432453
-0.0076183696
0.00027512426
0.00057817063
0.0016597207
-0.0022378913
0.0013195654
-0.0017404698
0.00042090443
0.0062650285
-0.0023099376
-0.0039550909
-0.0009877759
-0.0012376835
-0.0076992657
0.0040757005
-0.0094787818
0.0093904048
8.8377024e-05
0.00072786463
0.0085228149
-0.0092506795
6.1811846e-05
-0.0056752405
0.0056134287
0.0044753374
0.0013108686
-0.0057862061
-0.0040108519
-0.0059458968
0.0099567487
0.0063767598
-0.0021455907
-0.0042311691
0.0013480894
0.0064048829
-0.0077529723
-0.002261518
0.0055586337
-0.0032971157
0.006665317
-0.0021899796
0.0020188385
-0.001440188
-0.00057865052
-0.00021078443
0.0083788656
-0.0081680812
0.0062929654
0.00010377328
-0.0063967387
0.0010613047
-0.0061369565
0.0050756517
0.008740691
-0.0074016995
-0.0013389915
0.0076715471
-0.0081035405
0.00043199338
-0.0047930447
0.0058543495
0.0055910253
-0.0032437786
-0.0023472467
-0.0086677123
0.0017176539
0.0069500584
0.0029019315
-0.0042580614
0.0013561298
0.0099891383
-0.0043178096
-0.0056713287
0.0077647371
-0.0022880535
0.0056012105
-0.003313157
0.0080785201
-0.00085960616
0.0037196989
-0.0028600927
-0.0019043764
0.0065486912
-0.0046443148
-0.009802666
0.0041754504
0.0056272156
-0.0077647371
0.011659246
-0.0038945086
-0.0080785201
0.011761865
-0.0036833452
0.0031601757
-0.00042949964
-0.002730676
-0.0038876115
0.0017388516
0.0021487599
0.0014369463
-0.0026912527
0.0012543064
0.00098053112
0.001145948
-0.0021264792
-0.0030379771
0.0056770589
-0.0026390818
0.00052365592
0.0054944765
-0.0060181324
0.00097751454
-0.0019021549
0.00092464037
-0.0054895059
0.0034975029
0.001992003
-0.010521218
0.0011480557
0.0093731624
0.0084227019
-0.0030798155
-0.0053428864
0.0077453536
0.00067734829
0.0055481034
0.0040823585
-0.0096304619
0.0051959068
0.0043465493
-0.0095424561
-0.0024662568
0.0050446986
-0.0025784417
0.00083047753
-0.0040772749
0.0032467973
-0.0066519926
0.0068983096
-0.00024631703
0.0043407585
-0.0079003978
0.0035596393
0.0044782435
0.0017808046
-0.0062590481
-0.0010138351
0.0061884645
-0.0051746294
-0.0090377432
0.0071333669
-0.0024861646
0.0069177877
-0.0044316231
0.0017174026
0.0018742578
-0.0048254826
0.004406817
0.0004186656
0.0048260151
0.0062229767
-0.011048992
0.008717101
-0.0080578078
-0.00065929329
0.00052121818
-0.002757281
0.0048569728
-0.0020996918
0.0068408026
-0.0033509506
-0.003489852
0.00973802
-0.0087793393
-0.00095868074
0.0077325848
-0.0068904691
-0.0008421157
0.002718012
-0.0039716611
0.0012536491
-0.0023425254
0.0010023383
0.0013401871
0.0013967134
-0.0036582315
-0.011897938
0.0084266281
0.0034713097
0.0023111218
0.0050321235
0.0024189839
-0.0090883944
0.0066694106
-0.0045362186
0.0076038361
-0.0030676176
-0.0010145825
-0.006001768
0.0070163505
0.0029275593
-0.0022736929
-0.00065386639
0.00049262871
0.0082244723
0.0053333225
0.00011496457
-0.0054482871
-0.0076519187
0.0031092228
0.0045426959
0.00053164721
0.0036459808
-0.004177628
0.0031989164
0.002392109
0.004381535
0.0024628891
-0.0068444241
0.0045770521
-0.00174388
-0.002833172
-0.0046727301
-0.0053248153
0.0030681105
-0.0018289463
-0.00087777438
-0.0014905087
0.0023682831
-0.0029192904
0.0056550232
-0.0027357328
-0.0030327696
0.0078587847
-0.0057013427
0.007533712
-0.0018323694
-0.0059043672
-0.0017475515
-3.971323e-05
0.0077112603
0.0081315995
-0.0075586851
-0.00057291443
-0.0051081568
-0.0024529753
-0.011266422
0.007426935
0.0038394871
-0.011816783
0.0085830921
0.0032336912
0.0057419755
-0.0025919432
-0.0031500323
0.0014137326
-0.003701786
0.002162368
-0.0052003451
2.9210904e-05
0.0042333328
-0.0042625437
0.0031439385
-0.0041577736
-0.0016643524
0.0045662839
0.0019352
0.0043298285
0.0065289279
0.0032090921
0.0038547553
-0.0038255444
0.0029556312
0.0071172635
-0.010072895
0.0098547301
-0.0056456287
-0.0042091014
-0.0022128106
0.0048014975
-0.002588687
-6.051798e-05
0.0014974642
0.002056741
-0.0010762099
0.00099564635
0.0008929649
-0.0018886112
0.010895064
-0.011105849
0.00098662201
0.00036880821
-0.0013554302
0.0015640356
-0.00038393765
-0.0075153068
0.0080862823
-0.00057097547
-0.0021325719
0.0013572997
0.00077527217
0.0037608224
-0.0037094681
-5.1354358e-05
-0.0056078124
0.0051327945
0.00047501789
0.0019332513
-0.00095573675
-0.00048767907
0.0047599273
-0.0042722482
-0.00464855
0.0085019189
-0.0038533689
0.0034799144
0.0065092239
0.0077147055
-0.0033739471
0.0034347757
0.0023071998
-0.0035396689
0.0026800627
0.0063707699
-0.0073853524
-0.0031682758
0.0022905014
0.0055789371
0.0025526624
0.0052635427
-0.010818386
0.0055548431
0.0030393483
0.0016165639
-0.0014315832
-0.0031750704
0.0045245894
0.0077990984
-0.0077990984
-0.0022062443
-0.0013463449
0.0066796674
0.0010152638
-0.0037725449
-0.00039348813
0.006284708
-0.0058912199
-0.0040726958
0.0096207992
-0.0042530255
0.0094489323
0.0082879505
-0.0047995525
-0.0034883981
0.0043546379
0.003030494
-0.0052433046
0.0057801746
-0.0075773333
0.0017971587
0.0059178986
-0.0058560868
0.00081765031
-0.00044891762
-0.0068589301
0.0073078477
0.0096266405
0.0016239458
-0.011250586
-0.0061567628
0.009112394
-0.0042219864
0.0047333738
-0.0043438523
0.0048552139
-0.00040910527
0.0047906403
9.7277403e-05
0.0036629523
-0.0037602297
-0.0057697384
-0.00026139036
0.0060311288
0.0034566998
-0.0081052498
-0.0088484487
0.0084549605
0.0060382052
0.0026895276
-0.0087277328
-0.00081862847
-0.0033880676
0.0042066961
-0.0036371097
0.0071359896
-0.0060249014
0.0023690957
0.0036558057
0.003789013
-0.0032573658
0.0011201068
-0.006481895
0.0053617882
0.0064079548
-0.0071290126
0.00072105775
0.0056644406
0.00262351
-0.010106959
0.0053139147
0.00047996373
0.0072526211
0.0062176205
0.0048268398
-0.0088376918
-0.0011810078
0.0038990198
-0.0070407001
0.0055491902
0.0014915099
-0.007163377
0.0063447485
0.0037281775
0.0048781199
-0.0086062974
0.0068456127
7.2175063e-05
-0.0045188626
0.0056389693
-0.0021101254
-0.0049305747
-0.0011713916
-0.0022259853
0.0033973769
0.0027617171
-0.0046846535
0.0019229364
0.00077705612
0.0029950293
-0.0037720855
-0.0066212191
0.0018014683
0.0048197508
0.0010447866
0.0077786265
-0.0088234131
-0.0059940938
-0.0029348382
0.0089289321
0.0016955285
0.0046812314
-0.0023370136
4.9898225e-06
0.0023320238
-0.0063687732
-0.0012495964
0.0079945137
-0.0072666491
0.0070546925
-0.00064673761
-0.0055432012
-0.0029940035
0.0085372047
-0.0045318099
-0.0020192993
0.0065511092
-0.00079417354
0.003157534
-0.0023633605
-0.00037620986
0.0059254001
-0.0028246657
-0.0035906522
0.0064153179
0.0038193738
-0.00015629181
-0.003663082
-0.0052857181
0.0048223158
0.00046340229
-0.0066604624
0.003699818
0.0029606444
-0.0059271879
0.0038170626
0.0038471106
-0.0076869273
0.0096266405
0.0011720651
0.0026065589
-0.003778624
0.0093086585
-0.0074509117
-0.0018577468
-0.007071098
0.0076330982
-0.0031548547
-0.0058763398
-0.001638967
0.0003047876
-0.0055923796
0.005287592
-0.0069580457
0.0080028323
0.0037346356
-0.007271405
0.0035367694
0.0035668522
0.0048178202
-0.0083846724
-0.0045391233
0.0035525621
-0.0047239537
0.0030949561
-0.0035826352
-0.0078017251
-0.0034646971
0.006970897
-0.00078243253
0.0072262588
-0.0059910307
-0.001235228
0.0056681106
0.0046724047
-0.010340515
0.0013845033
-0.0046282819
-2.1096935e-05
0.0024256236
-0.0024045267
-0.0027516304
0.0039236955
-0.0033158037
0.0089839143
-0.0092275148
0.0090884049
0.00013910985
-0.001194791
0.0059547183
0.00023247596
-0.0025694896
0.0025021618
-0.0025785245
7.6362729e-05
0.0018794401
-0.0089552537
0.0070758137
-0.0030851448
-0.00024849401
0.0033336388
-0.00087497278
-0.0046919342
0.005566907
0.0046417521
0.0022038606
0.0015990076
0.0070873483
-0.0086863558
-0.0041361284
0.0019101431
0.0067622765
0.0015798797
-0.0083421562
0.00019010111
0.0075885254
0.0037050957
0.0029602213
0.010138482
-0.0018827667
-0.0082557155
-0.0039204074
-0.00090507527
-0.0077829107
0.0025703016
0.0052126091
0.00077716053
-0.0039178474
0.0031406869
-0.0054654994
0.0054349823
3.0517056e-05
-0.0013591636
0.007652129
0.0077593323
-0.01154573
0.0037863979
0.0041877586
0.0021101259
-0.0062978845
-0.0029979171
-0.00029400725
0.0032919244
-0.00086956853
-0.0023869227
0.0032564912
0.0029255254
0.00050950076
0.0087991578
-0.0032278309
0.0069624665
0.0024494249
-0.0011298595
0.0070130489
0.0018023897
-0.0088154385
0.0031105591
-0.0030132817
-0.0054025456
0.0025778798
0.0097898289
-0.00078037729
0.0083343306
-0.0075539533
0.00075508457
-0.0081567841
-0.0099384637
0.0056002299
0.0043382338
0.0092368744
-0.0026827917
-0.0048945416
-0.0072376246
-0.0014300877
-0.0053036334
0.007084438
-0.0037044824
-0.0044597916
0.0077936802
-0.0064455908
-0.0075718331
0.0083911732
-0.00081934008
-0.0056200255
0.0058951497
-0.0026252543
-0.0026604638
0.00074454831
0.0064817105
-0.00017662399
-0.0054311884
-0.0036478891
-0.0023770123
-0.00121779
0.0080009561
-0.0067831661
-0.0031971824
0.0039743429
-0.0059552328
0.0061887577
-0.00023352492
8.0839798e-05
-0.0077504536
0.0076696138
0.0073293857
-0.00064425804
-0.0066851276
0.0032790803
-0.0035528416
0.00027376133
0.0064281929
-0.0073485194
0.00092032653
0.00053583742
0.0061044359
-0.0066402733
0.0048087903
-0.004096697
-0.00071209335
-0.0031178849
0.0021377651
0.00098011974
0.0013433117
-0.0023310877
-6.1329964e-07
-0.0059934805
-0.00060984323
-0.0060421493
-0.0081095148
0.0080114742
-0.0079306344
-0.0038321672
-0.0016573387
-0.0038293019
0.0017581141
0.0020711879
0.0048047799
-0.0041297095
-0.00067507043
0.001546965
-0.0076958252
0.0061488602
1.3362362e-05
0.0024887994
-0.0028792419
-0.00020590291
0.0048504707
-0.00020871861
-0.004502291
-0.0063160948
0.0058438299
-0.0014370128
0.0021225684
-0.010895064
0.0087724958
0.0067723803
-0.0036704941
-0.0031018862
-0.00081702798
-0.0046702257
0.0054872537
-0.0042962311
0.0021506404
-0.0041274712
0.0034906319
0.00063683924
-0.0022469673
8.9363734e-05
0.0021576036
-0.0028417449
-0.00015617221
0.0044549411
0.0013888888
-0.00065925092
-0.0051104875
0.0052862022
0.00029273492
-0.0032173189
-0.0039599319
0.0071772508
0.0024271009
0.00066240399
-0.0030895049
-0.0070752884
0.0088853816
-0.0018100932
0.0064093257
-0.0033001028
0.010833163
-0.0070791282
-0.0037540346
-0.0057268897
-0.0074905647
0.0045557265
-0.0059272448
0.001550839
0.0043764057
-0.0056561311
0.0061919685
0.00098219931
-0.0032291666
-0.0036116463
-0.0030095728
0.0036730317
-0.0028641349
-0.00080889675
0.0057388397
-0.0059154637
-0.0068932258
0.0084401908
-0.0011215603
0.0078035088
-0.0066819486
-0.0075134198
0.0024340765
0.0050793433
-0.0053236485
0.0054257109
-0.00010206248
0.0035544562
-0.0027717858
-0.00078267038
0.0082292333
-0.0040414747
0.0058323204
0.00057700526
0.004025188
0.005428355
-0.009453543
-0.00088023964
-0.0013911543
0.002271394
-0.0027370692
0.0038314674
-0.0010943982
-0.0022489644
0.00034680948
-0.011887015
0.0073478915
0.002053062
-0.0067253003
0.0046722382
-0.00025634075
-0.0034999377
0.0037562784
0.0033787097
-0.0042777912
0.00089908149
0.0064403351
0.0011721241
-0.0076124592
-0.0084042066
0.0021065884
0.0062976183
-0.0057344092
7.8278117e-05
0.002862262
0.00069219423
-0.0078835931
-0.0013439217
0.0012129686
0.003846572
0.0030794142
-0.0022495792
-0.00082983509
0.003633198
0.0066293605
-0.010262558
0.0064832618
0.00084612388
0.0029358872
0.0007371445
0.0027217464
0.0040506339
-0.0037981607
0.001488223
0.0078322676
0.0023062146
-0.0082681019
0.0021113391
-0.0029702922
0.0014797835
0.0057947015
-0.0028177569
-0.0029769446
-0.0042861422
0.0057399615
-0.0037390802
-0.0020008813
0.0040960464
0.0007127439
-0.0062713753
0.0083939437
0.0058019968
-0.0030402797
0.002264607
-0.0086012946
0.006954417
0.0016468776
-0.0061882605
0.0046556733
0.0015325872
0.0038540319
-0.0043209668
0.00046693484
-0.00083719714
0.0072799333
-0.0010070429
-0.0049307938
0.0024577545
0.0024730393
0.0053297344
0.00039615001
-0.0063233948
-0.0056519599
0.0034607324
0.0021912275
-0.00061891519
-0.0069529179
-0.0018891322
-0.0058101334
0.0041878752
0.00061690471
0.0042700948
-0.0022346792
-0.0020354156
-0.0022370074
0.0030696102
-0.0008326028
-0.0017414987
-0.00050746574
-0.0087119075
0.0016284588
0.0070834487
-0.0032459301
-0.0029423304
0.0036971244
-0.0025413828
-0.0011557415
-0.00095109151
0.0043858672
0.0043828899
-0.0022433635
-0.0021395264
0.0057043875
-0.0029363823
-0.0027680053
0.0054866525
0.0036017524
-0.0049337859
0.0069655758
-0.0020317899
-0.0067148996
0.0007994359
-0.00063721375
-0.0020998554
-0.0010978952
0.0042968116
-0.0078474678
0.0047760863
0.0097432715
-0.0057180835
0.0063429928
0.0050652789
-0.0039560801
-0.0011091988
0.00683267
0.00075033682
-0.0075830068
0.0022880188
0.0051639496
-0.0040275224
-0.0011364272
0.0073710166
-0.0075991536
0.00022813691
0.002919503
0.0027848846
0.0059818992
0.0065519277
-0.0039907354
-0.0025611923
-0.0016175196
0.0057085403
-0.0040910207
-0.0017880779
-0.0020995336
0.0056970023
0.0051361605
-0.0015540791
0.008567128
0.0013197676
0.0011242341
-0.0024440017
-0.00141267
0.0075171059
3.6257945e-05
-0.0035363525
0.0035000945
-0.0057320822
0.0035694291
0.0021626531
-0.0023897004
0.01031002
-0.00082107289
-0.0094889467
-0.0041514957
0.0057505033
0.0063328433
0.001426489
-0.0015527429
-0.0059378218
-0.0057725661
-0.0080814215
-0.0034643088
-0.0069989631
-0.0068986945
-0.00085175907
-0.0029762299
-0.0038827002
0.002474708
-0.010455099
0.0079803908
0.0021368876
-0.01055557
0.0084186819
-0.0067613004
0.010394498
-0.005511837
0.0070917167
-0.0018277668
0.0035050818
0.0017415662
-0.0052466481
0.0065590074
-7.0797569e-06
-0.0041125853
-0.0060782781
0.010190863
-0.010876565
0.0042133999
0.0066631652
0.0018995349
-0.0078547676
-0.0061849184
0.002267071
0.0055250508
-0.0050356648
-0.00048938602
0.008502562
-0.001669892
0.0084649118
0.00053213042
-0.0089970422
0.0087894815
-0.0066525939
-0.0062371995
0.0018905904
0.0068405563
-0.0087311466
0.0030642277
0.0035316518
-0.0065958795
-0.00032092938
0.001884965
-0.0079702999
0.0023779203
-0.0034612288
0.0092935492
0.0049716698
-0.00044982594
-0.0045218438
0.0049467375
-0.00046798138
-0.0044787561
-0.00062367916
0.0099231514
-0.0092994723
0.0035916843
0.0020853746
-0.0032373743
0.0020613721
0.0011760022
0.0028430391
0.0056915058
0.0032374263
0.0081159862
0.00050906762
0.006861949
-0.0067909079
-0.0031475559
-0.010058482
-0.0050699824
-0.0068170324
0.0061574766
-0.0055804713
-0.0039100354
0.0005151965
0.0033948389
-0.0075730361
0.006735839
0.0021810317
-0.0058414394
0.0036604077
-0.0029818082
0.0045326473
-0.00091231533
-0.0002300953
0.0011424106
0.0078445429
0.0034956831
-0.011340226
0.0093423451
-0.0039825158
-0.0053598293
-0.0061085495
-0.006473211
-0.0055377777
0.0021206605
0.0034171172
0.0071253121
-0.0026703711
-0.0058714323
0.0081825541
-0.0074787462
0.0029469363
-0.0062746245
-0.00026019399
0.0065348185
0.0033250755
0.0051977394
-0.0045521163
-0.0012322971
-0.0017401733
0.0029724703
0.0073295556
-0.0041007342
-0.0032288214
-0.0020444528
0.0016605152
-0.0029167001
0.0074724266
0.0055479359
-0.0019269515
-0.0036209843
0.00041430392
0.0075661021
-0.007980406
-0.0070258539
0.00011578991
0.006910064
0.00034780682
-0.0092516098
0.0074257001
0.0018259096
0.0096930005
-0.0089426637
-0.00076633026
0.0025051819
0.0017614401
0.0046667527
0.001562843
-0.0086381313
-9.0661608e-05
0.0065422592
-0.0060186032
-0.0043961823
-0.0044445152
-0.0027188618
0.0048465404
0.0075462234
-0.0062353548
0.00065766799
-0.0047286538
0.0040709858
-0.0048688027
0.0081938782
-0.0019516538
0.0054155991
-0.0034639453
-0.0016832157
-0.0014346692
-0.010596268
0.0095398022
0.0010564655
0.0005289797
0.0054207111
-0.0059496908
0.00054322541
0.0049261401
0.0015823037
-0.0016336581
-0.0073675041
-0.00039488478
0.0046722579
-0.0042773731
-0.0085685549
0.00099551882
0.0019071869
0.0058381667
0.004120512
-0.0045153968
0.0074048835
0.003366285
-0.010771168
-0.00092252122
-0.0012300797
0.0021526009
0.0014704227
0.0073190588
-0.0063418411
-0.0070247577
0.0075537374
-0.0040323933
-0.00018959308
0.0061429598
4.5628518e-05
-0.0061885883
-0.0049410418
-0.0056552259
-0.0015514931
-0.0022778089
0.0028561533
0.0046757772
-0.0075319305
0.0067937925
-0.0071547206
0.00036092807
0.0084579449
-0.0091580936
0.0023364393
-0.0041742184
-0.0001696339
-0.0077539817
0.0065361917
-0.00071796249
-0.0026707514
0.0033887138
-0.0029592504
0.0087230729
-0.0057638225
-0.0073721697
0.0030784642
-0.0023992018
-0.0046145473
0.0070137492
-0.0014474386
0.0081332864
-0.0066858479
-0.0020312492
0.0054838451
-0.003452596
0.0076001178
0.0027099018
-0.0031369214
0.0029806296
-0.006069696
0.0024757282
0.00045183116
-0.0014500391
0.0055257396
-0.0060083235
0.0025978572
-0.0048715501
-0.002235701
-0.0044247614
-0.0073402457
0.0017970446
-0.0023377983
0.0022135041
-0.0069333657
-0.0022684512
0.0029615897
0.001771784
-0.0039698178
0.0076979953
-0.0037469416
-0.006498538
-0.0011006155
-0.0037811384
-0.0010430035
0.0020386499
0.0087743805
-0.0041556882
-0.0017714997
-0.0059591088
-0.0005227862
0.0063691833
-0.0021269504
-0.0042422329
0.0034569755
0.0034413341
-0.00059923136
-0.0053051358
0.0060502917
0.0042195081
-0.0102698
-0.0029332755
0.0067776143
-0.0038443388
0.0048921818
-0.0028319513
-0.0020602305
0.0058612055
-0.00082908194
-0.0062734861
0.0048608161
0.0028924173
0.0019627966
0.0056106012
-6.2665334e-05
-0.0011457677
0.0015145759
-0.0046389722
0.00060352065
0.0047303444
-0.0053338651
0.00021153206
0.004779485
-0.0050358257
0.0099413615
-0.0031475689
-0.0025097813
-0.0015674936
0.0041650383
-0.0026509686
-0.0015140697
0.0017014613
0.0040385002
-0.008120255
0.00019211974
0.0079281353
0.0087217852
-0.0045608499
-0.0041609352
-0.0048528329
0.0017028006
0.0048725796
-0.0027632407
-0.0021093389
1.0056085e-05
0.0037969332
-0.0038069893
0.0020321935
-0.0031544244
-0.00012643272
0.0039811881
0.0027336907
0.0024975345
0.00359297
-0.0060905045
-0.0063253848
0.0017891662
0.0034878257
0.0021671975
-0.0027681099
0.0026416772
0.0053756271
-0.008592946
0.00050145435
0.0023457917
-0.0028472461
-0.0041973664
0.0082432569
-0.0040458904
-0.0015034026
0.0023362929
0.0022407592
-0.0042837746
0.0071399279
-0.0062414555
0.0087941179
0.0062033426
-0.0037058081
-0.0026782553
-0.0030538269
0.0003235175
0.0039098153
0.00063216054
0.0007003753
-0.0013325358
-0.0031673413
0.00018853734
0.0029788039
-0.0063219391
0.004208377
0.002113562
0.0010012845
0.0066683293
-0.0025186129
0.0016383732
0.0017803084
-0.003269318
0.0014890095
-0.0096796243
0.0063638206
-0.0032849431
0.0052598104
-0.0071489426
0.0040593044
0.0032702511
0.0099820822
-0.0096342754
-0.00017240994
0.0023101751
-0.0012662912
-0.0010957878
0.002362079
-0.005007599
0.00031566471
0.0013379387
-0.002867789
0.0027651791
0.0052462951
0.0026670894
-0.002165635
0.002320265
0.0043827158
0.0056172842
-0.0054686615
-0.0045309453
0.0025516717
-0.0027240816
0.0055316363
0.0024278373
-0.0020851183
-0.00034271897
-0.0099114372
0.0036742377
-0.0038944394
0.0030248708
0.0065943201
-0.005666738
-0.00092758214
0.0027931578
-0.00075267907
0.010027274
-0.0053281901
-0.0046990844
0.0042204523
0.00062608811
-0.00035819494
0.0025069548
0.0016819025
-0.0043419891
0.0090143938
0.0053160131
-0.0079295203
0.0026135072
-0.00098678432
-0.0010524468
-0.00063866795
0.0016911148
-0.0013040533
-0.001933321
0.0047177978
-0.0046815398
-0.0014230154
-0.0062549906
0.006787121
-0.0018679541
0.00038736586
0.0014805882
0.0042476016
0.00067853845
0.009160742
-0.0059150856
-0.0032456563
0.0070532467
-0.004317182
-0.0027360647
0.0075865499
0.0075088398
0.0016660325
-0.0056567679
-0.003450877
0.0022698692
0.0078445429
0.0033523142
-0.00061934914
-0.0027329651
-0.0030151339
-0.0014501036
-0.002845441
0.0042955446
-0.00021159096
0.00378102
0.011105849
-0.0092152583
0.0085033894
-0.0019546982
0.0011110434
-0.0011801387
0.002162338
0.0017597219
0.00091972025
-0.0026794422
-0.0043030473
0.006992575
-0.0032538445
-0.0064257798
-0.0061926966
-0.0011475491
0.0055056618
0.0032161234
-0.0066481842
0.0056562363
0.0009919479
0.0027126324
-0.0030708273
0.0012255538
0.0063081582
0.0049543937
-0.010411098
0.0054567044
-0.0027943176
0.0052572067
0.011342134
-0.001649133
0.0037914494
-0.00092918742
0.0069539363
0.00047176385
0.00025831695
0.0052361595
-0.0086287022
0.008009787
-0.0075902526
0.0017188202
0.0041467596
-0.0033697035
0.001125638
-0.0024870506
0.00090168654
0.001585364
0.0013796948
-0.0014691482
8.9453385e-05
-0.0021623707
0.0071407678
-0.0049783971
0.0033007888
0.0018742068
0.00097856908
-0.0028527759
0.0021760186
-0.0021240475
-5.19711e-05
-0.0057961717
-0.0026080349
-0.0032322049
-0.0016985889
-0.002131152
-0.0018405091
-0.0016985284
-1.0616808e-05
0.0011125657
0.0021665146
-0.00038092948
0.009010487
-0.0086295575
0.0038919023
-0.00095601518
0.0027278884
-0.00079075607
-0.0019371324
-0.0018788409
1.0886853e-05
-0.0027414315
0.0043250844
0.0013664213
0.0016535495
-0.001021389
-0.002127249
0.0074294733
-0.0053022243
0.0017298741
0.00056062734
-0.0056364307
0.0014807424
-0.00056266299
0.0023429714
0.0023025648
-0.0013288272
-0.00097373761
0.0034918375
-0.0039941997
0.0066614836
-0.0023363992
0.0031641945
0.00053292983
-0.006367728
0.0052461677
0.0033791614
-0.0038823677
0.0012007338
0.0021515804
0.0067871163
-0.0048790791
0.00020885335
-0.00034106143
-0.0030619182
0.0058155455
-0.0027536274
0.00037631443
-0.0061864479
-0.0075677715
0.0022415968
0.0053261747
-0.0018223289
-0.0022674835
0.0040898124
-0.0029570202
-0.0068318711
0.006208192
0.0050828061
-0.0097555362
-0.0071596224
-0.00020788169
0.0063017703
-0.0081118635
0.0051909242
0.00099617879
0.0021680157
0.0074048835
-0.0020186975
0.0029116624
-0.0037710247
-0.0033425929
0.0071136176
-0.0019752756
0.0010527544
0.0021092724
0.0029560064
0.004289655
0.0033434432
-0.0050159017
0.0021695172
0.0029944324
0.0050352634
-0.00086653449
-0.0057382156
0.00660475
0.0043484234
-0.0096732387
-3.829864e-05
-0.0040624355
-4.1093719e-06
0.0013498287
0.0008261899
0.0098384042
-0.0025213062
-0.007317098
-0.0071023063
0.0010841739
0.00077446258
-0.005440311
0.0046658484
0.0079540814
-0.0080586703
0.00010458894
-0.0016906386
0.0045336777
0.0025305748
0.0007493205
0.0024505044
-0.0023256801
0.00233067
0.0034338071
-0.0076311735
0.0049586879
-0.0027963199
-0.0021364532
0.0075120804
-0.0067014002
0.0018720742
0.0044726743
-0.0086248382
0.0071773996
-0.0053218151
-0.0037159282
-0.0025699907
0.0060750725
0.007094317
0.0028470444
-0.0007920403
0.002034391
-0.0012423507
-0.00084987974
-0.0047098146
0.0055596944
-0.0048038078
-0.010015145
0.0010120639
0.0024140842
-0.0034261481
0.0069037148
-0.0010731243
-0.0055750599
0.0047632131
-0.0069397486
0.000749074
0.00061348745
-0.0013625615
0.00068352668
-0.0052053705
0.00071005977
-0.0051888159
0.0018046653
0.0039900362
0.0026087315
0.0023976868
-0.0031193472
0.00072166039
0.0040191296
-0.0070131331
0.0027327118
-0.0093853057
0.0082383736
-0.0011897431
0.0059076091
-0.0047178659
0.00092021551
0.0052831271
-0.00070438016
0.0024217828
-0.0034188418
0.0034288978
0.0024595029
0.0084645517
-0.0018029481
-0.0066616036
0.0009899281
0.0025146993
-0.0035046274
-0.0013372889
0.0044157531
0.0048690483
-0.0074989823
0.0006085132
0.0074344774
0.0010234675
0.0072431818
0.0027568182
-0.0011070161
-0.0068236183
0.0032700063
0.0033914773
-0.002851817
0.0028547991
-2.9821044e-06
-0.0095148785
0.005635043
0.0038798355
0.0077282493
-0.00050663645
-0.0030449739
0.0035516104
0.0067501941
-0.0016155337
-0.00021493787
0.003030565
-0.0027146759
-0.0003158891
-0.0036250155
-0.00048664975
0.0092807676
0.0052429478
0.0040993973
-0.0057860507
0.0017962823
0.0039897684
-0.0069878168
0.008803523
-0.0025017527
-0.00062714742
-0.0080015548
0.0057471688
-0.0060882302
0.0069248252
-0.0051277807
-0.0011120863
0.0042965505
-0.0031844642
-0.00070681464
-0.0045968187
0.0080780591
-0.0027287235
-0.0053493356
-0.0095767644
0.0093088888
0.0002678756
0.010770303
-0.0053419484
0.0008533189
-0.0040077433
0.0078035088
0.0056355017
0.0042029025
-0.0017280064
0.0061287442
0.00054316287
-0.0066719071
-0.0024869379
-0.0070279406
0.0026333902
-0.0053116455
0.0035168474
-0.006584465
0.010239103
-0.0067591889
0.0010593397
-0.0038770966
-0.0011596441
0.0048122044
-0.0036525604
0.0067762352
-0.011242482
0.005773821
-0.0088552324
0.0066928617
-0.0044547221
0.0039480856
0.00060954958
0.0059847705
0.004775685
0.00074936584
0.0039526172
-0.0049835522
0.001030935
0.0018438284
0.0084266281
0.0047298747
-0.0078460487
0.0032851988
0.0045222517
0.00052244688
-0.0090940156
0.0069667666
0.008938858
-0.001639944
-0.007298914
-0.0033482597
0.0060916934
-0.0027434338
0.0079143129
0.00069141611
-0.008605729
-0.0076404296
-0.0036020529
-0.00027446281
0.0054157263
-0.0051412635
0.0020831571
-0.0051450753
0.0014463412
0.0024735292
-0.0018700086
-0.0093432764
0.0025114053
-0.0028781956
0.00010629362
0.002771902
-0.0048626803
0.0072406005
0.0022207684
0.0085192878
0.0046465533
-0.0044955105
0.004729406
0.0023089639
0.0042500435
0.0014831303
-0.0029555515
0.0014724213
-0.0068489919
-0.0052108854
-0.00040441836
-0.0051873447
-0.0048278002
0.0082468843
-0.006880463
0.0036163778
-0.0026201991
8.3854167e-05
0.0071593277
0.0059480272
-0.0028530711
0.0055795635
-0.0053212466
0.0019763686
0.0059777128
0.0057562019
-0.0028816889
-0.002874513
-0.0046714083
0.0011141845
0.0035572237
-0.0023921854
0.0034716345
-0.0010794491
-0.0032027949
0.0067957649
-0.0086407463
0.0061064132
0.0025343331
-0.0029045495
0.0017244108
-0.0034633142
-0.0056250803
0.0020926796
-0.001514509
0.0068536135
-0.00048443016
0.004552046
0.0027670128
0.0042670955
-0.012244946
0.0079778503
-0.0025048765
0.0055103629
0.002732894
-0.0037352916
0.00053810923
-0.0031017835
0.0058235299
0.00085992077
0.0047751223
0.0061649143
-0.0051636298
-0.0061157507
0.0029984919
0.002494018
0.0012974314
0.0085830921
-0.00050336115
0.0053741935
-0.0092185323
0.0037342551
0.002844329
-0.00041870542
0.0019969279
0.0028777449
-0.0048746727
-0.00017619456
0.0064954225
-0.00073008035
0.0022132106
-0.0068012277
0.0036994442
0.0053031784
-0.0073224777
-0.0084909312
0.006687983
0.0025693074
0.0013225949
-0.0028953856
0.0012798518
0.0026968772
-0.004648531
0.0036342087
0.0033366884
-0.004027196
0.0071003336
-0.0030731375
-7.4669411e-05
-0.003073764
0.00068157862
-0.00113639
-0.0021412035
0.0032775935
0.0040332161
0.004149338
0.0057254837
0.0042942534
-0.0051441331
0.0033409073
0.006189428
-0.00025764647
-0.0059317815
0.0061810521
-0.010341987
0.0034268747
0.0011065231
0.0036219206
-0.00059135563
0.0016677298
-0.0056949258
-0.0084185962
0.0087946241
-0.00037602797
0.0068667763
0.0027001106
-0.00082184846
0.0037081715
-0.002886323
-0.0008662954
0.0087806083
-0.0064733774
-0.00045456449
-0.0047049003
0.0051594648
0.0012495698
0.0057848118
-0.0047222858
0.00045974213
0.0049242869
-0.0042666189
0.0020709323
0.0022054848
0.0039232595
-0.0051910846
0.0015431955
0.0026562637
-0.0046875128
0.0018777229
0.0019537445
-0.0034263391
-0.0022403989
-0.00058859459
0.0052939011
-0.0027563383
-0.0025375627
0.0037120442
-0.0060890564
-0.00051743905
0.0050396907
0.00164201
0.0053080484
-0.001617129
-0.0078664008
0.0069998663
0.0030053942
0.0058141825
0.0031814709
-0.0089956534
-0.0052582978
-0.0016245132
0.006882811
-0.0089117881
0.0072718441
0.00078299157
-0.0018259951
-0.0072091307
0.0067545662
0.007342497
-0.0027998011
-0.0025508217
-0.0026495233
0.003291686
0.0089512155
-0.0055174084
0.002665017
-0.0053937406
0.0065371618
-0.0038086325
-0.00051233427
0.00223005
-0.0016316439
-0.0012637417
0.0027682106
0.0029879913
-0.003646051
-0.0049225039
-0.00034196147
-0.0055343783
-0.0064412327
0.0068555366
0.0021265598
-0.0019117995
0.0039473925
-0.002035593
-0.0035626218
0.00091165316
0.0013754935
0.0030857538
-0.0044612473
-0.0054868518
-0.0003545876
0.0025727986
-0.0058050034
-0.0010566892
-0.0021724774
-0.0038222979
0.0013705676
0.0024517302
-0.0078911624
0.0042451114
-0.0046970234
-2.5262402e-05
0.0062408205
0.0027007278
-0.0038128141
-0.0032180411
0.003403743
-0.00084792081
-0.0025558221
-0.0084307482
0.00070031886
-0.0058108064
-0.0053261366
0.0085422599
-0.001658783
0.0077090747
0.0032130978
0.0013114916
-0.00020496864
0.004703178
-0.0044982093
-0.0044004362
0.0015576824
-0.0032283641
0.00016226378
-0.0021247187
0.001962455
0.0010582858
-0.0021149751
0.0061952003
-0.0019320235
-0.0038540273
0.0075683964
-0.0078428592
0.0033138924
-0.0052408439
-0.0063325101
0.0029842504
0.011067752
-0.0039343854
0.0045948418
0.0039423628
0.00061139962
0.0017670607
-0.00087353798
0.0025119112
-0.0023807587
0.0031179032
6.6224617e-05
0.0017647586
-0.0018309832
-0.0095767644
-0.0033362952
0.00095553651
-0.0031631442
0.0010086481
0.0021544961
0.0028638855
0.00063603649
0.0018131637
-0.0048019471
0.0093596973
-0.0045577502
0.0048728328
0.00028652896
-0.00662837
0.0085087528
-0.0087137215
-0.0056077013
0.00043469238
0.0051730089
-0.0036505069
-0.002001453
0.0040160037
0.0071018568
0.0028981432
-0.0072913734
0.0045725116
0.0026543175
-0.002139121
-0.0019973244
0.0025165315
-0.00051920712
-0.00080625342
-0.0017583289
0.0025645823
-0.0068932907
0.00012081689
0.0067724738
-0.0036073394
0.0017850105
-0.0023501642
0.0030423584
0.010575254
-0.00078819422
0.0026576799
-0.0018694857
0.0012839614
0.0016844599
-0.0064864069
-0.0042615281
0.0057422705
-0.00083255814
-0.0060825048
-0.0024114476
0.0051083248
0.0030771714
0.0038812682
-0.00036188826
0.0026139436
-0.0022520553
0.001583127
-0.00094709055
0.0070653108
0.0031737925
-0.0042617844
0.0086445003
0.0034498474
-0.0047961923
-0.0039165717
0.0043915896
0.00093627528
-0.0065439766
-0.0063055159
0.0050559195
-0.005776554
-0.0026541942
-0.0022990206
-0.0037730818
-0.0030239514
-0.00020777761
0.0032317291
-0.00043042582
-0.0067242948
-0.0032636989
0.00091353473
0.0091942574
-0.0033800749
-0.0039145997
0.0071455083
0.0021581692
-0.0093036775
-0.00094166665
0.0036362927
-0.002694626
3.107389e-05
0.003363765
0.0075377698
-0.0048727527
0.0056577046
-0.0066988791
0.00083342623
0.004226584
-0.0050600102
0.0049622519
-0.003418802
0.0080415541
0.0001513803
-0.0081929344
-0.003774293
-0.00091036045
0.0013112177
0.0027032559
-0.00086093956
-0.0013711558
0.0034420881
-0.0017303522
0.00068007905
-0.0041800167
0.00081990686
0.00076322017
-0.0070046735
0.0086891333
-0.0011297669
0.0064859549
-0.00067040932
0.003878521
-0.005073312
-0.0043477193
-0.0015423336
-0.0016757075
0.0013463927
0.0081025396
0.0015074657
0.0081133335
-0.0028743178
-0.0033847303
-0.0048646653
0.0034145617
-0.0052340349
0.0012763154
0.0028647773
0.0056478275
-0.0012714218
0.0070289183
0.0092055974
-0.0088484487
0.0040794687
-0.0019701963
-5.7185279e-05
-0.0068361054
-0.0033305187
0.00025969133
0.0041858387
-0.0020163216
-0.00035736711
0.0019150495
-0.0017754081
-0.001452956
0.0095731725
-0.0063534637
-0.0032197088
0.00076855239
0.0023108618
0.0045266192
-0.0068933808
-0.00066530429
-0.0039945262
0.00022144436
0.0090661021
-0.00068723649
0.0008086145
0.0027275068
0.0005586895
-0.004095042
0.0027333509
-0.0041309969
0.00021639722
-0.0050327128
0.0059910531
-0.00095834029
0.001804262
-0.0025222245
0.00057400942
0.0024941011
-0.0051240298
0.0094786678
-0.0030869811
0.0033035034
0.0062696691
-0.0028859165
0.005006577
0.0066721117
-0.0026388956
0.0061861902
0.0013515796
0.0016685539
0.0046377689
-0.0063063228
-0.0025132144
0.0051694781
-0.0094742687
0.0049433234
-0.0049243564
0.0027947268
0.0069580232
0.001529068
-0.0041895319
0.0026608466
0.0058410723
-0.0035727045
0.001955185
-0.00055283416
-0.0032701987
-0.0034312015
-0.0021720507
-0.00053794885
0.0031922664
-0.0026858414
-0.00033811006
-0.0032042536
-0.0056957572
0.0010812098
0.0010246677
-0.003109786
0.00029322451
0.0067941238
-0.00012013321
0.002650708
-0.001099992
-0.0010720587
0.0033238551
-0.00053083973
0.00055248452
0.0036679677
-0.002744162
0.0078803226
-0.010481085
0.004916402
0.0055646831
-0.010715484
0.0022968876
-0.0093851857
-8.9082973e-05
-0.0079889662
0.0042179416
-0.0016117983
-0.00012970039
0.0039153063
-0.0035191563
-0.0047302382
5.8829901e-05
-0.0021638421
0.00046531372
0.0050578922
-0.0038249057
-0.0012329865
-0.0025354906
-0.0051514367
0.00049963763
0.003747964
-0.003637539
0.0007593434
0.0026793755
-0.0036210421
-0.00082005908
0.0074894696
-0.0048019006
0.0019418078
2.1292039e-06
-0.003951503
-0.00047173404
-0.0023800829
-0.0031470874
0.0012515828
0.0069748295
-0.0082264123
0.0025338472
0.00093778729
-0.0062169107
0.0051778916
0.00044246226
-0.0056203539
0.00058575458
0.0027934068
0.00060984705
0.0028819904
0.0052530521
0.0013818923
-0.0066349444
0.0029323821
0.0028138431
-0.0057462253
0.0054918933
0.0028992799
-0.002719404
0.0044609702
0.0093088888
0.0013166319
0.0067249222
0.00066001183
0.00026659605
-0.0062044179
0.0076886938
-0.0056972432
-0.0043063396
0.0099820822
0.0056831863
0.003226358
-0.0045409163
0.0013145583
-0.0058914289
0.0090655697
-0.0033342231
-0.0057313466
-0.0039911033
-0.0056007888
0.001684217
0.00054323007
0.0064304188
-0.0069736488
-0.0012293298
-0.00095672967
0.0021860594
-0.0041714625
0.0024312892
-0.0017259295
-0.0041271353
0.005084256
0.0061969566
-0.0013158064
-0.0048811501
0.00081347126
-0.0036589123
-0.0068315852
0.004695132
0.0073956589
-0.0022177673
-0.0037665306
0.0039879749
-0.0047677367
-0.005235859
-0.0052262384
0.00077151634
-0.0013878574
-0.0041872025
-0.0024622078
0.00068196814
0.0017802397
0.0050748804
0.003909034
-0.008829594
0.008829594
-0.0038972112
0.0041136084
0.0016028984
0.0055307176
-0.0049874876
-0.0013010127
-0.00043945715
-0.0096818794
0.0044478445
0.0054285415
-0.0011342881
0.007185711
-0.0030094505
0.0014579575
-0.0079319318
0.0091835146
0.00066768016
-0.0053963339
0.0026958247
-0.0058738279
0.0031780031
-0.0031100694
-0.000222507
0.0033325764
-0.0022523398
0.0067025242
-0.0044501844
-0.0026289649
-0.0050020224
0.0076309873
0.0057175499
0.0012404733
0.005005361
-0.0054763299
0.00047096894
-0.0041011171
-0.0018129528
0.001598015
-0.0071704103
0.0044876185
0.00025638537
0.0029011487
0.00024528199
0.0011209457
-0.0029090237
0.0019478228
0.0019543714
0.00539776
0.0021683421
0.0096774646
-0.0027846884
-0.0068927763
-0.01004828
0.0051794777
-0.00244213
0.0013896832
0.0055040083
-0.0055423069
0.0096017577
-0.0059889609
-0.0036127968
-0.0051967003
0.0017355263
-0.0085114637
0.0014460427
-0.002238083
-0.00061707902
-0.0073148528
-0.0027436117
0.00061956422
-0.0079803308
-0.0050908362
0.0047641887
-0.00071355479
0.0092170901
-0.007071098
-0.00090541924
-0.00070637902
-0.00027390706
-0.0017447904
0.0009741573
0.0018190005
0.0042168541
-0.0034423915
0.0017538538
-0.0021833535
0.005898691
-0.005860152
-3.8539061e-05
-0.0034101296
-0.00034096418
0.0037510938
-0.0061778368
0.00076623966
0.0054115971
-0.0040765828
-0.0028908924
0.0030531561
-0.0069292321
-0.0034112832
-0.0029873144
-0.00029762869
-0.007014854
0.00079794333
-0.0078677066
0.0010662059
0.002900804
-0.00023371465
-0.0005877339
0.0015900722
-0.0093125978
0.0093125978
0.0048859967
-0.0018088253
0.00054113686
-0.0016411289
-0.0020616932
-0.0048085027
0.0065817905
-0.0017732878
0.0041978217
-0.00025814669
-0.0059905311
-0.0011406828
-0.0072823437
0.0084230266
0.0064690981
-0.00027214153
0.00053062819
-0.0019685571
0.0014379289
-0.0053146054
-0.0018343372
0.0086025887
-0.0092055974
0.00080747031
0.0026758099
-0.0034832802
0.0082516478
0.0021428506
0.0041167803
-0.0021198524
0.0055480688
-0.003879515
0.0002372183
-0.0081049249
-0.0064835422
-0.00068686803
-0.0043240723
-0.0026035685
0.0018608115
0.00074275706
0.0035820945
-0.0041690193
-0.00079232611
-0.0064900176
-0.0014408339
0.0051406519
-0.00016512148
-0.00044241714
-0.0038156442
0.0023221247
-0.0042269853
-0.0026936661
-0.00057565189
9.1630582e-05
-0.0029235819
0.0036729709
-0.00057691502
-0.0027989027
0.0033758177
-0.0041103152
0.00071260264
0.00097759277
-0.0016901954
0.002777872
0.00183312
-0.0046109919
0.0025929309
-0.00020402247
0.0040990552
-0.0038950327
0.0035801952
0.0039369107
-0.0029518128
-0.0025474291
-0.0070293353
-0.0047890847
0.0031870426
0.001602042
0.0050852431
0.0045165146
0.0041364255
0.0025432419
-0.002058301
0.0017843939
0.00081646453
-0.0051168296
0.0043003651
-0.0011326455
-0.0012012297
0.0023338751
0.0025940017
-0.00089648898
0.0054836292
-0.0045871402
-0.00079680483
-0.0075878676
-0.0011319071
0.0034776988
-0.00059681645
-0.0015670257
-0.0074934246
-0.00035262413
-0.0057874744
0.0029876733
-0.002818086
0.0021829448
-0.0010070563
-0.0011758885
0.00014576569
-0.0029090064
-0.0047570445
0.0017120706
0.0018618354
-0.004248758
-0.0018983657
-0.0058731627
0.0040756475
0.0017975151
0.0013250008
-0.00092599405
-0.0022882294
0.0032974175
-0.01014484
0.0044475968
-0.0057565099
0.0009480072
0.00011459369
0.0031730531
-0.00029536805
0.0042569665
-0.0039615984
0.0042008348
0.0015077055
0.0022266873
-0.0034775522
0.0029919994
0.00048555283
-0.00033753162
0.0053428926
-0.0029484231
-0.0019698541
-0.0026292634
-0.00053388081
0.0072296273
-0.0052218259
0.0029694861
-0.0093000592
0.001131978
-0.0013007603
0.0072621763
-0.005961416
0.0079778503
0.0034225821
-0.0028368275
0.0095438876
-0.0074372993
-0.00050345775
0.003515308
-0.0029054609
0.0018762577
-0.0055820658
0.00031293816
-0.0067780227
0.0070712472
-0.00063414453
-0.0068482027
0.005418115
0.0013760097
-4.9646513e-05
0.0073379129
-0.0022585696
0.00096215911
-0.004955446
-0.0018042977
0.0067597437
0.00010381405
-0.0061920443
0.0026084851
0.002283311
-0.0048917961
-0.0017213121
-0.0057721125
0.00028862754
-0.0044388269
0.0020273793
-0.0052975448
-0.0099337314
0.0069009619
-0.0066236001
0.0014995703
0.0086398124
-0.0072638028
-0.0020965998
0.0039229683
-0.0018263686
-0.0031766184
-0.0031467764
0.0028326461
-0.0082945512
0.0054619051
-0.0039870446
-0.0029410552
0.0027950049
0.00014605033
0.0034412754
0.00034464288
-0.0037859182
-0.0028289306
0.0039886803
-0.0011597497
0.0047249982
0.0033530173
-0.0080780155
0.0027568762
-0.0010030223
0.0024550953
-0.0029268293
0.0037261022
-0.0025076955
0.0080027461
-0.0054950506
-0.0039034835
-0.0029113896
0.0055198747
-0.0044887441
0.0062850264
0.003280239
0.00046925441
-0.0037494934
0.0072379202
-0.0040973236
0.0017595253
0.0076381918
-0.00096986252
0.0070017608
-0.0059925356
-0.0053527821
-0.00018965283
-0.0064723781
0.0066620309
-0.0078992594
-0.0031755732
-0.0088216991
0.0016649482
0.0071567509
0.0061367769
0.0037863746
0.0082713164
-0.0064581527
0.0049711529
0.0078935454
-0.0057353762
-0.0019804242
-0.0063143735
0.0020938295
-0.0034849838
-0.0078019779
0.0063501431
0.0014518349
-0.0097445352
0.0064793894
0.0032651458
-0.0075657264
0.00017609773
0.0073896287
-0.0049576617
0.0055008245
-0.0029171249
0.0042926184
-0.00065618051
0.0054356655
-0.0031665171
0.002825553
-0.00019624844
-0.0054789921
0.0036590763
0.00574969
-0.0052406224
0.0064916787
-0.0066813316
0.002503324
-0.00016703115
0.006695345
-0.0020487917
0.0013715227
-0.002276942
-0.0022008223
0.0069258205
0.0026296759
0.0023066124
-0.0076212178
-0.0018571589
-0.001713794
0.0022419606
0.0011617823
0.0034872898
-0.00026264845
-0.0035060679
0.0037687163
0.0025849363
0.0026716047
-0.0022001812
-0.00070436826
-0.003379758
0.0016277119
-0.00023615251
0.00088681192
-0.0028528436
0.0019660317
-0.0078162306
0.0096421402
-0.0040928968
-0.0011504077
-0.0062282208
-0.0039166193
-0.003815715
0.012557048
-0.0064599826
-0.0060970653
-0.0045394208
0.0020262064
-0.0016971798
0.0042699784
0.00072945956
-0.0019587893
0.0020523244
0.0012041668
-0.00651657
-0.0046596666
-0.0053886138
-0.0011133925
0.0041231703
0.0012909292
-0.0054140995
0.0066640174
-0.0088552324
-0.0090940156
-0.0018840357
-0.00484025
-0.0042907439
-0.0030577755
0.00054031345
-0.0033995273
0.0028592138
-0.006510844
-0.0067892698
-0.0046443317
0.011433601
0.00087790872
-9.3370839e-06
0.0047271349
-0.0056965048
0.0051207294
-0.0019570783
-0.003163651
0.00098127351
0.006733432
-0.0064292536
0.0067946882
0.0047010148
-2.0622739e-05
-0.0046803921
0.004561175
-0.00046211983
0.0055761499
-0.0018911521
-0.0036849978
0.0019150947
0.0036810622
0.0081175174
0.00030116455
0.0079377305
4.2660296e-05
-0.0028059746
-0.0018783899
-0.0026137898
0.002925466
-0.0025593666
0.0081157807
-0.0078870022
0.0098968591
-0.00089770428
0.0027064518
0.0015890928
0.0055223928
-0.00085015458
0.0054676569
0.0045323431
0.0051560846
-0.0024285778
0.00010242508
-0.002248505
0.0021460799
0.0022117761
-0.0033075639
0.0038396031
-0.0033309942
-0.00050860892
0.0013622606
-0.00091101847
-0.0014725807
0.0040418881
-0.002040186
-0.003252006
-0.00084531758
-0.00087660149
0.0022966656
-0.0014200641
0.00047677952
-0.0037486714
0.0046851008
-0.00042813429
-0.0014520083
0.0039460263
-0.0046151969
-0.0058750993
0.0059825591
-0.0024835193
-0.0022093398
-0.0030348856
0.0038423559
-0.0057591712
0.001703109
0.0039800773
-0.00078062994
0.0016968334
-0.00091620347
-0.0019404419
0.0052412307
0.0013971772
0.00065365734
0.0046294697
0.0046872967
-0.0010686352
-0.00087527282
0.0084596948
0.0053164404
-0.0024516631
0.0003580982
-0.0048468423
0.0015092116
-0.00024145479
0.0079462846
-0.0079462846
0.0069679896
-0.00043179789
-0.0010296428
0.0012502831
-0.00027764382
-0.0024530322
-0.0011112633
-0.0048079317
0.0012608423
0.0062286273
0.0056477312
0.0038465066
-0.0094942378
-0.0053235221
0.007223057
0.0051783029
-0.0014662587
0.0085342912
-0.0030666343
-0.0026895543
-0.0019909968
0.0034489543
0.004077973
0.004932514
0.0018113449
-0.0039302013
0.0039862146
-5.6013361e-05
-0.0022095729
-0.0019544123
0.0062440673
0.0044362278
-0.0027347665
-0.0096342754
-0.0019116517
-0.003336262
0.0052479137
-0.0046166788
0.0060449882
-0.0043094619
-0.0045481098
-0.0020095847
0.0065576945
0.0066070715
0.0012517132
-0.0017129362
0.00082310493
0.00088983126
0.000218374
-0.0044055765
-0.0045926651
0.0043300167
0.0020064966
0.0018331065
-0.0011834515
2.7568773e-05
0.0011558827
-0.0050043836
-0.0081410297
0.0021370258
-0.0036176313
0.00024021014
-0.0078968316
0.0014523858
-0.002800219
0.0081744125
0.0025364824
0.0039850365
-0.0048815255
0.0014989864
-0.0063279505
-0.00056901427
-0.0014665038
0.0015327285
-0.0013409617
0.00015751023
0.0039582492
0.0021114425
-0.002147538
-0.0035158402
0.0056633782
-0.0025387175
-0.0026281489
-0.0023950891
-0.0024068114
-0.0015021919
0.0042800639
-0.0025096212
-0.0026773586
0.0051869798
0.0071216659
-0.0017009548
-0.0077957679
0.0077957679
-0.0031072945
0.0033921171
0.00019731825
-0.00013057269
-0.006911234
0.0070418067
-0.0050900568
0.0029022787
0.0021877781
-0.00086168669
-0.002963219
-0.0032192539
0.0039854936
-0.0092152583
-0.00070613741
-0.0007447058
0.0014508432
-0.000850874
0.0018396851
-0.00098881108
0.0049291586
-0.00026164721
-0.0024698923
0.0012788795
0.0023430411
-0.0034258299
0.0042764326
-0.0034372569
0.00080732259
0.006160667
-0.0043955634
0.0071625762
-0.0045034451
0.0067242135
0.0057197939
-0.0049033294
0.0059212632
-0.0067406033
-0.0022979697
0.00019908029
-0.003015494
0.0028164137
0.0070663633
-0.00015629939
0.0028888986
0.0038801374
-0.0031673935
-0.0016780459
-0.0058557742
-0.0030560139
0.0039484761
-0.0035903779
0.0040941732
-0.004629253
-0.0085066712
0.0025049032
0.0066345655
0.00023497232
-0.0034088773
0.003001184
-0.0027708784
0.00067134481
0.0035409921
0.0041570032
-0.0090641573
0.0090641573
-0.0054284701
-0.0030624611
-0.002301003
0.0064764534
-0.0020610614
0.0095133259
-0.008196694
-0.0036846861
-0.0015041298
-0.0035102016
0.0061113454
-0.0026011438
-0.0063412061
0.003540987
-0.0024136206
-0.0031684451
-0.00036599473
-0.005862226
-0.0017108179
0.0064406926
0.0033720707
0.00084025717
-0.0042123279
-0.0025624537
-0.0037990382
-0.0014063323
-0.00084961479
0.0086000992
-0.00082159587
-0.00010635173
0.003106254
-0.0016294112
-0.0014247105
0.0014926953
-0.0031719939
0.0097815503
-0.0066095564
0.00094370874
-0.0026105577
-0.0020837016
0.0060321776
-0.0035258551
-0.00054563325
-0.0031666582
-0.0013742581
-0.0012432132
-0.007352556
0.0076745389
-0.0020433336
0.0026330126
0.0056381653
-0.0027186623
0.0012612386
0.0032724391
0.004416333
-0.0066591
0.002242767
-0.0039435859
0.0037210789
-0.0041226621
0.00019246087
0.0042345725
-0.0058030513
0.0011223507
0.0059534629
-0.0039475678
-0.00045286835
-0.0024855865
-0.0043900436
-0.0007933127
-0.0047489942
0.0030697915
0.0057293663
-0.00050045626
0.0004094992
-0.0015421447
-0.0022570937
0.0022541116
-0.0026652346
0.0010358233
0.0081933579
-6.0071484e-05
0.0060016466
-0.0084885845
0.0013007771
-0.0031929737
-0.00029235072
-0.0033522011
0.0036445519
-0.0036854741
-0.00090107717
-0.002838104
0.0037391812
0.0024688554
0.0038593418
-0.003242437
-0.0019705379
0.0029459073
0.0055733805
-0.00055369132
0.0062181319
-0.0033402265
0.0055509905
0.0015334475
-0.0074571988
-0.0081272014
0.0056058952
-0.0067892698
-0.0092772228
0.0060082499
0.003268973
-0.0012412019
0.0043284434
-0.0087734194
0.0072633832
0.0015100363
0.00054000786
0.0029506241
0.00074619086
-0.0015268208
0.0047550858
0.0047582401
-0.0072794421
0.0040337858
0.0074443039
-0.0040975594
0.0058006683
-0.0038699025
0.0010367305
-0.0037711315
-0.0047501297
-0.0094507192
0.0050545369
-0.0047825813
-0.001524846
0.00081870863
0.0007960349
-0.0016469089
0.0029340359
-0.0016195712
-0.0066321863
0.0019308014
0.0047013849
-0.0032208139
-0.0030770706
-0.0092572766
0.00448954
-0.0040863705
0.001668096
0.0057304016
-0.004011375
-0.0070273933
0.0010087901
-0.0070886132
0.0027762862
0.0021097105
0.0016274465
0.0011294297
-0.00229403
0.00013475362
0.0028415255
-0.0029762791
0.0013286942
0.0061477391
-0.0059196022
-0.0053974325
0.00087021374
0.0045272188
-0.0036981342
-0.0050595972
0.0015722878
0.0028434653
-0.0055461548
-0.0017452186
-0.0022438667
-0.0023277899
0.0028677978
-0.0029822804
-0.0070126138
-0.0025729763
-0.0031003483
0.0022940948
0.0022683467
-0.0072260084
-0.001861495
-0.0051632627
-6.2483527e-05
-0.0021333552
0.0013035201
-0.0027843068
-1.4595957e-05
-0.0031177824
0.0023295882
0.0010633773
0.0041982799
-0.0059090978
0.0056926484
-0.003637406
0.0026804871
0.0092540807
-0.0096200754
0.00078793243
0.0017285991
-0.0022164614
0.00045813258
-0.006620242
0.00036525139
0.0067691381
0.0023769514
-0.0010054287
0.0010413877
-0.0046471699
-0.0046101067
0.0076424499
-0.0030404401
0.0062800377
-0.0032395976
-0.0044360868
-0.0021416639
0.0027342926
-0.0015693826
-0.0074832554
0.00079740754
-0.00090252709
0.002707694
0.009393519
-0.0040375947
-0.0053559243
0.00063678076
-0.0033075321
0.00046398558
-0.0037949798
0.0031762141
-0.0026359006
-0.0011599841
-0.0069452708
-0.002331952
0.0027945397
-0.0053041609
0.0082247698
-0.0072564502
-0.00096831953
-0.0056731212
0.0026328416
0.00025639897
0.0039604551
-0.00020982121
0.0019745798
-0.0042667626
-0.001468055
0.0059068834
-0.0045249911
-0.0063405426
0.0027434537
-0.0019371025
0.003215982
0.0066819486
-0.0020100652
-0.0052740483
0.0027802411
0.0024938073
0.0094753567
-0.0010203961
-0.0084549605
0.00020153231
-0.0017438659
0.0063469976
-0.0016913243
0.0012743529
-0.0029523988
0.0090338799
-0.005706348
-0.0033275319
0.00057341675
0.0061423124
-0.0034010864
-0.0027412261
0.0022445762
-0.0062227643
0.0076105751
-0.0040375333
-0.0071669265
0.0028491168
-3.1918256e-05
-0.0044924248
0.0042807318
-0.0034188535
-0.0035960005
0.0026416397
-0.0025353461
0.00061747183
0.0061696492
0.003721954
0.0034342854
0.00082375313
0.0069635892
-0.0077873424
-0.0009222144
0.0027412149
-0.002833466
-0.00013876201
-0.0024397625
-0.0036668817
0.0047262213
-0.0033145291
0.003066035
-0.0013213135
-0.0044512525
-0.0014819815
0.0011246144
0.00013016897
-0.001905577
0.0060131799
0.0026744958
-0.0086876757
0.0051914578
0.0094753567
0.0033478514
-0.00016102731
0.0070293353
0.0040282382
-0.011057574
0.0027233308
0.001728247
-0.0062763568
0.0024515937
0.0035965781
-0.0018385968
0.0052538511
0.00070355521
-0.0059574063
-0.0034341864
-0.0065145668
0.0024730921
0.0045715444
-0.0027700761
0.00032261374
-0.0037734908
-0.0055643644
0.0025239244
0.0059024376
-0.003259417
0.0029654097
0.0070602784
0.0029397216
-0.0074743724
0.0049269432
0.0028969234
0.0059162043
-0.0036478576
-0.00080864594
0.001294025
0.0011817032
0.0031496802
0.0035022991
0.0067553823
0.0089686959
-0.0073447501
-0.0019101411
0.0059857887
0.007089875
-0.0072204477
0.0023005601
0.0028555245
-0.0053418693
0.0028999827
0.0032423298
0.0027332652
0.0029049001
-0.00095004251
-0.0078917003
0.0045574772
0.00094201493
0.0058416968
0.003485707
-0.0066281085
0.0018791143
0.0044594176
-0.0015816727
0.0022294043
-0.0085573549
0.0061979634
-0.011091543
0.0048935793
0.0022382892
-0.0035596028
0.001027504
-0.0015467112
0.0009473139
0.0016172684
-0.00068291388
0.0025437254
0.0029312896
0.005612046
-0.0098958206
-0.0025023393
-0.0023894568
-0.0057344424
0.0010610165
0.0015966634
0.00075477371
0.0021335992
0.0036560589
0.0045687108
0.0061905806
0.00080928565
0.00095312925
-0.0081910936
0.0063127037
0.0078796482
-0.0052219627
-0.00072490797
-0.0075696432
0.003633153
0.0026518735
0.0042073728
-0.0039280993
-0.0080013713
0.0047012684
0.0020974029
-0.00299848
-0.003017781
-0.0020178838
-0.0060883587
0.0030112881
0.0073070149
-0.0020595842
0.0023159696
-0.0069989631
-0.0056414339
0.0039155044
-0.00088081483
-0.00083212136
0.0043734977
0.00065004509
0.0069924048
-0.0048993844
0.0061602267
0.0040254598
0.004356842
-0.0016503902
0.0035689053
0.00013926623
-0.0047086787
-0.0060539049
-3.4453808e-05
0.0077989859
-0.0026080617
0.0058800926
0.00031048805
0.00023418413
0.0020077765
-0.0059584827
0.0015268596
-0.001798795
0.0030029618
-0.0049998587
0.0019055128
0.0030943459
-0.0020188121
-0.0014537079
0.0031654331
-0.0017117251
0.00047718228
-0.00048224523
0.0022451037
0.0039989636
0.00068940605
0.0017405638
-0.0024299698
-0.0060970653
-0.00089151349
-0.0016935607
0.0034456356
-0.001477298
0.0022788697
-0.00080157173
-0.0019846986
-0.0023010505
-0.0031417848
-0.0032166018
0.0072433019
-0.0040267001
0.0025120429
0.001086307
0.0018708888
0.0047222131
-0.0065931019
-0.0005178307
0.0035501835
-0.006758446
0.0077819135
0.0038824833
-0.0079414056
-0.00016213481
0.0024423096
-0.0027566233
-0.0023334335
-0.0019894569
0.0059695342
-0.0079445708
0.0051598824
0.0049864076
0.0056223281
-0.002941841
0.0079359989
-0.0013375427
-0.0029037701
0.0066901447
-0.00064062797
-0.0017515847
0.0023922126
-0.0057717639
0.0062489462
0.0074259376
0.0097936293
-0.0046309206
0.0030128373
0.0016180833
0.0052328918
0.0068648471
0.0011570148
0.0079997978
-0.0019127038
0.0055458567
-0.0042396962
-0.0022450417
-0.0030290066
0.0038720161
0.0010397126
0.0043039327
0.0027098165
-0.0016637487
0.0020932619
0.0019856569
0.00046330112
-0.0049431925
0.0029336079
0.0018015419
0.00068503309
-0.002486575
-0.0049750338
-0.0023044083
-0.0010486706
0.005658101
-0.00087920289
-0.0041982821
-0.0053633665
0.0037462376
0.0042233778
-0.0055796389
-6.1794971e-05
0.0026198712
0.0053161276
-0.0039913433
-0.0024737097
0.0012727861
-7.5563258e-05
-0.0011972228
-0.0021750902
-0.0038114114
-0.0011378933
-0.00099084528
-0.0050207218
0.0060115671
0.0088269216
-0.0070155768
0.00047760641
0.002434056
-0.0022788291
0.005652552
7.6814246e-05
0.0061979634
0.0046702932
0.009979387
-0.0010106911
0.0017486473
0.0055410581
-0.0072897054
-0.0071212156
0.00044930853
-0.00074881659
-0.0054865382
0.0043587979
0.0053848896
-0.0037957969
-0.00071399449
-0.00777459
0.0055135062
0.0021618273
0.0067164589
-0.0026384858
-0.0033777337
0.0098860564
-0.0032789849
0.00061111559
-0.0018256156
0.0028614389
-0.0031544783
-0.00024504894
-0.0059248791
0.011076214
-0.0047785955
-0.00018021234
-0.0014685992
-0.0010753173
-0.0011411441
0.0073306029
-0.0073306029
0.0012360589
0.0046708245
-0.0033550988
-0.0026558089
0.0086391155
-0.0055112317
-0.0031278838
-0.0012562099
-0.0020821743
0.0033383842
-0.0037195408
0.00077848567
-0.00061666947
0.0016879144
-0.0010712449
0.0030957954
0.0019232521
0.0020629625
-0.0015545141
0.00089618823
0.0046046363
0.005554565
-0.0087968348
0.0031277436
0.00030234147
-0.00576044
0.0054229083
0.010054268
-0.00096846738
0.0072861979
0.0026931891
0.0056568351
0.0031967086
0.0027194957
0.0099489641
-0.0029326136
0.0052547308
-0.0030096271
0.0040532469
0.0025044476
-0.00096901652
-0.0034780804
0.0058919657
-0.0071578593
0.0048079661
-0.0021665324
-0.0026414338
0.0035670465
0.0078940082
0.00090061589
-0.0016892986
0.0063549296
0.0035311267
-0.0070038759
-0.00074909642
0.010767527
-0.0044478741
0.0078008914
0.0019100571
4.4005015e-05
0.0021677711
-0.0028551838
-9.6628919e-05
-0.0003015407
0.0016912239
-0.00097845348
0.0044865637
-0.009128651
0.0046420874
-0.0019284128
0.0039765608
1.9368207e-05
0.0034219072
0.0058881137
-0.0033102339
0.00021725688
-0.0077712102
0.0010352343
0.0011367314
0.00043529198
-0.0015720234
0.0014927944
-0.00017902888
0.0034592678
-0.0036889168
-0.0029391917
-0.0048392564
0.0027698361
0.0054355243
-0.0058115523
-0.003914564
0.00683641
-0.0073186552
0.0051567241
0.0026562428
-0.0029698862
-0.0027901626
-0.0011726181
0.00022501761
0.0015035815
0.0014197394
-0.0081789283
0.0057872835
-0.0025325935
0.0022791483
0.008877774
0.00037630673
0.0053408375
-0.0017142869
0.0065107819
0.0025773395
-0.0028868368
-0.0025907426
0.0055128773
0.00031479842
0.0014257653
-0.0053949254
0.0068146648
-0.0021975288
0.0003939486
-0.0021274252
0.0061806721
0.0015466249
-0.0010884923
0.00065381274
-0.0023409907
0.0016871779
-0.0022289306
0.002896067
-0.0031416286
0.00019463008
-0.0015271659
0.0034461341
0.0058451873
0.0038536225
-0.0024349351
-0.00016507745
0.0047490063
0.00062243668
-0.005371443
0.0041225085
-0.0040075439
0.0078793421
0.0030241501
0.0036923087
-0.0039179362
-0.0022864817
0.0058915786
0.0059582696
-0.0030943842
0.0032441632
0.00016833211
-0.0078789955
0.0077106634
0.0028543228
0.0070986983
0.0029541323
0.0049740029
-0.00017436019
0.0063350272
0.00062092012
0.00061260748
0.00099941216
-0.0016120196
0.0064540585
-0.0068342277
0.00010837585
0.0016608904
-0.00053211216
0.0067607395
0.0021677595
0.0043864959
-0.0025073816
-0.0023875242
-0.00032715172
0.0034628305
0.0013451356
-0.002943552
-0.005207252
0.003131372
-0.0044271199
-0.00041313013
-0.0071842093
-0.0038675325
0.00013138705
-0.0015030949
0.0054931311
-0.0010206832
0.0017066838
-0.0006860006
0.00052937716
-0.0042444765
0.0043815214
-0.00013704493
-0.0053195732
-0.0036704639
0.004477306
-0.0075797835
0.0046546032
0.0023127336
0.0019080703
0.00080435245
0.0013482485
-0.0056213301
-0.0066010881
-0.0013526017
-0.00032310584
-0.0024061183
-0.00085021831
-0.0021021805
0.0026695385
-0.0077301676
0.00063899421
0.0012760553
-0.0012471886
-0.00020576743
0.0034832286
0.0018318164
-0.005315045
0.0053631007
-0.0027432294
-0.0012722845
-0.00019686374
-0.008987697
-0.0039882551
6.0737388e-05
0.0039275177
-0.010233003
-0.00052976292
0.0036089343
-0.0015377464
-0.0037136424
-0.0071158274
0.0064018329
-0.00072658473
0.0034460804
-0.0025225332
-0.00065879703
-0.0054334456
-0.0045714344
0.0003240604
0.0035100856
-0.0031874718
0.001304334
-0.0033049964
0.0045959256
0.0040298068
0.0038745798
-0.0013162927
0.0012238655
-0.0018092133
0.0043030205
0.0063295301
-0.0031327385
-0.0052355743
-0.00012779228
0.0040783067
-0.0068250195
-0.0092272023
0.0056651577
0.0053848004
0.0019398893
0.0006283563
0.0046821862
-0.0069407558
0.005369565
0.00058870466
0.00071643951
0.006571642
-0.0035032786
0.0043734594
-0.0014155407
0.0069909465
0.0024844102
0.0023703145
-0.0050667127
0.0026963983
-0.0014195305
-0.003977902
-0.0041417414
0.008628305
0.0023816098
0.0052421789
0.0063009848
-0.0026620858
-0.0046232983
-0.0026791646
-0.0028468727
-0.0010571351
0.0016697426
-0.0017161482
-0.0026188765
0.0043350247
-0.0019350916
-0.00047892638
0.002414018
-0.0079588693
0.0018001442
-0.001270767
0.0043575036
-0.0077914191
-0.0013954827
-0.0020895011
0.0073641945
0.0012066873
-0.0085708818
0.0065225974
-0.0045279333
-0.0019946641
0.00040344247
-0.0073217898
0.0069183473
-0.0040865309
-0.0013379757
0.0054245065
0.0075744592
-0.0073572023
-0.0020581755
0.0048667578
-0.0026989983
0.0011560572
-0.00058272106
0.00088853275
0.0019975315
0.0069238541
0.0012073167
0.00077349054
-0.0019808072
-0.002545546
-0.0064764875
0.0064088278
-0.0025273898
0.0011197919
-0.0044300258
0.0054621382
-0.00839598
0.0031317001
0.0014189493
-0.003354041
0.0032254476
-0.0059949374
0.0078387658
0.0017903403
0.0018104056
0.0075865499
0.0075088398
0.00097745934
-0.0077944917
0.0012385161
0.0011988697
-0.0076396899
0.006007153
0.0071368745
-0.0014152096
-0.0057085515
-0.000343791
0.0050259772
0.0054824086
0.00017382772
0.0045994756
0.0014120915
0.0065810222
0.0078716443
0.0033166078
0.001048288
0.00056659708
-0.0062807917
0.003641896
-0.00019643629
-0.0028309351
0.00057384141
-0.0055274738
0.0026474992
0.0028799747
-0.0007453877
0.0056225334
0.0015371553
-0.00026436925
-0.0047275687
-0.0053205614
0.0076908759
-0.0053386355
-0.00355921
-0.0015548804
0.0038905272
0.0038514827
-0.0053545776
-0.00350161
0.00044912318
0.0016435564
-0.0050707455
0.00079337245
-0.0011552626
0.0041680999
0.00016647664
-0.0035036742
-0.0015670714
0.0061911081
0.002446599
0.0077961879
0.0085206945
-0.0035937513
-0.0050177719
-0.0068197189
0.001047955
-0.0053446647
9.2308003e-06
-0.0023671263
-0.0064938921
0.0088610184
-0.00094208826
-0.0014113655
-0.0083650881
0.0044705794
-0.0086683241
0.0049849789
-0.0014404912
-0.009837063
0.0049521132
-0.0071288705
-0.0016022761
-0.0055587034
-0.0015893394
-0.0034839726
0.0047784096
0.0026234565
-0.0055888162
0.0023995135
0.0027678693
-0.0065390008
-0.00076130127
-0.0015796894
-0.00051215675
0.0012813807
-0.0018980502
0.0052869835
-0.0043506843
0.0023492313
-0.0025596139
-0.00058514704
-0.0079224826
-0.00047349738
-0.0075840799
0.0049760183
-0.00024930736
0.001228535
0.0012200237
0.0026447807
-0.001776162
-0.00086861862
0.0026359808
0.003318976
-0.0059549569
-0.0029351134
0.0035951252
0.0045769518
0.0019456455
-0.00049579952
-0.0052749329
0.0080865047
-0.0024363099
-0.0056501947
0.0018200964
-0.00058158026
0.0042576954
0.0006090624
0.0086227563
-0.00091149601
-0.0029760127
0.0067378514
0.0032621486
0.0033982057
-0.0013198227
-0.0049392739
-0.0013931236
0.0052677033
0.0070301576
-0.0074211855
-0.0067662392
-0.0034963193
-0.0022426714
0.0048661279
-0.0028969023
0.0022448167
-0.0046664141
-0.0053790912
-0.0013732814
0.00036856097
0.0048975141
-0.0001232411
0.0076802027
-0.0060047236
0.00081872707
0.0057476689
-0.0087989274
0.0021645231
0.0066344043
-0.0057824848
0.0026286082
0.0031538766
0.004478592
0.003300815
-0.0030955758
-0.00011544134
-0.0013247466
-0.0072379202
0.0050512523
0.00052380863
0.0011297409
-0.0014319434
-0.0016224175
0.00056528236
0.00091610541
-0.010211609
0.00040108052
-0.004114723
-0.0025656738
0.0039685217
-0.0021354018
-0.0038277745
0.0026036735
-0.0061911081
0.0054451841
0.0013658167
-0.0021673884
-0.0051149933
-0.0035726824
0.0025880753
-0.007118328
0.0019794327
0.00540613
-0.0026115903
-0.00093777188
0.0019133184
-0.0056220492
0.00034504751
0.0053047108
-0.0023734213
0.0068243807
-0.00067302765
-0.00097388126
-0.0034365618
-0.004186008
0.001479324
-0.0031813581
-0.0020900798
0.0052714379
-0.0079911181
0.0023583788
-0.00057985425
-0.0015642831
0.0020648718
0.0015468213
-0.0010976982
-0.001234745
0.0050862277
-0.0039033063
-0.00018322462
-0.0010817284
-0.0032221205
0.0056220492
-0.0079132518
-0.0066928617
0.00031788429
-0.0017843881
-6.6227874e-05
-0.0039220272
-0.0069667666
0.0061505478
0.00067397821
-0.0050607261
0.0074062396
-0.004727149
-0.0026790906
0.0013992159
0.0011352197
-0.001896521
-0.0017492375
0.0069909465
-0.00060805773
-0.0063339149
0.0070875324
-0.00075361756
-0.0049822281
0.0025223188
-0.00018704219
-0.0039039786
-0.0035019386
-0.0018176346
-0.0043301413
-0.00035025074
-0.0063844618
-0.0097121302
0.0057777448
0.007239496
-0.0055961646
0.0075744592
-0.00046723716
0.0027392098
-0.0012586685
-0.0014805412
0.0061773378
-0.0011260855
-0.0042653639
0.0016192633
-0.00079615834
-0.0019140754
0.0047556009
0.0038628414
0.004087258
-0.0012277808
-0.0018604593
-0.0063240138
-0.0013357879
-0.0020455639
0.00094275515
-0.0026566617
-0.0053045454
-0.0044049293
0.0048060098
0.0037061117
0.0013709048
0.0019674794
-0.0029973561
0.0053082298
0.00090939066
0.0013711782
-0.0019091271
0.00387204
-0.0017623296
-0.00089337648
-0.0024141874
-0.0063013604
0.0060170049
-0.0033071031
0.0035529286
-0.0027814122
0.0020214247
-0.0014541375
-0.0031045058
0.00074114526
-0.0005586941
0.0060035886
-0.0054448945
0.0044503949
-0.005950074
-0.0016377937
-0.0064088278
-0.0020057987
0.00070174539
0.0040606265
-0.0012278609
-0.0068737406
0.0069775547
-0.0024164923
0.0053777107
0.00085342589
0.00076583739
9.8726099e-05
-0.0070099601
-7.9616868e-05
0.0038403272
-0.0026359467
0.0044038354
-0.00062853628
-0.0002032622
0.00079864144
-0.0039831056
5.1260682e-05
0.0021139957
-0.0077229996
0.00049501478
0.0072279848
-0.0026842554
-0.0026864154
0.003997907
0.0036137615
-0.0016477298
-0.0020147809
-0.0023284745
0.0032712296
7.775488e-05
-0.0033840098
0.0040496269
0.0068621875
-0.0068621875
0.0054106939
-0.0015404781
-0.0038702157
-0.0021046353
-0.0050795741
0.0021319204
0.00075152781
-0.0042186289
0.0018901544
-0.0056783362
-0.0068705875
-0.001241276
-0.0018949915
0.0026734771
0.0059202905
-0.0053699382
0.0031272669
0.0055412771
0.0064901369
-0.0021374959
-0.0021486463
-0.0051983426
0.0018342308
0.006588863
-0.00078503887
0.0055340452
0.008414498
0.0081451999
9.3380345e-05
-0.0041816828
0.00069771022
0.0042762152
-0.0028759709
0.0010608811
0.0018150899
-0.0029370704
-0.0036069061
-0.0020729964
0.0013207376
0.00065384219
-0.00033764984
-0.004884176
0.0061462457
0.00054689877
-0.0014718515
0.00092495269
0.0031122737
0.0031668028
0.0036723239
0.0015953794
0.0063109278
-0.0034140044
0.0053695085
-0.0027409002
-0.00016663733
-0.0073572023
0.0079071356
-0.0021293908
-0.0044316502
-0.0030698169
0.0015046384
0.00058660517
0.0021892304
-0.0035685953
0.0023517275
0.0023095255
-0.0062754397
0.0015541261
0.003583792
-0.006010208
-0.0056188317
0.0059248791
-0.002410688
-0.0054362765
-0.00077405301
0.0057570542
0.0002471073
0.00056400053
-0.0042596398
-0.0028345958
-0.0040359917
-0.00059838938
-0.00092843142
-0.0030830865
0.0064265297
-0.0040177728
0.0067109619
-0.0051599261
0.0012040156
-0.006447552
0.001130394
-0.0075759848
-0.00087821539
-0.0014528723
0.0072111185
-0.0035115566
-0.00061110553
-0.0061601566
-3.8992916e-05
-0.0054475453
-0.0045204442
-0.0018150323
0.0048882299
-0.0010850245
0.0071709614
0.0079060034
0.0010482917
0.00040255151
-0.0053272541
-0.0055158258
0.0055158258
-0.006473673
0.0007015605
0.00056802678
0.0013755333
0.00010425017
-0.0062972373
0.0062972373
0.0034161239
0.00081169577
0.0057570542
0.0060597576
-0.0030963477
-0.001500471
-0.00264352
0.0072399141
-0.004596394
0.002840688
-4.0349295e-05
-0.0028003387
0.00271258
-0.0016516989
-0.0056088677
0.0056088677
0.00070104007
-0.0053607067
-0.0023479895
-0.0050668586
-0.0050215184
0.005526392
-0.0048253519
-0.0049784816
-0.0051746481
-0.0024438662
0.0011409883
-0.0048852014
0.0052667972
0.0046392933
0.0039008797
-0.00034795112
-0.0016152365
0.00068016803
0.0050215184
-0.0051746481
-0.0048961944
0.0062890621
-0.0062890621
0.0029039811
-0.0021559146
-0.0012631405
-0.0015368478
-0.0038330904
0.0055915474
-0.0062809153
-0.0013876863
-0.0074869145
0.0031367596
0.0043501549
-0.0042934711
-0.00067124199
0.0016706541
-0.0014625612
-0.0047054071
-0.0037342424
0.0072426219
0.0056184691
-0.00078266832
0.0016013769
0.0042633702
-0.0020578854
-0.0031053079
0.0021945684
0.0040235635
0.0039587629
0.0046904832
-0.0010562745
0.0025063979
-0.0069472506
-0.0042100422
0.0061426227
-0.001566312
-0.0070955225
0.004012436
0.0025512113
-0.0035541777
-0.0042440465
-0.0012322834
-0.00027784433
0.00075181361
0.0025135363
-0.00059196358
0.0021261653
-0.0020133709
-0.00051401889
0.0035643603
-0.00014245315
0.00072973975
-0.0018065757
0.0077707451
0.0039367465
-0.0067713423
-0.004708577
-0.0015723384
0.0087816863
-0.0048726524
-0.0042071401
0.0050162074
-0.0056047219
0.0049876429
0.0043131814
0.0043028082
-0.0050878471
0.0035156712
-5.6403337e-05
0.00080172871
2.6237318e-06
-0.0002464227
-0.001106179
0.00083362429
-0.00010477793
0.0041715796
0.0014547226
0.0043990931
-0.0070426131
-0.0065936615
0.0043337066
0.0022599548
0.0038076977
0.0014049114
0.0033603991
-0.0068107765
-0.00053397357
-0.0029798561
-0.0038309204
0.0053742614
-0.0019571442
-0.0031725672
0.0035550332
-0.00050187709
0.00058440725
-0.0067560745
0.0021596804
0.001548644
0.0019677258
-0.0032411999
0.00055749432
0.00030639578
-0.0045486287
0.00079720245
-0.0041460476
0.0088360895
-0.0019991791
0.0020925595
0.00071479592
-0.0042746423
-0.0038355936
0.0064443251
0.00010072937
-0.0043447759
-0.0024754001
-0.0055765831
-0.0075495503
0.0045598643
-0.0053162459
0.0048858201
0.00065827884
0.0011482938
0.00061819147
0.0038227006
-0.00016229287
-0.0056481592
0.0075020021
-0.0073650376
-0.000626103
-0.0009963145
-0.0030214735
0.0032139344
-0.00051438742
0.0072393096
-0.0022876831
0.0069297704
0.0029524127
-0.0031016471
-0.0027436385
-0.0016233092
-0.00073976474
0.0014571896
-0.00071742485
0.0041847438
0.00034790348
-0.0029349073
0.00038748291
0.0067843663
-0.0071718492
-0.0064946789
-0.0032269761
-0.0024679497
0.0026979841
-0.0011635123
0.0060960262
0.0012477294
0.0024630839
0.0049308224
-0.00024033925
-0.0038721415
-0.0010651209
-0.00043322808
-0.0029107826
0.0019066001
0.0043137806
-0.0052736761
0.003953117
0.0025139145
0.0025120627
-0.0030562575
0.0038056233
-0.0057660891
-0.004722086
-0.0018231034
-0.0016559932
-0.0014177709
-0.0034400207
0.0036165765
-0.00017655583
0.0039712697
0.0008959448
-0.0015671868
-0.0034169026
-0.00061920219
0.0052634294
-0.00057403202
-0.0039750149
-0.0037053025
0.0061074095
-0.001691196
0.0054475224
-0.0036695489
0.0015136343
-0.0058534774
0.005958338
5.7613309e-06
0.0065831016
-0.0071627416
0.0044191032
-0.0035425129
0.0022344739
-0.0023937014
-0.0047674542
0.0043413033
-0.0065153728
0.0042976055
-0.0026187963
-0.0069928717
0.0053905617
-0.0063744416
-0.00067211279
-0.0010717531
-0.0043736735
-0.0021816661
0.0017073392
-0.0011467119
-0.00076925559
0.0018175473
0.0022439262
-0.00021709479
0.0063245043
0.0055732576
-0.002788373
0.0037774701
-0.0034324226
0.0053109237
-0.00039643165
-0.0033023193
0.0016633218
0.0010910921
0.00066245049
0.0033979453
0.0021153056
-0.0018415443
0.0035566268
0.0007990539
-0.001787865
0.0012544271
-0.0013841275
-0.00088878366
-6.4202909e-05
0.0019526512
0.0034966255
-0.00042356348
0.0028341604
-0.006030718
0.0050881555
0.00087018249
0.0063069674
0.0052390105
0.0016418463
-0.0053111855
0.0036693393
-0.005797418
0.0042250796
0.0017110895
0.0049914989
-0.0046851031
0.005411653
0.00048819761
-0.0026996008
-0.00060301523
0.0052076515
-0.0028125867
-0.0047056558
0.0051766247
0.0019136417
0.00040848304
0.0047415998
-0.00085329271
-0.0015572662
0.0058548717
-9.1612796e-05
0.0011626979
0.0027648198
-0.0069275446
0.0047458785
0.004829206
0.0066629534
0.00064223409
0.0008149555
-0.0056307038
0.00063609432
3.0847461e-07
0.00095919342
0.0026594644
-0.0038667738
0.002693895
0.00070599724
0.0023871298
0.0028108841
-0.0033232183
0.0019332939
-0.0012415181
-8.49491e-05
-0.006656574
0.0023045707
-0.0029237729
0.0023250771
-0.00035735131
-0.0043780136
0.0062413074
-0.0022956727
-0.0045012605
-3.3941274e-05
0.0065326528
-0.0048005877
0.0015883163
-0.00073489038
-0.0061882613
0.0085472418
-0.00072638006
-0.007730717
0.00070218108
-0.0016071949
0.00069480028
-0.0069498274
-0.00019601856
0.0011455051
-0.00026690648
0.0012627889
0.00078876201
0.00017043141
-0.0007652462
0.00048963023
0.0028291582
-1.2971868e-05
-0.0012285462
-0.00058692506
0.0010505844
-0.0040720578
-0.00068891027
-0.0026189646
-0.0016345877
0.0063928278
-0.0033202442
0.001433147
-0.0017952454
0.001289646
0.00021789288
0.0045256158
-0.0016528968
0.0037415253
-0.0022401374
0.0018147771
0.0017475547
-0.0053298114
-0.00099071415
0.0062502282
0.00088828608
-0.0058731998
-0.0022562108
0.0058941914
-0.00069677289
-0.0051468735
0.0021109599
0.00079760756
-0.00075946425
-0.0010794575
0.0060019614
0.0020520395
-0.0017991496
0.00066422408
-0.0040288906
0.0046175952
0.0066985296
0.0036608594
-0.0026238716
-0.0027132431
0.0039248501
-0.0060388459
-0.0027176438
0.00089239897
-0.0050556227
0.00088904467
-0.0049179352
0.00071123913
0.0013406142
0.0025619075
0.0053617189
0.0014462191
0.00312132
0.003574538
0.00020183282
0.00074545378
-0.0027247478
0.0016946881
0.00098809042
)
;

boundaryField
{
    back
    {
        type            empty;
    }
    out
    {
        type            calculated;
        value           nonuniform List<scalar> 
20
(
0.0099975454
0.010005343
0.0099964123
0.0099996068
0.010003583
0.010003596
0.010000806
0.0099992081
0.0099961545
0.0099948942
0.01000077
0.0099953668
0.010004523
0.010005099
0.009994705
0.0099978603
0.01000488
0.010002417
0.010002162
0.0099950689
)
;
    }
    bottom
    {
        type            calculated;
        value           uniform 0;
    }
    in
    {
        type            calculated;
        value           nonuniform List<scalar> 
20
(
-0.01
-0.01
-0.01
-0.01
-0.01
-0.01
-0.01
-0.01
-0.01
-0.01
-0.01
-0.01
-0.01
-0.01
-0.01
-0.01
-0.01
-0.01
-0.01
-0.01
)
;
    }
    top
    {
        type            calculated;
        value           uniform 0;
    }
    wall
    {
        type            calculated;
        value           uniform 0;
    }
    front
    {
        type            empty;
    }
}


// ************************************************************************* //
