/*--------------------------------*- C++ -*----------------------------------*\
| =========                 |                                                 |
| \\      /  F ield         | foam-extend: Open Source CFD                    |
|  \\    /   O peration     | Version:     4.1                                |
|   \\  /    A nd           | Web:         http://www.foam-extend.org         |
|    \\/     M anipulation  |                                                 |
\*---------------------------------------------------------------------------*/
FoamFile
{
    version     2.0;
    format      ascii;
    class       volScalarField;
    location    "1.8";
    object      rAU;
}
// * * * * * * * * * * * * * * * * * * * * * * * * * * * * * * * * * * * * * //

dimensions      [0 0 1 0 0 0 0];

internalField   nonuniform List<scalar> 
4393
(
0.00022764396
0.00022727016
0.00022690412
0.00022653025
0.00022614642
0.00022575121
0.00022534223
0.00022491831
0.00022447859
0.00022402288
0.00022355177
0.00022306677
0.00022257038
0.00022206614
0.00022155843
0.00022105338
0.00022055679
0.00022007566
0.00021961762
0.00021919025
0.00021880129
0.00021845842
0.00021816914
0.00021794063
0.00021777954
0.00021769181
0.00021768208
0.00021768208
0.00021775364
0.00021790762
0.00021814217
0.00021845229
0.0002188298
0.00021926366
0.00021974059
0.00022024607
0.00022076526
0.00022128398
0.00022178941
0.00022227054
0.00022271839
0.00022312602
0.00022348837
0.00022380199
0.00022406477
0.00022427573
0.00022443495
0.00022454295
0.00022458507
0.00022451155
0.00022419108
0.00022388554
0.00022357094
0.00022324453
0.00022290466
0.00022254911
0.000222177
0.00022178794
0.00022138228
0.0002209613
0.00022052728
0.0002200836
0.00021963471
0.00021918595
0.00021874434
0.00021831646
0.00021790993
0.00021753282
0.00021719297
0.00021689825
0.00021665634
0.00021647464
0.00021636017
0.00021631923
0.00021635724
0.00021644392
0.00021641684
0.00021646004
0.00021658694
0.00021679903
0.00021709478
0.00021746904
0.00021791305
0.00021841482
0.00021896008
0.00021953334
0.0002201191
0.00022070278
0.00022127145
0.00022181423
0.00022232241
0.00022278938
0.0002232104
0.00022358224
0.00022390274
0.00022417103
0.00022438861
0.00022454271
0.00022400619
0.00022369754
0.00022339742
0.00022308574
0.00022275978
0.00022241803
0.00022205849
0.00022168058
0.0002212843
0.00022087055
0.00022044123
0.00021999939
0.00021954928
0.00021909636
0.00021864695
0.00021820906
0.00021779019
0.00021739866
0.00021704309
0.00021673166
0.00021647241
0.00021627307
0.00021614106
0.00021608328
0.00021610589
0.00021621396
0.00021630074
0.00021618165
0.00021614337
0.00021619293
0.00021633523
0.00021657196
0.00021690056
0.00021731386
0.00021780033
0.00021834507
0.00021893112
0.00021954099
0.00022015793
0.00022076683
0.00022135487
0.00022191168
0.00022242935
0.00022290213
0.00022332604
0.00022369842
0.00022401821
0.00022428551
0.00022448062
0.00022365085
0.00022334759
0.00022304739
0.00022273257
0.00022240068
0.00022205042
0.00022167994
0.0002212889
0.00022087764
0.00022044749
0.00022000096
0.00021954184
0.00021907528
0.00021860777
0.00021814678
0.00021770147
0.00021728041
0.00021689284
0.00021654808
0.00021625479
0.00021602131
0.00021585558
0.00021576513
0.00021575701
0.00021583748
0.00021601158
0.00021609314
0.00021588798
0.00021576538
0.00021573587
0.00021580815
0.00021598744
0.00021627388
0.00021666172
0.00021713942
0.00021769086
0.000218297
0.00021893784
0.00021959404
0.00022024811
0.00022088522
0.00022149338
0.00022206348
0.00022258894
0.00022306525
0.0002234896
0.00022386075
0.00022417775
0.00022442244
0.00022328897
0.00022298986
0.00022268998
0.00022237235
0.00022203468
0.0002216758
0.00022129399
0.00022088909
0.0002204617
0.00022001354
0.00021954764
0.00021906853
0.00021858224
0.00021809637
0.00021761963
0.00021716248
0.0002167347
0.00021634662
0.00021600831
0.00021572897
0.00021551727
0.00021538137
0.00021532901
0.00021536751
0.00021550347
0.00021574227
0.0002158294
0.00021553376
0.00021532287
0.0002152113
0.00021521214
0.00021533471
0.00021558213
0.00021594994
0.00021642611
0.00021699256
0.00021762739
0.0002183074
0.00021901016
0.00021971555
0.00022040659
0.00022106976
0.00022169486
0.00022227467
0.00022280439
0.00022328117
0.00022370371
0.00022407086
0.00022436675
0.00022291129
0.00022261687
0.00022231836
0.00022199886
0.00022165619
0.00022128923
0.00022089632
0.00022047741
0.00022003325
0.00021956589
0.00021907882
0.00021857722
0.00021806806
0.0002175601
0.0002170634
0.00021658991
0.00021615085
0.00021575774
0.00021542154
0.00021515201
0.00021495811
0.00021484822
0.00021483036
0.00021491226
0.00021510116
0.00021540322
0.00021551101
0.00021511907
0.00021481428
0.00021461585
0.00021454216
0.00021460745
0.00021481834
0.00021517161
0.00021565415
0.00021624495
0.00021691823
0.00021764672
0.00021840431
0.00021916786
0.00021991817
0.00022064022
0.00022132297
0.00022195879
0.00022254286
0.00022307255
0.00022354676
0.00022396477
0.00022431252
0.00022251829
0.00022222924
0.00022193312
0.00022161276
0.00022126595
0.00022089151
0.00022048778
0.0002200547
0.00021959311
0.00021910525
0.000218595
0.00021806816
0.00021753262
0.00021699834
0.00021647698
0.00021598218
0.00021552687
0.00021512395
0.00021478537
0.00021452142
0.00021434133
0.00021425361
0.00021426656
0.00021438849
0.00021462756
0.00021499121
0.00021514001
0.0002146445
0.00021423832
0.00021394618
0.00021379291
0.00021379897
0.00021397531
0.00021431997
0.00021481793
0.00021544402
0.00021616725
0.00021695515
0.00021777716
0.00021860674
0.00021942234
0.00022020759
0.00022095078
0.0002216442
0.00022228331
0.00022286596
0.00022339158
0.00022386032
0.0002242595
0.00022211199
0.00022182965
0.00022153711
0.00022121691
0.00022086679
0.00022048547
0.00022007115
0.00021962369
0.00021914388
0.00021863403
0.00021809831
0.00021754305
0.00021697703
0.00021641158
0.0002158601
0.00021533829
0.00021486111
0.00021444313
0.00021409739
0.00021383465
0.00021366425
0.0002135947
0.00021363452
0.00021379267
0.00021407862
0.00021450168
0.00021471796
0.00021410993
0.0002135927
0.00021319745
0.00021295709
0.00021290019
0.00021304333
0.00021338589
0.00021390987
0.0002145842
0.00021537089
0.00021623089
0.00021712826
0.00021803263
0.00021892011
0.0002197731
0.0002205796
0.00022133217
0.00022202689
0.0002226624
0.000223239
0.00022375787
0.00022420764
0.00022169406
0.0002214193
0.00022113141
0.00022081244
0.00022045994
0.00022007243
0.00021964787
0.00021918589
0.00021868712
0.00021815378
0.00021759016
0.00021700302
0.00021640203
0.00021579995
0.0002152122
0.00021465697
0.00021415174
0.0002137131
0.00021335526
0.00021308938
0.00021292459
0.00021286918
0.00021293169
0.00021312181
0.00021345064
0.00021393007
0.00021424775
0.00021351645
0.00021287593
0.00021236505
0.00021202698
0.00021190113
0.00021201174
0.00021235975
0.00021292257
0.00021366084
0.00021452719
0.00021547416
0.0002164594
0.00021744831
0.00021841466
0.00021934001
0.00022021247
0.00022102534
0.00022177576
0.00022246353
0.00022309014
0.00022365803
0.00022415708
0.00022126652
0.00022100121
0.0002207194
0.00022040285
0.00022004899
0.00021965605
0.00021922168
0.00021874512
0.00021822663
0.00021766819
0.000217074
0.00021645113
0.00021581002
0.00021516495
0.00021453373
0.00021393762
0.00021339725
0.00021293175
0.00021255665
0.00021228323
0.00021212003
0.00021207463
0.00021215534
0.00021237251
0.00021273921
0.00021327073
0.00021373277
0.00021286546
0.00021208642
0.00021144348
0.00021099296
0.00021078912
0.00021086704
0.00021122955
0.00021184716
0.00021266872
0.00021363427
0.00021468569
0.00021577305
0.00021685717
0.00021790974
0.00021891197
0.0002198527
0.00022072656
0.00022153224
0.00022227114
0.00022294626
0.0002235615
0.00022410812
0.00022083202
0.00022057676
0.00022030213
0.00021998918
0.00021963505
0.0002192376
0.00021879399
0.00021830295
0.00021776417
0.0002171791
0.00021655166
0.00021588896
0.00021520212
0.00021450696
0.00021382406
0.00021317852
0.00021259512
0.00021209619
0.00021169874
0.00021141376
0.00021124854
0.00021120926
0.00021130349
0.00021154209
0.00021194037
0.00021251792
0.00021317835
0.00021216013
0.0002112238
0.00021042747
0.00020984422
0.00020954911
0.00020959308
0.00020998144
0.00021067417
0.00021160329
0.00021269184
0.00021386829
0.00021507384
0.00021626466
0.00021741084
0.00021849404
0.00021950469
0.00022043946
0.00022129921
0.00022208738
0.00022280884
0.00022346915
0.00022406111
0.00022039152
0.00022014886
0.00021988318
0.00021957536
0.00021922236
0.00021882161
0.0002183697
0.00021786463
0.00021730527
0.00021669227
0.00021602891
0.00021532205
0.00021458321
0.00021382974
0.0002130854
0.0002123802
0.00021174442
0.00021120464
0.00021077953
0.0002104792
0.00021030863
0.00021027165
0.00021037436
0.00021062775
0.00021104954
0.00021166466
0.00021248482
0.00021140505
0.00021028892
0.00020931172
0.00020856797
0.00020816222
0.00020816939
0.0002085984
0.00020939281
0.00021046037
0.00021170116
0.00021302682
0.00021436857
0.00021567813
0.00021692504
0.00021809256
0.00021917378
0.00022016836
0.00022108
0.00022191472
0.00022267957
0.00022338201
0.00022401652
0.00021995022
0.00021972025
0.00021946458
0.00021916322
0.00021881272
0.00021840994
0.00021795076
0.00021743225
0.00021685219
0.00021621006
0.00021550808
0.00021475243
0.00021395466
0.00021313344
0.00021231616
0.00021153913
0.00021084018
0.00021025171
0.00020979431
0.00020947618
0.00020929839
0.00020926099
0.00020936755
0.0002096285
0.00021006395
0.00021070517
0.00021159217
0.00021060824
0.00020928523
0.00020809199
0.00020714958
0.00020660473
0.0002065699
0.00020705961
0.00020799119
0.00020923708
0.00021066614
0.00021216933
0.00021366703
0.00021510755
0.00021646145
0.00021771532
0.00021886637
0.0002199183
0.00022087847
0.00022175596
0.00022256038
0.00022330124
0.0002239749
0.00021950683
0.0002192929
0.00021904943
0.00021875648
0.00021841043
0.00021800761
0.00021754303
0.00021701262
0.00021641275
0.00021574126
0.00021499879
0.00021419025
0.00021332658
0.00021242729
0.00021152366
0.00021066014
0.00020988508
0.00020923911
0.00020874508
0.00020840765
0.00020822161
0.00020818125
0.00020828637
0.00020854592
0.00020898207
0.00020963341
0.00021055292
0.00020978147
0.0002082197
0.00020676587
0.00020557234
0.00020484623
0.00020476033
0.00020533902
0.00020645625
0.0002079326
0.00020959447
0.00021130799
0.00021298281
0.00021456588
0.00021603144
0.00021737174
0.00021858992
0.00021969503
0.00022069889
0.00022161419
0.00022245335
0.00022322814
0.00022393684
0.00021907211
0.00021887368
0.00021864345
0.00021836049
0.0002180207
0.00021761972
0.00021715157
0.0002166108
0.00021599197
0.0002152908
0.00021450561
0.00021363928
0.00021270128
0.00021171105
0.00021070372
0.00020973426
0.00020886617
0.00020815222
0.00020761815
0.00020726258
0.00020707037
0.00020702734
0.00020712784
0.00020737791
0.00020780059
0.00020844227
0.00020937172
0.00020894131
0.00020710458
0.00020533477
0.00020381809
0.00020284715
0.00020269439
0.00020340358
0.00020477409
0.00020654978
0.00020849942
0.00021046065
0.00021233422
0.00021406967
0.00021564884
0.00021707282
0.00021835289
0.00021950487
0.0002205459
0.00022149269
0.00022236071
0.00022316407
0.000223903
0.00021863757
0.00021845864
0.00021824407
0.00021797333
0.00021764229
0.00021724595
0.00021677726
0.00021622919
0.00021559417
0.00021486518
0.00021403738
0.00021311061
0.00021209168
0.00021099836
0.00020986868
0.00020877088
0.0002077906
0.00020699882
0.00020642493
0.00020605716
0.00020586451
0.00020582041
0.00020591213
0.00020614126
0.00020652994
0.00020713273
0.00020803797
0.00020811343
0.00020596032
0.00020380697
0.00020186877
0.00020055568
0.00020030762
0.00020121094
0.00020293083
0.0002050978
0.00020740249
0.00020965275
0.0002117455
0.00021363955
0.00021533009
0.0002168311
0.00021816458
0.00021935459
0.00022042431
0.00022139483
0.00022228474
0.00022311044
0.00022387405
0.00021822607
0.00021806547
0.00021786768
0.00021761124
0.00021729161
0.00021690304
0.00021643727
0.00021588545
0.00021523745
0.00021448277
0.00021361228
0.00021262137
0.00021151257
0.00021029949
0.00020902049
0.00020775994
0.00020663652
0.00020574998
0.00020513487
0.00020476262
0.00020457755
0.00020453601
0.00020461748
0.0002048179
0.00020515478
0.000205689
0.00020653131
0.00020732644
0.00020481654
0.00020220295
0.00019971127
0.00019790468
0.00019750719
0.0001987064
0.00020091474
0.0002035965
0.00020633734
0.00020891989
0.00021124805
0.00021330067
0.00021509416
0.00021666039
0.00021803483
0.0002192511
0.00022033895
0.00022132393
0.00022222764
0.0002230686
0.00022385067
0.00021781704
0.00021767899
0.00021750035
0.00021726049
0.00021695504
0.00021657765
0.00021611883
0.00021556782
0.00021491169
0.00021413586
0.0002132258
0.00021217079
0.00021096735
0.00020962157
0.00020816674
0.00020670489
0.00020540484
0.00020441278
0.00020377015
0.00020342057
0.00020326813
0.00020324428
0.00020332042
0.00020348552
0.00020374496
0.00020416159
0.00020487329
0.00020604012
0.00020373317
0.00020057033
0.00019735031
0.00019481289
0.00019415676
0.00019582049
0.00019872077
0.00020208368
0.00020535543
0.00020831105
0.00021088177
0.00021308281
0.00021496218
0.00021657522
0.00021797348
0.00021920104
0.0002202943
0.000221283
0.00022219142
0.00022303983
0.00022383347
0.00021746814
0.00021735094
0.00021719281
0.00021697245
0.00021668535
0.00021632452
0.00021587929
0.00021533693
0.00021468144
0.0002138935
0.00021295148
0.00021183598
0.00021053473
0.00020904172
0.00020737462
0.00020564956
0.00020411197
0.00020298656
0.00020232367
0.00020202241
0.00020192147
0.00020191784
0.00020198023
0.00020209625
0.00020224987
0.00020249998
0.00020301709
0.00020404783
0.00020277726
0.00019900134
0.00019484869
0.00019121047
0.00019006028
0.0001924695
0.00019635937
0.00020062692
0.00020453438
0.00020789252
0.000210696
0.00021301997
0.00021495653
0.00021659
0.00021798972
0.0002192103
0.00022029419
0.00022127459
0.00022217776
0.00022302518
0.000223823
0.00021720049
0.00021710854
0.00021697487
0.00021677853
0.00021651534
0.00021617779
0.00021575403
0.00021522933
0.0002145845
0.00021379508
0.00021283109
0.00021166165
0.00021026312
0.0002086141
0.00020670112
0.00020463904
0.00020279074
0.00020152074
0.00020088666
0.00020071736
0.00020074098
0.00020080623
0.00020089043
0.00020099364
0.00020105252
0.00020109862
0.00020133222
0.00020206211
0.00020232368
0.00019782307
0.00019245207
0.00018712492
0.00018495932
0.00018857293
0.00019388289
0.00019934651
0.00020399075
0.00020775229
0.00021074972
0.00021314894
0.00021509925
0.00021671764
0.00021809111
0.00021928334
0.00022034134
0.00022130042
0.00022218782
0.00022302541
0.00022381969
0.00021725963
0.00021719578
0.00021709259
0.00021692805
0.00021669838
0.00021639577
0.00021600778
0.00021551831
0.00021490569
0.00021414096
0.00021318533
0.00021199289
0.00021052326
0.00020873596
0.00020656278
0.00020406874
0.00020178763
0.00020035093
0.00019980566
0.00019987926
0.00020010539
0.00020026571
0.00020036316
0.00020044926
0.00020036933
0.00020009274
0.00019988248
0.00020010165
0.00020118342
0.00019740094
0.00019066097
0.00018291675
0.00017861453
0.0001841642
0.00019146821
0.00019845306
0.00020389578
0.00020800296
0.00021110926
0.00021350606
0.0002154093
0.00021696772
0.00021828236
0.00021942251
0.00022043696
0.00022136122
0.00022222208
0.00022304092
0.00022382377
0.00021801701
0.00021798816
0.00021793006
0.00021781549
0.00021764069
0.00021739782
0.00021707433
0.00021665336
0.00021611113
0.00021541423
0.00021451406
0.00021334416
0.00021183699
0.00020993106
0.00020748672
0.00020441551
0.00020147812
0.00019988199
0.00019958107
0.0002001777
0.00020082178
0.0002012064
0.0002013839
0.00020158205
0.00020150151
0.00020093318
0.00020031535
0.00019986115
0.00020080794
0.00019976214
0.00019129701
0.00018002136
0.00017094793
0.0001796579
0.00018947934
0.0001982719
0.00020448877
0.00020878075
0.00021184204
0.00021412137
0.00021589861
0.00021734407
0.00021856404
0.00021962727
0.00022058035
0.00022145643
0.00022228027
0.00022307161
0.00022383532
0.00022066388
0.00022071206
0.00022074191
0.00022072135
0.00022064851
0.00022051643
0.00022031382
0.00022002477
0.00021962553
0.00021908127
0.00021833811
0.00021731149
0.00021589846
0.00021401622
0.00021146421
0.00020778651
0.00020388392
0.00020236631
0.00020272496
0.00020450462
0.00020600932
0.00020691017
0.000207322
0.00020797681
0.00020832141
0.00020732392
0.00020618922
0.00020432502
0.00020496007
0.00020348413
0.00019650001
0.0001811822
0.00016222073
0.00017630855
0.00018869764
0.00019949695
0.0002061491
0.00021024638
0.00021300405
0.00021500913
0.00021656677
0.0002178422
0.00021893132
0.00021989362
0.00022076857
0.00022158411
0.00022236123
0.00022311694
0.00022385413
0.0002264233
0.00022656647
0.00022672916
0.0002268568
0.00022694717
0.00022699535
0.00022699417
0.00022693281
0.00022679289
0.00022654476
0.00022613735
0.00022547279
0.00022438822
0.00022271887
0.00022022041
0.00021576674
0.00020956628
0.00020824694
0.00020948531
0.00021348519
0.00021646272
0.00021835311
0.00021896589
0.0002204046
0.0002221032
9.3007681e-05
9.5433641e-05
9.7691749e-05
9.9882167e-05
0.00010288231
9.4463694e-05
8.6204555e-05
0.00010657293
0.00017933369
0.00019343356
0.00020412706
0.0002094544
0.00021253458
0.0002146055
0.00021615201
0.0002173947
0.00021844686
0.00021937312
0.00022021387
0.00022099645
0.00022174091
0.00022246291
0.00022317581
0.00022387979
0.00023924625
0.00023969388
0.00024019483
0.00024068101
0.00024116151
0.00024164045
0.00024212264
0.00024261181
0.0002431068
0.00024359685
0.00024404924
0.00024437123
0.00024434204
0.00024362554
0.00024200522
0.00023807351
0.00022682288
0.00022935529
0.00023549197
0.00025021012
0.00026144103
0.00027023354
0.0001282817
0.00016688129
0.00032274685
0.00046159486
0.00049956686
0.00049956686
0.00049956686
0.00049956686
0.00049956686
0.00045031241
0.00033649837
6.8075286e-05
0.00021297389
0.00021346094
0.00021437883
0.00021549442
0.00021653647
0.00021748113
0.00021833987
0.00021913133
0.00021987232
0.00022057687
0.00022125674
0.00022192219
0.0002225825
0.00022324666
0.00022391166
0.00026426996
0.00026527842
0.00026643206
0.00026762849
0.00026888826
0.00027023599
0.00027170577
0.00027334064
0.00027519372
0.00027733252
0.00027984344
0.00028282388
0.00028637509
0.000290549
0.00029518141
0.00030233874
0.0002734588
0.00030501119
0.00035659735
0.0003725487
0.00027823035
0.00031975187
0.00049956686
0.00049956686
0.00049956686
0.00049956686
0.00049956686
0.00049956686
0.00049956686
0.00049956686
0.0004126339
0.0004182693
0.00010203819
0.00026659038
0.00023114005
0.00022209706
0.00021927532
0.00021853488
0.0002185543
0.00021888181
0.00021934149
0.00021986051
0.00022040745
0.00022096904
0.0002215407
0.00022212237
0.00022271655
0.00022332755
0.00022394887
0.00030195548
0.00030409788
0.00030622793
0.00030843033
0.00031077959
0.00031334851
0.00031622307
0.00031951654
0.00032338836
0.00032808213
0.00033399408
0.00034169992
0.00035173268
0.0003647474
0.00038492216
0.00040158117
0.00025703216
0.00025319648
0.00026338768
0.00048921263
0.00047849297
0.00048855039
0.00047869855
0.00047372164
0.00047746533
0.00045865802
0.00045171924
0.00045351615
0.00044093603
0.00043652041
0.00010691822
0.0001076707
0.00021977614
0.00025235682
0.00023694833
0.00022741068
0.00022311583
0.00022121906
0.00022044941
0.00022024473
0.00022033823
0.00022059795
0.00022095584
0.00022137585
0.00022183888
0.00022233531
0.00022286119
0.00022341625
0.00022399043
0.00028856448
0.00028908273
0.00028927264
0.00028945918
0.00028964441
0.0002898603
0.00029013285
0.0002904989
0.00029101143
0.00029174804
0.00029283087
0.00029387623
0.00029481541
0.00029557361
0.00029293169
0.00010292934
0.00037622846
0.000470823
0.00047253832
0.00049383687
0.00048613823
0.0004824508
0.00012420997
0.00012127925
0.00010077008
0.00010005409
0.00010062896
0.00010197277
0.00010292721
0.00010452156
0.00020120881
0.00020767802
0.00021808274
0.00023901556
0.00023963012
0.00023076144
0.00022595779
0.00022341701
0.00022210833
0.00022149282
0.00022128033
0.00022131151
0.00022149646
0.00022178333
0.00022214193
0.00022255482
0.00022301243
0.00022351038
0.00022403524
0.00022327486
0.0002231071
0.00022281875
0.00022254007
0.00022227883
0.00022205218
0.00022187611
0.00022177394
0.000221778
0.00022193317
0.00022230439
0.0002220943
0.00022116296
0.00021941664
0.00021672848
0.00021314648
9.5859394e-05
9.9101812e-05
9.9869022e-05
9.9773846e-05
0.00010014958
0.00010017635
0.00021253984
0.00021081365
0.0002089298
0.00020554377
0.00020443531
0.00020387893
0.00020210794
0.00020212612
0.00020330653
0.00020901267
0.00021823608
0.00023217529
0.0002380212
0.00023248199
0.00022785744
0.00022508945
0.00022347612
0.00022257924
0.00022213282
0.00022197625
0.00022201177
0.00022217923
0.00022244134
0.00022277503
0.00022316637
0.00022360756
0.00022408215
0.00021926622
0.0002193461
0.00021947247
0.00021960782
0.00021976339
0.00021995132
0.00022018419
0.00022047808
0.00022085226
0.0002213296
0.00022186413
0.00022156872
0.00022081329
0.00021957734
0.00021780348
0.00021498947
0.00021250676
0.00021402898
0.00021587921
0.00021421454
0.00021238147
0.00021121565
0.000210059
0.00020833716
0.00020730333
0.00020568588
0.0002047797
0.00020420528
0.00020347944
0.0002039482
0.00020593217
0.0002108884
0.00021854816
0.00022810781
0.00023383137
0.00023318211
0.00022902066
0.00022628602
0.00022454838
0.00022348498
0.00022287577
0.00022257534
0.00022248866
0.00022255366
0.00022272981
0.00022299071
0.00022331943
0.00022370554
0.00022413006
0.00021788937
0.00021796894
0.00021809427
0.00021823301
0.00021838804
0.00021856689
0.0002187781
0.00021903276
0.00021934339
0.00021972371
0.00021997921
0.00021948716
0.00021872904
0.00021765469
0.00021622742
0.00021439183
0.00021326103
0.00021411262
0.00021527034
0.00021349508
0.00021190177
0.00021068261
0.00020952599
0.00020831097
0.00020735616
0.00020629718
0.00020564681
0.0002052862
0.00020521183
0.00020608755
0.00020833108
0.00021262012
0.00021875893
0.00022561441
0.00023029981
0.00023231264
0.00022962741
0.00022708141
0.00022534763
0.00022421043
0.00022350167
0.00022309954
0.00022291849
0.00022289938
0.0002230016
0.0002231975
0.00022346846
0.00022380225
0.00022417792
0.00021721109
0.00021733205
0.00021747177
0.0002176228
0.00021779109
0.00021798307
0.00021820491
0.00021846413
0.00021876775
0.00021912115
0.00021921482
0.00021877171
0.00021812014
0.00021723012
0.0002160813
0.00021482207
0.00021419524
0.00021469888
0.00021503889
0.00021341147
0.00021201394
0.00021086198
0.00020980445
0.0002088229
0.00020800281
0.00020726724
0.00020684864
0.00020673383
0.00020702992
0.00020812293
0.00021033516
0.00021399229
0.00021887055
0.00022400931
0.0002278629
0.0002302185
0.00022984666
0.00022755957
0.00022591091
0.0002247686
0.00022401226
0.00022354581
0.00022329669
0.00022321171
0.00022325257
0.000223392
0.00022361085
0.00022389592
0.0002242248
0.00021692183
0.0002169949
0.00021711089
0.00021724605
0.00021739846
0.00021757166
0.00021776945
0.00021799671
0.00021825733
0.00021855281
0.00021852315
0.00021813367
0.00021760116
0.00021691401
0.00021608472
0.00021529058
0.0002149771
0.00021536537
0.00021499569
0.00021359458
0.00021236917
0.00021132263
0.00021038915
0.00020956873
0.00020889436
0.00020837619
0.00020813538
0.00020820831
0.00020871202
0.00020988757
0.00021195287
0.00021505052
0.00021895086
0.00022294332
0.00022613906
0.00022830366
0.00022930036
0.00022779416
0.00022627867
0.000225179
0.00022441528
0.00022391581
0.000223622
0.00022348824
0.00022348004
0.00022357173
0.00022374459
0.0002239851
0.00022426992
0.00021677919
0.00021689218
0.00021701772
0.00021715341
0.00021730325
0.00021747032
0.0002176563
0.00021786306
0.00021809065
0.00021833591
0.000218249
0.00021790032
0.00021744811
0.00021689704
0.00021628717
0.00021577737
0.00021563492
0.0002159628
0.0002150485
0.00021385918
0.00021279597
0.00021186995
0.00021106077
0.00021037598
0.00020983846
0.00020948078
0.0002093782
0.0002095833
0.00021019747
0.00021137673
0.00021325697
0.00021588271
0.00021904243
0.00022223337
0.00022490805
0.00022685655
0.00022808999
0.00022785098
0.00022649051
0.00022546374
0.00022472195
0.00022421435
0.00022389569
0.00022372843
0.00022368264
0.00022373512
0.00022386822
0.00022406865
0.00022431264
0.00021670588
0.000216776
0.0002168824
0.00021700567
0.00021714332
0.00021729647
0.00021746529
0.00021765
0.0002178487
0.00021805591
0.00021796814
0.00021768297
0.00021732705
0.00021691349
0.00021649066
0.00021618344
0.00021615672
0.00021618159
0.00021514065
0.00021413962
0.00021322841
0.00021242678
0.00021173726
0.00021117317
0.00021075725
0.00021052504
0.00021053096
0.00021082761
0.00021149505
0.00021263495
0.00021432531
0.00021655983
0.00021915726
0.00022176446
0.00022402354
0.00022576023
0.00022694896
0.00022750551
0.00022658065
0.00022564459
0.00022494494
0.00022444814
0.00022412081
0.00022393315
0.00022386012
0.00022388136
0.00022398079
0.00022414578
0.00022435249
0.00021665261
0.00021674414
0.00021685095
0.00021696706
0.00021709405
0.00021723289
0.0002173827
0.00021754228
0.00021770829
0.00021787396
0.00021779679
0.00021755888
0.00021727648
0.00021696851
0.00021668268
0.00021651261
0.00021656361
0.00021610924
0.00021525401
0.00021441753
0.00021364662
0.00021296629
0.00021239037
0.00021193617
0.00021162714
0.0002114965
0.00021158713
0.00021194532
0.00021263121
0.0002137099
0.00021522091
0.0002171337
0.00021929932
0.00022146735
0.00022339225
0.00022493371
0.00022605187
0.00022677674
0.00022657921
0.00022574182
0.00022509711
0.00022462482
0.00022430148
0.00022410433
0.00022401305
0.00022401032
0.00022408185
0.00022421598
0.00022438911
0.00021662048
0.00021668715
0.0002167821
0.00021688945
0.000217007
0.00021713446
0.00021726996
0.00021741129
0.00021755411
0.00021769096
0.00021764802
0.00021746
0.00021724612
0.00021702747
0.00021684685
0.00021677386
0.00021670983
0.00021608845
0.00021538614
0.00021469259
0.00021404929
0.00021348308
0.00021301302
0.00021265862
0.00021244313
0.00021239611
0.00021255245
0.00021295024
0.00021363306
0.00021464107
0.00021598941
0.000217638
0.00021946698
0.00022129568
0.00022294915
0.00022431567
0.000225352
0.00022606775
0.00022637969
0.00022577298
0.00022519061
0.00022475224
0.00022444245
0.00022424459
0.00022414267
0.00022412236
0.00022417131
0.000224279
0.00022442233
0.00021659666
0.00021666908
0.00021675949
0.00021685804
0.00021696436
0.0002170781
0.00021719693
0.00021731821
0.00021743725
0.00021754669
0.0002175378
0.00021739143
0.00021723368
0.0002170855
0.00021698321
0.00021695147
0.00021664402
0.0002161097
0.0002155354
0.00021496621
0.00021443798
0.0002139771
0.00021360443
0.0002133401
0.00021320625
0.00021322861
0.00021343567
0.00021385746
0.00021452447
0.00021545989
0.00021666414
0.00021809536
0.0002196579
0.00022121877
0.00022264956
0.00022386149
0.00022481305
0.00022550246
0.00022595403
0.00022575333
0.00022523654
0.00022483802
0.00022454868
0.00022435692
0.00022425062
0.00022421826
0.00022424942
0.00022433483
0.00022445205
0.00021658578
0.0002166459
0.00021672852
0.00021681963
0.00021691729
0.00021702054
0.00021712662
0.00021723256
0.00021733358
0.00021742269
0.00021744895
0.00021733984
0.00021722934
0.00021713708
0.00021709323
0.0002169683
0.0002166005
0.00021616566
0.00021570008
0.00021523944
0.00021481438
0.00021444953
0.00021416561
0.00021398219
0.00021391962
0.00021399994
0.00021424618
0.00021468122
0.00021532558
0.00021619096
0.00021726939
0.00021852107
0.00021986966
0.00022121531
0.00022246153
0.00022353761
0.00022440594
0.00022505879
0.0002255099
0.00022566434
0.00022524461
0.00022488926
0.00022462506
0.00022444452
0.00022433886
0.0002242991
0.00022431668
0.00022438362
0.00022447828
0.00021658211
0.00021664079
0.0002167178
0.00021680113
0.00021688942
0.00021698168
0.00021707505
0.0002171665
0.00021725151
0.00021732373
0.0002173669
0.00021730086
0.00021722867
0.00021717974
0.0002171142
0.0002168999
0.00021659947
0.00021624934
0.00021587731
0.00021551193
0.00021517917
0.00021490132
0.00021469784
0.00021458696
0.00021458681
0.00021471599
0.00021499275
0.00021543401
0.00021605277
0.00021685312
0.00021782266
0.00021892528
0.00022009976
0.00022126979
0.00022236146
0.00022331824
0.00022410714
0.00022471775
0.00022515705
0.0002254432
0.0002252232
0.00022491239
0.00022467627
0.00022451063
0.00022440948
0.00022436611
0.00022437374
0.00022442567
0.00022450113
0.00021658695
0.00021663916
0.00021671036
0.00021678718
0.00021686777
0.00021695098
0.00021703389
0.00021711362
0.00021718599
0.00021724545
0.00021728492
0.00021726897
0.00021722795
0.00021717782
0.00021706199
0.00021687259
0.00021663155
0.0002163548
0.00021606422
0.00021578289
0.00021553279
0.00021533357
0.00021520288
0.0002151571
0.00021521198
0.00021538289
0.00021568397
0.00021612721
0.00021672005
0.00021746158
0.00021833746
0.00021931566
0.0002203468
0.00022137158
0.00022233252
0.00022318426
0.00022389848
0.00022446399
0.00022488364
0.00022517002
0.00022517963
0.00022491324
0.00022470671
0.0002245584
0.00022446464
0.00022442069
0.0002244214
0.00022446136
0.00022452074
0.00021659771
0.00021664666
0.00021671288
0.00021678343
0.00021685666
0.00021693142
0.00021700492
0.00021707451
0.00021713648
0.00021718613
0.00021721767
0.00021722445
0.00021719928
0.00021713535
0.0002170277
0.00021687682
0.00021668871
0.0002164764
0.00021625748
0.00021605082
0.00021587492
0.00021574684
0.00021568211
0.00021569503
0.00021579891
0.0002160061
0.00021632721
0.00021677022
0.00021733847
0.00021802785
0.00021882344
0.00021969721
0.00022060902
0.00022151213
0.00022236135
0.00022312015
0.00022376459
0.00022428388
0.0002246785
0.00022495722
0.00022509778
0.00022489673
0.00022472031
0.0002245908
0.00022450645
0.00022446423
0.00022446049
0.00022449112
0.00022453727
0.00021661387
0.00021665885
0.00021672058
0.00021678577
0.00021685267
0.00021692021
0.00021698577
0.000217047
0.00021710075
0.00021714315
0.00021716967
0.00021717527
0.00021715484
0.00021710398
0.00021702007
0.00021690502
0.00021676448
0.00021660938
0.00021645414
0.00021631428
0.00021620534
0.00021614189
0.00021613724
0.00021620351
0.00021635161
0.00021659113
0.0002169296
0.00021737174
0.00021791783
0.00021856175
0.00021928877
0.00022007448
0.00022088596
0.000221686
0.0002224387
0.00022311469
0.00022369401
0.00022416691
0.0002245327
0.00022479767
0.00022497275
0.00022486757
0.00022472088
0.00022461077
0.00022453706
0.00022449819
0.00022449189
0.00022451536
0.00022455087
0.00021663422
0.00021667623
0.00021673406
0.00021679441
0.00021685562
0.00021691677
0.00021697544
0.00021702966
0.00021707684
0.00021711394
0.00021713754
0.00021714405
0.00021713011
0.00021709318
0.00021703238
0.00021695055
0.00021685305
0.00021674922
0.00021665106
0.00021657144
0.00021652333
0.00021651894
0.00021656944
0.00021668474
0.00021687343
0.00021714256
0.00021749696
0.00021793868
0.00021846569
0.00021907057
0.00021973917
0.00022045021
0.0002211765
0.00022188814
0.00022255649
0.00022315799
0.0002236763
0.00022410311
0.00022443737
0.00022468386
0.00022485143
0.00022482914
0.00022471128
0.00022462059
0.00022455817
0.00022452378
0.00022451631
0.00022453437
0.00022456161
0.00021665756
0.00021669705
0.00021675161
0.00021680782
0.00021686411
0.00021691971
0.00021697249
0.00021702087
0.00021706283
0.0002170961
0.00021711831
0.00021712713
0.00021712063
0.00021709783
0.00021705911
0.00021700802
0.00021694964
0.00021689212
0.00021684561
0.00021682079
0.0002168284
0.00021687852
0.0002169802
0.00021714124
0.00021736799
0.00021766515
0.00021803517
0.00021847783
0.00021898932
0.00021956133
0.00022018041
0.00022082793
0.00022148127
0.00022211624
0.00022271
0.00022324381
0.00022370462
0.00022408576
0.00022438643
0.00022461062
0.00022476577
0.00022478572
0.00022469525
0.00022462332
0.00022457215
0.00022454264
0.00022453473
0.00022454842
0.00022456939
0.00021668301
0.00021672067
0.00021677253
0.00021682516
0.00021687712
0.00021692785
0.0002169755
0.00021701891
0.0002170566
0.00021708706
0.00021710881
0.00021712067
0.00021712195
0.00021711291
0.00021709497
0.0002170722
0.0002170495
0.00021703411
0.00021703471
0.0002170602
0.00021711937
0.00021722033
0.00021737014
0.00021757455
0.00021783777
0.00021816234
0.00021854852
0.00021899414
0.00021949386
0.00022003876
0.00022061601
0.0002212092
0.00022179936
0.00022236688
0.00022289366
0.00022336504
0.00022377102
0.00022410671
0.00022437197
0.00022457057
0.00022470913
0.0002247386
0.00022467376
0.00022461957
0.00022457925
0.00022455474
0.00022454688
0.00022455684
0.00022457342
0.00021670844
0.00021674552
0.00021679538
0.00021684499
0.00021689315
0.00021693957
0.0002169827
0.00021702005
0.00021704698
0.00021706982
0.00021708929
0.00021710676
0.00021712445
0.00021713393
0.00021713527
0.00021713849
0.00021714841
0.0002171716
0.00021721557
0.00021728772
0.00021739515
0.00021754417
0.00021773996
0.0002179863
0.00021828537
0.00021863764
0.00021904137
0.00021949257
0.00021998456
0.00022050787
0.00022105016
0.00022159679
0.00022213176
0.00022263922
0.000223105
0.00022351805
0.00022387122
0.00022416153
0.0002243898
0.00022456002
0.00022467843
0.00022469202
0.00022465085
0.00022461304
0.00022458264
0.00022456264
0.00022455461
0.00022456022
0.00022457256
0.00021675262
0.00021678358
0.00021682804
0.00021687124
0.00021691192
0.00021694994
0.00021698416
0.00021701274
0.0002170319
0.00021704914
0.00021706664
0.00021708748
0.00021711576
0.00021714498
0.00021717688
0.00021721016
0.00021724951
0.00021730782
0.00021739167
0.00021750722
0.00021766008
0.0002178549
0.00021809507
0.00021838251
0.00021871743
0.0002190983
0.00021952146
0.00021998117
0.00022046946
0.00022097621
0.00022148939
0.00022199575
0.00022248168
0.00022293447
0.00022334338
0.00022370064
0.00022400182
0.00022424598
0.00022443521
0.00022457402
0.00022464631
0.00022464747
0.00022462726
0.00022460352
0.00022458107
0.00022456398
0.00022455487
0.00022455496
0.00022456056
0.00021932759
0.0002193113
0.00021930073
0.00021928704
0.00021926984
0.00021924934
0.00021922468
0.00021919608
0.00021916393
0.00021912917
0.00021909339
0.00021905899
0.00021902925
0.00021900837
0.00021900119
0.00021900139
0.00021901408
0.00021905227
0.00021912206
0.00021922863
0.00021937632
0.00021956822
0.00021980594
0.00022008943
0.00022041679
0.00022078425
0.00022118593
0.00022161401
0.00022205877
0.00022250895
0.00022295223
0.0002233761
0.0002237687
0.00022411991
0.00022442207
0.00022467058
0.00022486392
0.00022500352
0.00022509324
0.00022513867
0.00022512418
0.00022507877
0.00022501718
0.0002249456
0.0002248696
0.0002247942
0.00022472351
0.00022465886
0.00022458783
0.00031734052
0.00021992392
0.00019317182
0.00018634393
0.0001924705
0.00021485932
0.00025703216
0.00022289077
0.00018931765
0.00015983383
0.00041786945
0.00026338768
0.00023435321
0.00023639582
0.00025781261
0.00030364157
0.00038136431
0.00022059515
0.00015770955
0.00012853179
0.0004542783
0.00029544638
0.00025622681
0.00025383333
0.00027204998
0.00031307446
0.00034787703
0.00020204807
0.00014886616
0.00012369741
0.00045123768
0.00031360773
0.00027280021
0.00026661364
0.00028048427
0.00031301588
0.0002953209
0.00018305468
0.00013956314
0.00011810295
0.00044448455
0.00032537274
0.00028467523
0.0002797222
0.00029331185
0.00032578018
0.00025253805
0.00016703371
0.00013161596
0.00011337926
0.0004143696
0.00031992389
0.00028124733
0.00028215499
0.0003052335
0.0003725487
0.00022059317
0.00015463581
0.00012544205
0.00010989567
0.00040535456
0.00033043048
0.00029024526
0.00028911845
0.00031232327
0.00036208724
0.00019725709
0.00014503405
0.0001205078
0.00010735285
0.00040535209
0.0003298256
0.00028542481
0.00027823035
0.00029373326
0.00028297372
0.00017698853
0.00013566192
0.00011530335
0.00010422378
0.00030588473
0.00021595849
0.00014194509
0.00011436501
0.00010137971
9.4699076e-05
9.1262242e-05
8.9626762e-05
8.9008066e-05
8.8859059e-05
0.00037870756
0.00031072515
0.00027913561
0.00028625503
0.00034361715
0.00020645985
0.00014704407
0.00012082689
0.00010700021
9.9353795e-05
0.00037136813
0.00031975187
0.000294502
0.00030815562
0.00032475118
0.00018262606
0.00013701952
0.00011527917
0.00010355931
9.7002836e-05
0.00037137378
0.00031887946
0.00029077267
0.00029320976
0.00025053673
0.00016335703
0.00012800582
0.00011031503
0.00010065643
9.5310517e-05
0.00035245853
0.0003030219
0.00029859448
0.00033989339
0.00021101014
0.00014703705
0.00012005773
0.00010595962
9.8126352e-05
9.3791995e-05
0.00032703351
0.0002891902
0.00029642702
0.0003302756
0.00018589235
0.00013705457
0.00011463918
0.00010273206
9.6152324e-05
9.2534443e-05
0.00032703693
0.00030149892
0.00031582969
0.00026608096
0.00016606878
0.0001282817
0.00010981847
9.9913624e-05
9.4524333e-05
9.1746895e-05
0.00032780035
0.00031025573
0.00034298795
0.00021451315
0.00014769363
0.00011955302
0.00010513786
9.7266389e-05
9.2998175e-05
9.081728e-05
0.00031369305
0.00029983255
0.0003403885
0.00018728651
0.00013614681
0.00011343396
0.00010162126
9.5201008e-05
9.1792012e-05
9.0092145e-05
0.00031369682
0.00030264536
0.00028009203
0.00016688129
0.00012729882
0.00010862699
9.8828298e-05
9.3574987e-05
9.0891827e-05
8.9701796e-05
0.00032419744
0.00030715275
0.00022539838
0.00014883198
0.00011885219
0.00010415199
9.6353046e-05
9.2213365e-05
9.0167171e-05
8.9285764e-05
0.00033732607
0.00035122362
0.00019241167
0.00013595692
0.00011257463
0.00010080744
9.4539468e-05
9.1256207e-05
8.9688001e-05
8.9022247e-05
0.00030768223
0.00032274685
0.00017442945
0.00012885408
0.00010894747
9.8823175e-05
9.3467774e-05
9.072156e-05
8.9472235e-05
8.9013512e-05
0.0003058747
0.00026892479
0.00015946344
0.00012250108
0.00010562437
9.6985383e-05
9.2463241e-05
9.020561e-05
8.9239889e-05
8.8933843e-05
0.00040829532
0.00033717308
0.0003007609
0.00029825105
0.00031715811
0.00023856999
0.00015931346
0.00012711527
0.00011051869
0.00010117495
0.00031017286
0.0002212289
0.00022579923
0.00024471359
0.00027880717
0.00034374106
0.00046670518
0.00031167579
0.00020983977
0.00015966009
0.00037273033
0.00024052906
0.00021826852
0.00022287119
0.00024473684
0.00028949598
0.00037667305
0.00023791133
0.00016723398
0.00013448254
0.000310177
0.000218359
0.00022132974
0.00023007921
0.00024941071
0.00029116032
0.00035333937
0.00025962956
0.00019940599
0.00016235681
0.00031108269
0.00021669661
0.00021261567
0.00022569755
0.00025319648
0.00030596395
0.00039575652
0.00027231364
0.00018907517
0.00014817407
0.00033339691
0.00022352606
0.00021018928
0.00021829608
0.0002414842
0.00028679929
0.00037375201
0.00025415203
0.00017691365
0.00013992372
0.00015493567
0.00011781502
0.00010203819
9.4447894e-05
9.0978718e-05
8.9960579e-05
9.0584973e-05
9.2417458e-05
9.5212606e-05
9.8860149e-05
0.00013133857
0.00012140652
0.00011278853
0.00010684951
0.00010315563
0.00010121142
0.00010064879
0.00010120816
0.00010271227
0.00010506843
0.00034938535
0.00018226312
0.0001289347
0.00010803941
9.8091664e-05
9.3007681e-05
9.0461839e-05
8.9326184e-05
8.8976752e-05
8.8938909e-05
0.00035731894
0.00016622842
0.00012267882
0.00010496844
9.652247e-05
9.2228683e-05
9.0110965e-05
8.9198257e-05
8.8948009e-05
8.8927499e-05
0.0003038461
0.00015622304
0.00011917119
0.00010353732
9.6004464e-05
9.2140541e-05
9.0225324e-05
8.9397655e-05
8.917073e-05
8.9149862e-05
0.00026456865
0.00014570077
0.00011520954
0.00010193067
9.5433641e-05
9.204231e-05
9.0337488e-05
8.9588594e-05
8.9364417e-05
8.9278432e-05
0.00023673677
0.00013784369
0.00011193811
0.00010046141
9.4824602e-05
9.1855651e-05
9.0358489e-05
8.9711892e-05
8.9542555e-05
8.9496831e-05
0.00021556055
0.00013121682
0.00010904292
9.9044487e-05
9.4122682e-05
9.1519316e-05
9.0214384e-05
8.9674848e-05
8.956858e-05
8.9537684e-05
0.00019884749
0.00012562586
0.00010646458
9.7691749e-05
9.3369764e-05
9.1082596e-05
8.9948127e-05
8.9505041e-05
8.9456468e-05
8.9458787e-05
0.00018523074
0.00012080396
0.00010412734
9.6383463e-05
9.2568758e-05
9.0560588e-05
8.9583826e-05
8.9229859e-05
8.9202578e-05
8.9104414e-05
0.00017375872
0.00011652225
0.00010193131
9.5072535e-05
9.1701093e-05
8.9955709e-05
8.9150062e-05
8.8933184e-05
8.9045495e-05
8.9146036e-05
0.00016390015
0.00011270441
9.9882167e-05
9.37896e-05
9.0800525e-05
8.9289268e-05
8.86357e-05
8.8527888e-05
8.8714931e-05
8.8845087e-05
0.00015515331
0.00010916841
9.7872339e-05
9.2467952e-05
8.9829333e-05
8.8549845e-05
8.8062299e-05
8.8087228e-05
8.8380821e-05
8.8586551e-05
0.00014736033
0.00010596813
9.5993834e-05
9.1205402e-05
8.8878932e-05
8.781571e-05
8.7494603e-05
8.7667446e-05
8.8108889e-05
8.8458807e-05
0.00014016085
0.00010288231
9.405749e-05
8.9835375e-05
8.7800953e-05
8.6948481e-05
8.6793818e-05
8.7108819e-05
8.7683439e-05
8.8181263e-05
0.00013344273
9.9973765e-05
9.2173875e-05
8.8498085e-05
8.6763719e-05
8.6144693e-05
8.6191409e-05
8.668149e-05
8.7383863e-05
8.7862437e-05
0.00012706632
9.7183967e-05
9.0304338e-05
8.7165031e-05
8.5748624e-05
8.5394783e-05
8.5697959e-05
8.6458384e-05
8.7485904e-05
8.8428041e-05
0.00012090061
9.4463694e-05
8.8411265e-05
8.5800824e-05
8.4726337e-05
8.4667733e-05
8.525993e-05
8.6298566e-05
8.7562586e-05
8.8606157e-05
0.0001146693
9.1639339e-05
8.6368328e-05
8.432534e-05
8.3681544e-05
8.4022253e-05
8.5028474e-05
8.6502014e-05
8.8233148e-05
8.978764e-05
0.00010820939
8.8754532e-05
8.4352228e-05
8.3010795e-05
8.2970041e-05
8.3876164e-05
8.5451303e-05
8.7497107e-05
8.9800702e-05
9.1944341e-05
0.00010170999
8.6204555e-05
8.2888737e-05
8.2428543e-05
8.3182346e-05
8.4847308e-05
8.7202835e-05
9.005805e-05
9.3154797e-05
9.5904516e-05
9.5396108e-05
8.4277146e-05
8.2288822e-05
8.2919667e-05
8.4789531e-05
8.7663654e-05
9.1389248e-05
9.5802814e-05
0.00010066422
0.00010549053
8.8390217e-05
8.2335605e-05
8.2707814e-05
8.5799102e-05
9.0536783e-05
9.6692828e-05
0.00010408257
0.00011214231
0.00011768012
0.00012035807
8.3130502e-05
8.7517309e-05
9.748119e-05
0.00010470504
0.00010657293
0.00010849081
0.00011089168
0.00011390058
0.00011744283
0.00012117366
7.9926991e-05
7.3837866e-05
6.8996728e-05
6.7084037e-05
6.7147518e-05
6.8551488e-05
7.0940559e-05
7.4101188e-05
7.7882677e-05
8.2163294e-05
0.00010306704
7.490865e-05
6.5877613e-05
6.27046e-05
6.2195364e-05
6.3212164e-05
6.5254965e-05
6.8075286e-05
7.1537476e-05
7.5584631e-05
6.4922108e-05
9.1375869e-05
0.00011219384
0.00013473336
0.0001674174
0.00021906743
0.0002377066
0.00025813513
0.00024627286
9.278694e-05
9.7624545e-05
0.00010308611
0.00011463994
0.00013354831
0.00016355945
0.0001966621
0.00024140586
0.00030708426
0.00012156354
0.000117522
0.00011299079
0.00010954892
0.0001070891
0.00010553696
0.00010482814
0.00010489758
0.00010568473
0.00010712156
0.00011637816
0.00011387327
0.00011120676
0.00010925281
0.00010780121
0.00010687094
0.00010646666
0.00010658114
0.00010719834
0.0001082514
0.00011344623
0.00011127177
0.00010964081
0.00010853685
0.0001076707
0.0001071356
0.00010694976
0.0001071053
0.00010756503
0.00010820329
0.00011166901
0.00010920402
0.00010816286
0.00010756034
0.00010704526
0.00010675828
0.00010670389
0.00010685987
0.00010714226
0.00010732864
0.00011057026
0.00010757907
0.00010691822
0.00010663905
0.00010637382
0.00010630239
0.00010641664
0.0001067109
0.00010713718
0.00010756791
0.00010994829
0.00010634151
0.00010594799
0.00010587479
0.00010577237
0.00010584763
0.00010607084
0.00010643555
0.00010687203
0.00010726044
0.00010963166
0.00010531378
0.00010508732
0.00010512409
0.00010510715
0.00010525183
0.00010550113
0.00010584229
0.00010616862
0.00010629576
0.0001095306
0.000104462
0.00010434901
0.00010444604
0.00010448167
0.00010467044
0.0001049355
0.00010527188
0.00010556663
0.00010566206
0.00010951509
0.00010370386
0.00010373775
0.000103883
0.0001039736
0.00010421603
0.00010452156
0.00010489949
0.00010523913
0.00010541185
0.00010956944
0.00010306641
0.00010331664
0.00010349353
0.00010362205
0.00010389415
0.00010421202
0.00010459347
0.00010491285
0.00010503253
0.00010980305
0.00010254458
0.00010287852
0.00010306253
0.00010321476
0.00010350086
0.00010381417
0.00010417639
0.00010444249
0.00010445445
0.00011012266
0.00010214305
0.00010256739
0.00010275415
0.00010292721
0.00010322595
0.0001035446
0.00010391869
0.00010420548
0.00010430044
0.00011054973
0.00010173175
0.00010219083
0.00010245716
0.00010264856
0.00010295546
0.00010327387
0.00010364445
0.00010390574
0.0001039187
0.00011104286
0.00010136689
0.00010185754
0.00010223051
0.0001024347
0.00010274095
0.00010305057
0.0001034095
0.00010364839
0.00010364994
0.00011161182
0.00010109498
0.00010153087
0.00010197277
0.00010222138
0.00010252079
0.00010281902
0.00010316646
0.00010338675
0.00010337454
0.00011223733
0.0001009032
0.00010119952
0.00010168646
0.0001020299
0.00010232388
0.00010261384
0.00010295082
0.00010315199
0.00010311623
0.00011289845
0.00010074223
0.00010088874
0.00010142181
0.00010188168
0.00010218743
0.00010246694
0.00010279016
0.00010296894
0.00010289118
0.00011361537
0.00010063899
0.00010062896
0.00010108914
0.00010164476
0.00010204242
0.00010231114
0.00010262415
0.00010279624
0.000102727
0.00011437628
0.0001005851
0.00010041947
0.00010081295
0.00010137878
0.00010182689
0.00010211706
0.00010241004
0.00010255404
0.00010245243
0.00011517428
0.00010062616
0.00010033466
0.00010069156
0.00010124424
0.00010167307
0.00010196416
0.00010225857
0.00010239521
0.00010227665
0.00011592826
0.00010053198
0.00010005409
0.00010035047
0.00010088226
0.00010139912
0.00010187156
0.00010222892
0.00010234108
0.00010222982
0.00011682007
0.00010063668
0.00010000043
0.00010023877
0.00010073392
0.00010119756
0.00010162297
0.00010194318
0.00010202363
0.0001018647
0.00011766215
0.00010068633
9.9893407e-05
0.00010009523
0.00010058094
0.00010102125
0.00010148092
0.00010183905
0.000101917
0.00010176656
0.00011853294
0.00010077008
9.9814804e-05
9.9976778e-05
0.00010045002
0.0001008657
0.00010130714
0.00010169229
0.0001017942
0.00010157283
0.000119409
0.00010084633
9.971609e-05
9.983651e-05
0.00010029805
0.00010069176
0.00010111762
0.00010154911
0.00010174246
0.00010160501
0.00012031943
0.00010093486
9.9613579e-05
9.9682331e-05
0.00010012312
0.00010048753
0.00010089164
0.00010129779
0.00010153808
0.00010145521
0.00012127925
0.00010109629
9.9597813e-05
9.9624683e-05
0.00010004934
0.00010038715
0.00010076972
0.00010114676
0.00010135383
0.00010127887
0.0001222231
0.00010123435
9.9552704e-05
9.9544341e-05
9.9964179e-05
0.0001002901
0.00010066773
0.0001010356
0.00010123861
0.00010120765
0.00012319108
0.00010136808
9.9484293e-05
9.9426732e-05
9.9829953e-05
0.00010013438
0.00010049681
0.00010084381
0.00010102714
0.00010097205
0.00012420997
0.00010158192
9.9515139e-05
9.9418001e-05
9.9806879e-05
0.00010008863
0.00010043176
0.0001007514
0.00010090417
0.00010077734
0.00012519487
0.00010176937
9.9521728e-05
9.9397966e-05
9.9791156e-05
0.0001000726
0.00010042168
0.00010074447
0.00010090926
0.00010083398
0.00012617914
0.00010191395
9.9456056e-05
9.9287768e-05
9.9673824e-05
9.9947834e-05
0.00010029662
0.00010061419
0.00010077537
0.00010067967
0.00012723213
0.00010212308
9.9457252e-05
9.9236248e-05
9.9600381e-05
9.9849027e-05
0.00010017635
0.00010046593
0.00010060116
0.00010047072
0.00012829525
0.00010240333
9.9564611e-05
9.9321522e-05
9.9690197e-05
9.993773e-05
0.00010026724
0.00010055408
0.00010069074
0.00010057822
0.00012926493
0.00010252099
9.9467454e-05
9.9183107e-05
9.9552344e-05
9.9803538e-05
0.00010014261
0.00010043328
0.0001005726
0.00010044237
0.00013036142
0.00010280418
9.9557534e-05
9.9230786e-05
9.958677e-05
9.9822047e-05
0.00010014958
0.00010042546
0.00010055742
0.00010042862
0.000131374
0.00010300261
9.9562713e-05
9.9208606e-05
9.9574389e-05
9.9820413e-05
0.00010016382
0.00010045158
0.00010059823
0.00010049957
0.00013240914
0.00010319294
9.9541129e-05
9.9140055e-05
9.9497391e-05
9.9737442e-05
0.00010007968
0.00010036118
0.0001005031
0.00010035729
0.00013348567
0.00010346065
9.9620168e-05
9.9184424e-05
9.9538502e-05
9.9773846e-05
0.00010011439
0.00010038914
0.00010052727
0.00010040186
0.00013448832
0.00010365135
9.9624036e-05
9.9158093e-05
9.9517383e-05
9.9759105e-05
0.0001001094
0.00010038898
0.00010053535
0.00010041301
0.00013550495
0.00010390847
9.9721755e-05
9.9238096e-05
9.9608027e-05
9.9857542e-05
0.00010021791
0.00010050162
0.00010065437
0.00010053398
0.00013640244
0.00010405234
9.9711476e-05
9.921458e-05
9.9602538e-05
9.9869022e-05
0.00010024811
0.00010054226
0.0001006802
0.00010054586
0.00013729597
0.00010426512
9.9815326e-05
9.932143e-05
9.9706632e-05
9.9883246e-05
0.00010014654
0.0001003654
0.00010049483
0.00010039562
0.0001380129
0.00010439207
9.9895738e-05
9.927644e-05
9.947854e-05
9.9612977e-05
9.9924571e-05
0.00010019494
0.00010038495
0.00010031474
0.00013847266
0.00010427666
9.9427436e-05
9.8677748e-05
9.8917297e-05
9.9101812e-05
9.9474637e-05
9.9804463e-05
0.00010005339
0.00010004909
0.00013676428
0.00010293185
9.8214821e-05
9.7579681e-05
9.7946913e-05
9.8283806e-05
9.882028e-05
9.9311296e-05
9.9722503e-05
9.9868622e-05
0.00013217315
0.00010068878
9.6499806e-05
9.6195302e-05
9.6835856e-05
9.7441666e-05
9.82327e-05
9.8953811e-05
9.9570771e-05
9.9867082e-05
0.00012202778
9.660772e-05
9.3595111e-05
9.3853991e-05
9.4871883e-05
9.5859394e-05
9.6981266e-05
9.7984177e-05
9.8845242e-05
9.9355084e-05
0.0001039853
3.2755143e-05
3.0772869e-05
2.9730818e-05
2.9571961e-05
3.0246298e-05
3.170637e-05
3.3864824e-05
3.66271e-05
3.9941336e-05
5.7915727e-05
6.3296294e-05
6.6870666e-05
7.1343965e-05
7.73162e-05
8.4867123e-05
9.3598961e-05
0.00010292934
0.00011175418
2.4560375e-05
2.9455936e-05
3.3579464e-05
3.7903151e-05
4.2546308e-05
4.7548574e-05
5.2855318e-05
5.8426559e-05
6.4210671e-05
1.9883866e-05
2.6774158e-05
3.2888031e-05
3.8960483e-05
4.5085255e-05
5.1425792e-05
5.7942976e-05
6.4682704e-05
7.1601441e-05
2.0576326e-05
3.118223e-05
4.170014e-05
5.2403728e-05
6.3119758e-05
7.3995972e-05
8.4847899e-05
9.5694019e-05
0.0001063263
6.851757e-05
9.132541e-05
9.1582507e-05
0.00012313998
5.8615188e-05
4.9805516e-05
7.774999e-05
6.5240449e-05
6.5844203e-05
0.00016336642
5.4592046e-05
4.5186092e-05
6.6724765e-05
6.8801078e-05
8.0796086e-05
6.3317512e-05
8.0513833e-05
8.5462064e-05
0.00021672848
2.8331374e-05
0.00022682288
0.00021326103
6.3130562e-05
5.8178097e-05
9.592044e-05
6.8820939e-05
7.8474545e-05
7.0201452e-05
7.0030011e-05
7.7920569e-05
6.9597193e-05
0.00010148985
8.1502309e-05
7.9488736e-05
0.00011531551
6.822868e-05
5.9336202e-05
8.304605e-05
7.7866873e-05
7.3077336e-05
7.3138139e-05
7.7314527e-05
8.5577285e-05
0.00022741068
6.8058074e-05
6.8565189e-05
0.00029293169
6.0959363e-05
6.9223057e-05
7.4126288e-05
9.6099924e-05
7.6123072e-05
7.2730951e-05
6.3581038e-05
8.0350243e-05
7.4032412e-05
7.7771709e-05
5.3377925e-05
4.8905574e-05
5.8507787e-05
6.0042849e-05
5.8719984e-05
5.7761832e-05
0.00010127838
7.8470524e-05
8.0995322e-05
6.0246043e-05
5.8287781e-05
8.1289896e-05
9.0604761e-05
6.3735329e-05
7.935479e-05
0.00011333347
6.0920982e-05
5.7930925e-05
7.7353635e-05
0.00010119603
6.7161921e-05
7.6017512e-05
6.7104835e-05
7.9243966e-05
7.0316597e-05
6.9787458e-05
0.00010551415
7.2897749e-05
6.1977362e-05
6.281799e-05
0.00010691427
8.6381556e-05
7.3188578e-05
7.4245972e-05
6.265929e-05
6.0589344e-05
9.3567416e-05
0.00010091506
5.9183864e-05
5.62359e-05
0.00015128731
0.00011876161
8.9808833e-05
2.9687518e-05
5.7562097e-05
5.9423564e-05
5.8236886e-05
6.1845354e-05
7.1704848e-05
7.3067199e-05
0.00019949695
8.8248978e-05
0.00022209706
0.00010263191
6.0606019e-05
6.2886908e-05
5.7690611e-05
5.9499835e-05
6.6986479e-05
5.9121506e-05
6.5093556e-05
9.7728176e-05
5.4650266e-05
5.9508643e-05
9.9075279e-05
8.2523642e-05
5.0886351e-05
5.8893525e-05
6.0643604e-05
6.137349e-05
0.00029518141
0.00021498947
5.7418988e-05
5.8739685e-05
7.4343876e-05
5.8278618e-05
6.6801371e-05
5.8553922e-05
6.427667e-05
6.5457823e-05
8.2339097e-05
8.9463579e-05
3.6770336e-05
8.0362265e-05
6.0014488e-05
5.4766021e-05
5.6399389e-05
6.061398e-05
6.0366191e-05
5.0722373e-05
5.2572703e-05
6.5361906e-05
7.3329401e-05
3.8280686e-05
5.7352924e-05
5.963773e-05
0.00010485139
8.6620535e-05
0.00022741068
5.7908344e-05
4.7517235e-05
6.7907634e-05
6.2734953e-05
8.5406176e-05
7.9451032e-05
0.00010734007
8.4200683e-05
7.1536201e-05
6.2964672e-05
5.573061e-05
5.0690792e-05
6.5641163e-05
8.9813396e-05
6.1729225e-05
6.4551966e-05
0.00019146821
6.4610641e-05
7.1432991e-05
6.1889805e-05
6.5108468e-05
0.00020412706
6.0431501e-05
6.2354429e-05
0.00017454873
0.00011974984
0.00023963012
5.5408786e-05
4.9505074e-05
5.1694484e-05
4.9907683e-05
7.4375844e-05
6.6883444e-05
9.0371214e-05
5.17031e-05
5.823054e-05
0.00021346094
6.216839e-05
5.2219489e-05
6.7167616e-05
5.6016118e-05
7.3864246e-05
6.9576181e-05
6.7443944e-05
6.3729882e-05
0.00020684864
0.00020009274
0.00021780348
0.0002001777
0.00021201394
8.9940803e-05
6.0785027e-05
6.541654e-05
0.00011979198
9.4645874e-05
6.2739586e-05
6.7667181e-05
9.5767307e-05
6.2914391e-05
5.8177316e-05
8.9605872e-05
0.00038492216
6.5186773e-05
7.7366477e-05
7.1859703e-05
8.720978e-05
8.2451365e-05
7.3874031e-05
0.0001257559
0.00013507915
0.00010344106
6.2157928e-05
7.2587311e-05
6.1552558e-05
6.530277e-05
5.8346013e-05
5.6201894e-05
6.7927879e-05
6.6473432e-05
9.2306194e-05
8.2044964e-05
6.6209288e-05
7.3040895e-05
5.9842352e-05
6.2986565e-05
0.00021201394
0.00020450462
0.00011946134
9.7343194e-05
8.7508232e-05
7.1195191e-05
8.0425331e-05
0.00013718242
6.1791084e-05
6.449631e-05
5.999012e-05
6.4063172e-05
5.5680056e-05
5.3891469e-05
0.00020206211
0.00020521183
9.6406984e-05
7.099838e-05
6.0208119e-05
5.623897e-05
5.2651761e-05
0.00023807351
0.00021326103
7.0101816e-05
7.4550895e-05
6.0288493e-05
6.3234185e-05
5.8819803e-05
6.0387454e-05
6.9654747e-05
8.1140966e-05
4.7792692e-05
5.9753825e-05
5.531315e-05
6.9034674e-05
7.834152e-05
7.6347622e-05
0.00010258626
9.3896462e-05
8.7961161e-05
8.6279896e-05
5.856166e-05
6.1580208e-05
6.627447e-05
7.7037996e-05
0.00020036933
0.00020800281
6.3759425e-05
6.6947135e-05
0.00020684864
0.00020009274
6.6568094e-05
5.9467867e-05
4.9782804e-05
4.7964777e-05
0.0001982719
0.00012192664
0.00026998162
5.8087623e-05
6.6531292e-05
6.5988567e-05
5.9774843e-05
7.9973775e-05
7.3609991e-05
5.9328944e-05
5.6210731e-05
7.0664434e-05
5.8029339e-05
9.1707899e-05
7.9792573e-05
6.7539748e-05
6.0652715e-05
7.1065461e-05
6.6590543e-05
5.6964868e-05
5.9775643e-05
6.0634454e-05
7.0081613e-05
0.00013203318
9.4400725e-05
8.0014733e-05
6.0469303e-05
6.2950733e-05
8.9927939e-05
5.7971124e-05
4.7334397e-05
5.0210449e-05
6.084458e-05
5.1752604e-05
7.2959526e-05
6.3187491e-05
6.1039051e-05
0.00010024722
9.3758997e-05
6.667575e-05
6.3144603e-05
6.4408224e-05
6.310503e-05
5.3917866e-05
5.9774702e-05
6.3314563e-05
7.4080109e-05
6.114437e-05
6.3739523e-05
5.8846524e-05
6.0937027e-05
7.0131561e-05
5.1080824e-05
8.8547384e-05
7.8413941e-05
0.00011455024
9.4178627e-05
0.00020684864
0.00020009274
6.1215981e-05
6.1627401e-05
6.468291e-05
7.3673133e-05
5.8337123e-05
6.4001726e-05
4.9013213e-05
5.8175812e-05
0.00020608755
0.00020232368
6.1191068e-05
5.9613469e-05
9.7984721e-05
8.7516245e-05
0.0001841642
0.0002380212
9.8243992e-05
8.865023e-05
0.00019146821
5.3593928e-05
6.0045264e-05
5.5921321e-05
6.6298662e-05
0.00020833108
0.00019782307
0.00023076144
8.2832256e-05
8.7960323e-05
5.5172677e-05
5.914115e-05
5.6261798e-05
6.8261577e-05
0.00019245207
0.00021262012
7.9106491e-05
9.5473532e-05
0.0001982719
0.00020824694
0.00021503889
6.7941113e-05
7.3437124e-05
6.9363478e-05
7.4415844e-05
8.1758673e-05
9.1615154e-05
0.00019245207
0.0002108884
6.4314868e-05
6.0000587e-05
6.1572382e-05
6.390482e-05
9.8343196e-05
8.4918007e-05
0.00030233874
0.00021439183
8.0245699e-05
8.5001657e-05
6.0204254e-05
4.9972008e-05
6.6171649e-05
6.058249e-05
0.00010080957
8.4080606e-05
7.302605e-05
8.3424284e-05
6.0089463e-05
6.1016599e-05
5.501844e-05
5.1328867e-05
0.00011318152
0.00015005033
7.0293752e-05
6.7595768e-05
7.0735215e-05
5.1378338e-05
6.5637295e-05
6.4608956e-05
5.7082073e-05
4.8840365e-05
6.9470019e-05
5.7546189e-05
9.1018017e-05
7.933297e-05
7.5056295e-05
7.4015635e-05
7.1008045e-05
0.00011663297
7.8689477e-05
7.0300557e-05
0.00022741068
7.6067995e-05
7.2606988e-05
7.9398631e-05
6.7640635e-05
7.424684e-05
0.0002380212
5.5246715e-05
6.7949789e-05
0.0001841642
6.6505585e-05
6.8841378e-05
6.4673326e-05
6.8020669e-05
5.7599412e-05
8.4983921e-05
6.5366888e-05
6.3065706e-05
0.00012477976
0.00017524719
5.1939896e-05
6.128961e-05
8.1656121e-05
7.9220682e-05
6.1366621e-05
6.2788044e-05
6.2270638e-05
6.9270335e-05
7.0230761e-05
0.00014698657
6.1930987e-05
6.246128e-05
7.2796597e-05
7.5060229e-05
7.8619403e-05
6.3268981e-05
5.3472119e-05
8.6703262e-05
6.0430267e-05
6.2398029e-05
0.00011510789
9.460303e-05
0.00013241247
0.00020236631
0.00021503889
8.3151295e-05
7.702533e-05
6.7345322e-05
7.1439125e-05
0.00018712492
0.00021854816
0.00010042776
9.6076333e-05
7.7219246e-05
7.1250251e-05
0.00018857293
0.00023217529
6.278676e-05
5.8258564e-05
8.5499308e-05
7.3458722e-05
0.00020673383
0.00019988248
7.533368e-05
7.4712894e-05
6.1313294e-05
5.0366365e-05
6.1310656e-05
6.0846445e-05
6.0852262e-05
6.431231e-05
6.036518e-05
6.5958962e-05
8.4206255e-05
8.3502598e-05
0.00010158782
6.8030182e-05
6.3367316e-05
9.0771171e-05
0.00010350293
8.5684965e-05
7.877379e-05
9.0325831e-05
0.00012662918
0.00010039318
8.3494389e-05
6.2206909e-05
6.4120997e-05
8.877948e-05
8.2888963e-05
7.846723e-05
0.00020980445
0.0002012064
0.00020980445
0.0002013839
6.2764745e-05
6.9544655e-05
0.00021086198
0.00020082178
0.00021086198
0.0002012064
0.0002088229
0.00020036316
0.0002088229
0.00020036316
6.5272798e-05
6.1601936e-05
5.4802865e-05
6.5905245e-05
0.00020044926
0.00020800281
0.00020082178
0.00021086198
8.0370125e-05
0.00010408421
0.00020412706
8.7906421e-05
8.9725081e-05
8.6829716e-05
9.0554931e-05
6.0726586e-05
5.0995998e-05
0.00020095171
0.00011160354
0.00012468953
6.1453005e-05
5.8193544e-05
6.5346451e-05
6.7530993e-05
5.1159307e-05
5.9714458e-05
0.00013770085
6.3721495e-05
5.4154795e-05
5.6959315e-05
5.4715804e-05
8.3721995e-05
5.4829424e-05
6.5991468e-05
7.0227089e-05
4.3992251e-05
6.143257e-05
5.632977e-05
6.4944773e-05
6.9378366e-05
7.2676053e-05
7.1940796e-05
0.00019949695
7.7111153e-05
7.4226805e-05
0.00011250079
0.00016435292
5.7515034e-05
6.7101017e-05
7.5406558e-05
7.4922215e-05
0.00010017357
6.134133e-05
7.5866793e-05
7.2289128e-05
0.00029293169
0.00013529341
7.4396168e-05
0.00010392241
0.00021672848
6.5798895e-05
6.8214858e-05
7.3018894e-05
6.0630731e-05
5.3210776e-05
0.00010485518
6.4567576e-05
8.5768036e-05
6.5771551e-05
5.9953325e-05
5.5678043e-05
5.9106921e-05
9.6124615e-05
7.0415711e-05
9.6761022e-05
7.7071225e-05
0.0001982719
0.00012180144
8.5653564e-05
8.7553127e-05
0.00023807351
0.00021326103
2.3848782e-05
0.00010713843
7.3832205e-05
8.5070555e-05
6.9793547e-05
0.00022209706
4.0939339e-05
0.00038492216
0.00021780348
7.8720396e-05
6.3675856e-05
3.2640635e-05
0.00018712492
0.00021854816
6.1196398e-05
7.4675595e-05
9.3080936e-05
5.0579104e-05
0.0002052862
0.00019988248
6.4460084e-05
2.0047007e-05
0.00021780348
2.9996133e-05
7.6758242e-05
2.137563e-05
9.0818543e-05
7.1907757e-05
9.9008181e-05
8.1721774e-05
0.00038492216
0.00020824694
0.00021469888
0.00017121906
0.00016795312
0.00016421444
4.4306877e-05
9.2455439e-06
0.00020036933
0.00020726724
3.7998152e-05
0.00020450462
0.00021341147
4.0376605e-05
6.0590487e-05
1.5024571e-05
5.1718539e-05
4.8485045e-05
5.4592776e-05
4.7545841e-05
5.1143687e-05
5.914957e-05
7.2757529e-05
5.5435804e-05
4.2117868e-05
5.8849741e-05
6.3355818e-05
9.946202e-05
8.2547806e-05
7.0564818e-05
4.876372e-05
4.5527879e-05
5.7614325e-05
4.9356167e-05
5.5307891e-05
5.5258007e-05
5.5595509e-05
4.8937209e-05
5.8318078e-05
5.5405157e-05
5.9300865e-05
0.00020956628
0.00021419524
6.5941342e-05
5.0980175e-05
5.6230954e-05
5.2572893e-05
5.4548138e-05
5.641827e-05
0.00020036933
0.00020726724
0.00020009274
0.00020726724
6.0157121e-05
5.538212e-05
6.0339968e-05
5.1485725e-05
5.8015111e-05
5.2541135e-05
0.00021341147
0.00020272496
4.5547379e-05
6.7217301e-05
5.1863841e-05
5.7349038e-05
0.00020206211
0.00020521183
8.7196499e-05
4.0832656e-05
4.2195249e-05
4.697125e-05
4.4651173e-05
6.7698187e-05
5.8173875e-05
7.2151787e-05
9.405675e-05
0.00021341147
0.00020272496
5.0518616e-05
4.5703013e-05
0.00020206211
0.00020521183
0.00020608755
0.00020232368
0.00020232368
0.00020608755
0.00019782307
0.00020833108
0.00019782307
0.00020833108
3.2515127e-05
4.1215191e-05
0.00018712492
0.0002108884
5.9048345e-05
4.9877523e-05
5.7039291e-05
5.2254784e-05
4.0804617e-05
4.2769019e-05
0.00019245207
0.0002108884
5.539826e-05
0.00019988248
0.00020673383
5.4081136e-05
3.5438349e-05
3.262518e-05
0.00020956628
0.00021469888
6.1325568e-05
5.5385145e-05
0.00018495932
0.00022810781
4.6523605e-05
4.3023526e-05
5.2882927e-05
5.678449e-05
4.7180425e-05
4.8082524e-05
3.7825514e-05
4.101326e-05
7.9506299e-05
3.4828552e-05
3.8545175e-05
5.7097063e-05
9.0585084e-05
3.4025132e-05
3.6266285e-05
3.9724277e-05
3.8677467e-05
0.00018495932
0.00022810781
4.3489182e-05
4.3164023e-05
3.3840504e-05
3.3827455e-05
4.6342234e-05
4.7662174e-05
4.4475032e-05
4.7350637e-05
4.1366777e-05
4.2436565e-05
4.097401e-05
4.3146235e-05
3.2727881e-05
4.3357506e-05
4.242426e-05
4.2778833e-05
2.1004075e-05
3.5903139e-05
3.9519842e-05
3.9330266e-05
4.2899409e-05
4.0954572e-05
5.1751756e-05
3.8021934e-05
4.1391051e-05
3.4718708e-05
3.7225349e-05
5.7617394e-05
4.6848075e-05
5.6293775e-05
4.9275929e-05
4.4510059e-05
0.00021346094
3.6835343e-05
4.5941116e-05
3.5676456e-05
4.7099308e-05
0.00023076144
3.8254529e-05
3.8171207e-05
5.104308e-05
4.6276434e-05
0.00019146821
3.3993251e-05
4.3213433e-05
6.4068722e-05
5.1393878e-05
0.00020236631
0.00021503889
6.1850949e-05
5.0606534e-05
3.4568784e-05
3.8349585e-05
2.8680428e-05
5.567194e-05
5.5441539e-05
4.6727051e-05
5.0908295e-05
6.5276728e-05
5.5402244e-05
0.00020956628
0.00021469888
5.1953984e-05
5.5591951e-05
1.4182888e-05
3.9154964e-05
4.2682623e-05
5.2986668e-05
5.5924316e-05
5.0408981e-05
5.6154599e-05
5.5301409e-05
5.7587543e-05
0.00020980445
0.0002012064
0.0002088229
0.00020036316
0.00020082178
0.00021086198
0.00020044926
0.00020800281
0.00021201394
0.0002001777
0.00018495932
0.00021854816
0.0001841642
0.0002380212
3.6804285e-05
4.3830386e-05
4.4076274e-05
4.9845324e-05
0.00021439183
0.00023807351
7.6545147e-05
5.000015e-05
3.325298e-05
3.6730271e-05
4.0804693e-05
3.5537871e-05
3.7092364e-05
4.242488e-05
6.4450728e-05
9.509856e-05
5.4961781e-05
5.7859913e-05
5.517371e-05
4.8109156e-05
5.4144882e-05
4.0850139e-05
4.6178048e-05
7.3200425e-05
5.0752447e-05
4.6698838e-05
8.0097481e-05
)
;

boundaryField
{
    oversetFaces
    {
        type            overset;
        coupledFringe   false;
        conservativeCorrection false;
        setHoleCellValue false;
        holeCellValue   0;
        value           nonuniform 0();
    }
    back
    {
        type            empty;
    }
    out
    {
        type            zeroGradient;
    }
    bottom
    {
        type            zeroGradient;
    }
    in
    {
        type            zeroGradient;
    }
    top
    {
        type            zeroGradient;
    }
    front
    {
        type            empty;
    }
    wall
    {
        type            zeroGradient;
    }
    cylinder
    {
        type            zeroGradient;
    }
    defaultFaces
    {
        type            zeroGradient;
    }
}


// ************************************************************************* //
