/*--------------------------------*- C++ -*----------------------------------*\
| =========                 |                                                 |
| \\      /  F ield         | OpenFOAM: The Open Source CFD Toolbox           |
|  \\    /   O peration     | Version:  v1906                                 |
|   \\  /    A nd           | Web:      www.OpenFOAM.com                      |
|    \\/     M anipulation  |                                                 |
\*---------------------------------------------------------------------------*/
FoamFile
{
    version     2.0;
    format      ascii;
    class       labelList;
    note        "nPoints:5000  nCells:2401  nFaces:9702  nInternalFaces:4704";
    location    "constant/polyMesh";
    object      neighbour;
}
// * * * * * * * * * * * * * * * * * * * * * * * * * * * * * * * * * * * * * //


4704
(
1
49
2
50
3
51
4
52
5
53
6
54
7
55
8
56
9
57
10
58
11
59
12
60
13
61
14
62
15
63
16
64
17
65
18
66
19
67
20
68
21
69
22
70
23
71
24
72
25
73
26
74
27
75
28
76
29
77
30
78
31
79
32
80
33
81
34
82
35
83
36
84
37
85
38
86
39
87
40
88
41
89
42
90
43
91
44
92
45
93
46
94
47
95
48
96
97
50
98
51
99
52
100
53
101
54
102
55
103
56
104
57
105
58
106
59
107
60
108
61
109
62
110
63
111
64
112
65
113
66
114
67
115
68
116
69
117
70
118
71
119
72
120
73
121
74
122
75
123
76
124
77
125
78
126
79
127
80
128
81
129
82
130
83
131
84
132
85
133
86
134
87
135
88
136
89
137
90
138
91
139
92
140
93
141
94
142
95
143
96
144
97
145
146
99
147
100
148
101
149
102
150
103
151
104
152
105
153
106
154
107
155
108
156
109
157
110
158
111
159
112
160
113
161
114
162
115
163
116
164
117
165
118
166
119
167
120
168
121
169
122
170
123
171
124
172
125
173
126
174
127
175
128
176
129
177
130
178
131
179
132
180
133
181
134
182
135
183
136
184
137
185
138
186
139
187
140
188
141
189
142
190
143
191
144
192
145
193
146
194
195
148
196
149
197
150
198
151
199
152
200
153
201
154
202
155
203
156
204
157
205
158
206
159
207
160
208
161
209
162
210
163
211
164
212
165
213
166
214
167
215
168
216
169
217
170
218
171
219
172
220
173
221
174
222
175
223
176
224
177
225
178
226
179
227
180
228
181
229
182
230
183
231
184
232
185
233
186
234
187
235
188
236
189
237
190
238
191
239
192
240
193
241
194
242
195
243
244
197
245
198
246
199
247
200
248
201
249
202
250
203
251
204
252
205
253
206
254
207
255
208
256
209
257
210
258
211
259
212
260
213
261
214
262
215
263
216
264
217
265
218
266
219
267
220
268
221
269
222
270
223
271
224
272
225
273
226
274
227
275
228
276
229
277
230
278
231
279
232
280
233
281
234
282
235
283
236
284
237
285
238
286
239
287
240
288
241
289
242
290
243
291
244
292
293
246
294
247
295
248
296
249
297
250
298
251
299
252
300
253
301
254
302
255
303
256
304
257
305
258
306
259
307
260
308
261
309
262
310
263
311
264
312
265
313
266
314
267
315
268
316
269
317
270
318
271
319
272
320
273
321
274
322
275
323
276
324
277
325
278
326
279
327
280
328
281
329
282
330
283
331
284
332
285
333
286
334
287
335
288
336
289
337
290
338
291
339
292
340
293
341
342
295
343
296
344
297
345
298
346
299
347
300
348
301
349
302
350
303
351
304
352
305
353
306
354
307
355
308
356
309
357
310
358
311
359
312
360
313
361
314
362
315
363
316
364
317
365
318
366
319
367
320
368
321
369
322
370
323
371
324
372
325
373
326
374
327
375
328
376
329
377
330
378
331
379
332
380
333
381
334
382
335
383
336
384
337
385
338
386
339
387
340
388
341
389
342
390
391
344
392
345
393
346
394
347
395
348
396
349
397
350
398
351
399
352
400
353
401
354
402
355
403
356
404
357
405
358
406
359
407
360
408
361
409
362
410
363
411
364
412
365
413
366
414
367
415
368
416
369
417
370
418
371
419
372
420
373
421
374
422
375
423
376
424
377
425
378
426
379
427
380
428
381
429
382
430
383
431
384
432
385
433
386
434
387
435
388
436
389
437
390
438
391
439
440
393
441
394
442
395
443
396
444
397
445
398
446
399
447
400
448
401
449
402
450
403
451
404
452
405
453
406
454
407
455
408
456
409
457
410
458
411
459
412
460
413
461
414
462
415
463
416
464
417
465
418
466
419
467
420
468
421
469
422
470
423
471
424
472
425
473
426
474
427
475
428
476
429
477
430
478
431
479
432
480
433
481
434
482
435
483
436
484
437
485
438
486
439
487
440
488
489
442
490
443
491
444
492
445
493
446
494
447
495
448
496
449
497
450
498
451
499
452
500
453
501
454
502
455
503
456
504
457
505
458
506
459
507
460
508
461
509
462
510
463
511
464
512
465
513
466
514
467
515
468
516
469
517
470
518
471
519
472
520
473
521
474
522
475
523
476
524
477
525
478
526
479
527
480
528
481
529
482
530
483
531
484
532
485
533
486
534
487
535
488
536
489
537
538
491
539
492
540
493
541
494
542
495
543
496
544
497
545
498
546
499
547
500
548
501
549
502
550
503
551
504
552
505
553
506
554
507
555
508
556
509
557
510
558
511
559
512
560
513
561
514
562
515
563
516
564
517
565
518
566
519
567
520
568
521
569
522
570
523
571
524
572
525
573
526
574
527
575
528
576
529
577
530
578
531
579
532
580
533
581
534
582
535
583
536
584
537
585
538
586
587
540
588
541
589
542
590
543
591
544
592
545
593
546
594
547
595
548
596
549
597
550
598
551
599
552
600
553
601
554
602
555
603
556
604
557
605
558
606
559
607
560
608
561
609
562
610
563
611
564
612
565
613
566
614
567
615
568
616
569
617
570
618
571
619
572
620
573
621
574
622
575
623
576
624
577
625
578
626
579
627
580
628
581
629
582
630
583
631
584
632
585
633
586
634
587
635
636
589
637
590
638
591
639
592
640
593
641
594
642
595
643
596
644
597
645
598
646
599
647
600
648
601
649
602
650
603
651
604
652
605
653
606
654
607
655
608
656
609
657
610
658
611
659
612
660
613
661
614
662
615
663
616
664
617
665
618
666
619
667
620
668
621
669
622
670
623
671
624
672
625
673
626
674
627
675
628
676
629
677
630
678
631
679
632
680
633
681
634
682
635
683
636
684
685
638
686
639
687
640
688
641
689
642
690
643
691
644
692
645
693
646
694
647
695
648
696
649
697
650
698
651
699
652
700
653
701
654
702
655
703
656
704
657
705
658
706
659
707
660
708
661
709
662
710
663
711
664
712
665
713
666
714
667
715
668
716
669
717
670
718
671
719
672
720
673
721
674
722
675
723
676
724
677
725
678
726
679
727
680
728
681
729
682
730
683
731
684
732
685
733
734
687
735
688
736
689
737
690
738
691
739
692
740
693
741
694
742
695
743
696
744
697
745
698
746
699
747
700
748
701
749
702
750
703
751
704
752
705
753
706
754
707
755
708
756
709
757
710
758
711
759
712
760
713
761
714
762
715
763
716
764
717
765
718
766
719
767
720
768
721
769
722
770
723
771
724
772
725
773
726
774
727
775
728
776
729
777
730
778
731
779
732
780
733
781
734
782
783
736
784
737
785
738
786
739
787
740
788
741
789
742
790
743
791
744
792
745
793
746
794
747
795
748
796
749
797
750
798
751
799
752
800
753
801
754
802
755
803
756
804
757
805
758
806
759
807
760
808
761
809
762
810
763
811
764
812
765
813
766
814
767
815
768
816
769
817
770
818
771
819
772
820
773
821
774
822
775
823
776
824
777
825
778
826
779
827
780
828
781
829
782
830
783
831
832
785
833
786
834
787
835
788
836
789
837
790
838
791
839
792
840
793
841
794
842
795
843
796
844
797
845
798
846
799
847
800
848
801
849
802
850
803
851
804
852
805
853
806
854
807
855
808
856
809
857
810
858
811
859
812
860
813
861
814
862
815
863
816
864
817
865
818
866
819
867
820
868
821
869
822
870
823
871
824
872
825
873
826
874
827
875
828
876
829
877
830
878
831
879
832
880
881
834
882
835
883
836
884
837
885
838
886
839
887
840
888
841
889
842
890
843
891
844
892
845
893
846
894
847
895
848
896
849
897
850
898
851
899
852
900
853
901
854
902
855
903
856
904
857
905
858
906
859
907
860
908
861
909
862
910
863
911
864
912
865
913
866
914
867
915
868
916
869
917
870
918
871
919
872
920
873
921
874
922
875
923
876
924
877
925
878
926
879
927
880
928
881
929
930
883
931
884
932
885
933
886
934
887
935
888
936
889
937
890
938
891
939
892
940
893
941
894
942
895
943
896
944
897
945
898
946
899
947
900
948
901
949
902
950
903
951
904
952
905
953
906
954
907
955
908
956
909
957
910
958
911
959
912
960
913
961
914
962
915
963
916
964
917
965
918
966
919
967
920
968
921
969
922
970
923
971
924
972
925
973
926
974
927
975
928
976
929
977
930
978
979
932
980
933
981
934
982
935
983
936
984
937
985
938
986
939
987
940
988
941
989
942
990
943
991
944
992
945
993
946
994
947
995
948
996
949
997
950
998
951
999
952
1000
953
1001
954
1002
955
1003
956
1004
957
1005
958
1006
959
1007
960
1008
961
1009
962
1010
963
1011
964
1012
965
1013
966
1014
967
1015
968
1016
969
1017
970
1018
971
1019
972
1020
973
1021
974
1022
975
1023
976
1024
977
1025
978
1026
979
1027
1028
981
1029
982
1030
983
1031
984
1032
985
1033
986
1034
987
1035
988
1036
989
1037
990
1038
991
1039
992
1040
993
1041
994
1042
995
1043
996
1044
997
1045
998
1046
999
1047
1000
1048
1001
1049
1002
1050
1003
1051
1004
1052
1005
1053
1006
1054
1007
1055
1008
1056
1009
1057
1010
1058
1011
1059
1012
1060
1013
1061
1014
1062
1015
1063
1016
1064
1017
1065
1018
1066
1019
1067
1020
1068
1021
1069
1022
1070
1023
1071
1024
1072
1025
1073
1026
1074
1027
1075
1028
1076
1077
1030
1078
1031
1079
1032
1080
1033
1081
1034
1082
1035
1083
1036
1084
1037
1085
1038
1086
1039
1087
1040
1088
1041
1089
1042
1090
1043
1091
1044
1092
1045
1093
1046
1094
1047
1095
1048
1096
1049
1097
1050
1098
1051
1099
1052
1100
1053
1101
1054
1102
1055
1103
1056
1104
1057
1105
1058
1106
1059
1107
1060
1108
1061
1109
1062
1110
1063
1111
1064
1112
1065
1113
1066
1114
1067
1115
1068
1116
1069
1117
1070
1118
1071
1119
1072
1120
1073
1121
1074
1122
1075
1123
1076
1124
1077
1125
1126
1079
1127
1080
1128
1081
1129
1082
1130
1083
1131
1084
1132
1085
1133
1086
1134
1087
1135
1088
1136
1089
1137
1090
1138
1091
1139
1092
1140
1093
1141
1094
1142
1095
1143
1096
1144
1097
1145
1098
1146
1099
1147
1100
1148
1101
1149
1102
1150
1103
1151
1104
1152
1105
1153
1106
1154
1107
1155
1108
1156
1109
1157
1110
1158
1111
1159
1112
1160
1113
1161
1114
1162
1115
1163
1116
1164
1117
1165
1118
1166
1119
1167
1120
1168
1121
1169
1122
1170
1123
1171
1124
1172
1125
1173
1126
1174
1175
1128
1176
1129
1177
1130
1178
1131
1179
1132
1180
1133
1181
1134
1182
1135
1183
1136
1184
1137
1185
1138
1186
1139
1187
1140
1188
1141
1189
1142
1190
1143
1191
1144
1192
1145
1193
1146
1194
1147
1195
1148
1196
1149
1197
1150
1198
1151
1199
1152
1200
1153
1201
1154
1202
1155
1203
1156
1204
1157
1205
1158
1206
1159
1207
1160
1208
1161
1209
1162
1210
1163
1211
1164
1212
1165
1213
1166
1214
1167
1215
1168
1216
1169
1217
1170
1218
1171
1219
1172
1220
1173
1221
1174
1222
1175
1223
1224
1177
1225
1178
1226
1179
1227
1180
1228
1181
1229
1182
1230
1183
1231
1184
1232
1185
1233
1186
1234
1187
1235
1188
1236
1189
1237
1190
1238
1191
1239
1192
1240
1193
1241
1194
1242
1195
1243
1196
1244
1197
1245
1198
1246
1199
1247
1200
1248
1201
1249
1202
1250
1203
1251
1204
1252
1205
1253
1206
1254
1207
1255
1208
1256
1209
1257
1210
1258
1211
1259
1212
1260
1213
1261
1214
1262
1215
1263
1216
1264
1217
1265
1218
1266
1219
1267
1220
1268
1221
1269
1222
1270
1223
1271
1224
1272
1273
1226
1274
1227
1275
1228
1276
1229
1277
1230
1278
1231
1279
1232
1280
1233
1281
1234
1282
1235
1283
1236
1284
1237
1285
1238
1286
1239
1287
1240
1288
1241
1289
1242
1290
1243
1291
1244
1292
1245
1293
1246
1294
1247
1295
1248
1296
1249
1297
1250
1298
1251
1299
1252
1300
1253
1301
1254
1302
1255
1303
1256
1304
1257
1305
1258
1306
1259
1307
1260
1308
1261
1309
1262
1310
1263
1311
1264
1312
1265
1313
1266
1314
1267
1315
1268
1316
1269
1317
1270
1318
1271
1319
1272
1320
1273
1321
1322
1275
1323
1276
1324
1277
1325
1278
1326
1279
1327
1280
1328
1281
1329
1282
1330
1283
1331
1284
1332
1285
1333
1286
1334
1287
1335
1288
1336
1289
1337
1290
1338
1291
1339
1292
1340
1293
1341
1294
1342
1295
1343
1296
1344
1297
1345
1298
1346
1299
1347
1300
1348
1301
1349
1302
1350
1303
1351
1304
1352
1305
1353
1306
1354
1307
1355
1308
1356
1309
1357
1310
1358
1311
1359
1312
1360
1313
1361
1314
1362
1315
1363
1316
1364
1317
1365
1318
1366
1319
1367
1320
1368
1321
1369
1322
1370
1371
1324
1372
1325
1373
1326
1374
1327
1375
1328
1376
1329
1377
1330
1378
1331
1379
1332
1380
1333
1381
1334
1382
1335
1383
1336
1384
1337
1385
1338
1386
1339
1387
1340
1388
1341
1389
1342
1390
1343
1391
1344
1392
1345
1393
1346
1394
1347
1395
1348
1396
1349
1397
1350
1398
1351
1399
1352
1400
1353
1401
1354
1402
1355
1403
1356
1404
1357
1405
1358
1406
1359
1407
1360
1408
1361
1409
1362
1410
1363
1411
1364
1412
1365
1413
1366
1414
1367
1415
1368
1416
1369
1417
1370
1418
1371
1419
1420
1373
1421
1374
1422
1375
1423
1376
1424
1377
1425
1378
1426
1379
1427
1380
1428
1381
1429
1382
1430
1383
1431
1384
1432
1385
1433
1386
1434
1387
1435
1388
1436
1389
1437
1390
1438
1391
1439
1392
1440
1393
1441
1394
1442
1395
1443
1396
1444
1397
1445
1398
1446
1399
1447
1400
1448
1401
1449
1402
1450
1403
1451
1404
1452
1405
1453
1406
1454
1407
1455
1408
1456
1409
1457
1410
1458
1411
1459
1412
1460
1413
1461
1414
1462
1415
1463
1416
1464
1417
1465
1418
1466
1419
1467
1420
1468
1469
1422
1470
1423
1471
1424
1472
1425
1473
1426
1474
1427
1475
1428
1476
1429
1477
1430
1478
1431
1479
1432
1480
1433
1481
1434
1482
1435
1483
1436
1484
1437
1485
1438
1486
1439
1487
1440
1488
1441
1489
1442
1490
1443
1491
1444
1492
1445
1493
1446
1494
1447
1495
1448
1496
1449
1497
1450
1498
1451
1499
1452
1500
1453
1501
1454
1502
1455
1503
1456
1504
1457
1505
1458
1506
1459
1507
1460
1508
1461
1509
1462
1510
1463
1511
1464
1512
1465
1513
1466
1514
1467
1515
1468
1516
1469
1517
1518
1471
1519
1472
1520
1473
1521
1474
1522
1475
1523
1476
1524
1477
1525
1478
1526
1479
1527
1480
1528
1481
1529
1482
1530
1483
1531
1484
1532
1485
1533
1486
1534
1487
1535
1488
1536
1489
1537
1490
1538
1491
1539
1492
1540
1493
1541
1494
1542
1495
1543
1496
1544
1497
1545
1498
1546
1499
1547
1500
1548
1501
1549
1502
1550
1503
1551
1504
1552
1505
1553
1506
1554
1507
1555
1508
1556
1509
1557
1510
1558
1511
1559
1512
1560
1513
1561
1514
1562
1515
1563
1516
1564
1517
1565
1518
1566
1567
1520
1568
1521
1569
1522
1570
1523
1571
1524
1572
1525
1573
1526
1574
1527
1575
1528
1576
1529
1577
1530
1578
1531
1579
1532
1580
1533
1581
1534
1582
1535
1583
1536
1584
1537
1585
1538
1586
1539
1587
1540
1588
1541
1589
1542
1590
1543
1591
1544
1592
1545
1593
1546
1594
1547
1595
1548
1596
1549
1597
1550
1598
1551
1599
1552
1600
1553
1601
1554
1602
1555
1603
1556
1604
1557
1605
1558
1606
1559
1607
1560
1608
1561
1609
1562
1610
1563
1611
1564
1612
1565
1613
1566
1614
1567
1615
1616
1569
1617
1570
1618
1571
1619
1572
1620
1573
1621
1574
1622
1575
1623
1576
1624
1577
1625
1578
1626
1579
1627
1580
1628
1581
1629
1582
1630
1583
1631
1584
1632
1585
1633
1586
1634
1587
1635
1588
1636
1589
1637
1590
1638
1591
1639
1592
1640
1593
1641
1594
1642
1595
1643
1596
1644
1597
1645
1598
1646
1599
1647
1600
1648
1601
1649
1602
1650
1603
1651
1604
1652
1605
1653
1606
1654
1607
1655
1608
1656
1609
1657
1610
1658
1611
1659
1612
1660
1613
1661
1614
1662
1615
1663
1616
1664
1665
1618
1666
1619
1667
1620
1668
1621
1669
1622
1670
1623
1671
1624
1672
1625
1673
1626
1674
1627
1675
1628
1676
1629
1677
1630
1678
1631
1679
1632
1680
1633
1681
1634
1682
1635
1683
1636
1684
1637
1685
1638
1686
1639
1687
1640
1688
1641
1689
1642
1690
1643
1691
1644
1692
1645
1693
1646
1694
1647
1695
1648
1696
1649
1697
1650
1698
1651
1699
1652
1700
1653
1701
1654
1702
1655
1703
1656
1704
1657
1705
1658
1706
1659
1707
1660
1708
1661
1709
1662
1710
1663
1711
1664
1712
1665
1713
1714
1667
1715
1668
1716
1669
1717
1670
1718
1671
1719
1672
1720
1673
1721
1674
1722
1675
1723
1676
1724
1677
1725
1678
1726
1679
1727
1680
1728
1681
1729
1682
1730
1683
1731
1684
1732
1685
1733
1686
1734
1687
1735
1688
1736
1689
1737
1690
1738
1691
1739
1692
1740
1693
1741
1694
1742
1695
1743
1696
1744
1697
1745
1698
1746
1699
1747
1700
1748
1701
1749
1702
1750
1703
1751
1704
1752
1705
1753
1706
1754
1707
1755
1708
1756
1709
1757
1710
1758
1711
1759
1712
1760
1713
1761
1714
1762
1763
1716
1764
1717
1765
1718
1766
1719
1767
1720
1768
1721
1769
1722
1770
1723
1771
1724
1772
1725
1773
1726
1774
1727
1775
1728
1776
1729
1777
1730
1778
1731
1779
1732
1780
1733
1781
1734
1782
1735
1783
1736
1784
1737
1785
1738
1786
1739
1787
1740
1788
1741
1789
1742
1790
1743
1791
1744
1792
1745
1793
1746
1794
1747
1795
1748
1796
1749
1797
1750
1798
1751
1799
1752
1800
1753
1801
1754
1802
1755
1803
1756
1804
1757
1805
1758
1806
1759
1807
1760
1808
1761
1809
1762
1810
1763
1811
1812
1765
1813
1766
1814
1767
1815
1768
1816
1769
1817
1770
1818
1771
1819
1772
1820
1773
1821
1774
1822
1775
1823
1776
1824
1777
1825
1778
1826
1779
1827
1780
1828
1781
1829
1782
1830
1783
1831
1784
1832
1785
1833
1786
1834
1787
1835
1788
1836
1789
1837
1790
1838
1791
1839
1792
1840
1793
1841
1794
1842
1795
1843
1796
1844
1797
1845
1798
1846
1799
1847
1800
1848
1801
1849
1802
1850
1803
1851
1804
1852
1805
1853
1806
1854
1807
1855
1808
1856
1809
1857
1810
1858
1811
1859
1812
1860
1861
1814
1862
1815
1863
1816
1864
1817
1865
1818
1866
1819
1867
1820
1868
1821
1869
1822
1870
1823
1871
1824
1872
1825
1873
1826
1874
1827
1875
1828
1876
1829
1877
1830
1878
1831
1879
1832
1880
1833
1881
1834
1882
1835
1883
1836
1884
1837
1885
1838
1886
1839
1887
1840
1888
1841
1889
1842
1890
1843
1891
1844
1892
1845
1893
1846
1894
1847
1895
1848
1896
1849
1897
1850
1898
1851
1899
1852
1900
1853
1901
1854
1902
1855
1903
1856
1904
1857
1905
1858
1906
1859
1907
1860
1908
1861
1909
1910
1863
1911
1864
1912
1865
1913
1866
1914
1867
1915
1868
1916
1869
1917
1870
1918
1871
1919
1872
1920
1873
1921
1874
1922
1875
1923
1876
1924
1877
1925
1878
1926
1879
1927
1880
1928
1881
1929
1882
1930
1883
1931
1884
1932
1885
1933
1886
1934
1887
1935
1888
1936
1889
1937
1890
1938
1891
1939
1892
1940
1893
1941
1894
1942
1895
1943
1896
1944
1897
1945
1898
1946
1899
1947
1900
1948
1901
1949
1902
1950
1903
1951
1904
1952
1905
1953
1906
1954
1907
1955
1908
1956
1909
1957
1910
1958
1959
1912
1960
1913
1961
1914
1962
1915
1963
1916
1964
1917
1965
1918
1966
1919
1967
1920
1968
1921
1969
1922
1970
1923
1971
1924
1972
1925
1973
1926
1974
1927
1975
1928
1976
1929
1977
1930
1978
1931
1979
1932
1980
1933
1981
1934
1982
1935
1983
1936
1984
1937
1985
1938
1986
1939
1987
1940
1988
1941
1989
1942
1990
1943
1991
1944
1992
1945
1993
1946
1994
1947
1995
1948
1996
1949
1997
1950
1998
1951
1999
1952
2000
1953
2001
1954
2002
1955
2003
1956
2004
1957
2005
1958
2006
1959
2007
2008
1961
2009
1962
2010
1963
2011
1964
2012
1965
2013
1966
2014
1967
2015
1968
2016
1969
2017
1970
2018
1971
2019
1972
2020
1973
2021
1974
2022
1975
2023
1976
2024
1977
2025
1978
2026
1979
2027
1980
2028
1981
2029
1982
2030
1983
2031
1984
2032
1985
2033
1986
2034
1987
2035
1988
2036
1989
2037
1990
2038
1991
2039
1992
2040
1993
2041
1994
2042
1995
2043
1996
2044
1997
2045
1998
2046
1999
2047
2000
2048
2001
2049
2002
2050
2003
2051
2004
2052
2005
2053
2006
2054
2007
2055
2008
2056
2057
2010
2058
2011
2059
2012
2060
2013
2061
2014
2062
2015
2063
2016
2064
2017
2065
2018
2066
2019
2067
2020
2068
2021
2069
2022
2070
2023
2071
2024
2072
2025
2073
2026
2074
2027
2075
2028
2076
2029
2077
2030
2078
2031
2079
2032
2080
2033
2081
2034
2082
2035
2083
2036
2084
2037
2085
2038
2086
2039
2087
2040
2088
2041
2089
2042
2090
2043
2091
2044
2092
2045
2093
2046
2094
2047
2095
2048
2096
2049
2097
2050
2098
2051
2099
2052
2100
2053
2101
2054
2102
2055
2103
2056
2104
2057
2105
2106
2059
2107
2060
2108
2061
2109
2062
2110
2063
2111
2064
2112
2065
2113
2066
2114
2067
2115
2068
2116
2069
2117
2070
2118
2071
2119
2072
2120
2073
2121
2074
2122
2075
2123
2076
2124
2077
2125
2078
2126
2079
2127
2080
2128
2081
2129
2082
2130
2083
2131
2084
2132
2085
2133
2086
2134
2087
2135
2088
2136
2089
2137
2090
2138
2091
2139
2092
2140
2093
2141
2094
2142
2095
2143
2096
2144
2097
2145
2098
2146
2099
2147
2100
2148
2101
2149
2102
2150
2103
2151
2104
2152
2105
2153
2106
2154
2155
2108
2156
2109
2157
2110
2158
2111
2159
2112
2160
2113
2161
2114
2162
2115
2163
2116
2164
2117
2165
2118
2166
2119
2167
2120
2168
2121
2169
2122
2170
2123
2171
2124
2172
2125
2173
2126
2174
2127
2175
2128
2176
2129
2177
2130
2178
2131
2179
2132
2180
2133
2181
2134
2182
2135
2183
2136
2184
2137
2185
2138
2186
2139
2187
2140
2188
2141
2189
2142
2190
2143
2191
2144
2192
2145
2193
2146
2194
2147
2195
2148
2196
2149
2197
2150
2198
2151
2199
2152
2200
2153
2201
2154
2202
2155
2203
2204
2157
2205
2158
2206
2159
2207
2160
2208
2161
2209
2162
2210
2163
2211
2164
2212
2165
2213
2166
2214
2167
2215
2168
2216
2169
2217
2170
2218
2171
2219
2172
2220
2173
2221
2174
2222
2175
2223
2176
2224
2177
2225
2178
2226
2179
2227
2180
2228
2181
2229
2182
2230
2183
2231
2184
2232
2185
2233
2186
2234
2187
2235
2188
2236
2189
2237
2190
2238
2191
2239
2192
2240
2193
2241
2194
2242
2195
2243
2196
2244
2197
2245
2198
2246
2199
2247
2200
2248
2201
2249
2202
2250
2203
2251
2204
2252
2253
2206
2254
2207
2255
2208
2256
2209
2257
2210
2258
2211
2259
2212
2260
2213
2261
2214
2262
2215
2263
2216
2264
2217
2265
2218
2266
2219
2267
2220
2268
2221
2269
2222
2270
2223
2271
2224
2272
2225
2273
2226
2274
2227
2275
2228
2276
2229
2277
2230
2278
2231
2279
2232
2280
2233
2281
2234
2282
2235
2283
2236
2284
2237
2285
2238
2286
2239
2287
2240
2288
2241
2289
2242
2290
2243
2291
2244
2292
2245
2293
2246
2294
2247
2295
2248
2296
2249
2297
2250
2298
2251
2299
2252
2300
2253
2301
2302
2255
2303
2256
2304
2257
2305
2258
2306
2259
2307
2260
2308
2261
2309
2262
2310
2263
2311
2264
2312
2265
2313
2266
2314
2267
2315
2268
2316
2269
2317
2270
2318
2271
2319
2272
2320
2273
2321
2274
2322
2275
2323
2276
2324
2277
2325
2278
2326
2279
2327
2280
2328
2281
2329
2282
2330
2283
2331
2284
2332
2285
2333
2286
2334
2287
2335
2288
2336
2289
2337
2290
2338
2291
2339
2292
2340
2293
2341
2294
2342
2295
2343
2296
2344
2297
2345
2298
2346
2299
2347
2300
2348
2301
2349
2302
2350
2351
2304
2352
2305
2353
2306
2354
2307
2355
2308
2356
2309
2357
2310
2358
2311
2359
2312
2360
2313
2361
2314
2362
2315
2363
2316
2364
2317
2365
2318
2366
2319
2367
2320
2368
2321
2369
2322
2370
2323
2371
2324
2372
2325
2373
2326
2374
2327
2375
2328
2376
2329
2377
2330
2378
2331
2379
2332
2380
2333
2381
2334
2382
2335
2383
2336
2384
2337
2385
2338
2386
2339
2387
2340
2388
2341
2389
2342
2390
2343
2391
2344
2392
2345
2393
2346
2394
2347
2395
2348
2396
2349
2397
2350
2398
2351
2399
2400
2353
2354
2355
2356
2357
2358
2359
2360
2361
2362
2363
2364
2365
2366
2367
2368
2369
2370
2371
2372
2373
2374
2375
2376
2377
2378
2379
2380
2381
2382
2383
2384
2385
2386
2387
2388
2389
2390
2391
2392
2393
2394
2395
2396
2397
2398
2399
2400
)


// ************************************************************************* //
