/*--------------------------------*- C++ -*----------------------------------*\
| =========                 |                                                 |
| \\      /  F ield         | foam-extend: Open Source CFD                    |
|  \\    /   O peration     | Version:     4.1                                |
|   \\  /    A nd           | Web:         http://www.foam-extend.org         |
|    \\/     M anipulation  |                                                 |
\*---------------------------------------------------------------------------*/
FoamFile
{
    version     2.0;
    format      ascii;
    class       volScalarField;
    location    "0.8";
    object      rAU;
}
// * * * * * * * * * * * * * * * * * * * * * * * * * * * * * * * * * * * * * //

dimensions      [0 0 1 0 0 0 0];

internalField   nonuniform List<scalar> 
4393
(
0.00022764405
0.00022727023
0.00022690417
0.00022653027
0.00022614642
0.00022575119
0.0002253422
0.00022491826
0.00022447852
0.00022402278
0.00022355166
0.00022306664
0.00022257024
0.00022206598
0.00022155826
0.0002210532
0.00022055661
0.00022007547
0.00021961743
0.00021919006
0.00021880111
0.00021845824
0.00021816897
0.00021794047
0.00021777939
0.00021769167
0.00021768195
0.00021768195
0.00021775353
0.00021790752
0.00021814208
0.00021845222
0.00021882974
0.0002192636
0.00021974054
0.00022024603
0.00022076523
0.00022128396
0.00022178939
0.00022227052
0.00022271838
0.00022312601
0.00022348836
0.00022380198
0.00022406477
0.00022427573
0.00022443495
0.00022454295
0.00022458507
0.00022451162
0.00022419113
0.00022388556
0.00022357095
0.00022324452
0.00022290463
0.00022254905
0.00022217693
0.00022178784
0.00022138217
0.00022096117
0.00022052714
0.00022008344
0.00021963454
0.00021918577
0.00021874415
0.00021831627
0.00021790974
0.00021753263
0.00021719279
0.00021689807
0.00021665617
0.00021647449
0.00021636002
0.0002163191
0.00021635712
0.00021644379
0.0002164167
0.00021645992
0.00021658683
0.00021679894
0.0002170947
0.00021746897
0.00021791298
0.00021841476
0.00021896003
0.0002195333
0.00022011907
0.00022070276
0.00022127143
0.00022181422
0.0002223224
0.00022278937
0.0002232104
0.00022358223
0.00022390274
0.00022417103
0.00022438861
0.00022454271
0.00022400623
0.00022369756
0.00022339742
0.00022308572
0.00022275973
0.00022241797
0.0002220584
0.00022168048
0.00022128419
0.00022087042
0.00022044108
0.00021999923
0.00021954911
0.00021909618
0.00021864676
0.00021820886
0.00021778999
0.00021739846
0.0002170429
0.00021673148
0.00021647223
0.00021627291
0.00021614091
0.00021608314
0.00021610577
0.00021621385
0.00021630058
0.0002161815
0.00021614324
0.00021619281
0.00021633513
0.00021657187
0.00021690047
0.00021731379
0.00021780027
0.00021834501
0.00021893107
0.00021954095
0.0002201579
0.00022076681
0.00022135485
0.00022191167
0.00022242934
0.00022290213
0.00022332603
0.00022369842
0.00022401821
0.00022428551
0.00022448062
0.00022365086
0.00022334758
0.00022304736
0.00022273253
0.00022240062
0.00022205034
0.00022167983
0.00022128878
0.0002208775
0.00022044734
0.00022000079
0.00021954166
0.00021907509
0.00021860757
0.00021814657
0.00021770126
0.0002172802
0.00021689264
0.00021654788
0.0002162546
0.00021602114
0.00021585542
0.00021576498
0.00021575688
0.00021583736
0.00021601148
0.00021609296
0.00021588782
0.00021576523
0.00021573574
0.00021580803
0.00021598733
0.00021627378
0.00021666163
0.00021713935
0.0002176908
0.00021829695
0.0002189378
0.000219594
0.00022024808
0.00022088519
0.00022149336
0.00022206347
0.00022258893
0.00022306525
0.00022348959
0.00022386075
0.00022417775
0.00022442244
0.00022328896
0.00022298983
0.00022268993
0.00022237228
0.00022203459
0.00022167569
0.00022129386
0.00022088895
0.00022046154
0.00022001336
0.00021954745
0.00021906832
0.00021858203
0.00021809615
0.00021761941
0.00021716225
0.00021673448
0.0002163464
0.0002160081
0.00021572878
0.0002155171
0.00021538121
0.00021532887
0.00021536738
0.00021550336
0.00021574218
0.00021582921
0.00021553358
0.00021532271
0.00021521115
0.00021521201
0.0002153346
0.00021558202
0.00021594985
0.00021642603
0.0002169925
0.00021762734
0.00021830735
0.00021901012
0.00021971552
0.00022040657
0.00022106974
0.00022169484
0.00022227466
0.00022280438
0.00022328117
0.00022370371
0.00022407085
0.00022436675
0.00022291126
0.00022261682
0.00022231828
0.00022199877
0.00022165608
0.0002212891
0.00022089618
0.00022047724
0.00022003307
0.00021956569
0.00021907861
0.00021857699
0.00021806783
0.00021755986
0.00021706315
0.00021658966
0.00021615062
0.00021575751
0.00021542133
0.00021515181
0.00021495793
0.00021484806
0.00021483022
0.00021491214
0.00021510106
0.00021540314
0.00021551081
0.00021511888
0.0002148141
0.0002146157
0.00021454202
0.00021460732
0.00021481822
0.00021517151
0.00021565406
0.00021624487
0.00021691816
0.00021764667
0.00021840427
0.00021916783
0.00021991814
0.0002206402
0.00022132295
0.00022195877
0.00022254285
0.00022307254
0.00022354675
0.00022396477
0.00022431252
0.00022251824
0.00022222916
0.00022193302
0.00022161265
0.00022126581
0.00022089136
0.00022048761
0.00022005451
0.00021959291
0.00021910503
0.00021859477
0.00021806792
0.00021753236
0.00021699808
0.00021647671
0.00021598192
0.00021552661
0.0002151237
0.00021478514
0.00021452121
0.00021434114
0.00021425345
0.00021426643
0.00021438838
0.00021462747
0.00021499114
0.00021513979
0.00021464429
0.00021423813
0.00021394601
0.00021379275
0.00021379883
0.00021397519
0.00021431987
0.00021481784
0.00021544394
0.00021616718
0.0002169551
0.00021777712
0.0002186067
0.00021942231
0.00022020756
0.00022095076
0.00022164419
0.0002222833
0.00022286595
0.00022339158
0.00022386031
0.0002242595
0.0002221119
0.00022182955
0.00022153699
0.00022121677
0.00022086663
0.00022048529
0.00022007096
0.00021962347
0.00021914365
0.00021863379
0.00021809805
0.00021754277
0.00021697675
0.0002164113
0.00021585981
0.00021533801
0.00021486084
0.00021444287
0.00021409715
0.00021383444
0.00021366406
0.00021359454
0.00021363439
0.00021379257
0.00021407854
0.00021450162
0.00021471771
0.00021410971
0.00021359249
0.00021319727
0.00021295693
0.00021290004
0.0002130432
0.00021338578
0.00021390977
0.00021458411
0.00021537082
0.00021623083
0.00021712821
0.00021803259
0.00021892007
0.00021977307
0.00022057958
0.00022133216
0.00022202688
0.00022266239
0.00022323899
0.00022375787
0.00022420763
0.00022169395
0.00022141917
0.00022113127
0.00022081228
0.00022045976
0.00022007222
0.00021964765
0.00021918566
0.00021868687
0.00021815351
0.00021758987
0.00021700272
0.00021640173
0.00021579963
0.00021521188
0.00021465666
0.00021415144
0.00021371282
0.00021335501
0.00021308915
0.0002129244
0.00021286902
0.00021293156
0.00021312171
0.00021345056
0.00021393003
0.00021424749
0.00021351621
0.00021287571
0.00021236485
0.0002120268
0.00021190097
0.0002120116
0.00021235962
0.00021292247
0.00021366075
0.00021452711
0.00021547409
0.00021645935
0.00021744827
0.00021841463
0.00021933998
0.00022021245
0.00022102533
0.00022177575
0.00022246352
0.00022309014
0.00022365803
0.00022415708
0.00022126639
0.00022100106
0.00022071923
0.00022040266
0.00022004878
0.00021965582
0.00021922143
0.00021874485
0.00021822635
0.00021766789
0.00021707369
0.0002164508
0.00021580968
0.00021516461
0.00021453339
0.00021393728
0.00021339693
0.00021293145
0.00021255638
0.00021228299
0.00021211983
0.00021207447
0.00021215521
0.00021237242
0.00021273915
0.00021327069
0.00021373249
0.0002128652
0.00021208618
0.00021144327
0.00021099277
0.00021078895
0.00021086689
0.00021122942
0.00021184705
0.00021266863
0.00021363418
0.00021468562
0.00021577299
0.00021685712
0.0002179097
0.00021891193
0.00021985267
0.00022072654
0.00022153223
0.00022227113
0.00022294626
0.0002235615
0.00022410811
0.00022083186
0.00022057658
0.00022030193
0.00021998897
0.00021963482
0.00021923734
0.00021879372
0.00021830266
0.00021776386
0.00021717878
0.00021655132
0.00021588861
0.00021520175
0.00021450658
0.00021382368
0.00021317815
0.00021259477
0.00021209587
0.00021169844
0.00021141351
0.00021124833
0.0002112091
0.00021130337
0.00021154201
0.00021194032
0.0002125179
0.00021317804
0.00021215985
0.00021122355
0.00021042724
0.00020984402
0.00020954894
0.00020959292
0.0002099813
0.00021067405
0.00021160319
0.00021269175
0.00021386821
0.00021507378
0.0002162646
0.0002174108
0.00021849401
0.00021950467
0.00022043944
0.00022129919
0.00022208737
0.00022280884
0.00022346915
0.00022406111
0.00022039133
0.00022014866
0.00021988296
0.00021957512
0.0002192221
0.00021882133
0.0002183694
0.00021786431
0.00021730493
0.00021669191
0.00021602853
0.00021532166
0.00021458281
0.00021382933
0.00021308499
0.0002123798
0.00021174404
0.00021120429
0.00021077921
0.00021047893
0.00021030841
0.00021027148
0.00021037425
0.00021062768
0.00021104951
0.00021166466
0.00021248467
0.00021140475
0.00021028865
0.00020931148
0.00020856776
0.00020816203
0.00020816922
0.00020859825
0.00020939268
0.00021046027
0.00021170107
0.00021302674
0.0002143685
0.00021567808
0.00021692499
0.00021809252
0.00021917376
0.00022016834
0.00022107999
0.00022191471
0.00022267957
0.00022338201
0.00022401652
0.00021995001
0.00021972003
0.00021946434
0.00021916295
0.00021881243
0.00021840963
0.00021795044
0.00021743191
0.00021685183
0.00021620967
0.00021550767
0.00021475201
0.00021395422
0.000213133
0.00021231571
0.00021153869
0.00021083976
0.00021025132
0.00020979396
0.00020947589
0.00020929816
0.00020926082
0.00020936744
0.00020962844
0.00021006394
0.00021070518
0.0002115922
0.00021060792
0.00020928494
0.00020809173
0.00020714935
0.00020660454
0.00020656973
0.00020705946
0.00020799106
0.00020923697
0.00021066604
0.00021216924
0.00021366696
0.00021510749
0.0002164614
0.00021771528
0.00021886634
0.00021991828
0.00022087846
0.00022175595
0.00022256037
0.00022330124
0.0002239749
0.00021950659
0.00021929264
0.00021904916
0.00021875618
0.00021841012
0.00021800728
0.00021754268
0.00021701225
0.00021641235
0.00021574085
0.00021499836
0.0002141898
0.0002133261
0.0002124268
0.00021152317
0.00021065965
0.00020988461
0.00020923868
0.0002087447
0.00020840734
0.00020822137
0.00020818108
0.00020828627
0.00020854588
0.00020898208
0.00020963344
0.00021055298
0.00020978113
0.0002082194
0.0002067656
0.00020557211
0.00020484603
0.00020476015
0.00020533886
0.00020645612
0.00020793248
0.00020959437
0.00021130791
0.00021298274
0.00021456582
0.00021603139
0.0002173717
0.00021858989
0.00021969501
0.00022069888
0.00022161418
0.00022245334
0.00022322814
0.00022393684
0.00021907184
0.0002188734
0.00021864315
0.00021836017
0.00021802036
0.00021761936
0.00021715119
0.00021661039
0.00021599155
0.00021529035
0.00021450514
0.00021363879
0.00021270077
0.00021171053
0.00021070318
0.00020973372
0.00020886565
0.00020815173
0.00020761773
0.00020726224
0.00020707011
0.00020702717
0.00020712776
0.00020737789
0.00020780062
0.00020844233
0.00020937181
0.00020894094
0.00020710426
0.00020533449
0.00020381785
0.00020284694
0.00020269421
0.00020340342
0.00020477395
0.00020654966
0.00020849931
0.00021046056
0.00021233415
0.00021406961
0.00021564879
0.00021707278
0.00021835286
0.00021950485
0.00022054588
0.00022149267
0.0002223607
0.00022316407
0.000223903
0.00021863727
0.00021845833
0.00021824375
0.00021797298
0.00021764193
0.00021724557
0.00021677685
0.00021622876
0.00021559372
0.0002148647
0.00021403688
0.00021311009
0.00021209113
0.00021099779
0.00020986809
0.00020877029
0.00020779002
0.00020699828
0.00020642447
0.00020605679
0.00020586424
0.00020582025
0.00020591207
0.00020614127
0.00020653
0.00020713282
0.00020803809
0.00020811304
0.00020595998
0.00020380669
0.00020186852
0.00020055546
0.00020030743
0.00020121077
0.00020293069
0.00020509768
0.00020740238
0.00020965266
0.00021174542
0.00021363949
0.00021533003
0.00021683106
0.00021816455
0.00021935457
0.0002204243
0.00022139482
0.00022228473
0.00022311043
0.00022387405
0.00021822575
0.00021806513
0.00021786732
0.00021761087
0.00021729122
0.00021690263
0.00021643684
0.00021588499
0.00021523697
0.00021448226
0.00021361175
0.0002126208
0.00021151198
0.00021029887
0.00020901984
0.00020775927
0.00020663587
0.00020574938
0.00020513435
0.00020476221
0.00020457727
0.00020453586
0.00020461744
0.00020481795
0.00020515487
0.00020568913
0.00020653145
0.00020732603
0.00020481619
0.00020220265
0.00019971102
0.00019790447
0.000197507
0.00019870623
0.00020091459
0.00020359638
0.00020633722
0.0002089198
0.00021124797
0.0002133006
0.00021509411
0.00021666034
0.00021803479
0.00021925107
0.00022033893
0.00022132391
0.00022222763
0.0002230686
0.00022385066
0.00021781669
0.00021767863
0.00021749997
0.00021726009
0.00021695462
0.00021657721
0.00021611837
0.00021556733
0.00021491118
0.00021413532
0.00021322523
0.00021217019
0.00021096672
0.00020962091
0.00020816604
0.00020670416
0.00020540411
0.0002044121
0.00020376958
0.00020342013
0.00020326784
0.00020324415
0.00020332042
0.00020348562
0.00020374511
0.00020416176
0.00020487348
0.00020604002
0.00020373282
0.00020057003
0.00019735006
0.00019481268
0.00019415657
0.00019582032
0.00019872062
0.00020208355
0.00020535531
0.00020831096
0.00021088168
0.00021308274
0.00021496212
0.00021657518
0.00021797344
0.00021920101
0.00022029428
0.00022128299
0.00022219142
0.00022303983
0.00022383347
0.00021746777
0.00021735055
0.00021719241
0.00021697203
0.0002166849
0.00021632405
0.0002158788
0.00021533642
0.00021468091
0.00021389294
0.00021295089
0.00021183535
0.00021053406
0.000209041
0.00020737385
0.00020564874
0.00020411114
0.00020298578
0.00020232302
0.00020202194
0.00020192117
0.00020191773
0.00020198028
0.00020209641
0.00020225007
0.0002025002
0.00020301732
0.00020404805
0.0002027769
0.00019900105
0.00019484845
0.00019121026
0.00019006009
0.00019246933
0.00019635922
0.00020062679
0.00020453427
0.00020789242
0.00021069592
0.0002130199
0.00021495647
0.00021658995
0.00021798969
0.00021921027
0.00022029417
0.00022127457
0.00022217775
0.00022302518
0.000223823
0.0002172001
0.00021710812
0.00021697443
0.00021677808
0.00021651487
0.0002161773
0.00021575352
0.0002152288
0.00021458394
0.00021379449
0.00021283047
0.00021166099
0.00021026241
0.00020861334
0.0002067003
0.00020463814
0.0002027898
0.00020151985
0.00020088594
0.00020071685
0.00020074068
0.00020080617
0.00020089057
0.00020099391
0.00020105282
0.0002010989
0.00020133251
0.00020206238
0.00020232333
0.00019782279
0.00019245184
0.00018712472
0.00018495914
0.00018857277
0.00019388274
0.00019934637
0.00020399063
0.00020775218
0.00021074963
0.00021314887
0.00021509919
0.0002167176
0.00021809107
0.00021928332
0.00022034132
0.00022130041
0.00022218781
0.00022302541
0.00022381968
0.0002172592
0.00021719534
0.00021709213
0.00021692758
0.00021669789
0.00021639526
0.00021600725
0.00021551777
0.00021490512
0.00021414036
0.00021318471
0.00021199222
0.00021052255
0.00020873519
0.00020656192
0.00020406776
0.00020178655
0.00020034989
0.00019980484
0.00019987873
0.00020010511
0.00020026571
0.00020036343
0.00020044968
0.00020036975
0.0002000931
0.00019988284
0.00020010199
0.00020118342
0.0001974007
0.00019066078
0.00018291658
0.00017861436
0.00018416403
0.00019146806
0.00019845292
0.00020389566
0.00020800286
0.00021110918
0.00021350599
0.00021540924
0.00021696767
0.00021828232
0.00021942249
0.00022043694
0.0002213612
0.00022222208
0.00022304091
0.00022382377
0.00021801653
0.00021798768
0.00021792956
0.00021781498
0.00021764017
0.00021739728
0.00021707377
0.0002166528
0.00021611055
0.00021541363
0.00021451343
0.00021334349
0.00021183628
0.00020993028
0.00020748585
0.00020441448
0.0002014769
0.00019988079
0.00019958018
0.00020017725
0.00020082159
0.00020120654
0.00020138442
0.00020158274
0.00020150218
0.00020093364
0.00020031584
0.00019986161
0.0002008083
0.00019976197
0.00019129687
0.00018002123
0.00017094777
0.00017965775
0.0001894792
0.00019827176
0.00020448865
0.00020878065
0.00021184195
0.0002141213
0.00021589855
0.00021734403
0.000218564
0.00021962724
0.00022058033
0.00022145641
0.00022228026
0.00022307161
0.00022383531
0.00022066328
0.00022071145
0.0002207413
0.00022072074
0.0002206479
0.00022051583
0.00022031322
0.00022002417
0.00021962492
0.00021908066
0.0002183375
0.00021731087
0.0002158978
0.0002140155
0.00021146341
0.0002077855
0.00020388257
0.0002023649
0.00020272399
0.00020450437
0.0002060093
0.00020691053
0.000207323
0.00020797802
0.00020832255
0.00020732449
0.00020618993
0.00020432568
0.00020496052
0.00020348424
0.00019649996
0.00018118213
0.00016222059
0.00017630841
0.0001886975
0.00019949681
0.00020614898
0.00021024628
0.00021300396
0.00021500906
0.00021656671
0.00021784215
0.00021893128
0.00021989359
0.00022076855
0.0002215841
0.00022236122
0.00022311693
0.00022385413
0.00022642244
0.00022656563
0.00022672834
0.00022685602
0.00022694641
0.00022699462
0.00022699348
0.00022693214
0.00022679226
0.00022654416
0.00022613679
0.00022547226
0.00022438769
0.00022271832
0.00022021981
0.00021576592
0.00020956478
0.00020824523
0.00020948421
0.00021348575
0.0002164634
0.00021835421
0.00021896817
0.00022040683
0.00022210541
9.3008416e-05
9.5433519e-05
9.7691874e-05
9.9882436e-05
0.00010288269
9.4463849e-05
8.6204563e-05
0.00010657307
0.00017933351
0.00019343343
0.00020412693
0.00020945428
0.00021253448
0.00021460541
0.00021615194
0.00021739464
0.00021844681
0.00021937309
0.00022021384
0.00022099643
0.0002217409
0.0002224629
0.0002231758
0.00022387979
0.00023924469
0.00023969239
0.00024019344
0.00024067972
0.00024116035
0.00024163942
0.00024212173
0.00024261105
0.0002431062
0.00024359643
0.00024404902
0.00024437123
0.00024434226
0.00024362597
0.00024200587
0.00023807437
0.00022682241
0.00022935502
0.00023549317
0.00025021754
0.00026144804
0.00027024228
0.00012828213
0.00016689165
0.00032278239
0.00046160773
0.00049956686
0.00049956686
0.00049956686
0.00049956686
0.00049956686
0.00045031232
0.00033649822
6.8075258e-05
0.00021297372
0.0002134608
0.00021437871
0.00021549432
0.00021653639
0.00021748107
0.00021833982
0.00021913128
0.00021987228
0.00022057684
0.00022125672
0.00022192218
0.0002225825
0.00022324665
0.00022391165
0.00026426646
0.00026527513
0.00026642902
0.00026762572
0.00026888578
0.00027023381
0.00027170393
0.00027333915
0.00027519263
0.00027733188
0.00027984331
0.00028282435
0.0002863763
0.00029055117
0.00029518492
0.00030234519
0.00027346043
0.00030501723
0.00035660978
0.00037257394
0.00027821627
0.00031958413
0.00049956686
0.00049956686
0.00049956686
0.00049956686
0.00049956686
0.00049956686
0.00049956686
0.00049956686
0.00041263402
0.0004182695
0.00010203823
0.00026658999
0.00023113984
0.00022209691
0.0002192752
0.00021853478
0.00021855422
0.00021888175
0.00021934143
0.00021986047
0.00022040741
0.00022096901
0.00022154068
0.00022212236
0.00022271654
0.00022332754
0.00022394887
0.00030195025
0.00030409301
0.00030622343
0.00030842621
0.00031077585
0.00031334517
0.00031622014
0.00031951402
0.00032338624
0.00032808043
0.00033399277
0.000341699
0.00035173143
0.00036474641
0.00038492139
0.00040157427
0.00025702274
0.00025318612
0.00026335297
0.00048919117
0.00047849536
0.00048856124
0.00047869854
0.00047372164
0.00047746535
0.00045865805
0.00045171928
0.0004535162
0.0004409361
0.00043652052
0.00010691831
0.00010767079
0.00021977646
0.00025235691
0.00023694816
0.00022741054
0.00022311572
0.00022121897
0.00022044934
0.00022024467
0.00022033818
0.00022059791
0.00022095581
0.00022137582
0.00022183886
0.0002223353
0.00022286118
0.00022341624
0.00022399043
0.00028856523
0.0002890834
0.00028927308
0.00028945935
0.0002896443
0.00028985989
0.00029013212
0.00029049787
0.0002910101
0.00029174643
0.00029282899
0.00029387396
0.00029481236
0.00029557021
0.00029292764
0.0001029276
0.00037622689
0.00047082219
0.00047253053
0.00049383699
0.0004861383
0.00048245086
0.00012420993
0.00012127922
0.00010077011
0.00010005415
0.00010062903
0.00010197285
0.00010292728
0.00010452165
0.000201209
0.00020767826
0.00021808305
0.00023901589
0.00023962998
0.00023076132
0.00022595769
0.00022341692
0.00022210827
0.00022149276
0.00022128029
0.00022131147
0.00022149643
0.00022178331
0.00022214192
0.00022255481
0.00022301242
0.00022351037
0.00022403524
0.00022327568
0.00022310783
0.00022281938
0.0002225406
0.00022227928
0.00022205256
0.00022187643
0.00022177423
0.00022177827
0.00022193345
0.0002223047
0.00022209445
0.00022116304
0.00021941656
0.00021672817
0.0002131461
9.5858663e-05
9.9101533e-05
9.9869101e-05
9.9773916e-05
0.00010014966
0.00010017643
0.00021253994
0.00021081377
0.00020892994
0.00020554391
0.00020443546
0.00020387909
0.00020210811
0.0002021263
0.00020330673
0.0002090129
0.00021823636
0.00023217557
0.00023802126
0.00023248189
0.00022785735
0.00022508938
0.00022347606
0.00022257919
0.00022213277
0.00022197621
0.00022201174
0.00022217921
0.00022244132
0.00022277502
0.00022316636
0.00022360756
0.00022408215
0.0002192663
0.00021934619
0.00021947259
0.00021960796
0.00021976357
0.00021995154
0.00022018445
0.00022047837
0.00022085261
0.00022132999
0.00022186454
0.00022156903
0.00022081352
0.00021957746
0.00021780352
0.0002149894
0.00021250636
0.0002140287
0.00021587903
0.00021421472
0.00021238163
0.0002112158
0.00021005914
0.00020833731
0.00020730349
0.00020568604
0.00020477986
0.00020420545
0.00020347961
0.00020394838
0.00020593237
0.00021088862
0.0002185484
0.00022810805
0.00023383158
0.00023318203
0.00022902058
0.00022628595
0.00022454833
0.00022348493
0.00022287573
0.00022257531
0.00022248863
0.00022255364
0.00022272979
0.0002229907
0.00022331942
0.00022370553
0.00022413006
0.0002178894
0.000217969
0.00021809437
0.00021823315
0.00021838821
0.00021856711
0.00021877836
0.00021903307
0.00021934374
0.0002197241
0.00021997956
0.00021948745
0.00021872925
0.0002176548
0.00021622745
0.00021439175
0.00021326079
0.00021411243
0.00021527041
0.00021349531
0.00021190197
0.00021068279
0.00020952616
0.00020831114
0.00020735633
0.00020629734
0.00020564697
0.00020528637
0.00020521201
0.00020608773
0.00020833127
0.00021262032
0.00021875915
0.00022561462
0.0002303
0.00023231268
0.00022962734
0.00022708135
0.00022534758
0.00022421038
0.00022350163
0.0002230995
0.00022291846
0.00022289936
0.00022300159
0.0002231975
0.00022346845
0.00022380225
0.00022417791
0.00021721109
0.00021733208
0.00021747183
0.00021762291
0.00021779124
0.00021798326
0.00021820515
0.00021846441
0.00021876807
0.00021912152
0.00021921515
0.00021877198
0.00021812035
0.00021723026
0.00021608136
0.00021482203
0.0002141951
0.00021469875
0.0002150392
0.00021341172
0.00021201415
0.00021086217
0.00020980463
0.00020882307
0.00020800298
0.0002072674
0.00020684881
0.00020673399
0.00020703008
0.0002081231
0.00021033534
0.00021399247
0.00021887073
0.00022400949
0.00022786306
0.00023021865
0.0002298466
0.00022755952
0.00022591086
0.00022476856
0.00022401223
0.00022354578
0.00022329666
0.00022321169
0.00022325256
0.00022339199
0.00022361085
0.00022389592
0.0002242248
0.00021692183
0.00021699494
0.00021711096
0.00021724616
0.00021739861
0.00021757185
0.00021776968
0.00021799698
0.00021825764
0.00021855315
0.00021852345
0.00021813392
0.00021760135
0.00021691413
0.00021608478
0.00021529057
0.00021497703
0.00021536529
0.000214996
0.00021359484
0.00021236939
0.00021132282
0.00021038934
0.0002095689
0.00020889452
0.00020837635
0.00020813554
0.00020820847
0.00020871218
0.00020988773
0.00021195303
0.00021505069
0.00021895103
0.00022294348
0.00022613921
0.00022830379
0.00022930039
0.00022779411
0.00022627863
0.00022517896
0.00022441525
0.00022391578
0.00022362198
0.00022348823
0.00022348002
0.00022357172
0.00022374459
0.00022398509
0.00022426992
0.00021677918
0.0002168922
0.00021701778
0.0002171535
0.00021730338
0.00021747049
0.00021765651
0.0002178633
0.00021809094
0.00021833623
0.00021824927
0.00021790055
0.00021744829
0.00021689717
0.00021628724
0.00021577738
0.00021563488
0.00021596294
0.0002150488
0.00021385943
0.00021279619
0.00021187015
0.00021106095
0.00021037615
0.00020983863
0.00020948093
0.00020937835
0.00020958346
0.00021019762
0.00021137688
0.00021325713
0.00021588286
0.00021904258
0.00022223351
0.00022490819
0.00022685667
0.00022809009
0.00022785095
0.00022649048
0.00022546371
0.00022472192
0.00022421433
0.00022389567
0.00022372841
0.00022368263
0.00022373511
0.00022386821
0.00022406865
0.00022431264
0.00021670588
0.00021677603
0.00021688247
0.00021700577
0.00021714345
0.00021729664
0.00021746549
0.00021765024
0.00021784897
0.00021805621
0.0002179684
0.00021768319
0.00021732722
0.00021691362
0.00021649074
0.00021618347
0.00021615671
0.00021618192
0.00021514094
0.00021413987
0.00021322863
0.00021242698
0.00021173744
0.00021117334
0.00021075741
0.00021052519
0.00021053111
0.00021082776
0.0002114952
0.0002126351
0.00021432546
0.00021655997
0.0002191574
0.00022176459
0.00022402366
0.00022576034
0.00022694906
0.00022750553
0.00022658061
0.00022564456
0.00022494491
0.00022444812
0.00022412079
0.00022393314
0.00022386011
0.00022388136
0.00022398079
0.00022414578
0.00022435249
0.00021665261
0.00021674417
0.00021685101
0.00021696716
0.00021709418
0.00021723305
0.00021738289
0.0002175425
0.00021770854
0.00021787425
0.00021779702
0.00021755908
0.00021727665
0.00021696863
0.00021668276
0.00021651265
0.00021656363
0.00021610954
0.00021525428
0.00021441777
0.00021364683
0.00021296648
0.00021239054
0.00021193633
0.0002116273
0.00021149664
0.00021158727
0.00021194546
0.00021263134
0.00021371004
0.00021522105
0.00021713383
0.00021929945
0.00022146747
0.00022339235
0.00022493381
0.00022605196
0.00022677682
0.00022657918
0.0002257418
0.00022509709
0.0002246248
0.00022430146
0.00022410432
0.00022401304
0.00022401031
0.00022408184
0.00022421597
0.00022438911
0.00021662048
0.00021668718
0.00021678216
0.00021688954
0.00021700712
0.00021713462
0.00021727014
0.0002174115
0.00021755435
0.00021769122
0.00021764824
0.0002174602
0.00021724628
0.0002170276
0.00021684694
0.00021677392
0.00021670999
0.00021608873
0.0002153864
0.00021469282
0.0002140495
0.00021348327
0.0002130132
0.00021265878
0.00021244328
0.00021239625
0.00021255258
0.00021295038
0.00021363319
0.00021464119
0.00021598953
0.00021763811
0.0002194671
0.00022129579
0.00022294924
0.00022431576
0.00022535208
0.00022606782
0.0002263797
0.00022577296
0.0002251906
0.00022475222
0.00022444244
0.00022424458
0.00022414266
0.00022412235
0.00022417131
0.000224279
0.00022442233
0.00021659667
0.00021666912
0.00021675956
0.00021685813
0.00021696448
0.00021707824
0.00021719711
0.00021731841
0.00021743747
0.00021754693
0.00021753801
0.00021739161
0.00021723383
0.00021708562
0.0002169833
0.00021695164
0.0002166443
0.00021610996
0.00021553564
0.00021496643
0.00021443818
0.00021397728
0.00021360459
0.00021334025
0.00021320639
0.00021322875
0.0002134358
0.00021385758
0.00021452459
0.00021546001
0.00021666425
0.00021809547
0.00021965801
0.00022121887
0.00022264965
0.00022386157
0.00022481312
0.00022550252
0.00022595408
0.00022575332
0.00022523652
0.000224838
0.00022454867
0.00022435691
0.00022425062
0.00022421826
0.00022424942
0.00022433482
0.00022445204
0.00021658579
0.00021664594
0.00021672858
0.00021681972
0.00021691741
0.00021702068
0.00021712679
0.00021723274
0.00021733379
0.00021742292
0.00021744915
0.00021734002
0.00021722949
0.00021713721
0.00021709332
0.00021696857
0.00021660076
0.0002161659
0.0002157003
0.00021523965
0.00021481457
0.0002144497
0.00021416577
0.00021398234
0.00021391975
0.00021400007
0.0002142463
0.00021468134
0.00021532569
0.00021619107
0.00021726949
0.00021852117
0.00021986975
0.0002212154
0.00022246161
0.00022353768
0.000224406
0.00022505885
0.00022550995
0.00022566435
0.0002252446
0.00022488925
0.00022462505
0.00022444452
0.00022433886
0.00022429909
0.00022431667
0.00022438362
0.00022447828
0.00021658213
0.00021664083
0.00021671787
0.00021680122
0.00021688954
0.00021698182
0.0002170752
0.00021716668
0.00021725171
0.00021732394
0.00021736711
0.00021730103
0.00021722881
0.00021717986
0.00021711437
0.00021690014
0.0002165997
0.00021624956
0.00021587752
0.00021551212
0.00021517935
0.00021490149
0.00021469799
0.0002145871
0.00021458694
0.00021471611
0.00021499287
0.00021543412
0.00021605288
0.00021685322
0.00021782276
0.00021892537
0.00022009985
0.00022126987
0.00022236153
0.0002233183
0.0002241072
0.0002247178
0.0002251571
0.00022544323
0.00022522319
0.00022491238
0.00022467626
0.00022451062
0.00022440948
0.00022436611
0.00022437374
0.00022442567
0.00022450113
0.00021658697
0.00021663921
0.00021671043
0.00021678727
0.00021686789
0.00021695111
0.00021703404
0.00021711379
0.00021718618
0.00021724565
0.00021728514
0.00021726916
0.00021722813
0.000217178
0.00021706222
0.00021687282
0.00021663176
0.00021635501
0.00021606441
0.00021578307
0.00021553295
0.00021533372
0.00021520302
0.00021515723
0.00021521211
0.000215383
0.00021568408
0.00021612731
0.00021672015
0.00021746167
0.00021833755
0.00021931574
0.00022034688
0.00022137165
0.00022233258
0.00022318432
0.00022389853
0.00022446403
0.00022488368
0.00022517005
0.00022517962
0.00022491323
0.00022470671
0.0002245584
0.00022446464
0.00022442069
0.00022442139
0.00022446136
0.00022452074
0.00021659774
0.00021664671
0.00021671295
0.00021678353
0.00021685677
0.00021693155
0.00021700507
0.00021707467
0.00021713666
0.00021718632
0.00021721788
0.00021722466
0.0002171995
0.00021713556
0.00021702791
0.00021687703
0.00021668891
0.00021647659
0.00021625766
0.00021605099
0.00021587507
0.00021574699
0.00021568224
0.00021569515
0.00021579902
0.00021600621
0.00021632732
0.00021677032
0.00021733856
0.00021802793
0.00021882352
0.00021969729
0.00022060909
0.0002215122
0.0002223614
0.0002231202
0.00022376464
0.00022428392
0.00022467854
0.00022495724
0.00022509779
0.00022489672
0.0002247203
0.00022459079
0.00022450644
0.00022446422
0.00022446048
0.00022449112
0.00022453727
0.00021661391
0.0002166589
0.00021672066
0.00021678586
0.00021685278
0.00021692034
0.00021698591
0.00021704716
0.00021710092
0.00021714333
0.00021716986
0.00021717546
0.00021715505
0.00021710418
0.00021702027
0.00021690522
0.00021676467
0.00021660956
0.0002164543
0.00021631444
0.00021620549
0.00021614202
0.00021613736
0.00021620363
0.00021635172
0.00021659123
0.0002169297
0.00021737183
0.00021791792
0.00021856183
0.00021928885
0.00022007455
0.00022088603
0.00022168606
0.00022243876
0.00022311474
0.00022369405
0.00022416695
0.00022453273
0.00022479769
0.00022497277
0.00022486757
0.00022472088
0.00022461077
0.00022453705
0.00022449819
0.00022449188
0.00022451536
0.00022455087
0.00021663427
0.00021667629
0.00021673414
0.0002167945
0.00021685574
0.0002169169
0.00021697558
0.00021702981
0.000217077
0.00021711411
0.00021713772
0.00021714424
0.0002171303
0.00021709337
0.00021703257
0.00021695074
0.00021685323
0.00021674938
0.00021665121
0.00021657159
0.00021652346
0.00021651907
0.00021656956
0.00021668485
0.00021687353
0.00021714266
0.00021749705
0.00021793876
0.00021846577
0.00021907065
0.00021973924
0.00022045027
0.00022117656
0.00022188819
0.00022255654
0.00022315803
0.00022367634
0.00022410314
0.0002244374
0.00022468389
0.00022485145
0.00022482913
0.00022471128
0.00022462059
0.00022455817
0.00022452377
0.00022451631
0.00022453437
0.00022456161
0.00021665761
0.00021669712
0.00021675169
0.00021680792
0.00021686422
0.00021691984
0.00021697263
0.00021702102
0.00021706299
0.00021709627
0.00021711848
0.0002171273
0.00021712081
0.00021709801
0.00021705929
0.00021700819
0.0002169498
0.00021689228
0.00021684575
0.00021682093
0.00021682853
0.00021687864
0.00021698031
0.00021714135
0.00021736808
0.00021766524
0.00021803525
0.00021847791
0.00021898939
0.0002195614
0.00022018047
0.00022082799
0.00022148132
0.00022211628
0.00022271005
0.00022324384
0.00022370465
0.00022408579
0.00022438645
0.00022461064
0.00022476579
0.00022478572
0.00022469524
0.00022462331
0.00022457215
0.00022454264
0.00022453473
0.00022454842
0.00022456939
0.00021668308
0.00021672075
0.00021677262
0.00021682527
0.00021687724
0.00021692798
0.00021697564
0.00021701906
0.00021705676
0.00021708722
0.00021710898
0.00021712084
0.00021712212
0.00021711308
0.00021709514
0.00021707235
0.00021704965
0.00021703426
0.00021703485
0.00021706033
0.00021711949
0.00021722045
0.00021737025
0.00021757465
0.00021783786
0.00021816242
0.0002185486
0.00021899421
0.00021949392
0.00022003882
0.00022061607
0.00022120925
0.0002217994
0.00022236692
0.0002228937
0.00022336507
0.00022377105
0.00022410674
0.00022437199
0.00022457059
0.00022470914
0.0002247386
0.00022467375
0.00022461957
0.00022457924
0.00022455473
0.00022454688
0.00022455684
0.00022457342
0.00021670851
0.0002167456
0.00021679547
0.0002168451
0.00021689327
0.0002169397
0.00021698284
0.00021702021
0.00021704713
0.00021706997
0.00021708944
0.00021710692
0.0002171246
0.00021713409
0.00021713542
0.00021713864
0.00021714856
0.00021717174
0.0002172157
0.00021728784
0.00021739526
0.00021754428
0.00021774005
0.00021798638
0.00021828545
0.00021863771
0.00021904144
0.00021949263
0.00021998463
0.00022050792
0.00022105021
0.00022159684
0.00022213181
0.00022263926
0.00022310503
0.00022351808
0.00022387125
0.00022416155
0.00022438982
0.00022456004
0.00022467844
0.00022469202
0.00022465085
0.00022461304
0.00022458264
0.00022456264
0.00022455461
0.00022456022
0.00022457256
0.00021675269
0.00021678368
0.00021682815
0.00021687136
0.00021691205
0.00021695008
0.00021698431
0.0002170129
0.00021703205
0.00021704929
0.00021706679
0.00021708763
0.0002171159
0.00021714513
0.00021717702
0.0002172103
0.00021724964
0.00021730794
0.00021739179
0.00021750733
0.00021766018
0.00021785499
0.00021809516
0.00021838259
0.00021871751
0.00021909837
0.00021952153
0.00021998123
0.00022046952
0.00022097626
0.00022148944
0.00022199579
0.00022248172
0.00022293451
0.00022334341
0.00022370066
0.00022400184
0.000224246
0.00022443522
0.00022457403
0.00022464632
0.00022464747
0.00022462726
0.00022460352
0.00022458107
0.00022456398
0.00022455487
0.00022455496
0.00022456056
0.00021932768
0.00021931141
0.00021930086
0.00021928718
0.00021926998
0.00021924948
0.00021922484
0.00021919624
0.00021916409
0.00021912933
0.00021909355
0.00021905914
0.0002190294
0.00021900852
0.00021900133
0.00021900153
0.00021901421
0.0002190524
0.00021912217
0.00021922874
0.00021937642
0.00021956831
0.00021980603
0.00022008951
0.00022041686
0.00022078432
0.00022118599
0.00022161407
0.00022205883
0.00022250899
0.00022295227
0.00022337614
0.00022376874
0.00022411994
0.0002244221
0.0002246706
0.00022486394
0.00022500354
0.00022509325
0.00022513868
0.00022512418
0.00022507877
0.00022501718
0.00022494561
0.0002248696
0.0002247942
0.00022472351
0.00022465886
0.00022458783
0.00031730294
0.00021990139
0.00019315311
0.00018632647
0.00019245298
0.00021483967
0.00025702274
0.0002228824
0.00018931049
0.00015982695
0.00041784927
0.00026335297
0.00023432044
0.00023636301
0.0002577779
0.00030360308
0.00038134543
0.00022061101
0.00015771552
0.00012853403
0.00045424525
0.00029540107
0.00025618826
0.00025379802
0.00027201871
0.00031305277
0.00034793178
0.00020206484
0.00014887201
0.00012369966
0.00045127644
0.00031359888
0.00027277389
0.00026658664
0.00028045864
0.00031299609
0.0002953748
0.00018306983
0.00013956877
0.00011810519
0.0004445493
0.00032538049
0.00028466336
0.00027969083
0.00029326715
0.00032571195
0.0002525788
0.00016704587
0.00013162067
0.00011338115
0.00041441193
0.00031992594
0.00028123905
0.0002821466
0.0003052388
0.00037257394
0.00022061738
0.00015464367
0.00012544551
0.00010989722
0.00040536424
0.00033040834
0.00029020827
0.00028907009
0.0003122764
0.00036216623
0.00019727809
0.00014504148
0.00012051123
0.00010735445
0.00040536175
0.00032981606
0.00028540717
0.00027821627
0.00029374253
0.00028304197
0.00017700671
0.00013566942
0.00011530685
0.00010422536
0.00030589618
0.0002159807
0.00014195288
0.00011436891
0.00010138184
9.4700227e-05
9.1262809e-05
8.9626967e-05
8.900805e-05
8.8858918e-05
0.00037865633
0.00031065594
0.00027908125
0.00028625089
0.00034362189
0.00020647744
0.00014705002
0.00012082995
0.00010700178
9.9354438e-05
0.00037119215
0.00031958413
0.00029436169
0.00030809814
0.00032477792
0.00018264258
0.00013702615
0.00011528247
0.00010356088
9.7003395e-05
0.0003711978
0.00031880586
0.00029077212
0.00029332711
0.00025057492
0.00016337314
0.0001280135
0.00011031863
0.00010065796
9.5310919e-05
0.00035239286
0.00030301701
0.00029858911
0.00033998566
0.00021101985
0.00014704571
0.00012006209
0.00010596153
9.8126936e-05
9.3791848e-05
0.00032706991
0.00028922992
0.00029645277
0.00033036949
0.00018589954
0.00013705798
0.00011464034
0.00010273215
9.615186e-05
9.253371e-05
0.00032707333
0.00030144247
0.00031568392
0.00026607583
0.00016607195
0.00012828213
0.00010981797
9.9912769e-05
9.4523324e-05
9.1745832e-05
0.00032787865
0.00031028179
0.00034292623
0.00021453867
0.00014769759
0.00011955367
0.00010513752
9.7265647e-05
9.2997264e-05
9.0816332e-05
0.00031373944
0.00029982519
0.00034036279
0.00018730103
0.00013615163
0.00011343571
0.00010162169
9.5200787e-05
9.1791464e-05
9.0091462e-05
0.00031374321
0.00030268573
0.00028014829
0.00016689165
0.00012730317
0.00010862904
9.8829135e-05
9.3575129e-05
9.0891567e-05
8.9701325e-05
0.00032421352
0.00030712901
0.00022541862
0.00014884116
0.00011885642
0.00010415402
9.6353933e-05
9.22136e-05
9.0167026e-05
8.9285411e-05
0.00033736824
0.0003512331
0.00019242174
0.00013596052
0.00011257647
0.00010080839
9.4539874e-05
9.1256258e-05
8.9687827e-05
8.9021948e-05
0.00030771331
0.00032278239
0.00017443562
0.00012885651
0.00010894871
9.8823821e-05
9.3468045e-05
9.0721583e-05
8.9472094e-05
8.9013274e-05
0.00030588614
0.00026894307
0.00015947129
0.00012250465
0.00010562623
9.6986378e-05
9.2463722e-05
9.0205769e-05
8.9239845e-05
8.8933684e-05
0.00040834153
0.00033720685
0.00030073809
0.00029817925
0.00031706458
0.00023860709
0.00015932567
0.00012712067
0.00011052125
0.00010117602
0.00031014863
0.00022121148
0.00022578587
0.00024470194
0.00027879748
0.00034373506
0.00046669308
0.00031169852
0.00020985222
0.00015966583
0.00037268198
0.00024049985
0.00021824503
0.00022284781
0.00024471088
0.00028946441
0.00037662345
0.00023792638
0.00016724091
0.00013448523
0.00031015277
0.00021834489
0.00022131276
0.00023005967
0.00024938893
0.00029113561
0.00035332097
0.00025962698
0.00019940338
0.00016235151
0.00031105295
0.00021667751
0.000212602
0.0002256859
0.00025318612
0.00030595617
0.00039574541
0.00027232931
0.00018908469
0.00014817839
0.00033335678
0.0002235008
0.00021017074
0.00021827954
0.00024146776
0.00028678266
0.00037373381
0.00025416653
0.00017692172
0.00013992711
0.00015493587
0.0001178151
0.00010203823
9.4447913e-05
9.0978727e-05
8.9960582e-05
9.0584972e-05
9.2417455e-05
9.5212603e-05
9.8860147e-05
0.00013133869
0.00012140664
0.00011278863
0.00010684958
0.00010315569
0.00010121146
0.00010064882
0.00010120819
0.0001027123
0.00010506846
0.00034936213
0.00018227555
0.00012894008
0.00010804215
9.8093121e-05
9.3008416e-05
9.0462141e-05
8.9326223e-05
8.8976638e-05
8.8938717e-05
0.00035731319
0.00016623394
0.00012268082
0.00010496932
9.6522823e-05
9.222874e-05
9.0110852e-05
8.9198047e-05
8.894775e-05
8.8927228e-05
0.00030386547
0.00015622641
0.00011917212
0.0001035375
9.600433e-05
9.214027e-05
9.0224994e-05
8.9397308e-05
8.9170388e-05
8.9149546e-05
0.00026458232
0.00014570435
0.00011521068
0.00010193093
9.5433519e-05
9.2042025e-05
9.0337138e-05
8.9588229e-05
8.9364064e-05
8.9278112e-05
0.00023674629
0.00013784626
0.000111939
0.00010046163
9.4824495e-05
9.1855395e-05
9.0358169e-05
8.9711554e-05
8.9542225e-05
8.9496533e-05
0.00021556746
0.00013121883
0.00010904361
9.904465e-05
9.4122586e-05
9.1519095e-05
9.0214106e-05
8.967455e-05
8.9568287e-05
8.9537417e-05
0.00019885264
0.00012562743
0.00010646513
9.7691874e-05
9.336968e-05
9.1082408e-05
8.9947889e-05
8.9504783e-05
8.9456212e-05
8.9458551e-05
0.00018523465
0.0001208052
0.00010412777
9.6383559e-05
9.2568685e-05
9.0560428e-05
8.9583622e-05
8.9229636e-05
8.9202355e-05
8.9104209e-05
0.00017376173
0.00011652323
0.00010193165
9.5072608e-05
9.1701028e-05
8.9955571e-05
8.9149887e-05
8.893299e-05
8.90453e-05
8.9145855e-05
0.0001639025
0.00011270519
9.9882436e-05
9.3789652e-05
9.0800465e-05
8.9289147e-05
8.8635547e-05
8.8527717e-05
8.8714758e-05
8.8844926e-05
0.00015515516
0.00010916903
9.7872547e-05
9.2467986e-05
8.9829276e-05
8.8549736e-05
8.8062162e-05
8.8087075e-05
8.8380667e-05
8.8586406e-05
0.00014736179
0.00010596862
9.5993992e-05
9.1205419e-05
8.8878874e-05
8.7815609e-05
8.7494477e-05
8.7667307e-05
8.8108748e-05
8.8458676e-05
0.000140162
0.00010288269
9.4057606e-05
8.9835377e-05
8.7800894e-05
8.6948385e-05
8.6793701e-05
8.7108689e-05
8.7683307e-05
8.8181138e-05
0.00013344364
9.9974059e-05
9.2173955e-05
8.8498073e-05
8.6763656e-05
8.6144599e-05
8.6191297e-05
8.6681367e-05
8.7383739e-05
8.786232e-05
0.00012706703
9.7184187e-05
9.0304387e-05
8.7165005e-05
8.5748556e-05
8.5394689e-05
8.569785e-05
8.6458264e-05
8.7485783e-05
8.8427927e-05
0.00012090116
9.4463849e-05
8.8411285e-05
8.5800784e-05
8.4726261e-05
8.4667636e-05
8.5259819e-05
8.6298445e-05
8.7562465e-05
8.8606042e-05
0.00011466971
9.1639439e-05
8.6368321e-05
8.4325284e-05
8.368146e-05
8.402215e-05
8.5028358e-05
8.6501889e-05
8.8233023e-05
8.978752e-05
0.00010820969
8.8754583e-05
8.4352196e-05
8.3010724e-05
8.2969946e-05
8.3876051e-05
8.5451178e-05
8.7496974e-05
8.9800569e-05
9.1944212e-05
0.00010171018
8.6204563e-05
8.288868e-05
8.2428453e-05
8.3182235e-05
8.484718e-05
8.7202695e-05
9.0057901e-05
9.3154649e-05
9.5904372e-05
9.5396214e-05
8.4277112e-05
8.2288738e-05
8.2919554e-05
8.4789397e-05
8.7663502e-05
9.1389082e-05
9.5802635e-05
0.00010066404
0.00010549034
8.8390239e-05
8.2335522e-05
8.270769e-05
8.5798948e-05
9.05366e-05
9.6692617e-05
0.00010408233
0.00011214225
0.00011768026
0.00012035822
8.3130435e-05
8.7517146e-05
9.7481137e-05
0.00010470517
0.00010657307
0.00010849096
0.00011089183
0.00011390073
0.00011744298
0.00012117381
7.9926926e-05
7.3837908e-05
6.8996781e-05
6.7084086e-05
6.7147562e-05
6.8551528e-05
7.0940596e-05
7.4101223e-05
7.7882711e-05
8.2163327e-05
0.00010306686
7.4908544e-05
6.587754e-05
6.2704545e-05
6.219532e-05
6.3212127e-05
6.5254933e-05
6.8075258e-05
7.1537451e-05
7.5584607e-05
6.4914008e-05
9.1366062e-05
0.00011218275
0.00013472092
0.00016740237
0.00021905233
0.00023769047
0.00025811592
0.00024627274
9.2778373e-05
9.7616196e-05
0.00010307822
0.00011463213
0.00013354031
0.00016355096
0.00019665406
0.00024139704
0.00030707506
0.00012156363
0.00011752211
0.00011299091
0.00010954901
0.00010708918
0.00010553703
0.0001048282
0.00010489764
0.00010568479
0.00010712162
0.00011637823
0.00011387337
0.00011120687
0.00010925291
0.0001078013
0.00010687102
0.00010646674
0.00010658122
0.00010719841
0.00010825147
0.00011344629
0.00011127186
0.00010964091
0.00010853695
0.00010767079
0.00010713569
0.00010694985
0.00010710538
0.00010756511
0.00010820337
0.00011166906
0.0001092041
0.00010816295
0.00010756043
0.00010704535
0.00010675837
0.00010670397
0.00010685996
0.00010714235
0.00010732872
0.00011057031
0.00010757914
0.00010691831
0.00010663915
0.00010637391
0.00010630248
0.00010641673
0.00010671099
0.00010713727
0.000107568
0.00010994833
0.00010634158
0.00010594808
0.00010587488
0.00010577246
0.00010584772
0.00010607093
0.00010643564
0.00010687213
0.00010726053
0.0001096317
0.00010531385
0.0001050874
0.00010512418
0.00010510723
0.00010525192
0.00010550122
0.00010584239
0.00010616871
0.00010629585
0.00010953063
0.00010446207
0.00010434909
0.00010444613
0.00010448175
0.00010467052
0.00010493559
0.00010527197
0.00010556672
0.00010566215
0.00010951512
0.00010370393
0.00010373783
0.00010388308
0.00010397368
0.00010421611
0.00010452165
0.00010489958
0.00010523922
0.00010541194
0.00010956947
0.00010306647
0.00010331671
0.00010349361
0.00010362213
0.00010389424
0.0001042121
0.00010459356
0.00010491294
0.00010503262
0.00010980308
0.00010254464
0.00010287859
0.0001030626
0.00010321484
0.00010350094
0.00010381426
0.00010417648
0.00010444258
0.00010445454
0.00011012269
0.00010214311
0.00010256746
0.00010275422
0.00010292728
0.00010322603
0.00010354468
0.00010391877
0.00010420557
0.00010430052
0.00011054975
0.00010173181
0.0001021909
0.00010245723
0.00010264863
0.00010295554
0.00010327395
0.00010364453
0.00010390582
0.00010391879
0.00011104288
0.00010136695
0.00010185761
0.00010223058
0.00010243478
0.00010274103
0.00010305065
0.00010340958
0.00010364848
0.00010365003
0.00011161184
0.00010109503
0.00010153094
0.00010197285
0.00010222146
0.00010252086
0.0001028191
0.00010316654
0.00010338684
0.00010337463
0.00011223734
0.00010090325
0.00010119959
0.00010168653
0.00010202997
0.00010232396
0.00010261392
0.00010295091
0.00010315207
0.00010311632
0.00011289846
0.00010074228
0.00010088881
0.00010142188
0.00010188176
0.00010218751
0.00010246702
0.00010279025
0.00010296903
0.00010289127
0.00011361538
0.00010063903
0.00010062903
0.00010108922
0.00010164484
0.00010204249
0.00010231122
0.00010262423
0.00010279632
0.00010272708
0.00011437628
0.00010058515
0.00010041954
0.00010081302
0.00010137886
0.00010182697
0.00010211714
0.00010241012
0.00010255413
0.00010245252
0.00011517428
0.0001006262
0.00010033472
0.00010069163
0.00010124432
0.00010167315
0.00010196424
0.00010225866
0.0001023953
0.00010227673
0.00011592826
0.00010053202
0.00010005415
0.00010035055
0.00010088234
0.00010139921
0.00010187164
0.000102229
0.00010234116
0.0001022299
0.00011682006
0.00010063672
0.00010000049
0.00010023884
0.000100734
0.00010119764
0.00010162305
0.00010194326
0.00010202372
0.00010186478
0.00011766214
0.00010068637
9.9893469e-05
0.0001000953
0.00010058102
0.00010102133
0.00010148101
0.00010183914
0.00010191708
0.00010176664
0.00011853293
0.00010077011
9.9814864e-05
9.997685e-05
0.0001004501
0.00010086578
0.00010130723
0.00010169237
0.00010179428
0.00010157291
0.00011940898
0.00010084636
9.9716149e-05
9.9836581e-05
0.00010029813
0.00010069185
0.00010111771
0.00010154921
0.00010174254
0.00010160509
0.00012031941
0.00010093488
9.9613637e-05
9.9682401e-05
0.0001001232
0.00010048762
0.00010089173
0.00010129788
0.00010153817
0.00010145529
0.00012127922
0.00010109631
9.9597869e-05
9.9624752e-05
0.00010004942
0.00010038724
0.00010076981
0.00010114685
0.00010135393
0.00010127895
0.00012222306
0.00010123437
9.9552758e-05
9.9544409e-05
9.9964255e-05
0.00010029019
0.00010066781
0.00010103569
0.00010123871
0.00010120774
0.00012319104
0.0001013681
9.9484345e-05
9.9426798e-05
9.9830028e-05
0.00010013446
0.0001004969
0.00010084391
0.00010102723
0.00010097215
0.00012420993
0.00010158193
9.9515189e-05
9.9418065e-05
9.9806953e-05
0.00010008871
0.00010043185
0.00010075149
0.00010090426
0.00010077743
0.00012519481
0.00010176938
9.9521775e-05
9.9398029e-05
9.9791228e-05
0.00010007268
0.00010042176
0.00010074457
0.00010090935
0.00010083407
0.00012617908
0.00010191396
9.94561e-05
9.9287829e-05
9.9673895e-05
9.9947912e-05
0.0001002967
0.00010061428
0.00010077546
0.00010067976
0.00012723205
0.00010212308
9.9457293e-05
9.9236306e-05
9.960045e-05
9.9849103e-05
0.00010017643
0.00010046602
0.00010060125
0.00010047081
0.00012829516
0.00010240332
9.9564648e-05
9.9321579e-05
9.9690264e-05
9.9937806e-05
0.00010026732
0.00010055417
0.00010069083
0.00010057831
0.00012926483
0.00010252097
9.9467487e-05
9.9183161e-05
9.9552409e-05
9.9803611e-05
0.0001001427
0.00010043337
0.00010057269
0.00010044246
0.0001303613
0.00010280416
9.9557563e-05
9.9230837e-05
9.9586833e-05
9.982212e-05
0.00010014966
0.00010042554
0.00010055751
0.00010042871
0.00013137386
0.00010300257
9.9562737e-05
9.9208655e-05
9.9574451e-05
9.9820485e-05
0.0001001639
0.00010045167
0.00010059832
0.00010049966
0.00013240898
0.0001031929
9.9541148e-05
9.9140101e-05
9.9497452e-05
9.9737513e-05
0.00010007976
0.00010036127
0.00010050319
0.00010035738
0.00013348549
0.0001034606
9.9620182e-05
9.9184467e-05
9.9538561e-05
9.9773916e-05
0.00010011447
0.00010038923
0.00010052736
0.00010040195
0.00013448811
0.00010365129
9.9624044e-05
9.9158133e-05
9.9517442e-05
9.9759176e-05
0.00010010948
0.00010038907
0.00010053544
0.0001004131
0.0001355047
0.00010390839
9.9721757e-05
9.9238135e-05
9.9608086e-05
9.9857615e-05
0.000100218
0.00010050171
0.00010065447
0.000100534
0.00013640214
0.00010405225
9.9711473e-05
9.921462e-05
9.9602601e-05
9.9869101e-05
0.0001002482
0.00010054236
0.0001006802
0.00010054578
0.00013729562
0.00010426499
9.981532e-05
9.9321476e-05
9.9706585e-05
9.9883102e-05
0.0001001464
0.00010036527
0.00010049471
0.00010039551
0.00013801247
0.00010439194
9.9895599e-05
9.9276223e-05
9.9478331e-05
9.9612775e-05
9.992438e-05
0.00010019476
0.00010038478
0.00010031458
0.0001384718
0.0001042762
9.9427092e-05
9.8677443e-05
9.8917004e-05
9.9101533e-05
9.9474377e-05
9.9804223e-05
0.00010005317
0.00010004889
0.00013676304
0.00010293124
9.8214343e-05
9.7579249e-05
9.7946502e-05
9.8283422e-05
9.8819929e-05
9.9310982e-05
9.9722224e-05
9.9868376e-05
0.00013217132
0.00010068789
9.6499097e-05
9.6194663e-05
9.6835263e-05
9.7441132e-05
9.8232231e-05
9.8953407e-05
9.9570426e-05
9.9866789e-05
0.00012202512
9.6606347e-05
9.3593987e-05
9.3853006e-05
9.4871021e-05
9.5858663e-05
9.698066e-05
9.7983684e-05
9.8844845e-05
9.9354769e-05
0.00010397538
3.2753998e-05
3.0771834e-05
2.9729931e-05
2.9571224e-05
3.0245704e-05
3.1705908e-05
3.3864483e-05
3.6626864e-05
3.9941175e-05
5.7912319e-05
6.3293254e-05
6.6867994e-05
7.1341601e-05
7.7314089e-05
8.4865211e-05
9.359718e-05
0.0001029276
0.00011175246
2.4559855e-05
2.945557e-05
3.3579215e-05
3.7903009e-05
4.2546263e-05
4.7548609e-05
5.2855414e-05
5.8426696e-05
6.4210828e-05
1.9883609e-05
2.6774e-05
3.2887965e-05
3.89605e-05
4.508535e-05
5.1425954e-05
5.7943195e-05
6.4682967e-05
7.1601734e-05
2.0576139e-05
3.1182155e-05
4.1700189e-05
5.2403902e-05
6.3120051e-05
7.3996367e-05
8.4848372e-05
9.569454e-05
0.00010632684
6.8517513e-05
9.1325454e-05
9.1582728e-05
0.00012314002
5.8615248e-05
4.9805492e-05
7.7749948e-05
6.5240503e-05
6.5843866e-05
0.00016336317
5.4592107e-05
4.5186081e-05
6.6724822e-05
6.8801149e-05
8.0796084e-05
6.3317468e-05
8.0513884e-05
8.5462077e-05
0.00021672817
2.8331456e-05
0.00022682241
0.00021326079
6.3130617e-05
5.8178078e-05
9.5920468e-05
6.8820962e-05
7.8473961e-05
7.0201474e-05
7.003003e-05
7.7920385e-05
6.9597268e-05
0.00010148941
8.1502318e-05
7.9488945e-05
0.00011531546
6.8228749e-05
5.933611e-05
8.304555e-05
7.7866942e-05
7.307741e-05
7.3138217e-05
7.731456e-05
8.5577371e-05
0.00022741054
6.8058124e-05
6.8564818e-05
0.00029292764
6.095929e-05
6.9223087e-05
7.412626e-05
9.6100033e-05
7.6123105e-05
7.2730784e-05
6.3581031e-05
8.0350337e-05
7.4032182e-05
7.7771738e-05
5.3377876e-05
4.8905616e-05
5.8507651e-05
6.004291e-05
5.8720042e-05
5.7761538e-05
0.00010127838
7.8470185e-05
8.0995351e-05
6.0246105e-05
5.8287784e-05
8.128996e-05
9.060485e-05
6.3735295e-05
7.9354877e-05
0.00011333346
6.0921046e-05
5.7930953e-05
7.7353697e-05
0.00010119601
6.7161895e-05
7.6017575e-05
6.7104729e-05
7.9244044e-05
7.0316628e-05
6.9787111e-05
0.00010551425
7.289767e-05
6.1977017e-05
6.281805e-05
0.00010691437
8.6381516e-05
7.3188649e-05
7.4245807e-05
6.2658983e-05
6.0589395e-05
9.356749e-05
0.00010091533
5.9183602e-05
5.6235944e-05
0.00015128736
0.00011876172
8.9808741e-05
2.9687554e-05
5.7561819e-05
5.9423619e-05
5.8236934e-05
6.1845117e-05
7.1704916e-05
7.3066912e-05
0.00019949681
8.8248991e-05
0.00022209691
0.00010263201
6.0606066e-05
6.2886592e-05
5.7690596e-05
5.9499895e-05
6.6986023e-05
5.9121525e-05
6.5093504e-05
9.7728292e-05
5.4650302e-05
5.9508361e-05
9.9074114e-05
8.2523604e-05
5.0886277e-05
5.8893244e-05
6.0643663e-05
6.1373037e-05
0.00029518492
0.0002149894
5.7418901e-05
5.8739743e-05
7.4343953e-05
5.8278564e-05
6.6801435e-05
5.8553901e-05
6.4276315e-05
6.5457882e-05
8.233924e-05
8.9463877e-05
3.67704e-05
8.0362358e-05
6.0014458e-05
5.4766071e-05
5.6399128e-05
6.061367e-05
6.0366246e-05
5.0722257e-05
5.2572756e-05
6.5361846e-05
7.3329476e-05
3.8280747e-05
5.7352903e-05
5.9637788e-05
0.00010485143
8.6620474e-05
0.00022741054
5.7908406e-05
4.7517224e-05
6.7907517e-05
6.2735008e-05
8.540616e-05
7.9451095e-05
0.00010733991
8.4200733e-05
7.1535582e-05
6.2964684e-05
5.5730666e-05
5.0690759e-05
6.5641123e-05
8.9813489e-05
6.1729268e-05
6.4551642e-05
0.00019146806
6.4610588e-05
7.1433056e-05
6.1889827e-05
6.5108535e-05
0.00020412693
6.0431281e-05
6.2354492e-05
0.00017454875
0.00011974992
0.00023962998
5.5408846e-05
4.9505113e-05
5.1694537e-05
4.9907689e-05
7.4375907e-05
6.6883377e-05
9.037116e-05
5.1703126e-05
5.8230212e-05
0.0002134608
6.2167963e-05
5.2219497e-05
6.7167683e-05
5.6016001e-05
7.3864313e-05
6.9576217e-05
6.7443545e-05
6.3729928e-05
0.00020684881
0.0002000931
0.00021780352
0.00020017725
0.00021201415
8.9940767e-05
6.0785068e-05
6.5416175e-05
0.00011978897
9.4645736e-05
6.2739634e-05
6.7666969e-05
9.5767269e-05
6.2914455e-05
5.8177298e-05
8.960583e-05
0.00038492139
6.5186786e-05
7.7366563e-05
7.1859701e-05
8.7209874e-05
8.2451431e-05
7.3874056e-05
0.00012575596
0.00013507927
0.00010344091
6.2157929e-05
7.2587388e-05
6.15526e-05
6.5302359e-05
5.8346072e-05
5.6201724e-05
6.7927916e-05
6.6473071e-05
9.2306284e-05
8.2044796e-05
6.6209327e-05
7.3040485e-05
5.9842372e-05
6.2986156e-05
0.00021201415
0.00020450437
0.00011946135
9.7343029e-05
8.750821e-05
7.119513e-05
8.0425408e-05
0.00013718246
6.1791107e-05
6.4496373e-05
5.999016e-05
6.4062761e-05
5.5679676e-05
5.389151e-05
0.00020206238
0.00020521201
9.6405555e-05
7.0998455e-05
6.0208109e-05
5.6238798e-05
5.2651807e-05
0.00023807437
0.00021326079
7.0101841e-05
7.45504e-05
6.0288496e-05
6.3234244e-05
5.8819828e-05
6.0387508e-05
6.9654692e-05
8.1141042e-05
4.7792679e-05
5.9753892e-05
5.531314e-05
6.9034749e-05
7.8341598e-05
7.6347713e-05
0.00010258635
9.3896221e-05
8.7961243e-05
8.6280067e-05
5.856167e-05
6.1580271e-05
6.6274396e-05
7.7038037e-05
0.00020036975
0.00020800298
6.3759472e-05
6.6946797e-05
0.00020684881
0.0002000931
6.6567626e-05
5.9467891e-05
4.9782853e-05
4.7964791e-05
0.00019827176
0.00012192688
0.00026997396
5.8087656e-05
6.653108e-05
6.5988638e-05
5.9774881e-05
7.9973851e-05
7.3610037e-05
5.9328977e-05
5.6210705e-05
7.0664476e-05
5.8029298e-05
9.1707845e-05
7.9792657e-05
6.7539517e-05
6.0652759e-05
7.1065496e-05
6.6590489e-05
5.6964881e-05
5.9775699e-05
6.063449e-05
7.0081599e-05
0.00013203327
9.4400492e-05
8.0014735e-05
6.0469061e-05
6.2950793e-05
8.9927848e-05
5.7971082e-05
4.7334381e-05
5.0210473e-05
6.0844619e-05
5.1752571e-05
7.2959602e-05
6.3187552e-05
6.1039098e-05
0.00010024731
9.3759005e-05
6.6675314e-05
6.3144624e-05
6.4408288e-05
6.3104993e-05
5.3917897e-05
5.9774764e-05
6.3314585e-05
7.4079736e-05
6.1144386e-05
6.3739585e-05
5.8846568e-05
6.0937089e-05
7.0131647e-05
5.1080784e-05
8.8547328e-05
7.8413962e-05
0.00011455113
9.4178635e-05
0.00020684881
0.0002000931
6.1216041e-05
6.1627089e-05
6.4682953e-05
7.3673158e-05
5.833716e-05
6.4001391e-05
4.9013218e-05
5.8175874e-05
0.00020608773
0.00020232333
6.1191126e-05
5.961315e-05
9.7984423e-05
8.7516267e-05
0.00018416403
0.00023802126
9.8244086e-05
8.8650042e-05
0.00019146806
5.3593962e-05
6.0045035e-05
5.5921299e-05
6.6298733e-05
0.00020833127
0.00019782279
0.00023076132
8.2832349e-05
8.7960401e-05
5.5172673e-05
5.914121e-05
5.6261782e-05
6.8261654e-05
0.00019245184
0.00021262032
7.9106418e-05
9.5473631e-05
0.00019827176
0.00020824523
0.0002150392
6.7941116e-05
7.3437194e-05
6.9363479e-05
7.4415912e-05
8.1758735e-05
9.1615195e-05
0.00019245184
0.00021088862
6.431493e-05
6.0000356e-05
6.1572326e-05
6.3904883e-05
9.8343291e-05
8.4917986e-05
0.00030234519
0.00021439175
8.0245761e-05
8.5001484e-05
6.0204287e-05
4.9971978e-05
6.6171368e-05
6.0582531e-05
0.00010080952
8.4080599e-05
7.3026072e-05
8.3423669e-05
6.0089308e-05
6.1016661e-05
5.5018498e-05
5.1328878e-05
0.00011318145
0.00015005052
7.0293823e-05
6.7595807e-05
7.0735309e-05
5.1378315e-05
6.5637362e-05
6.4608915e-05
5.7082102e-05
4.8840333e-05
6.9470086e-05
5.7546181e-05
9.1018106e-05
7.9333045e-05
7.5056019e-05
7.4015684e-05
7.1007611e-05
0.00011663288
7.8689263e-05
7.03006e-05
0.00022741054
7.6067997e-05
7.2606894e-05
7.9398711e-05
6.7640641e-05
7.4246905e-05
0.00023802126
5.52467e-05
6.7949862e-05
0.00018416403
6.6505643e-05
6.8840927e-05
6.4672974e-05
6.8020732e-05
5.7599347e-05
8.4984017e-05
6.5366954e-05
6.3065382e-05
0.00012477983
0.00017524528
5.1939858e-05
6.128965e-05
8.1655654e-05
7.9220714e-05
6.1366724e-05
6.2788103e-05
6.2270594e-05
6.9269976e-05
7.0230818e-05
0.00014698273
6.1931019e-05
6.2461344e-05
7.27962e-05
7.5060292e-05
7.8619558e-05
6.3268647e-05
5.3472121e-05
8.6703299e-05
6.043003e-05
6.2398082e-05
0.00011510659
9.4602994e-05
0.0001324124
0.0002023649
0.0002150392
8.3151377e-05
7.7025312e-05
6.7345372e-05
7.1438832e-05
0.00018712472
0.0002185484
0.00010042769
9.6076304e-05
7.7219321e-05
7.1250228e-05
0.00018857277
0.00023217557
6.278642e-05
5.8258619e-05
8.5499393e-05
7.3458544e-05
0.00020673399
0.00019988284
7.5333306e-05
7.4712953e-05
6.1313332e-05
5.0366335e-05
6.1310715e-05
6.084614e-05
6.0852309e-05
6.4312026e-05
6.0365232e-05
6.595912e-05
8.4205872e-05
8.3502677e-05
0.0001015858
6.8029781e-05
6.336724e-05
9.0771227e-05
0.00010350303
8.5684937e-05
7.8773774e-05
9.0325755e-05
0.0001266293
0.00010039328
8.3494349e-05
6.2206967e-05
6.4121063e-05
8.8779424e-05
8.2889048e-05
7.8466808e-05
0.00020980463
0.00020120654
0.00020980463
0.00020138442
6.2764793e-05
6.9544505e-05
0.00021086217
0.00020082159
0.00021086217
0.00020120654
0.00020882307
0.00020036343
0.00020882307
0.00020036343
6.5272864e-05
6.1601957e-05
5.4802905e-05
6.5905039e-05
0.00020044968
0.00020800298
0.00020082159
0.00021086217
8.0370099e-05
0.00010408429
0.00020412693
8.7906352e-05
8.9725164e-05
8.6829271e-05
9.0555021e-05
6.0726644e-05
5.0995991e-05
0.00020094718
0.00011160345
0.00012468953
6.1453071e-05
5.8193526e-05
6.5346306e-05
6.7531063e-05
5.1159303e-05
5.9714519e-05
0.00013770068
6.3721562e-05
5.4154781e-05
5.695953e-05
5.471586e-05
8.3722324e-05
5.4829095e-05
6.5991488e-05
7.0226713e-05
4.3992281e-05
6.1432592e-05
5.6329639e-05
6.4944815e-05
6.9378426e-05
7.2676091e-05
7.1940426e-05
0.00019949681
7.7110858e-05
7.4226873e-05
0.00011250101
0.00016435324
5.7514999e-05
6.7101082e-05
7.5406596e-05
7.4921922e-05
0.00010017359
6.1341256e-05
7.5866828e-05
7.2288931e-05
0.00029292764
0.00013529339
7.4396097e-05
0.00010392248
0.00021672817
6.5798937e-05
6.8214926e-05
7.3019152e-05
6.0630766e-05
5.3210765e-05
0.00010485528
6.4567642e-05
8.576795e-05
6.5771132e-05
5.9953357e-05
5.5677974e-05
5.910697e-05
9.6125509e-05
7.0415808e-05
9.6760769e-05
7.7071241e-05
0.00019827176
0.00012180158
8.5653496e-05
8.7553093e-05
0.00023807437
0.00021326079
2.3848765e-05
0.00010713856
7.3832142e-05
8.5070623e-05
6.9793498e-05
0.00022209691
4.0939471e-05
0.00038492139
0.00021780352
7.8720194e-05
6.3675854e-05
3.2640547e-05
0.00018712472
0.0002185484
6.1196412e-05
7.4675679e-05
9.3079436e-05
5.0579274e-05
0.00020528637
0.00019988284
6.4455882e-05
2.0046378e-05
0.00021780352
2.9995984e-05
7.6758246e-05
2.1375664e-05
9.0818595e-05
7.1907689e-05
9.9008275e-05
8.172176e-05
0.00038492139
0.00020824523
0.00021469875
0.00017121916
0.00016795308
0.00016421441
4.4302116e-05
9.2452782e-06
0.00020036975
0.0002072674
3.7998133e-05
0.00020450437
0.00021341172
4.0376568e-05
6.0590567e-05
1.5024473e-05
5.1718319e-05
4.8485102e-05
5.4592443e-05
4.7545869e-05
5.1143665e-05
5.914963e-05
7.2757192e-05
5.5435827e-05
4.2117844e-05
5.8849816e-05
6.3355769e-05
9.9462002e-05
8.2547875e-05
7.0564823e-05
4.8763371e-05
4.5527867e-05
5.7614395e-05
4.9356181e-05
5.530794e-05
5.5257856e-05
5.5595565e-05
4.8937269e-05
5.8318176e-05
5.5405206e-05
5.9301011e-05
0.00020956478
0.0002141951
6.5941418e-05
5.0980139e-05
5.6231012e-05
5.2572807e-05
5.4548198e-05
5.6418327e-05
0.00020036975
0.0002072674
0.0002000931
0.0002072674
6.0157245e-05
5.5382172e-05
6.0340032e-05
5.1485718e-05
5.8015169e-05
5.2541132e-05
0.00021341172
0.00020272399
4.5547323e-05
6.7217342e-05
5.1863785e-05
5.7349097e-05
0.00020206238
0.00020521201
8.7196403e-05
4.0832416e-05
4.219529e-05
4.6971331e-05
4.4651218e-05
6.7698172e-05
5.817393e-05
7.2151735e-05
9.405679e-05
0.00021341172
0.00020272399
5.0518342e-05
4.5703053e-05
0.00020206238
0.00020521201
0.00020608773
0.00020232333
0.00020232333
0.00020608773
0.00019782279
0.00020833127
0.00019782279
0.00020833127
3.2515094e-05
4.1215199e-05
0.00018712472
0.00021088862
5.9048407e-05
4.9877456e-05
5.7039351e-05
5.2254747e-05
4.0804657e-05
4.2768918e-05
0.00019245184
0.00021088862
5.539832e-05
0.00019988284
0.00020673399
5.4081167e-05
3.5438386e-05
3.2625071e-05
0.00020956478
0.00021469875
6.1325606e-05
5.5385193e-05
0.00018495914
0.00022810805
4.6523656e-05
4.3023446e-05
5.2882922e-05
5.6784548e-05
4.7180455e-05
4.8082227e-05
3.7825548e-05
4.1013102e-05
7.950632e-05
3.4828523e-05
3.8545216e-05
5.7097146e-05
9.0583423e-05
3.4025104e-05
3.6266324e-05
3.9724306e-05
3.8677247e-05
0.00018495914
0.00022810805
4.3489221e-05
4.3163823e-05
3.3840535e-05
3.3827402e-05
4.6342277e-05
4.7661991e-05
4.4475069e-05
4.7350533e-05
4.1366813e-05
4.2436401e-05
4.0974033e-05
4.3146018e-05
3.2727859e-05
4.3357552e-05
4.242432e-05
4.2778878e-05
2.1004067e-05
3.5903142e-05
3.9519884e-05
3.9330285e-05
4.2899447e-05
4.0954505e-05
5.1751815e-05
3.802196e-05
4.1391091e-05
3.4718718e-05
3.7225388e-05
5.7616221e-05
4.6848056e-05
5.6293841e-05
4.9275981e-05
4.4510075e-05
0.0002134608
3.6835335e-05
4.5941172e-05
3.567642e-05
4.7099358e-05
0.00023076132
3.8254568e-05
3.8171127e-05
5.1043052e-05
4.6276502e-05
0.00019146806
3.3993223e-05
4.3213485e-05
6.4068788e-05
5.1393833e-05
0.0002023649
0.0002150392
6.1851015e-05
5.0606506e-05
3.4568721e-05
3.8349626e-05
2.8680462e-05
5.5671872e-05
5.5441595e-05
4.6726932e-05
5.0908341e-05
6.527664e-05
5.5402217e-05
0.00020956478
0.00021469875
5.1953574e-05
5.5592012e-05
1.4182899e-05
3.9154984e-05
4.2682666e-05
5.2986453e-05
5.592437e-05
5.0408855e-05
5.6154655e-05
5.5301467e-05
5.7587708e-05
0.00020980463
0.00020120654
0.00020882307
0.00020036343
0.00020082159
0.00021086217
0.00020044968
0.00020800298
0.00021201415
0.00020017725
0.00018495914
0.0002185484
0.00018416403
0.00023802126
3.680429e-05
4.3830432e-05
4.4076307e-05
4.9845378e-05
0.00021439175
0.00023807437
7.6543362e-05
5.0000256e-05
3.3253006e-05
3.6730072e-05
4.0804734e-05
3.5537814e-05
3.7092327e-05
4.2424927e-05
6.4450721e-05
9.5098593e-05
5.4961714e-05
5.7859871e-05
5.5173706e-05
4.8109184e-05
5.4144937e-05
4.0850146e-05
4.6177848e-05
7.3200473e-05
5.0752458e-05
4.6698794e-05
8.0097468e-05
)
;

boundaryField
{
    oversetFaces
    {
        type            overset;
        coupledFringe   false;
        conservativeCorrection false;
        setHoleCellValue false;
        holeCellValue   0;
        value           nonuniform 0();
    }
    back
    {
        type            empty;
    }
    out
    {
        type            zeroGradient;
    }
    bottom
    {
        type            zeroGradient;
    }
    in
    {
        type            zeroGradient;
    }
    top
    {
        type            zeroGradient;
    }
    front
    {
        type            empty;
    }
    wall
    {
        type            zeroGradient;
    }
    cylinder
    {
        type            zeroGradient;
    }
    defaultFaces
    {
        type            zeroGradient;
    }
}


// ************************************************************************* //
