/*--------------------------------*- C++ -*----------------------------------*\
| =========                 |                                                 |
| \\      /  F ield         | foam-extend: Open Source CFD                    |
|  \\    /   O peration     | Version:     4.1                                |
|   \\  /    A nd           | Web:         http://www.foam-extend.org         |
|    \\/     M anipulation  |                                                 |
\*---------------------------------------------------------------------------*/
FoamFile
{
    version     2.0;
    format      ascii;
    class       volScalarField;
    location    "0.03";
    object      rAU;
}
// * * * * * * * * * * * * * * * * * * * * * * * * * * * * * * * * * * * * * //

dimensions      [0 0 1 0 0 0 0];

internalField   nonuniform List<scalar> 
4393
(
4.462354e-05
4.4617973e-05
4.4612857e-05
4.4607466e-05
4.4601799e-05
4.4595795e-05
4.458937e-05
4.4582461e-05
4.4575005e-05
4.4566947e-05
4.4558244e-05
4.4548872e-05
4.4538834e-05
4.4528165e-05
4.4516933e-05
4.4505279e-05
4.4493351e-05
4.4481363e-05
4.446958e-05
4.4458292e-05
4.444781e-05
4.4438456e-05
4.4430539e-05
4.4424342e-05
4.4420102e-05
4.4417993e-05
4.4417993e-05
4.4418102e-05
4.4420436e-05
4.4424891e-05
4.4431255e-05
4.4439222e-05
4.4448413e-05
4.4458409e-05
4.4468787e-05
4.4479155e-05
4.4489169e-05
4.449856e-05
4.4507128e-05
4.4514744e-05
4.4521335e-05
4.4526882e-05
4.4531398e-05
4.4534922e-05
4.4537511e-05
4.4539229e-05
4.4540146e-05
4.4539965e-05
4.453827e-05
4.451027e-05
4.450628e-05
4.4503331e-05
4.4499988e-05
4.4496373e-05
4.4492348e-05
4.4487842e-05
4.4482784e-05
4.4477116e-05
4.4470789e-05
4.4463769e-05
4.4456051e-05
4.4447658e-05
4.4438655e-05
4.4429145e-05
4.4419315e-05
4.4409358e-05
4.4399535e-05
4.4390159e-05
4.4381555e-05
4.4374064e-05
4.436802e-05
4.4363731e-05
4.4361461e-05
4.4361408e-05
4.4363689e-05
4.4365684e-05
4.4365877e-05
4.4368417e-05
4.43733e-05
4.4380408e-05
4.4389504e-05
4.4400246e-05
4.4412213e-05
4.4424948e-05
4.4438e-05
4.4450958e-05
4.4463481e-05
4.4475302e-05
4.4486237e-05
4.4496169e-05
4.4505045e-05
4.4512855e-05
4.4519625e-05
4.4525399e-05
4.4530236e-05
4.4534182e-05
4.4536866e-05
4.4538114e-05
4.450317e-05
4.4499426e-05
4.449653e-05
4.4493181e-05
4.4489507e-05
4.4485356e-05
4.4480661e-05
4.4475346e-05
4.4469355e-05
4.4462641e-05
4.4455179e-05
4.4446974e-05
4.4438069e-05
4.4428554e-05
4.4418566e-05
4.4408332e-05
4.4398092e-05
4.4388158e-05
4.4378891e-05
4.4370658e-05
4.4363834e-05
4.4358774e-05
4.4355789e-05
4.4355133e-05
4.4356972e-05
4.4361373e-05
4.43608e-05
4.4358774e-05
4.4359287e-05
4.4362445e-05
4.4368217e-05
4.4376421e-05
4.438673e-05
4.4398698e-05
4.4411805e-05
4.4425526e-05
4.4439363e-05
4.4452899e-05
4.4465799e-05
4.4477828e-05
4.448883e-05
4.4498728e-05
4.4507498e-05
4.451516e-05
4.452176e-05
4.4527357e-05
4.4532006e-05
4.4535736e-05
4.4538155e-05
4.4500013e-05
4.4496498e-05
4.4493599e-05
4.4490154e-05
4.4486303e-05
4.4481893e-05
4.4476863e-05
4.4471133e-05
4.4464648e-05
4.4457362e-05
4.4449254e-05
4.4440339e-05
4.4430675e-05
4.4420377e-05
4.4409615e-05
4.4398659e-05
4.4387802e-05
4.4377413e-05
4.4367909e-05
4.4359715e-05
4.4353249e-05
4.4348897e-05
4.4346991e-05
4.4347781e-05
4.4351412e-05
4.4357909e-05
4.4354784e-05
4.4350453e-05
4.4348906e-05
4.4350364e-05
4.4354888e-05
4.4362347e-05
4.437242e-05
4.4384614e-05
4.4398322e-05
4.4412927e-05
4.4427826e-05
4.4442521e-05
4.4456603e-05
4.446979e-05
4.4481893e-05
4.4492816e-05
4.4502528e-05
4.4511048e-05
4.4518426e-05
4.4524728e-05
4.4530017e-05
4.4534339e-05
4.4537232e-05
4.4496484e-05
4.4493023e-05
4.4490101e-05
4.4486593e-05
4.4482623e-05
4.4478031e-05
4.4472748e-05
4.4466688e-05
4.445979e-05
4.4452001e-05
4.4443301e-05
4.4433705e-05
4.4423282e-05
4.4412165e-05
4.4400555e-05
4.4388766e-05
4.4377145e-05
4.4366128e-05
4.43562e-05
4.434785e-05
4.4341552e-05
4.433774e-05
4.433677e-05
4.4338908e-05
4.4344286e-05
4.4352896e-05
4.4347315e-05
4.43405e-05
4.4336772e-05
4.4336481e-05
4.4339794e-05
4.4346631e-05
4.4356663e-05
4.4369328e-05
4.4383895e-05
4.4399632e-05
4.4415808e-05
4.4431833e-05
4.4447225e-05
4.4461655e-05
4.4474908e-05
4.4486877e-05
4.4497533e-05
4.4506904e-05
4.4515053e-05
4.4522059e-05
4.4528003e-05
4.4532953e-05
4.4536431e-05
4.4493043e-05
4.4489814e-05
4.4486992e-05
4.4483464e-05
4.4479382e-05
4.4474586e-05
4.4469011e-05
4.4462565e-05
4.4455183e-05
4.4446805e-05
4.4437407e-05
4.4427005e-05
4.4415676e-05
4.4403569e-05
4.4390916e-05
4.4378078e-05
4.4365462e-05
4.4353581e-05
4.4342999e-05
4.4334283e-05
4.4327977e-05
4.432457e-05
4.4324458e-05
4.4327928e-05
4.4335111e-05
4.4345968e-05
4.4338158e-05
4.4328705e-05
4.4322695e-05
4.4320627e-05
4.4322795e-05
4.4329176e-05
4.4339425e-05
4.4352878e-05
4.4368637e-05
4.4385823e-05
4.4403544e-05
4.4421114e-05
4.4437966e-05
4.4453735e-05
4.4468185e-05
4.4481211e-05
4.4492794e-05
4.450298e-05
4.4511851e-05
4.4519511e-05
4.4526064e-05
4.4531611e-05
4.4535698e-05
4.4489157e-05
4.4485922e-05
4.448311e-05
4.4479574e-05
4.4475444e-05
4.4470545e-05
4.4464799e-05
4.44581e-05
4.445037e-05
4.4441533e-05
4.4431553e-05
4.4420435e-05
4.440825e-05
4.4395158e-05
4.4381413e-05
4.4367421e-05
4.4353657e-05
4.4340721e-05
4.4329271e-05
4.4319969e-05
4.4313441e-05
4.4310247e-05
4.4310834e-05
4.4315531e-05
4.4324476e-05
4.433762e-05
4.4327779e-05
4.4315345e-05
4.4306779e-05
4.4302771e-05
4.4303769e-05
4.4309815e-05
4.4320538e-05
4.433513e-05
4.4352451e-05
4.4371444e-05
4.4391012e-05
4.4410364e-05
4.4428842e-05
4.4446055e-05
4.4461754e-05
4.4475853e-05
4.4488352e-05
4.4499326e-05
4.4508885e-05
4.4517161e-05
4.4524287e-05
4.4530389e-05
4.4535042e-05
4.4485578e-05
4.4482679e-05
4.4480086e-05
4.4476623e-05
4.4472469e-05
4.4467445e-05
4.4461476e-05
4.4454446e-05
4.4446262e-05
4.4436836e-05
4.4426111e-05
4.4414082e-05
4.4400811e-05
4.4386464e-05
4.4371319e-05
4.4355834e-05
4.4340559e-05
4.4326205e-05
4.4313539e-05
4.4303341e-05
4.4296334e-05
4.4293166e-05
4.4294347e-05
4.4300265e-05
4.4311078e-05
4.4326729e-05
4.4315309e-05
4.4299631e-05
4.4288303e-05
4.4282242e-05
4.4282107e-05
4.4288021e-05
4.4299583e-05
4.4315796e-05
4.433517e-05
4.4356435e-05
4.4378227e-05
4.4399648e-05
4.4419943e-05
4.4438712e-05
4.445571e-05
4.4470881e-05
4.4484265e-05
4.4495976e-05
4.4506164e-05
4.4514996e-05
4.4522639e-05
4.4529254e-05
4.4534443e-05
4.4481488e-05
4.4478533e-05
4.4475958e-05
4.4472528e-05
4.446839e-05
4.4463342e-05
4.4457289e-05
4.4450095e-05
4.4441645e-05
4.4431822e-05
4.4420543e-05
4.440777e-05
4.4393543e-05
4.4378012e-05
4.436147e-05
4.4344415e-05
4.4327478e-05
4.43115e-05
4.4297382e-05
4.428604e-05
4.4278313e-05
4.4274955e-05
4.4276548e-05
4.4283562e-05
4.429619e-05
4.4314388e-05
4.4301784e-05
4.4282279e-05
4.4267691e-05
4.4259232e-05
4.4257847e-05
4.4263763e-05
4.4276545e-05
4.4294929e-05
4.431691e-05
4.4340972e-05
4.4365393e-05
4.4389185e-05
4.4411485e-05
4.4431911e-05
4.4450237e-05
4.4466465e-05
4.4480687e-05
4.4493072e-05
4.4503816e-05
4.4513129e-05
4.4521214e-05
4.4528267e-05
4.4533917e-05
4.4478014e-05
4.4475554e-05
4.4473341e-05
4.4470104e-05
4.4466059e-05
4.4460999e-05
4.4454833e-05
4.4447405e-05
4.4438578e-05
4.4428204e-05
4.4416164e-05
4.4402384e-05
4.4386871e-05
4.4369762e-05
4.4351355e-05
4.4332204e-05
4.4313034e-05
4.4294861e-05
4.4278744e-05
4.4265777e-05
4.4256927e-05
4.4253079e-05
4.4254894e-05
4.4262963e-05
4.4277526e-05
4.429857e-05
4.4285618e-05
4.4261876e-05
4.4243666e-05
4.4232561e-05
4.4229909e-05
4.4236094e-05
4.4250665e-05
4.4272016e-05
4.4297355e-05
4.4324912e-05
4.4352481e-05
4.4379014e-05
4.4403537e-05
4.4425726e-05
4.4445403e-05
4.4462657e-05
4.447765e-05
4.4490626e-05
4.4501838e-05
4.4511546e-05
4.4519995e-05
4.4527413e-05
4.453346e-05
4.4473912e-05
4.4471331e-05
4.4469118e-05
4.446594e-05
4.4461966e-05
4.4456956e-05
4.4450797e-05
4.4443306e-05
4.4434315e-05
4.4423638e-05
4.4411107e-05
4.439659e-05
4.438004e-05
4.4361541e-05
4.4341372e-05
4.432012e-05
4.4298598e-05
4.4278034e-05
4.4259679e-05
4.4244836e-05
4.4234619e-05
4.4230064e-05
4.4231906e-05
4.4240899e-05
4.4257331e-05
4.4281236e-05
4.4268701e-05
4.4239774e-05
4.4217071e-05
4.4202652e-05
4.4198457e-05
4.4205071e-05
4.4222049e-05
4.4247328e-05
4.4276877e-05
4.4308711e-05
4.4339953e-05
4.4369577e-05
4.4396491e-05
4.4420497e-05
4.4441492e-05
4.4459689e-05
4.4475347e-05
4.4488796e-05
4.4500358e-05
4.4510347e-05
4.4519052e-05
4.4526736e-05
4.4533086e-05
4.447078e-05
4.446888e-05
4.4467195e-05
4.4464362e-05
4.446064e-05
4.445579e-05
4.4449695e-05
4.4442149e-05
4.4432949e-05
4.4421856e-05
4.4408638e-05
4.4393091e-05
4.4375091e-05
4.4354661e-05
4.433205e-05
4.430789e-05
4.4283102e-05
4.4259231e-05
4.4237766e-05
4.4220283e-05
4.4208052e-05
4.420229e-05
4.4203779e-05
4.4213523e-05
4.4231883e-05
4.4258972e-05
4.4248368e-05
4.4213637e-05
4.4185838e-05
4.4167597e-05
4.4161721e-05
4.4169104e-05
4.4189421e-05
4.4220059e-05
4.4254992e-05
4.4292171e-05
4.4327768e-05
4.436093e-05
4.4390439e-05
4.4416319e-05
4.4438586e-05
4.4457628e-05
4.4473822e-05
4.4487609e-05
4.4499389e-05
4.4509538e-05
4.4518388e-05
4.4526237e-05
4.4532799e-05
4.4466897e-05
4.4464802e-05
4.4463081e-05
4.4460322e-05
4.445671e-05
4.4451974e-05
4.4445973e-05
4.4438471e-05
4.4429229e-05
4.441796e-05
4.4404364e-05
4.4388147e-05
4.4369081e-05
4.4347076e-05
4.4322295e-05
4.4295364e-05
4.4267259e-05
4.4239942e-05
4.421517e-05
4.4194852e-05
4.4180411e-05
4.4173282e-05
4.417424e-05
4.418465e-05
4.4204911e-05
4.4235173e-05
4.4227971e-05
4.4185925e-05
4.4151496e-05
4.4128127e-05
4.4119964e-05
4.4128289e-05
4.4153036e-05
4.4190914e-05
4.4232567e-05
4.4276266e-05
4.4316835e-05
4.4353866e-05
4.4386028e-05
4.4413702e-05
4.4437076e-05
4.4456764e-05
4.4473293e-05
4.4487227e-05
4.4499051e-05
4.4509203e-05
4.4518058e-05
4.452595e-05
4.4532611e-05
4.4464321e-05
4.4463084e-05
4.4462062e-05
4.4459825e-05
4.4456672e-05
4.4452335e-05
4.4446674e-05
4.4439425e-05
4.44303e-05
4.4418935e-05
4.4404929e-05
4.4387856e-05
4.4367336e-05
4.4343119e-05
4.431524e-05
4.428433e-05
4.4251421e-05
4.4219155e-05
4.4189657e-05
4.4165293e-05
4.4147619e-05
4.4138329e-05
4.4138024e-05
4.4148636e-05
4.4170616e-05
4.4204207e-05
4.4203074e-05
4.4152785e-05
4.4110757e-05
4.4081234e-05
4.4070351e-05
4.4079964e-05
4.4110693e-05
4.4158648e-05
4.4208835e-05
4.4260683e-05
4.4307049e-05
4.4348406e-05
4.4383324e-05
4.4412722e-05
4.4437029e-05
4.4457153e-05
4.4473801e-05
4.4487677e-05
4.4499361e-05
4.4509353e-05
4.4518073e-05
4.4525881e-05
4.4532529e-05
4.4460952e-05
4.4459469e-05
4.445838e-05
4.4456229e-05
4.4453217e-05
4.4449051e-05
4.4443562e-05
4.4436461e-05
4.4427425e-05
4.4416037e-05
4.4401814e-05
4.4384211e-05
4.4362681e-05
4.4336766e-05
4.430628e-05
4.4271756e-05
4.4234081e-05
4.4196861e-05
4.416259e-05
4.4134188e-05
4.4113241e-05
4.4101799e-05
4.4100045e-05
4.4110914e-05
4.4134825e-05
4.4171857e-05
4.4179664e-05
4.4118805e-05
4.4066421e-05
4.4028021e-05
4.4013047e-05
4.4024031e-05
4.4062766e-05
4.4124965e-05
4.4185766e-05
4.4247489e-05
4.4300191e-05
4.4345986e-05
4.4383401e-05
4.4414151e-05
4.4438981e-05
4.445916e-05
4.4475588e-05
4.4489122e-05
4.4500427e-05
4.4510061e-05
4.4518476e-05
4.4526055e-05
4.4532563e-05
4.4459073e-05
4.4458553e-05
4.4458294e-05
4.4456838e-05
4.4454514e-05
4.4451047e-05
4.4446278e-05
4.4439896e-05
4.4431529e-05
4.4420667e-05
4.4406687e-05
4.4388833e-05
4.4366278e-05
4.433821e-05
4.4304071e-05
4.4264253e-05
4.4219327e-05
4.4174625e-05
4.4133203e-05
4.4098822e-05
4.4073003e-05
4.4058307e-05
4.4053846e-05
4.4064071e-05
4.4089225e-05
4.4129122e-05
4.415032e-05
4.4077368e-05
4.4013137e-05
4.3963853e-05
4.3943735e-05
4.3956075e-05
4.4005297e-05
4.4088e-05
4.4162041e-05
4.4236001e-05
4.4295832e-05
4.4346352e-05
4.4386107e-05
4.4417897e-05
4.4442879e-05
4.446275e-05
4.4478636e-05
4.449155e-05
4.4502243e-05
4.4511323e-05
4.4519268e-05
4.4526476e-05
4.4532716e-05
4.4456645e-05
4.44559e-05
4.4455595e-05
4.4454262e-05
4.4452134e-05
4.4448907e-05
4.44444e-05
4.4438281e-05
4.4430145e-05
4.4419435e-05
4.4405439e-05
4.4387261e-05
4.4363848e-05
4.4334055e-05
4.4296853e-05
4.4252375e-05
4.4200183e-05
4.4148226e-05
4.4100014e-05
4.4060295e-05
4.4030044e-05
4.401254e-05
4.4004824e-05
4.4014466e-05
4.4041699e-05
4.4085374e-05
4.4125783e-05
4.4037684e-05
4.3956634e-05
4.3890273e-05
4.3861604e-05
4.3874754e-05
4.3938306e-05
4.4051948e-05
4.4142336e-05
4.4230724e-05
4.429759e-05
4.4352164e-05
4.4393272e-05
4.4425155e-05
4.4449474e-05
4.4468383e-05
4.4483218e-05
4.4495122e-05
4.4504902e-05
4.4513193e-05
4.452048e-05
4.4527159e-05
4.4532995e-05
4.4455428e-05
4.4455599e-05
4.445615e-05
4.4455614e-05
4.4454364e-05
4.4452131e-05
4.444877e-05
4.4443956e-05
4.4437269e-05
4.4428087e-05
4.4415557e-05
4.4398519e-05
4.437548e-05
4.434461e-05
4.4303906e-05
4.4252942e-05
4.4189241e-05
4.4125653e-05
4.4066537e-05
4.4018228e-05
4.3980832e-05
4.3959241e-05
4.3946348e-05
4.3954478e-05
4.3982971e-05
4.4027957e-05
4.4083118e-05
4.3987359e-05
4.3887142e-05
4.3800029e-05
4.3760992e-05
4.3773338e-05
4.3854424e-05
4.4014254e-05
4.4124014e-05
4.4229583e-05
4.4303765e-05
4.4362118e-05
4.440397e-05
4.4435283e-05
4.4458343e-05
4.4475781e-05
4.4489157e-05
4.4499724e-05
4.4508334e-05
4.451563e-05
4.452209e-05
4.4528096e-05
4.45334e-05
4.4455209e-05
4.4455298e-05
4.4455929e-05
4.4455634e-05
4.4454714e-05
4.4452876e-05
4.4449959e-05
4.4445618e-05
4.4439404e-05
4.4430648e-05
4.4418409e-05
4.4401363e-05
4.4377741e-05
4.4345241e-05
4.4300968e-05
4.4244148e-05
4.4167985e-05
4.4093185e-05
4.4024486e-05
4.3970129e-05
4.3927721e-05
4.3904314e-05
4.3884055e-05
4.3889321e-05
4.392012e-05
4.3969601e-05
4.4031959e-05
4.3947533e-05
4.3820422e-05
4.3697263e-05
4.3637741e-05
4.3645342e-05
4.3750805e-05
4.39857e-05
4.41192e-05
4.4242912e-05
4.4322106e-05
4.438137e-05
4.4421455e-05
4.4450211e-05
4.4470583e-05
4.4485543e-05
4.4496765e-05
4.4505512e-05
4.4512611e-05
4.4518665e-05
4.4524109e-05
4.452929e-05
4.4533929e-05
4.4457382e-05
4.4458117e-05
4.4459467e-05
4.445993e-05
4.4459946e-05
4.4459271e-05
4.4457821e-05
4.4455321e-05
4.44514e-05
4.4445439e-05
4.44365e-05
4.4423118e-05
4.4403085e-05
4.4373123e-05
4.4328136e-05
4.4265776e-05
4.416995e-05
4.4076379e-05
4.3991243e-05
4.3925405e-05
4.3872411e-05
4.3845384e-05
4.3814354e-05
4.3818017e-05
4.3855752e-05
4.3906183e-05
4.3953659e-05
4.3896363e-05
4.3735877e-05
4.3569892e-05
4.3490316e-05
4.3486052e-05
4.361486e-05
4.3963395e-05
4.4120697e-05
4.4262963e-05
4.4346327e-05
4.4405234e-05
4.4442594e-05
4.4467905e-05
4.4484929e-05
4.4496887e-05
4.4505563e-05
4.4512194e-05
4.4517558e-05
4.4522193e-05
4.452648e-05
4.4530712e-05
4.4534575e-05
4.4473673e-05
4.4474624e-05
4.447636e-05
4.4477346e-05
4.4478025e-05
4.447814e-05
4.4477607e-05
4.4476148e-05
4.4473377e-05
4.4468637e-05
4.4460898e-05
4.4448499e-05
4.4428838e-05
4.4397993e-05
4.4349099e-05
4.428037e-05
4.4159446e-05
4.4047216e-05
4.3948953e-05
4.3879395e-05
4.3823786e-05
4.3805345e-05
4.3758175e-05
4.37541e-05
4.3793671e-05
4.3847204e-05
4.3890826e-05
4.3893509e-05
4.3697716e-05
4.3452974e-05
4.3317088e-05
4.3277926e-05
4.3434618e-05
4.3977355e-05
4.4164821e-05
4.4315851e-05
4.439435e-05
4.4444377e-05
4.4473463e-05
4.4491623e-05
4.4503051e-05
4.4510626e-05
4.4515922e-05
4.451992e-05
4.4523222e-05
4.452622e-05
4.4529192e-05
4.4532352e-05
4.453533e-05
4.450633e-05
4.4507462e-05
4.4509658e-05
4.451124e-05
4.4512757e-05
4.4514001e-05
4.4515001e-05
4.4515623e-05
4.4515683e-05
4.4514805e-05
4.451232e-05
4.4506999e-05
4.4496558e-05
4.4477054e-05
4.4438338e-05
4.4375861e-05
4.4218338e-05
4.4074025e-05
4.3953675e-05
4.3873841e-05
4.3803829e-05
4.3785743e-05
4.3709779e-05
4.370032e-05
4.3778459e-05
4.3858904e-05
4.3841431e-05
4.3866681e-05
4.3642608e-05
4.3299135e-05
4.3146333e-05
4.3070447e-05
4.3219735e-05
4.4027863e-05
4.4218569e-05
4.4368966e-05
4.4443801e-05
4.4484313e-05
4.4505508e-05
4.4516379e-05
4.4522112e-05
4.4525141e-05
4.4526916e-05
4.4528155e-05
4.452929e-05
4.4530565e-05
4.4532144e-05
4.4534158e-05
4.4536174e-05
4.4554246e-05
4.4555829e-05
4.4558685e-05
4.4561076e-05
4.4563639e-05
4.4566179e-05
4.4568767e-05
4.4571318e-05
4.457371e-05
4.4575622e-05
4.4576398e-05
4.4574686e-05
4.4567599e-05
4.4550217e-05
4.4507429e-05
4.4439054e-05
4.4216009e-05
4.4033323e-05
4.3890447e-05
4.3810975e-05
4.3734755e-05
4.3772186e-05
3.5423682e-05
3.5319653e-05
3.5250048e-05
3.5166906e-05
3.4927169e-05
3.4833959e-05
3.4771882e-05
3.4970229e-05
3.5247958e-05
3.5743638e-05
4.2976143e-05
4.4228978e-05
4.4417664e-05
4.4502117e-05
4.4539417e-05
4.4548451e-05
4.4550175e-05
4.4547732e-05
4.4544661e-05
4.4541565e-05
4.4539001e-05
4.4537056e-05
4.4535793e-05
4.4535208e-05
4.4535308e-05
4.4536106e-05
4.4537094e-05
4.4649493e-05
4.4650206e-05
4.4652904e-05
4.4655338e-05
4.4658135e-05
4.4661151e-05
4.4664548e-05
4.4668399e-05
4.4672827e-05
4.4677916e-05
4.4683697e-05
4.4690083e-05
4.4696217e-05
4.4702606e-05
4.4698192e-05
4.46901e-05
3.6027348e-05
3.6061451e-05
3.6036923e-05
3.6209875e-05
3.6736853e-05
3.977684e-05
4.8052871e-05
4.9995665e-05
4.9995665e-05
4.9995665e-05
4.9995665e-05
4.9995665e-05
4.9981396e-05
4.9482852e-05
4.9229307e-05
4.9055743e-05
3.4930394e-05
4.4626847e-05
4.4502353e-05
4.4560334e-05
4.4608109e-05
4.4598234e-05
4.458841e-05
4.4575874e-05
4.4565683e-05
4.4557263e-05
4.4550768e-05
4.4545848e-05
4.4542295e-05
4.4539906e-05
4.4538545e-05
4.4538124e-05
4.4538061e-05
4.6066237e-05
4.6077208e-05
4.6092413e-05
4.6107522e-05
4.6123785e-05
4.6141205e-05
4.6160534e-05
4.6182613e-05
4.6208727e-05
4.6240683e-05
4.6281189e-05
4.6334447e-05
4.6407152e-05
4.6511509e-05
4.6663941e-05
3.5714204e-05
4.8511089e-05
4.9995665e-05
4.9995665e-05
4.9995665e-05
4.9995665e-05
4.9995665e-05
4.9995665e-05
4.9995665e-05
4.9995665e-05
4.9995665e-05
4.9995665e-05
4.9995665e-05
4.9995665e-05
4.9995665e-05
4.9995665e-05
4.9995665e-05
4.7255642e-05
3.0984393e-05
4.5063857e-05
4.4849406e-05
4.4746361e-05
4.4680821e-05
4.463851e-05
4.4608996e-05
4.4588552e-05
4.4573655e-05
4.4562757e-05
4.4554704e-05
4.4548819e-05
4.4544627e-05
4.4541816e-05
4.4540179e-05
4.4539056e-05
4.4666454e-05
4.4667212e-05
4.4669943e-05
4.467244e-05
4.4675314e-05
4.4678433e-05
4.4681958e-05
4.4685967e-05
4.469059e-05
4.469592e-05
4.4701999e-05
4.4708762e-05
4.4715388e-05
4.4722481e-05
4.4719241e-05
4.4713145e-05
3.6057066e-05
3.6091491e-05
3.6068896e-05
3.6240984e-05
3.677118e-05
3.9804547e-05
4.8059579e-05
4.9995665e-05
4.9995665e-05
4.9995665e-05
4.9995665e-05
4.9995665e-05
4.9978931e-05
4.9485404e-05
4.9234249e-05
4.906681e-05
3.4914348e-05
4.4502128e-05
4.4961794e-05
4.4812001e-05
4.4725801e-05
4.4673864e-05
4.4636325e-05
4.4609671e-05
4.4590294e-05
4.4575866e-05
4.4565015e-05
4.4556823e-05
4.4550681e-05
4.4546169e-05
4.4542999e-05
4.454098e-05
4.453946e-05
4.4570438e-05
4.4572094e-05
4.4575017e-05
4.45775e-05
4.4580171e-05
4.4582845e-05
4.4585593e-05
4.4588334e-05
4.4590952e-05
4.4593134e-05
4.459423e-05
4.4592899e-05
4.4586264e-05
4.4569409e-05
4.4527206e-05
4.4459756e-05
4.4235528e-05
4.4052406e-05
4.3909332e-05
4.3828818e-05
4.3752276e-05
4.3788144e-05
3.5444208e-05
3.5337983e-05
3.5266614e-05
3.518134e-05
3.4942295e-05
3.4846881e-05
3.478215e-05
3.4979786e-05
3.5259497e-05
3.5727591e-05
4.2875759e-05
4.4076568e-05
4.4557409e-05
4.4609128e-05
4.4624222e-05
4.4611082e-05
4.4596569e-05
4.4583138e-05
4.4571983e-05
4.4563033e-05
4.4555933e-05
4.4550401e-05
4.4546171e-05
4.4543064e-05
4.4540946e-05
4.4539741e-05
4.4538874e-05
4.4519299e-05
4.452052e-05
4.452281e-05
4.4524512e-05
4.4526168e-05
4.4527577e-05
4.4528773e-05
4.4529627e-05
4.4529962e-05
4.4529413e-05
4.4527324e-05
4.452248e-05
4.4512616e-05
4.4493804e-05
4.4455849e-05
4.4394233e-05
4.4236151e-05
4.4091869e-05
4.3971865e-05
4.3892206e-05
4.3822825e-05
4.3805093e-05
4.372955e-05
4.3721014e-05
4.3798803e-05
4.387946e-05
4.3863806e-05
4.3878948e-05
4.3640538e-05
4.3290761e-05
4.3125216e-05
4.3030443e-05
4.3119671e-05
4.3952152e-05
4.4342784e-05
4.4464631e-05
4.4523936e-05
4.4543781e-05
4.4550662e-05
4.4551035e-05
4.4549093e-05
4.4546394e-05
4.4543711e-05
4.4541385e-05
4.4539565e-05
4.4538321e-05
4.4537693e-05
4.4537721e-05
4.453791e-05
4.4477528e-05
4.4478557e-05
4.4480376e-05
4.4481467e-05
4.4482268e-05
4.4482525e-05
4.4482158e-05
4.4480891e-05
4.447834e-05
4.4473857e-05
4.4466413e-05
4.4454353e-05
4.443508e-05
4.4404671e-05
4.435623e-05
4.4288035e-05
4.4166994e-05
4.4054858e-05
4.3956721e-05
4.3887157e-05
4.3831746e-05
4.3813261e-05
4.376609e-05
4.3762553e-05
4.3802619e-05
4.3857432e-05
4.3903349e-05
4.3885831e-05
4.3686711e-05
4.3437695e-05
4.3294029e-05
4.3243394e-05
4.3367216e-05
4.3920935e-05
4.4218655e-05
4.4368098e-05
4.4450166e-05
4.449073e-05
4.4512127e-05
4.4522811e-05
4.4528213e-05
4.4530832e-05
4.4532086e-05
4.453273e-05
4.4533198e-05
4.4533754e-05
4.4534573e-05
4.4535797e-05
4.4537e-05
4.4456834e-05
4.4457641e-05
4.4459071e-05
4.4459635e-05
4.4459767e-05
4.4459227e-05
4.4457932e-05
4.4455612e-05
4.4451893e-05
4.4446163e-05
4.4437483e-05
4.4424387e-05
4.4404663e-05
4.4375015e-05
4.4330304e-05
4.4268176e-05
4.4172171e-05
4.4078537e-05
4.3993361e-05
4.3927457e-05
4.3874549e-05
4.3847557e-05
4.3816661e-05
4.382066e-05
4.3858648e-05
4.3909933e-05
4.3959121e-05
4.38805e-05
4.3716242e-05
4.3545523e-05
4.3459447e-05
4.3449077e-05
4.3566652e-05
4.3935215e-05
4.4161042e-05
4.4305484e-05
4.4393426e-05
4.4445658e-05
4.4477332e-05
4.4496488e-05
4.4508386e-05
4.4515935e-05
4.4520927e-05
4.452443e-05
4.4527114e-05
4.4529415e-05
4.4531634e-05
4.4534004e-05
4.4536165e-05
4.4452437e-05
4.4452602e-05
4.4453315e-05
4.4453119e-05
4.4452314e-05
4.4450607e-05
4.4447838e-05
4.4443665e-05
4.4437641e-05
4.4429096e-05
4.4417091e-05
4.4400301e-05
4.4376953e-05
4.4344735e-05
4.4300726e-05
4.4244144e-05
4.4167993e-05
4.4093238e-05
4.4024567e-05
4.397023e-05
4.3927946e-05
4.390469e-05
4.388477e-05
4.3890701e-05
4.3922396e-05
4.3973333e-05
4.4037824e-05
4.3932228e-05
4.3802337e-05
4.3675935e-05
4.3612361e-05
4.3616454e-05
4.3716799e-05
4.3965193e-05
4.4139172e-05
4.4269367e-05
4.4355747e-05
4.4412843e-05
4.4450282e-05
4.4474983e-05
4.4491567e-05
4.4502948e-05
4.4511011e-05
4.4516966e-05
4.4521609e-05
4.4525484e-05
4.452898e-05
4.4532397e-05
4.4535425e-05
4.4451562e-05
4.4451807e-05
4.4452438e-05
4.4451999e-05
4.445086e-05
4.4448753e-05
4.4445535e-05
4.444088e-05
4.443437e-05
4.442538e-05
4.4413059e-05
4.4396241e-05
4.4373426e-05
4.4342771e-05
4.4302252e-05
4.4251436e-05
4.4187748e-05
4.4124196e-05
4.4065115e-05
4.4016858e-05
4.3979596e-05
4.3958187e-05
4.3945613e-05
4.3954277e-05
4.3983533e-05
4.4029784e-05
4.4077506e-05
4.3970285e-05
4.3867875e-05
4.3778558e-05
4.3737525e-05
4.374945e-05
4.3831204e-05
4.4003216e-05
4.4138688e-05
4.4250668e-05
4.4330957e-05
4.4388505e-05
4.4428778e-05
4.44571e-05
4.4477166e-05
4.4491616e-05
4.4502259e-05
4.4510338e-05
4.4516714e-05
4.4521999e-05
4.4526643e-05
4.4530997e-05
4.4534792e-05
4.4452151e-05
4.4451489e-05
4.4451272e-05
4.4450042e-05
4.444803e-05
4.4444933e-05
4.4440573e-05
4.4434616e-05
4.442666e-05
4.4416147e-05
4.4402364e-05
4.4384414e-05
4.4361238e-05
4.4331683e-05
4.4294706e-05
4.425043e-05
4.4198368e-05
4.4146551e-05
4.4098489e-05
4.4058957e-05
4.4028986e-05
4.4011859e-05
4.4004699e-05
4.4015141e-05
4.4043438e-05
4.4088588e-05
4.4112508e-05
4.4022779e-05
4.3940031e-05
4.3872056e-05
4.3842131e-05
4.3855369e-05
4.3920545e-05
4.4043113e-05
4.415008e-05
4.4244871e-05
4.4317513e-05
4.4372836e-05
4.441361e-05
4.4443688e-05
4.446589e-05
4.4482468e-05
4.4495042e-05
4.4504799e-05
4.4512595e-05
4.4519065e-05
4.4524686e-05
4.4529839e-05
4.4534278e-05
4.44539e-05
4.4453458e-05
4.4453284e-05
4.4451926e-05
4.4449714e-05
4.4446371e-05
4.444174e-05
4.443551e-05
4.4427308e-05
4.4416626e-05
4.4402836e-05
4.4385181e-05
4.4362829e-05
4.4334961e-05
4.430101e-05
4.4261364e-05
4.4216573e-05
4.4172021e-05
4.4130764e-05
4.4096591e-05
4.4071059e-05
4.4056743e-05
4.4052818e-05
4.4063797e-05
4.4089978e-05
4.4131304e-05
4.413667e-05
4.4062562e-05
4.3997285e-05
4.3947251e-05
4.3926999e-05
4.3940541e-05
4.3992539e-05
4.4082489e-05
4.416774e-05
4.4247171e-05
4.431169e-05
4.4363352e-05
4.4403205e-05
4.4433823e-05
4.4457231e-05
4.4475242e-05
4.448924e-05
4.4500303e-05
4.4509243e-05
4.4516686e-05
4.4523116e-05
4.4528927e-05
4.4533886e-05
4.4455347e-05
4.4453953e-05
4.4452958e-05
4.4450912e-05
4.4448018e-05
4.4443982e-05
4.4438636e-05
4.4431693e-05
4.4422829e-05
4.4411628e-05
4.4397604e-05
4.4380211e-05
4.43589e-05
4.4333207e-05
4.4302941e-05
4.4268632e-05
4.4231158e-05
4.4194157e-05
4.4160134e-05
4.4132033e-05
4.4111475e-05
4.4100528e-05
4.4099427e-05
4.4111143e-05
4.4136136e-05
4.4174555e-05
4.4167246e-05
4.4105453e-05
4.4052277e-05
4.4013407e-05
4.3998568e-05
4.4010823e-05
4.4052239e-05
4.4120042e-05
4.4188743e-05
4.4255262e-05
4.4312025e-05
4.4359372e-05
4.4397339e-05
4.4427516e-05
4.445129e-05
4.4470061e-05
4.4484964e-05
4.4496938e-05
4.4506722e-05
4.4514906e-05
4.452196e-05
4.4528276e-05
4.4533621e-05
4.4458159e-05
4.4457004e-05
4.4456069e-05
4.4453934e-05
4.4450892e-05
4.4446678e-05
4.4441152e-05
4.4434051e-05
4.4425085e-05
4.4413892e-05
4.4400067e-05
4.4383186e-05
4.4362864e-05
4.4338848e-05
4.4311174e-05
4.428047e-05
4.4247768e-05
4.4215731e-05
4.4186495e-05
4.4162449e-05
4.4145175e-05
4.4136393e-05
4.4136745e-05
4.4148207e-05
4.4171272e-05
4.4206243e-05
4.4191012e-05
4.4140178e-05
4.4097804e-05
4.4068296e-05
4.4058018e-05
4.4069176e-05
4.4102564e-05
4.4155009e-05
4.4210927e-05
4.4266732e-05
4.4316398e-05
4.4359294e-05
4.4394884e-05
4.4424026e-05
4.4447603e-05
4.4466644e-05
4.448205e-05
4.4494611e-05
4.450498e-05
4.4513695e-05
4.4521202e-05
4.4527876e-05
4.4533477e-05
4.4460369e-05
4.4458368e-05
4.4456744e-05
4.4454093e-05
4.4450599e-05
4.4445991e-05
4.444013e-05
4.443278e-05
4.4423703e-05
4.441261e-05
4.4399202e-05
4.4383184e-05
4.4364327e-05
4.4342539e-05
4.4317981e-05
4.429128e-05
4.4263417e-05
4.4236368e-05
4.4211904e-05
4.4191951e-05
4.4177955e-05
4.4171373e-05
4.417301e-05
4.4184259e-05
4.420555e-05
4.4237068e-05
4.4216728e-05
4.4174286e-05
4.4139673e-05
4.4116469e-05
4.4109006e-05
4.4118812e-05
4.4145944e-05
4.4187434e-05
4.4233445e-05
4.4280501e-05
4.4323879e-05
4.4362457e-05
4.4395418e-05
4.4423108e-05
4.4446037e-05
4.4464929e-05
4.4480473e-05
4.4493316e-05
4.4504017e-05
4.4513057e-05
4.4520843e-05
4.4527726e-05
4.4533454e-05
4.4463805e-05
4.4461991e-05
4.4460396e-05
4.4457666e-05
4.4454055e-05
4.4449327e-05
4.4443365e-05
4.4435963e-05
4.4426918e-05
4.4415991e-05
4.440295e-05
4.438759e-05
4.4369788e-05
4.4349564e-05
4.4327172e-05
4.4303243e-05
4.4278704e-05
4.4255112e-05
4.4233968e-05
4.4216866e-05
4.4205097e-05
4.4199897e-05
4.4202078e-05
4.4212669e-05
4.4232056e-05
4.4260377e-05
4.4237778e-05
4.4202905e-05
4.4175172e-05
4.4157319e-05
4.4152287e-05
4.4161128e-05
4.4183582e-05
4.4217152e-05
4.4255442e-05
4.4295383e-05
4.4333293e-05
4.4367863e-05
4.439816e-05
4.4424189e-05
4.4446189e-05
4.4464637e-05
4.4480045e-05
4.4492927e-05
4.4503751e-05
4.4512935e-05
4.4520847e-05
4.4527807e-05
4.4533541e-05
4.4466632e-05
4.4464148e-05
4.4462035e-05
4.4458966e-05
4.4455107e-05
4.4450224e-05
4.44442e-05
4.4436855e-05
4.4428022e-05
4.4417513e-05
4.4405161e-05
4.4390835e-05
4.4374486e-05
4.43562e-05
4.4336258e-05
4.4315248e-05
4.4293989e-05
4.427372e-05
4.4255701e-05
4.4241251e-05
4.4231501e-05
4.4227502e-05
4.4230011e-05
4.42398e-05
4.4257175e-05
4.4282186e-05
4.4258737e-05
4.4229776e-05
4.4207244e-05
4.4193291e-05
4.4189956e-05
4.4197928e-05
4.4216791e-05
4.4244502e-05
4.4276746e-05
4.4310913e-05
4.4344123e-05
4.437505e-05
4.4402747e-05
4.4427007e-05
4.4447879e-05
4.4465654e-05
4.4480695e-05
4.4493401e-05
4.4504156e-05
4.4513317e-05
4.4521206e-05
4.452811e-05
4.4533735e-05
4.447038e-05
4.4468009e-05
4.4465889e-05
4.4462754e-05
4.445882e-05
4.4453882e-05
4.4447846e-05
4.4440558e-05
4.4431881e-05
4.4421669e-05
4.4409801e-05
4.4396205e-05
4.4380889e-05
4.4363989e-05
4.4345808e-05
4.4326901e-05
4.4308002e-05
4.4290132e-05
4.4274364e-05
4.4261802e-05
4.425343e-05
4.4250148e-05
4.4252633e-05
4.4261493e-05
4.4276977e-05
4.4299081e-05
4.4276376e-05
4.4252747e-05
4.4234833e-05
4.4224275e-05
4.4222493e-05
4.4229934e-05
4.4246152e-05
4.4269516e-05
4.4297023e-05
4.4326515e-05
4.4355727e-05
4.4383408e-05
4.4408653e-05
4.4431135e-05
4.4450774e-05
4.4467724e-05
4.448223e-05
4.4494594e-05
4.4505126e-05
4.4514124e-05
4.4521867e-05
4.4528607e-05
4.4534022e-05
4.4473603e-05
4.4470747e-05
4.4468273e-05
4.4464951e-05
4.4460927e-05
4.4456001e-05
4.445008e-05
4.4443026e-05
4.4434726e-05
4.4425064e-05
4.4413957e-05
4.4401366e-05
4.4387334e-05
4.4372012e-05
4.4355695e-05
4.4338885e-05
4.4322218e-05
4.4306543e-05
4.4292769e-05
4.4281824e-05
4.4274559e-05
4.427174e-05
4.4273963e-05
4.4281708e-05
4.4295177e-05
4.431433e-05
4.4293088e-05
4.4273774e-05
4.4259547e-05
4.425167e-05
4.4251136e-05
4.4258209e-05
4.4272445e-05
4.4292537e-05
4.4316318e-05
4.434202e-05
4.4367845e-05
4.4392659e-05
4.4415631e-05
4.4436371e-05
4.4454724e-05
4.4470742e-05
4.4484583e-05
4.4496468e-05
4.4506641e-05
4.4515349e-05
4.4522828e-05
4.4529295e-05
4.45344e-05
4.4477415e-05
4.4474607e-05
4.4472109e-05
4.4468749e-05
4.4464705e-05
4.44598e-05
4.4453958e-05
4.4447064e-05
4.4439026e-05
4.4429755e-05
4.4419198e-05
4.4407347e-05
4.4394268e-05
4.4380128e-05
4.4365209e-05
4.4349971e-05
4.433497e-05
4.4320923e-05
4.4308608e-05
4.4298811e-05
4.4292268e-05
4.4289637e-05
4.4291438e-05
4.4298066e-05
4.4309684e-05
4.4325854e-05
4.4307308e-05
4.4291903e-05
4.4280993e-05
4.4275533e-05
4.4276213e-05
4.4283177e-05
4.4296008e-05
4.431366e-05
4.4334526e-05
4.4357164e-05
4.4380135e-05
4.4402442e-05
4.4423335e-05
4.4442408e-05
4.4459464e-05
4.4474487e-05
4.4487568e-05
4.4498868e-05
4.4508576e-05
4.4516894e-05
4.4524017e-05
4.4530131e-05
4.4534853e-05
4.4480787e-05
4.4477652e-05
4.4474941e-05
4.4471511e-05
4.4467493e-05
4.4462712e-05
4.4457093e-05
4.4450529e-05
4.4442941e-05
4.4434257e-05
4.442444e-05
4.4413496e-05
4.4401499e-05
4.4388608e-05
4.4375082e-05
4.436133e-05
4.4347831e-05
4.4335192e-05
4.4324077e-05
4.4315159e-05
4.4309069e-05
4.4306378e-05
4.4307542e-05
4.4312894e-05
4.4322576e-05
4.4335523e-05
4.4320296e-05
4.430819e-05
4.4300081e-05
4.4296684e-05
4.4298467e-05
4.4305478e-05
4.4317326e-05
4.4333158e-05
4.4351744e-05
4.4371904e-05
4.4392479e-05
4.4412601e-05
4.443161e-05
4.444911e-05
4.4464885e-05
4.447888e-05
4.4491138e-05
4.4501772e-05
4.4510928e-05
4.4518769e-05
4.4525452e-05
4.4531128e-05
4.4535386e-05
4.4484456e-05
4.4481319e-05
4.4478592e-05
4.4475168e-05
4.4471194e-05
4.4466514e-05
4.4461062e-05
4.4454746e-05
4.4447503e-05
4.4439274e-05
4.4430036e-05
4.4419805e-05
4.440866e-05
4.4396752e-05
4.4384317e-05
4.4371717e-05
4.4359365e-05
4.434778e-05
4.4337532e-05
4.4329195e-05
4.4323319e-05
4.4320402e-05
4.4320844e-05
4.4324939e-05
4.4332815e-05
4.4343275e-05
4.4331317e-05
4.4322241e-05
4.4316712e-05
4.4315251e-05
4.431816e-05
4.4325417e-05
4.4336654e-05
4.4351169e-05
4.4367993e-05
4.438616e-05
4.4404727e-05
4.4422952e-05
4.4440259e-05
4.4456281e-05
4.4470804e-05
4.4483752e-05
4.4495137e-05
4.4505038e-05
4.4513568e-05
4.4520859e-05
4.4527038e-05
4.4532224e-05
4.453598e-05
4.4487728e-05
4.4484365e-05
4.4481544e-05
4.447814e-05
4.4474278e-05
4.44698e-05
4.4464638e-05
4.4458706e-05
4.4451943e-05
4.4444298e-05
4.4435751e-05
4.4426319e-05
4.4416073e-05
4.4405147e-05
4.4393744e-05
4.4382183e-05
4.4370813e-05
4.4360076e-05
4.4350462e-05
4.4342467e-05
4.4336571e-05
4.4333214e-05
4.4332758e-05
4.4335471e-05
4.4341487e-05
4.4350066e-05
4.4340985e-05
4.4334587e-05
4.4331365e-05
4.4331681e-05
4.4335704e-05
4.4343348e-05
4.4354264e-05
4.4367852e-05
4.4383329e-05
4.4399899e-05
4.4416787e-05
4.4433366e-05
4.4449142e-05
4.4463787e-05
4.4477103e-05
4.4489006e-05
4.4499493e-05
4.4508622e-05
4.4516481e-05
4.4523174e-05
4.4528802e-05
4.4533452e-05
4.4536658e-05
4.4491087e-05
4.4487667e-05
4.4484864e-05
4.448152e-05
4.4477774e-05
4.4473476e-05
4.4468563e-05
4.4462958e-05
4.4456605e-05
4.4449458e-05
4.44415e-05
4.4432744e-05
4.4423252e-05
4.4413141e-05
4.4402581e-05
4.4391848e-05
4.4381235e-05
4.4371118e-05
4.4361919e-05
4.4354067e-05
4.4347985e-05
4.4344066e-05
4.4342644e-05
4.4343973e-05
4.4348197e-05
4.4355133e-05
4.434905e-05
4.4345167e-05
4.4344141e-05
4.4346196e-05
4.4351394e-05
4.4359592e-05
4.4370449e-05
4.4383442e-05
4.4397921e-05
4.4413222e-05
4.4428709e-05
4.4443856e-05
4.4458249e-05
4.4471604e-05
4.4483748e-05
4.4494603e-05
4.4504163e-05
4.4512471e-05
4.4519599e-05
4.4525635e-05
4.4530659e-05
4.4534734e-05
4.4537409e-05
4.44941e-05
4.4490454e-05
4.4487656e-05
4.448441e-05
4.448084e-05
4.4476799e-05
4.4472218e-05
4.4467023e-05
4.446116e-05
4.4454581e-05
4.4447262e-05
4.4439209e-05
4.4430468e-05
4.4421129e-05
4.4411332e-05
4.4401307e-05
4.4391296e-05
4.4381617e-05
4.4372632e-05
4.4364717e-05
4.4358248e-05
4.4353586e-05
4.4351048e-05
4.4350887e-05
4.4353271e-05
4.4358264e-05
4.4355583e-05
4.4354036e-05
4.4355089e-05
4.4358844e-05
4.4365265e-05
4.4374156e-05
4.4385172e-05
4.4397837e-05
4.4411599e-05
4.44259e-05
4.4440216e-05
4.4454112e-05
4.446725e-05
4.4479396e-05
4.4490409e-05
4.450023e-05
4.4508855e-05
4.4516325e-05
4.4522706e-05
4.4528076e-05
4.4532505e-05
4.4536035e-05
4.4538284e-05
4.4500984e-05
4.4497091e-05
4.449424e-05
4.4490998e-05
4.4487488e-05
4.4483571e-05
4.4479179e-05
4.447424e-05
4.4468697e-05
4.4462502e-05
4.4455623e-05
4.4448053e-05
4.443982e-05
4.4430988e-05
4.4421664e-05
4.4412037e-05
4.44023e-05
4.4392721e-05
4.4383615e-05
4.4375311e-05
4.4368155e-05
4.4362484e-05
4.4358612e-05
4.4356803e-05
4.4357256e-05
4.4360087e-05
4.4361026e-05
4.4361729e-05
4.4364824e-05
4.4370302e-05
4.4378035e-05
4.4387771e-05
4.4399147e-05
4.4411721e-05
4.4425006e-05
4.4438529e-05
4.4451861e-05
4.4464652e-05
4.4476633e-05
4.4487628e-05
4.4497534e-05
4.4506313e-05
4.4513975e-05
4.4520565e-05
4.4526143e-05
4.4530784e-05
4.4534548e-05
4.4536993e-05
4.4538157e-05
4.4614015e-05
4.4608548e-05
4.460353e-05
4.4598241e-05
4.4592678e-05
4.4586781e-05
4.4580467e-05
4.4573674e-05
4.4566339e-05
4.4558408e-05
4.4549839e-05
4.454061e-05
4.4530724e-05
4.4520218e-05
4.450916e-05
4.4497695e-05
4.4485973e-05
4.447421e-05
4.4462676e-05
4.4451663e-05
4.4441487e-05
4.4432474e-05
4.4424936e-05
4.4419161e-05
4.4415386e-05
4.4413785e-05
4.4413785e-05
4.4414445e-05
4.4417366e-05
4.4422433e-05
4.442942e-05
4.4438002e-05
4.444778e-05
4.4458312e-05
4.4469154e-05
4.4479896e-05
4.4490189e-05
4.4499757e-05
4.4508407e-05
4.451602e-05
4.452254e-05
4.4527962e-05
4.4532318e-05
4.4535665e-05
4.4538073e-05
4.4539621e-05
4.4540389e-05
4.4540007e-05
4.453827e-05
4.4183417e-05
3.9463649e-05
3.7684709e-05
3.6729135e-05
3.6265769e-05
3.6027348e-05
3.5927691e-05
3.5871232e-05
3.5847163e-05
3.5807982e-05
4.1895494e-05
3.7667598e-05
3.6475561e-05
3.6036923e-05
3.5961141e-05
3.5918966e-05
3.5938492e-05
3.5924741e-05
3.5925523e-05
3.5879459e-05
4.161176e-05
3.7489128e-05
3.6385879e-05
3.5984728e-05
3.5929094e-05
3.5890881e-05
3.5914114e-05
3.5900484e-05
3.5902796e-05
3.5858967e-05
4.1341673e-05
3.7314854e-05
3.6290871e-05
3.5920912e-05
3.5882224e-05
3.584677e-05
3.5873209e-05
3.58592e-05
3.5861163e-05
3.5813514e-05
4.1088627e-05
3.7157923e-05
3.6209875e-05
3.5868519e-05
3.5845699e-05
3.5812873e-05
3.5843062e-05
3.5830003e-05
3.5834678e-05
3.579287e-05
4.0844875e-05
3.7004753e-05
3.6126542e-05
3.5809654e-05
3.5800675e-05
3.5769631e-05
3.5802765e-05
3.5788955e-05
3.579255e-05
3.5741554e-05
4.0615922e-05
3.6868001e-05
3.6058392e-05
3.5765011e-05
3.5770013e-05
3.5741696e-05
3.5779538e-05
3.5768311e-05
3.577697e-05
3.5737719e-05
4.0397514e-05
3.6736853e-05
3.598979e-05
3.5714708e-05
3.5729667e-05
3.5700619e-05
3.5739444e-05
3.5726481e-05
3.5734479e-05
3.5691001e-05
3.7634724e-05
3.5228289e-05
3.5199546e-05
3.505713e-05
3.5181664e-05
3.5167214e-05
3.5244566e-05
3.5264685e-05
3.5294826e-05
3.5301206e-05
3.9980054e-05
3.6491696e-05
3.5862837e-05
3.562094e-05
3.5656422e-05
3.5628869e-05
3.5673214e-05
3.566145e-05
3.5671769e-05
3.5631233e-05
3.977684e-05
3.63675e-05
3.5790352e-05
3.5559682e-05
3.5602282e-05
3.5573674e-05
3.5619313e-05
3.5606923e-05
3.5616717e-05
3.5573359e-05
3.9578295e-05
3.6253838e-05
3.5731034e-05
3.5514124e-05
3.5566871e-05
3.5540425e-05
3.5590622e-05
3.5581383e-05
3.5594889e-05
3.5557408e-05
3.9388598e-05
3.6149758e-05
3.5680083e-05
3.5474541e-05
3.5535039e-05
3.5508136e-05
3.5559835e-05
3.5550556e-05
3.5564641e-05
3.5530415e-05
3.9201508e-05
3.6043588e-05
3.5622339e-05
3.5424889e-05
3.5491103e-05
3.546235e-05
3.5513832e-05
3.5502138e-05
3.5511574e-05
3.5462765e-05
3.9014411e-05
3.593782e-05
3.556437e-05
3.5375945e-05
3.5450358e-05
3.5423682e-05
3.5480319e-05
3.5474578e-05
3.5492057e-05
3.5463723e-05
3.8832812e-05
3.5841149e-05
3.551632e-05
3.5336522e-05
3.5418273e-05
3.5392026e-05
3.5450721e-05
3.5446045e-05
3.546352e-05
3.5437419e-05
3.8654739e-05
3.5745932e-05
3.5466925e-05
3.5293417e-05
3.5380814e-05
3.5353694e-05
3.5412722e-05
3.5406847e-05
3.5419807e-05
3.5381192e-05
3.8477206e-05
3.5650712e-05
3.5416313e-05
3.5249528e-05
3.5344359e-05
3.5319653e-05
3.538363e-05
3.5384265e-05
3.5405166e-05
3.5387064e-05
3.8304551e-05
3.5563428e-05
3.5374038e-05
3.52138e-05
3.5315369e-05
3.5291899e-05
3.5358125e-05
3.5360943e-05
3.5382328e-05
3.5365472e-05
3.8135938e-05
3.5478852e-05
3.5331979e-05
3.517644e-05
3.5283222e-05
3.5259966e-05
3.5326819e-05
3.5330027e-05
3.534819e-05
3.5321559e-05
3.7968721e-05
3.5394671e-05
3.5288407e-05
3.5137375e-05
3.5250048e-05
3.5229036e-05
3.5299307e-05
3.5308137e-05
3.5331437e-05
3.5321991e-05
3.7803606e-05
3.5313687e-05
3.5246751e-05
3.509939e-05
3.5217027e-05
3.5197652e-05
3.5269942e-05
3.528247e-05
3.5306915e-05
3.5300929e-05
4.0181391e-05
3.660419e-05
3.5915709e-05
3.5657625e-05
3.5683391e-05
3.5655798e-05
3.5698045e-05
3.5685947e-05
3.569455e-05
3.5648551e-05
4.3319645e-05
3.8608153e-05
3.6980902e-05
3.6326186e-05
3.6123101e-05
3.6034996e-05
3.6021236e-05
3.5998056e-05
3.5988513e-05
3.5945455e-05
4.2205689e-05
3.7870147e-05
3.6582592e-05
3.6101134e-05
3.6002068e-05
3.5954286e-05
3.5969377e-05
3.5955764e-05
3.5956557e-05
3.5915473e-05
4.376486e-05
3.8947883e-05
3.7240512e-05
3.6482194e-05
3.6192671e-05
3.6053939e-05
3.600969e-05
3.5974818e-05
3.5961201e-05
3.5923565e-05
4.2910262e-05
3.8328472e-05
3.6815554e-05
3.6223161e-05
3.6061451e-05
3.599297e-05
3.5993212e-05
3.5975898e-05
3.5971683e-05
3.5932468e-05
4.2539545e-05
3.8085339e-05
3.6691134e-05
3.6159473e-05
3.6033129e-05
3.597786e-05
3.5987115e-05
3.5971603e-05
3.596758e-05
3.5915666e-05
3.542546e-05
3.5748966e-05
3.5208175e-05
3.4914348e-05
3.4784232e-05
3.4847678e-05
3.5058719e-05
3.5387151e-05
3.5800958e-05
3.6278089e-05
3.5044261e-05
3.5419007e-05
3.5367732e-05
3.5442908e-05
3.5489338e-05
3.5616267e-05
3.5788937e-05
3.6021267e-05
3.6300367e-05
3.6622535e-05
3.7476778e-05
3.5161884e-05
3.5174218e-05
3.5037111e-05
3.5166906e-05
3.5155012e-05
3.5233411e-05
3.5256509e-05
3.5286146e-05
3.5290236e-05
3.7313991e-05
3.5080755e-05
3.5125866e-05
3.4990211e-05
3.5122842e-05
3.5113472e-05
3.5193025e-05
3.5220782e-05
3.5252724e-05
3.5263092e-05
3.7152152e-05
3.5007211e-05
3.5087764e-05
3.4957024e-05
3.5095064e-05
3.5091387e-05
3.5174158e-05
3.5209046e-05
3.5244279e-05
3.5258639e-05
3.699226e-05
3.4937448e-05
3.5052712e-05
3.4927169e-05
3.5070235e-05
3.5073067e-05
3.5159225e-05
3.5203053e-05
3.5243363e-05
3.5269585e-05
3.6834267e-05
3.4870156e-05
3.501807e-05
3.4897486e-05
3.5044396e-05
3.5053782e-05
3.5142299e-05
3.5194694e-05
3.5238484e-05
3.5276e-05
3.667522e-05
3.4801624e-05
3.497938e-05
3.486386e-05
3.5013875e-05
3.5030685e-05
3.5121447e-05
3.5182758e-05
3.5229897e-05
3.5277321e-05
3.6516114e-05
3.4736093e-05
3.4942895e-05
3.4833959e-05
3.4987005e-05
3.5012503e-05
3.5105339e-05
3.5175607e-05
3.522594e-05
3.5280041e-05
3.6358382e-05
3.4674794e-05
3.49094e-05
3.4808396e-05
3.4964033e-05
3.4999367e-05
3.5093963e-05
3.5172965e-05
3.5224471e-05
3.5278729e-05
3.6200706e-05
3.461562e-05
3.4876344e-05
3.4785794e-05
3.494501e-05
3.4993887e-05
3.5093763e-05
3.518768e-05
3.5250248e-05
3.5328514e-05
3.6045683e-05
3.456384e-05
3.4849505e-05
3.4771882e-05
3.4934114e-05
3.4997592e-05
3.5101483e-05
3.5207716e-05
3.5275983e-05
3.5357399e-05
3.5890757e-05
3.451522e-05
3.4823727e-05
3.4763161e-05
3.4929957e-05
3.5012696e-05
3.5124503e-05
3.5248581e-05
3.5330107e-05
3.5430831e-05
3.5742783e-05
3.448247e-05
3.4813885e-05
3.4775401e-05
3.4947269e-05
3.5051754e-05
3.5172149e-05
3.5313977e-05
3.5407086e-05
3.5516406e-05
3.5596607e-05
3.4454132e-05
3.4803883e-05
3.4792063e-05
3.4970229e-05
3.5101125e-05
3.5234997e-05
3.5400188e-05
3.551385e-05
3.5648347e-05
3.5454898e-05
3.4441737e-05
3.4809658e-05
3.4833543e-05
3.5022003e-05
3.5185265e-05
3.5338053e-05
3.5529054e-05
3.5664184e-05
3.5810864e-05
3.5319568e-05
3.444964e-05
3.4835477e-05
3.490607e-05
3.5110666e-05
3.5314061e-05
3.5495381e-05
3.5679558e-05
3.5764224e-05
3.5857572e-05
3.5193853e-05
3.4485802e-05
3.4889748e-05
3.5019869e-05
3.5247958e-05
3.5445296e-05
3.5558825e-05
3.5712187e-05
3.5811402e-05
3.5923028e-05
3.5075876e-05
3.4555038e-05
3.4980678e-05
3.5148177e-05
3.5311083e-05
3.548165e-05
3.5597819e-05
3.574725e-05
3.5848347e-05
3.594044e-05
3.4969634e-05
3.4683303e-05
3.5092821e-05
3.5249456e-05
3.5374682e-05
3.5552769e-05
3.5682362e-05
3.5841205e-05
3.5968482e-05
3.6096125e-05
3.4903126e-05
3.4833415e-05
3.5142284e-05
3.5313541e-05
3.542774e-05
3.5601894e-05
3.5743638e-05
3.5911857e-05
3.6067775e-05
3.6227493e-05
3.4928592e-05
3.5088568e-05
3.5218212e-05
3.5384718e-05
3.548374e-05
3.5644463e-05
3.5798236e-05
3.5980182e-05
3.6166393e-05
3.635914e-05
3.4995377e-05
3.5394111e-05
3.5357185e-05
3.5449996e-05
3.5509749e-05
3.5648476e-05
3.5829556e-05
3.6065856e-05
3.6339882e-05
3.6639055e-05
3.535221e-05
3.5715356e-05
3.5200917e-05
3.4930394e-05
3.4818491e-05
3.4897604e-05
3.5122231e-05
3.5462311e-05
3.5884262e-05
3.6360314e-05
3.6293972e-05
3.2251251e-05
3.0497034e-05
2.9826703e-05
2.9719982e-05
2.9952073e-05
3.0399517e-05
3.0989687e-05
3.1675042e-05
3.2426622e-05
3.6365166e-05
3.2307827e-05
3.0538808e-05
2.985607e-05
2.9738956e-05
2.9962029e-05
3.0401456e-05
3.0984393e-05
3.1663113e-05
3.2408764e-05
1.9902604e-05
2.3523615e-05
2.6201175e-05
2.8438015e-05
3.0360514e-05
3.2059562e-05
3.3557336e-05
3.4897871e-05
3.6092442e-05
2.0410019e-05
2.2698009e-05
2.426708e-05
2.5665911e-05
2.6995547e-05
2.8283224e-05
2.9522597e-05
3.071891e-05
3.1868077e-05
3.4960418e-05
3.5107077e-05
3.5227949e-05
3.5382354e-05
3.5472693e-05
3.5624491e-05
3.577267e-05
3.5953522e-05
3.6149176e-05
3.6370215e-05
3.4934928e-05
3.4858105e-05
3.5150482e-05
3.5313787e-05
3.5422142e-05
3.5589366e-05
3.5727591e-05
3.5896543e-05
3.6064441e-05
3.6254282e-05
3.4990143e-05
3.4713224e-05
3.5110559e-05
3.5251888e-05
3.537265e-05
3.5545189e-05
3.5672518e-05
3.5832954e-05
3.5973228e-05
3.6130406e-05
3.5088807e-05
3.4577807e-05
3.5007213e-05
3.5163268e-05
3.5311707e-05
3.5478193e-05
3.559315e-05
3.5745142e-05
3.5860415e-05
3.5982564e-05
3.5201802e-05
3.450297e-05
3.4909114e-05
3.5041716e-05
3.5259497e-05
3.5445715e-05
3.5558583e-05
3.5715423e-05
3.5829848e-05
3.597217e-05
3.532432e-05
3.4463173e-05
3.4850091e-05
3.4922834e-05
3.5126792e-05
3.5329458e-05
3.5507121e-05
3.568925e-05
3.5787151e-05
3.5911308e-05
3.5457725e-05
3.4453028e-05
3.4821207e-05
3.4847052e-05
3.5034316e-05
3.5196837e-05
3.5349982e-05
3.5545544e-05
3.5696301e-05
3.5869742e-05
3.5598434e-05
3.4464083e-05
3.4813391e-05
3.4803359e-05
3.4979786e-05
3.5109779e-05
3.5243552e-05
3.5412965e-05
3.5541605e-05
3.5705846e-05
3.574436e-05
3.4491874e-05
3.4822307e-05
3.4785543e-05
3.4955287e-05
3.5058852e-05
3.5178953e-05
3.5325003e-05
3.5433172e-05
3.5572394e-05
3.5892653e-05
3.4524738e-05
3.4831892e-05
3.4773084e-05
3.4937532e-05
3.5019421e-05
3.5130829e-05
3.5259138e-05
3.5355654e-05
3.5486008e-05
3.6048263e-05
3.4573873e-05
3.4857931e-05
3.478215e-05
3.4941902e-05
3.5004679e-05
3.5108181e-05
3.5218803e-05
3.5302296e-05
3.5413702e-05
3.6204188e-05
3.4626434e-05
3.488539e-05
3.4796792e-05
3.4953474e-05
3.5001788e-05
3.5101253e-05
3.5199593e-05
3.5277279e-05
3.5385216e-05
3.6362845e-05
3.4686481e-05
3.4919228e-05
3.4820288e-05
3.4973367e-05
3.5008276e-05
3.5102465e-05
3.518597e-05
3.5252531e-05
3.5336485e-05
3.6521587e-05
3.4748722e-05
3.4953626e-05
3.4846881e-05
3.4997427e-05
3.5022681e-05
3.5115199e-05
3.5190173e-05
3.5255662e-05
3.5339842e-05
3.6681637e-05
3.4815114e-05
3.4990941e-05
3.4877694e-05
3.5025244e-05
3.504193e-05
3.5132351e-05
3.51984e-05
3.5260515e-05
3.5337863e-05
3.6841578e-05
3.4884412e-05
3.5030319e-05
3.4912034e-05
3.5056478e-05
3.5065787e-05
3.5153885e-05
3.5210998e-05
3.5269494e-05
3.5336728e-05
3.7000449e-05
3.4952404e-05
3.5065558e-05
3.4942295e-05
3.508285e-05
3.5085597e-05
3.5171192e-05
3.5219573e-05
3.5274065e-05
3.5329403e-05
3.7161259e-05
3.5022899e-05
3.5101218e-05
3.4972731e-05
3.5108257e-05
3.5104507e-05
3.5186624e-05
3.5226044e-05
3.52752e-05
3.5318556e-05
3.7324066e-05
3.5097218e-05
3.5139991e-05
3.5006558e-05
3.5136677e-05
3.512728e-05
3.520613e-05
3.5238408e-05
3.5284051e-05
3.5323214e-05
3.7487866e-05
3.5179138e-05
3.518899e-05
3.505405e-05
3.518134e-05
3.5169434e-05
3.5247069e-05
3.5274665e-05
3.5317864e-05
3.5350515e-05
3.7646852e-05
3.524641e-05
3.5215108e-05
3.5074846e-05
3.5196919e-05
3.5182515e-05
3.5259102e-05
3.5283677e-05
3.5327155e-05
3.5361552e-05
3.7816781e-05
3.533264e-05
3.5263007e-05
3.5117726e-05
3.5232932e-05
3.5213628e-05
3.5285155e-05
3.5302168e-05
3.5340004e-05
3.5362089e-05
3.7982965e-05
3.5414468e-05
3.5305367e-05
3.5156348e-05
3.5266614e-05
3.5245681e-05
3.5315171e-05
3.5328384e-05
3.5364834e-05
3.5382966e-05
3.8151279e-05
3.5499492e-05
3.5349596e-05
3.5195947e-05
3.5300315e-05
3.5277104e-05
3.5343111e-05
3.5350579e-05
3.538162e-05
3.538221e-05
3.832105e-05
3.5584941e-05
3.5392311e-05
3.5233819e-05
3.5332949e-05
3.5309463e-05
3.5374731e-05
3.5381586e-05
3.5415362e-05
3.5425038e-05
3.8494955e-05
3.5673213e-05
3.5435391e-05
3.5270248e-05
3.5362682e-05
3.5337983e-05
3.540105e-05
3.5405789e-05
3.5439112e-05
3.5447749e-05
3.86738e-05
3.5769475e-05
3.5486836e-05
3.5314838e-05
3.5399873e-05
3.5372788e-05
3.5430936e-05
3.542915e-05
3.5454419e-05
3.5442269e-05
3.8853207e-05
3.5865752e-05
3.5537067e-05
3.5358628e-05
3.5438034e-05
3.5411792e-05
3.5469565e-05
3.5468855e-05
3.5498333e-05
3.5498196e-05
3.9036178e-05
3.5963528e-05
3.5586001e-05
3.5398781e-05
3.5470877e-05
3.5444208e-05
3.5499943e-05
3.5498134e-05
3.5527497e-05
3.5524986e-05
3.9224683e-05
3.6070398e-05
3.5644811e-05
3.5448381e-05
3.5512279e-05
3.5483515e-05
3.5534096e-05
3.5526262e-05
3.5547378e-05
3.5524087e-05
3.9413231e-05
3.6177718e-05
3.5703426e-05
3.5498686e-05
3.5556851e-05
3.5529885e-05
3.5580625e-05
3.5575055e-05
3.5600454e-05
3.5591182e-05
3.9604447e-05
3.6283026e-05
3.5755341e-05
3.5539043e-05
3.5589487e-05
3.5562992e-05
3.5612272e-05
3.5606722e-05
3.5631449e-05
3.5618801e-05
3.9804547e-05
3.6397951e-05
3.5815636e-05
3.5585359e-05
3.5625668e-05
3.5597004e-05
3.5641758e-05
3.5633018e-05
3.5653876e-05
3.5635037e-05
4.0009325e-05
3.6523398e-05
3.5889063e-05
3.5647293e-05
3.5680458e-05
3.5652816e-05
3.5696283e-05
3.56881e-05
3.5709326e-05
3.5693038e-05
4.0212277e-05
3.6637227e-05
3.5942976e-05
3.5684791e-05
3.5708254e-05
3.5680558e-05
3.5721956e-05
3.5713352e-05
3.5732615e-05
3.5710396e-05
4.0430024e-05
3.677118e-05
3.6017971e-05
3.5742463e-05
3.5755071e-05
3.5725875e-05
3.576386e-05
3.5754335e-05
3.577286e-05
3.5753029e-05
4.0650127e-05
3.6903684e-05
3.6087539e-05
3.5793394e-05
3.5795982e-05
3.5767448e-05
3.5804426e-05
3.579649e-05
3.5815363e-05
3.5799209e-05
4.0880871e-05
3.7041857e-05
3.6156674e-05
3.5838644e-05
3.5827165e-05
3.5795827e-05
3.5828073e-05
3.5817425e-05
3.5830921e-05
3.580255e-05
4.1126543e-05
3.7196524e-05
3.6240984e-05
3.5898026e-05
3.5872568e-05
3.5839324e-05
3.5868541e-05
3.5858416e-05
3.5872513e-05
3.5852636e-05
4.1381699e-05
3.7355172e-05
3.6323212e-05
3.5951233e-05
3.5909823e-05
3.5873925e-05
3.5899479e-05
3.588844e-05
3.5899797e-05
3.5874057e-05
4.1654006e-05
3.7531261e-05
3.6419497e-05
3.6015839e-05
3.5957368e-05
3.5918654e-05
3.5941059e-05
3.5930378e-05
3.5941976e-05
3.5919652e-05
4.1940057e-05
3.7711661e-05
3.6510558e-05
3.6068896e-05
3.5990137e-05
3.5947394e-05
3.5966158e-05
3.5955291e-05
3.5965183e-05
3.5940163e-05
4.2252657e-05
3.7916168e-05
3.6618889e-05
3.6133772e-05
3.6031509e-05
3.5983032e-05
3.5997372e-05
3.5986534e-05
3.5996223e-05
3.5975753e-05
4.2589092e-05
3.8133443e-05
3.672877e-05
3.6192729e-05
3.6062898e-05
3.6006743e-05
3.6015226e-05
3.600232e-05
3.6006811e-05
3.5974788e-05
4.2962668e-05
3.8378881e-05
3.6854644e-05
3.625705e-05
3.6091491e-05
3.6021899e-05
3.6021306e-05
3.6006392e-05
3.6010316e-05
3.5990304e-05
4.3375248e-05
3.8661063e-05
3.7021437e-05
3.6360604e-05
3.6153173e-05
3.6063571e-05
3.6048802e-05
3.6027726e-05
3.6025875e-05
3.6001329e-05
4.3824149e-05
3.9003385e-05
3.7283328e-05
3.6518186e-05
3.6223721e-05
3.6082926e-05
3.6037335e-05
3.6004161e-05
3.5997695e-05
3.5977804e-05
4.4247452e-05
3.952277e-05
3.7732326e-05
3.6768726e-05
3.6299e-05
3.6057066e-05
3.5955076e-05
3.5899287e-05
3.5881289e-05
3.5858775e-05
4.7228567e-05
3.5059361e-05
3.5365177e-05
3.5015834e-05
3.4820688e-05
3.4947671e-05
3.527427e-05
3.5714204e-05
3.6202735e-05
3.6730812e-05
2.5156185e-05
2.6682011e-05
2.7000986e-05
2.7544843e-05
2.824786e-05
2.9051787e-05
2.9922216e-05
3.0836674e-05
3.1774618e-05
2.5290334e-05
2.6807923e-05
2.7108986e-05
2.7640095e-05
2.8334104e-05
2.9131138e-05
2.9996207e-05
3.0906802e-05
3.1842669e-05
2.051515e-05
2.2787071e-05
2.4342934e-05
2.5731324e-05
2.7053119e-05
2.8334438e-05
2.956893e-05
3.0762158e-05
3.1910744e-05
1.9997104e-05
2.3600625e-05
2.6264769e-05
2.8490677e-05
3.0405272e-05
3.2098034e-05
3.3592034e-05
3.4932485e-05
3.6133157e-05
3.24652e-05
3.2521457e-05
3.6014634e-05
3.6153882e-05
2.7234336e-05
2.7199871e-05
3.4375975e-05
3.0234815e-05
3.0194655e-05
3.5806341e-05
2.6041651e-05
2.6006027e-05
3.0237157e-05
3.0309113e-05
3.306155e-05
3.1115996e-05
3.1112645e-05
3.3315858e-05
4.6663941e-05
1.9905082e-05
4.4218338e-05
4.4236151e-05
2.8893017e-05
2.8862838e-05
3.427313e-05
3.1868638e-05
3.1844168e-05
3.0354292e-05
3.0594159e-05
3.1527761e-05
3.158393e-05
3.4539285e-05
3.4595015e-05
3.2613883e-05
3.7544673e-05
2.9690544e-05
2.9626869e-05
3.3029708e-05
3.3068353e-05
3.1414647e-05
3.1346321e-05
3.2725925e-05
3.2810415e-05
4.4609128e-05
3.0925568e-05
3.0889717e-05
4.6663941e-05
2.9974907e-05
2.9982236e-05
3.3171382e-05
3.325625e-05
3.1891237e-05
3.1879778e-05
3.0852362e-05
3.0947421e-05
3.2300312e-05
3.2308431e-05
2.6315259e-05
2.6388145e-05
2.8679802e-05
2.8736854e-05
2.8563146e-05
2.8505284e-05
3.5653847e-05
3.3007082e-05
3.3016421e-05
2.8611439e-05
2.8551381e-05
3.3372978e-05
3.3450318e-05
3.0927206e-05
3.0992204e-05
3.7392652e-05
2.847987e-05
2.8394078e-05
3.3718233e-05
3.3655996e-05
3.1316605e-05
3.1280178e-05
3.1492268e-05
3.1550603e-05
3.1303091e-05
3.1291809e-05
3.4259993e-05
3.4246218e-05
2.9500305e-05
2.9554793e-05
3.513531e-05
3.5056675e-05
3.1590608e-05
3.1523827e-05
2.9240895e-05
2.929276e-05
3.5226989e-05
3.5167681e-05
2.843359e-05
2.8489439e-05
3.9488869e-05
3.6219079e-05
3.6290882e-05
2.0304536e-05
2.8658707e-05
2.8697306e-05
2.8812235e-05
2.8750659e-05
3.1425669e-05
3.1359481e-05
4.4560334e-05
3.4797321e-05
4.4812001e-05
3.4847057e-05
2.938462e-05
2.933575e-05
2.8426155e-05
2.8476785e-05
2.9690176e-05
2.9716004e-05
3.2569478e-05
3.2570294e-05
2.8204434e-05
2.8151441e-05
3.4902067e-05
3.4950743e-05
2.6285979e-05
2.8905898e-05
2.8956914e-05
2.6903785e-05
4.4507429e-05
4.4527206e-05
2.8373342e-05
2.8423492e-05
2.9994115e-05
2.9306153e-05
2.9349059e-05
2.9979726e-05
3.0099194e-05
3.014122e-05
3.3483193e-05
3.3438943e-05
2.4007748e-05
3.0658502e-05
3.0665994e-05
2.7833225e-05
2.7772561e-05
2.9050844e-05
2.9102915e-05
2.6820752e-05
2.6862877e-05
3.0683989e-05
3.0764654e-05
2.4009286e-05
2.8433814e-05
2.8473929e-05
3.5779028e-05
3.6029545e-05
4.4464631e-05
2.677524e-05
2.6719727e-05
2.9713653e-05
2.978417e-05
3.300715e-05
3.3070414e-05
3.4933076e-05
3.4989489e-05
3.0636891e-05
3.0672887e-05
2.7117697e-05
2.7064548e-05
3.2078605e-05
3.2076903e-05
2.9728293e-05
2.9679695e-05
4.4164821e-05
3.049267e-05
3.0533781e-05
2.9376452e-05
2.9449568e-05
4.4849406e-05
2.9233686e-05
2.9288864e-05
4.1765662e-05
3.5902778e-05
4.4218655e-05
2.6706544e-05
2.6611466e-05
2.6464846e-05
2.6412933e-05
3.1074157e-05
3.1047071e-05
3.6329064e-05
2.7744358e-05
2.7690991e-05
4.4849406e-05
2.8164259e-05
2.8222483e-05
2.9303257e-05
2.9271799e-05
3.1120781e-05
3.108301e-05
3.0248506e-05
3.029461e-05
4.4037824e-05
4.4031959e-05
4.4527206e-05
4.3925405e-05
4.3927457e-05
3.5685971e-05
2.9733124e-05
2.9684162e-05
3.6325326e-05
3.6384852e-05
2.9923956e-05
2.9860974e-05
3.6451204e-05
2.8868802e-05
2.8804063e-05
3.5753818e-05
4.4507429e-05
3.079948e-05
3.0888785e-05
3.2319676e-05
3.2392147e-05
3.2203146e-05
3.2184275e-05
3.7219678e-05
3.7954876e-05
3.7979749e-05
3.0145715e-05
3.0218042e-05
2.9871511e-05
2.9836015e-05
2.8327951e-05
2.8278507e-05
3.1381292e-05
3.1339089e-05
3.4157302e-05
3.4091434e-05
3.0927703e-05
3.0882589e-05
2.9495527e-05
2.9479807e-05
4.3927457e-05
4.3925405e-05
3.7780312e-05
3.4577372e-05
3.463457e-05
3.1903629e-05
3.1973326e-05
3.8783877e-05
2.9365946e-05
2.9413044e-05
2.957509e-05
2.9537584e-05
2.7867557e-05
2.7902936e-05
4.3947533e-05
4.3932228e-05
3.2037536e-05
2.9838101e-05
2.9782074e-05
2.7310737e-05
2.7378745e-05
4.4375861e-05
4.4394233e-05
3.1670186e-05
3.1655267e-05
2.9140958e-05
2.9172493e-05
2.8607849e-05
2.864226e-05
3.1840716e-05
3.1887043e-05
2.6991748e-05
2.7027038e-05
2.8943088e-05
2.9009299e-05
3.2134508e-05
3.2063366e-05
3.5454311e-05
3.5376624e-05
3.3607574e-05
3.3529592e-05
2.8723921e-05
2.8787868e-05
3.1236133e-05
3.1242302e-05
4.3855752e-05
4.3858648e-05
3.0097944e-05
3.005458e-05
4.4037824e-05
4.4031959e-05
2.9676878e-05
2.9723105e-05
2.590937e-05
2.5857804e-05
4.4502117e-05
3.940107e-05
3.9361979e-05
2.894832e-05
2.9498369e-05
2.9039272e-05
2.9558137e-05
3.2049945e-05
3.1978635e-05
2.826605e-05
2.8258569e-05
2.9539845e-05
2.9536105e-05
3.3423032e-05
3.3479318e-05
2.968434e-05
2.9746598e-05
3.0786011e-05
3.0777448e-05
2.8327586e-05
2.8355982e-05
2.9809356e-05
2.9743074e-05
3.7403095e-05
3.3578734e-05
3.363991e-05
2.9381237e-05
2.942333e-05
3.7228456e-05
3.0004199e-05
2.594992e-05
2.5956417e-05
2.7683872e-05
2.7676601e-05
3.0036513e-05
2.9186041e-05
2.9161566e-05
3.5197969e-05
3.5120421e-05
3.0210366e-05
3.0229183e-05
2.9661548e-05
2.9612068e-05
2.7796761e-05
2.7883382e-05
3.0667159e-05
3.0605383e-05
2.9239283e-05
2.9289373e-05
2.8601909e-05
2.8644086e-05
2.8590815e-05
2.8517674e-05
3.3102407e-05
3.3163768e-05
3.5355913e-05
3.541173e-05
4.3973333e-05
4.3969601e-05
2.9220479e-05
2.9156772e-05
3.0595098e-05
3.0529752e-05
2.9260449e-05
2.9208569e-05
2.6922366e-05
2.6975245e-05
4.3716242e-05
4.3735877e-05
2.9135551e-05
2.9088363e-05
3.498457e-05
3.5036023e-05
4.3977355e-05
4.3920935e-05
3.4745521e-05
3.4671123e-05
4.4218569e-05
2.8111168e-05
2.8050333e-05
2.884354e-05
2.8900266e-05
4.3545523e-05
4.3569892e-05
4.4342784e-05
3.3451126e-05
3.353743e-05
2.805859e-05
2.8095187e-05
2.9000131e-05
2.9075989e-05
4.3490316e-05
4.3459447e-05
3.3728284e-05
3.3788651e-05
4.4368966e-05
4.4047216e-05
4.4054858e-05
3.0906151e-05
3.0965355e-05
3.1298899e-05
3.1361684e-05
3.3501717e-05
3.3435736e-05
4.3490316e-05
4.3459447e-05
2.9594352e-05
2.9562487e-05
2.9450566e-05
2.948647e-05
3.4506612e-05
3.4425715e-05
4.4375861e-05
4.4394233e-05
3.3237462e-05
3.3178546e-05
2.7428585e-05
2.7423678e-05
2.962017e-05
2.9677037e-05
3.4150377e-05
3.4210278e-05
3.2729905e-05
3.2690479e-05
2.8942663e-05
2.900574e-05
2.6951175e-05
2.6861213e-05
3.9216896e-05
3.8091137e-05
3.0586067e-05
3.0526617e-05
2.8560694e-05
2.8448952e-05
2.9945282e-05
2.9884944e-05
2.6839959e-05
2.6835969e-05
2.9334336e-05
2.9309782e-05
3.3058882e-05
3.2628919e-05
3.2600519e-05
3.2152443e-05
3.2125791e-05
3.8726398e-05
3.1647572e-05
3.1707044e-05
4.4609128e-05
3.3018287e-05
3.2129759e-05
3.2192015e-05
3.0991551e-05
3.1030367e-05
4.4218655e-05
2.8838401e-05
2.8897104e-05
4.4164821e-05
3.0808707e-05
3.0772613e-05
3.0508736e-05
3.0540001e-05
3.1401175e-05
3.1400129e-05
2.9948888e-05
2.9888548e-05
3.9482736e-05
3.9436957e-05
2.7746328e-05
2.7752541e-05
3.3211222e-05
3.3238048e-05
3.1563841e-05
2.9394902e-05
2.9358434e-05
3.1138601e-05
3.1165584e-05
3.4215342e-05
2.9165614e-05
2.9225941e-05
3.2089069e-05
3.2111961e-05
3.4288684e-05
2.8442751e-05
2.8469198e-05
3.2366845e-05
2.9341996e-05
2.9368199e-05
3.6534006e-05
3.6588945e-05
3.8131444e-05
4.3948953e-05
4.3956721e-05
3.280952e-05
3.2737281e-05
3.090252e-05
3.0846337e-05
4.361486e-05
4.3566652e-05
3.7287165e-05
3.6333525e-05
3.1635039e-05
3.1545133e-05
4.3977355e-05
4.3920935e-05
2.9034863e-05
2.9089996e-05
3.2783471e-05
3.2703116e-05
4.3932228e-05
4.3947533e-05
3.2098164e-05
3.2125646e-05
2.7600646e-05
2.7615138e-05
2.9248103e-05
2.9187043e-05
2.9459002e-05
2.9404066e-05
2.9389699e-05
2.9321271e-05
3.3326039e-05
3.3390614e-05
3.0161421e-05
3.0022137e-05
3.1828473e-05
3.1829168e-05
3.4925738e-05
3.4842039e-05
3.3743429e-05
3.6846996e-05
3.6621566e-05
3.4589312e-05
3.4506745e-05
2.9213104e-05
2.9295256e-05
3.6081595e-05
3.3180975e-05
3.3118871e-05
4.3847557e-05
4.3845384e-05
4.3816661e-05
4.3814354e-05
2.9945146e-05
2.9877916e-05
4.3874549e-05
4.3872411e-05
4.3847557e-05
4.3845384e-05
4.3816661e-05
4.3814354e-05
4.382066e-05
4.3818017e-05
2.9419247e-05
2.9341392e-05
2.8548642e-05
2.8480644e-05
4.3818017e-05
4.382066e-05
4.3872411e-05
4.3874549e-05
3.3815172e-05
3.4441065e-05
4.4560334e-05
3.4100288e-05
3.4164112e-05
3.4228852e-05
3.4290916e-05
2.7604517e-05
2.7568007e-05
3.3692051e-05
3.9537057e-05
3.8117185e-05
2.8805905e-05
2.8730592e-05
3.0251471e-05
3.0315923e-05
2.7450262e-05
2.7486563e-05
4.0119902e-05
2.8373518e-05
2.8336908e-05
2.7346119e-05
2.7425368e-05
3.3757246e-05
2.5562722e-05
3.0832219e-05
3.08223e-05
2.7192834e-05
2.8723022e-05
2.8717684e-05
3.0179771e-05
3.0212316e-05
3.1689441e-05
3.16738e-05
4.4502117e-05
3.184971e-05
3.1915404e-05
3.8040895e-05
3.7992636e-05
2.9205748e-05
2.9239394e-05
3.2091037e-05
3.2076602e-05
3.2777699e-05
3.2221367e-05
3.1928077e-05
3.1915143e-05
4.4698192e-05
3.9813394e-05
3.4558133e-05
3.510458e-05
4.4719241e-05
3.014289e-05
3.02055e-05
2.9693081e-05
2.9764818e-05
2.8253007e-05
3.5208197e-05
2.8287755e-05
3.513846e-05
2.9677537e-05
2.9718511e-05
2.8294469e-05
2.8317597e-05
3.2216167e-05
3.2264832e-05
3.3632144e-05
3.368427e-05
4.4368966e-05
3.5841671e-05
3.5866079e-05
3.5355372e-05
4.4375861e-05
4.4394233e-05
1.7896998e-05
3.364866e-05
3.2601101e-05
3.2625723e-05
3.3140878e-05
4.4609128e-05
2.4855005e-05
4.4698192e-05
4.4719241e-05
3.1001715e-05
3.1070649e-05
2.0406048e-05
4.3486052e-05
4.3449077e-05
3.0044937e-05
3.0133148e-05
2.9051968e-05
2.7878209e-05
4.3932228e-05
4.3947533e-05
2.5571623e-05
2.5738638e-05
4.4527206e-05
1.7051923e-05
3.1990727e-05
1.8215924e-05
3.3568276e-05
3.3569984e-05
3.4156381e-05
3.4156309e-05
4.4507429e-05
4.4047216e-05
4.4054858e-05
4.1022939e-05
4.1977687e-05
4.0706276e-05
1.5795434e-05
1.5946033e-05
4.3969601e-05
4.3973333e-05
2.4477284e-05
4.3925405e-05
4.3927457e-05
2.6370521e-05
2.6378239e-05
1.1717237e-05
2.6450256e-05
2.6493954e-05
2.6707313e-05
2.6760744e-05
2.7564208e-05
2.7654016e-05
2.8253946e-05
2.8320601e-05
2.5908328e-05
2.5759185e-05
3.0808191e-05
3.67802e-05
3.1823702e-05
3.1810685e-05
2.4967647e-05
2.6273481e-05
2.6364589e-05
2.6665748e-05
2.6676085e-05
2.7802594e-05
2.7872823e-05
2.6875145e-05
2.6810622e-05
2.8114402e-05
2.8044383e-05
4.4159446e-05
4.4166994e-05
2.841245e-05
2.8306997e-05
2.7594716e-05
2.7520185e-05
2.755107e-05
2.7629447e-05
4.392012e-05
4.3922396e-05
4.3969601e-05
4.3973333e-05
2.8116726e-05
2.8184843e-05
2.7797782e-05
2.7702087e-05
2.7610552e-05
2.751741e-05
4.3993361e-05
4.3991243e-05
2.8592612e-05
2.8482956e-05
2.7430317e-05
2.7518095e-05
4.3947533e-05
4.3932228e-05
3.4709821e-05
2.4087524e-05
2.412868e-05
2.47466e-05
2.4817949e-05
2.9387117e-05
2.9437448e-05
3.3742695e-05
3.3607216e-05
4.3993361e-05
4.3991243e-05
2.5877607e-05
2.5911616e-05
4.3820422e-05
4.3802337e-05
4.3545523e-05
4.3569892e-05
4.3735877e-05
4.3716242e-05
4.3490316e-05
4.3459447e-05
4.3569892e-05
4.3545523e-05
2.2015811e-05
2.172552e-05
4.3486052e-05
4.3449077e-05
2.7481048e-05
2.7391161e-05
2.7528049e-05
2.7442646e-05
2.3679556e-05
2.3612833e-05
4.3486052e-05
4.3449077e-05
2.781563e-05
4.4031959e-05
4.4037824e-05
2.7747112e-05
2.1319347e-05
2.1287315e-05
4.4047216e-05
4.4054858e-05
2.8244516e-05
2.8311595e-05
4.361486e-05
4.3566652e-05
2.4912058e-05
2.4848069e-05
2.7480261e-05
2.7562979e-05
2.5971883e-05
2.5941857e-05
2.2853951e-05
2.2787108e-05
3.2010427e-05
2.2036136e-05
2.2083853e-05
3.007934e-05
3.0388576e-05
2.1534305e-05
2.1563941e-05
2.3422303e-05
2.340995e-05
4.3963395e-05
4.3935215e-05
2.4695098e-05
2.4642561e-05
2.1049626e-05
2.1020088e-05
2.5700762e-05
2.5641739e-05
2.5157409e-05
2.509133e-05
2.3927106e-05
2.3896706e-05
2.4461715e-05
2.4406452e-05
2.2207272e-05
2.2241088e-05
2.3837634e-05
2.3906985e-05
1.6585892e-05
2.2305698e-05
2.2336289e-05
2.346023e-05
2.3491813e-05
2.5057365e-05
2.5094928e-05
2.2920545e-05
2.2976842e-05
2.1594469e-05
2.1662061e-05
2.2305405e-05
2.6396584e-05
2.6486134e-05
2.5226703e-05
2.5139087e-05
4.4812001e-05
2.3276021e-05
2.3363335e-05
2.3339636e-05
2.337401e-05
4.4464631e-05
2.2584074e-05
2.2534311e-05
2.578597e-05
2.5818809e-05
4.4368966e-05
2.2444816e-05
2.2489236e-05
2.8432315e-05
2.8334346e-05
4.3948953e-05
4.3956721e-05
2.8047055e-05
2.7949261e-05
2.2097005e-05
2.2149965e-05
2.1793989e-05
2.7821194e-05
2.7891408e-05
2.6145608e-05
2.6169488e-05
2.8391457e-05
2.8457688e-05
4.4159446e-05
4.4166994e-05
2.7563973e-05
2.7633658e-05
1.6398665e-05
2.3317542e-05
2.3381629e-05
2.7564842e-05
2.7637455e-05
2.7377933e-05
2.7451935e-05
2.7975597e-05
2.7908365e-05
4.3816661e-05
4.3814354e-05
4.3890701e-05
4.3889321e-05
4.3845384e-05
4.3847557e-05
4.392012e-05
4.3922396e-05
4.3874549e-05
4.3872411e-05
4.361486e-05
4.3566652e-05
4.4164821e-05
4.4218655e-05
2.300347e-05
2.30579e-05
2.5091812e-05
2.5176379e-05
4.4394233e-05
4.4375861e-05
2.7018584e-05
2.7150785e-05
2.1573217e-05
2.1516086e-05
2.2806948e-05
2.2762783e-05
2.3006493e-05
2.3091302e-05
3.0704442e-05
3.0653782e-05
3.0546775e-05
3.0688099e-05
2.7859984e-05
2.6270851e-05
2.6334302e-05
2.4570623e-05
2.4506585e-05
2.9488333e-05
2.6344875e-05
2.5575404e-05
3.3300869e-05
)
;

boundaryField
{
    oversetFaces
    {
        type            overset;
        coupledFringe   false;
        conservativeCorrection false;
        setHoleCellValue false;
        holeCellValue   0;
        value           nonuniform 0();
    }
    back
    {
        type            empty;
    }
    out
    {
        type            zeroGradient;
    }
    bottom
    {
        type            zeroGradient;
    }
    in
    {
        type            zeroGradient;
    }
    top
    {
        type            zeroGradient;
    }
    front
    {
        type            empty;
    }
    wall
    {
        type            zeroGradient;
    }
    cylinder
    {
        type            zeroGradient;
    }
}


// ************************************************************************* //
