/*--------------------------------*- C++ -*----------------------------------*\
| =========                 |                                                 |
| \\      /  F ield         | foam-extend: Open Source CFD                    |
|  \\    /   O peration     | Version:     4.1                                |
|   \\  /    A nd           | Web:         http://www.foam-extend.org         |
|    \\/     M anipulation  |                                                 |
\*---------------------------------------------------------------------------*/
FoamFile
{
    version     2.0;
    format      ascii;
    class       volScalarField;
    location    "1";
    object      static(p)_coeff;
}
// * * * * * * * * * * * * * * * * * * * * * * * * * * * * * * * * * * * * * //

dimensions      [0 0 0 0 0 0 0];

internalField   nonuniform List<scalar> 
4242
(
-219454.8
-219033.33
-218373.41
-217603.06
-216703.78
-215669.66
-214493.12
-213174.88
-211726.33
-210172.49
-208552.7
-206918.21
-205330.39
-203863.95
-202576.42
-201339.18
-224025.55
-223536.34
-222714.7
-221775.13
-220713.2
-219530.92
-218228.07
-216810.25
-215288.33
-213680.1
-212011.11
-210314.42
-208630.75
-207014.37
-205527.12
-204165.81
-229326.42
-228801.45
-227873.77
-226820.93
-225634.06
-224310.75
-222850.88
-221262.14
-219558.49
-217761.09
-215898.75
-214006.56
-212123.33
-210291.88
-208557.65
-206976.76
-233888.58
-233387.23
-232411.08
-231287.94
-230021.13
-228602.25
-227030.06
-225311.79
-223461.91
-221503.55
-219468.31
-217394.36
-215323.9
-213301.98
-211369.67
-209569.97
-235290.27
-234862.52
-233931.4
-232828.56
-231597.02
-230223.74
-228704.48
-227043.19
-225249.95
-223343.27
-221349.74
-219303.07
-217242.6
-215210.59
-213243.24
-211332.59
-231988.59
-231722.8
-231012.35
-230106.49
-229101.98
-227994.74
-226776.44
-225446.15
-224006.24
-222464.9
-220836.78
-219142.4
-217407.73
-215662.85
-213943.23
-212254.22
-225558.24
-225421.43
-225045.13
-224486.12
-223832.64
-223114.5
-222336.11
-221495.46
-220586.29
-219601.18
-218536.46
-217394.82
-216186.53
-214927.9
-213644.39
-212338.6
-219590.27
-219522.12
-219375.39
-219097.96
-218728.25
-218306.94
-217842.97
-217347.91
-216828.28
-216279.25
-215689.94
-215050.55
-214356.77
-213609.77
-212819.63
-211985.48
-216292.82
-216250.21
-216181.32
-216097.06
-215921.52
-215602.6
-215200.39
-214784.2
-214347.55
-213896.34
-213449.42
-213022.79
-212624.15
-212250.34
-211887.93
-211505.88
-214168.38
-214158.42
-214140.25
-214116.2
-214112.75
-214105.15
-213957.98
-213603.61
-213104.71
-212587.23
-212060.32
-211605.26
-211299.94
-211157.68
-211134.32
-211178.65
-211852.62
-211868.23
-211892.22
-211917.78
-211927.05
-211895.25
-211852.9
-211714.46
-211328.82
-210562.45
-209767.04
-209364.08
-209502.14
-209878.52
-210262.46
-210613.92
-211146.98
-211159.07
-211183.93
-211224.86
-211216.29
-211115.51
-210888.71
-210505.15
-210062.08
-209617.07
-209140.33
-208779.51
-209299.16
-210098.2
-210586.81
-210754.22
-207043.09
-206724.84
-206237.98
-205695.19
-205090.95
-204426.69
-203709.33
-202950.54
-202167.64
-201383.41
-200625.16
-199923.34
-199312.72
-198833.06
-198478.62
-198127.08
-197077.37
-196880.35
-196576.86
-196242.65
-195880.13
-195493.08
-195090.02
-194683.39
-194290.32
-193932.53
-193635.43
-193426.43
-193335.25
-193393.88
-193616.19
-193931.83
-187884.98
-187783.97
-187628.29
-187464.42
-187300.37
-187144.02
-187007.41
-186906.23
-186859.73
-186889.98
-187020.17
-187272.86
-187670.82
-188235.93
-188961.14
-189737.2
-180669.26
-180639.24
-180595.64
-180563.33
-180553
-180575.88
-180646.77
-180783.86
-181008.28
-181342.84
-181810.05
-182430.69
-183225.37
-184211.44
-185367.2
-186556.3
-176087.19
-176093.08
-176109.63
-176150.79
-176228.14
-176355
-176548.01
-176826.91
-177213.82
-177731.7
-178402.18
-179244.66
-180277.61
-181508.46
-182875.42
-184167.91
-235567.55
-235026.4
-234087.87
-233023.09
-231819.15
-230473.73
-228985.71
-227361.27
-225613.1
-223761.01
-221831.31
-219855.31
-217867.18
-215905.87
-214021.06
-212277.13
-174776.74
-174792.85
-174826.13
-174885.63
-174982.06
-175128.58
-175341.39
-175639.6
-176044.62
-176578.79
-177263.28
-178115.61
-179146.77
-180359
-181734.38
-183205.28
-174491.25
-174509.6
-174546.85
-174611.48
-174713.84
-174866.68
-175085.6
-175388.9
-175797.08
-176331.68
-177013.35
-177859.7
-178883.17
-180085.98
-181445.14
-182887.66
-175443.89
-175448.72
-175463.28
-175501.64
-175575.29
-175697.32
-175884.06
-176154.9
-176531.66
-177037.09
-177692.83
-178518.83
-179534.47
-180748.17
-182096.42
-183367.49
-179688.24
-179654.82
-179605.29
-179565.21
-179545.07
-179555.84
-179612.17
-179732.17
-179937.07
-180250.02
-180693.95
-181290.94
-182065.77
-183043.49
-184193.4
-185315.98
-186356.09
-186250.52
-186087.21
-185913.81
-185738.15
-185568.17
-185416.08
-185297.86
-185233.26
-185244.85
-185356.15
-185590.68
-185976.48
-186547.24
-187277.48
-187920.08
-194678.32
-194478.33
-194169.22
-193828.67
-193459.51
-193066.43
-192658.95
-192250.52
-191858.94
-191506.03
-191216.2
-191015.06
-190931.01
-190994.71
-191213.69
-191537.79
-203559.6
-203245.79
-202763.51
-202229.55
-201640.05
-200998.34
-200313.01
-199596.56
-198865.78
-198141.42
-197447.33
-196809.97
-196261.83
-195841.22
-195545.52
-195252.34
-234251.1
-234203.66
-234114.55
-234024.03
-233953.06
-233909.98
-233902.73
-233986.34
-234220.7
-234579.76
-235148.32
-235104.74
-234025.01
-232023.69
-229363.02
-226186.97
-233360.04
-233340.88
-233279.88
-233168.66
-233018.85
-232873.63
-232764.22
-232636.61
-232389.78
-232077.31
-231742.15
-231225.75
-230365.49
-229048.03
-227272.74
-225141.48
-233321.67
-233314.57
-233277.9
-233217.17
-233136.09
-232953.18
-232559.2
-232047.27
-231543.92
-231010.36
-230384.14
-229621.14
-228664.39
-227453.03
-225955.54
-224194.69
-234623.9
-234612.8
-234576.71
-234455.17
-234152.2
-233723.93
-233226.28
-232633.71
-231939.15
-231151.66
-230265.61
-229256.93
-228092
-226738.2
-225172.51
-223403.83
-237901.06
-237836.12
-237624.73
-237221.68
-236676.18
-236011.52
-235239.07
-234367.31
-233394.6
-232309.81
-231098.08
-229744.44
-228236.87
-226569.29
-224740.53
-222779.51
-242897.24
-242726.4
-242199.52
-241419.85
-240494.51
-239446.15
-238274.43
-236976.6
-235547.2
-233981
-232276.73
-230439.01
-228478.36
-226410.98
-224255.65
-222046.98
-246545.93
-246194.33
-245345.79
-244276.85
-243065.03
-241701.76
-240179.54
-238497
-236655.8
-234663.19
-232534.27
-230291.59
-227963.44
-225582.27
-223181.31
-220804.62
-246593.19
-246105.62
-245093.67
-243895.89
-242541.11
-241015.85
-239314.27
-237437.95
-235394.78
-233201.14
-230882.99
-228474.52
-226015.6
-223548.22
-221108.11
-218713.61
-242583.91
-242039.12
-241012.39
-239829.09
-238487.56
-236980.31
-235305.05
-233467.02
-231478.3
-229358.85
-227137.05
-224849
-222535.71
-220240
-218004.44
-215899.4
-228613.04
-228095.67
-227254.52
-226300.13
-225227.67
-224039.52
-222736.65
-221324.97
-219814.35
-218219.69
-216561.64
-214866.71
-213168.79
-211517.47
-209975.57
-208520.44
-222733.05
-222307.86
-221657.39
-220906.88
-220037.41
-219043.5
-217918.09
-216660.26
-215277.15
-213787.58
-212223.57
-210629.61
-209062.59
-207597.1
-206295.48
-205026.59
-213940.62
-213941.14
-213930.32
-213878.59
-213765.26
-213572.33
-213295.84
-212938.19
-212503.36
-211998.43
-211438.69
-210855.74
-210203.19
-209844.37
-209879.87
-210354.86
-215246.78
-215234.89
-215212.67
-215164.65
-215080.54
-214957.05
-214791.01
-214579.68
-214321.15
-214015.8
-213669.1
-213297.16
-212934.01
-212648.39
-212756.43
-213378.37
-217004.25
-216986.5
-216949.66
-216894.76
-216827.59
-216748.31
-216654.6
-216545.08
-216420.37
-216284.67
-216148.59
-216033.28
-215976.72
-216043.7
-216338.18
-216998.66
-218360.28
-218340.58
-218298.56
-218244.4
-218185.13
-218121.78
-218056.36
-217993.17
-217938.93
-217903.76
-217902.77
-217958.63
-218106.43
-218401.91
-218933.66
-219844.68
-218748.05
-218738.42
-218720.15
-218699.52
-218681.11
-218668.3
-218665.79
-218679.83
-218718.16
-218790.19
-218907.08
-219082.28
-219333.47
-219687.34
-220187.03
-220926.4
-218646.1
-218655.9
-218672.97
-218699.31
-218739.37
-218798.42
-218882.69
-218999.13
-219154.47
-219353.71
-219598
-219881.79
-220190.26
-220493.87
-220761.55
-221007.63
-219420.1
-219437.5
-219469.44
-219519.25
-219593.65
-219701.27
-219852.25
-220056.47
-220317.7
-220632.15
-220983.8
-221335.76
-221620.74
-221740.73
-221582.63
-221168.18
-222282.4
-222302.22
-222341.73
-222407.48
-222506.7
-222646.57
-222833.85
-223074.83
-223373.55
-223721.14
-224086.75
-224392.15
-224496.49
-224221.56
-223424.32
-222085.24
-227058.06
-227066.4
-227095.53
-227158.21
-227262.37
-227414.58
-227619.48
-227880.16
-228201.78
-228579.53
-228956.81
-229169.26
-228930.12
-227964.43
-226109.77
-223487.44
-233376.04
-233323.89
-233270.57
-233251.72
-233278.63
-233363.29
-233517.55
-233750.28
-234065.76
-234454.29
-234828.07
-234854.38
-233993.06
-232016.24
-228995.02
-225145.45
-237642.28
-237541.17
-237403.65
-237286.71
-237204.77
-237171.21
-237202.36
-237312.07
-237506.92
-237767.15
-237964.32
-237908.3
-236950.46
-234616.67
-231113.36
-226783.37
-238853.28
-238759.55
-238600.18
-238434.53
-238286.07
-238168.13
-238097.5
-238092.74
-238171.41
-238345.89
-238482.48
-238447.81
-237099.57
-234431.67
-230990.04
-227074.14
-211039
-210391.32
-209989.88
-209251.14
-208390.38
-207440.91
-206412.66
-205316.76
-204175.98
-203022.25
-201892.8
-200833.2
-199906.97
-199131.13
-198317.92
-214380.72
-213778.77
-213379.03
-212645.83
-211786.68
-210836.19
-209806.4
-208708.39
-207563.47
-206401.94
-205259.84
-204181.65
-203226.66
-202411.16
-201573.65
-236268.95
-235967.5
-235930.06
-235919.08
-235917.43
-235958.11
-236082.53
-236325.36
-236868.79
-237283.46
-236982.51
-235348.32
-232889.43
-229882.77
-226248.94
-212683.22
-212833.66
-212896.66
-212772.67
-212493.35
-212111.04
-211632.31
-211062.47
-210469.14
-209832.17
-209706.86
-209785.24
-209642.94
-209623.62
-210057.08
-211991.48
-215266.63
-236564.17
-212580.71
-204616.64
-205044.83
-195651.41
-205036.13
-217960.36
-201114.44
-200725.33
-198695.32
-200330.89
-197911.16
-201367.34
-202586.23
-196649.07
-205426.21
-198119.07
-210817.47
-203095.06
-213815.29
-216547.41
-206151.45
-219833.12
-196593.92
-200181.04
-198389.8
-198944.36
-201876.18
-203728.09
-202996.47
-205587.96
-204079.57
-201676.63
-200912.17
-204821.4
-204504.24
-198105.64
-205062.79
-202059.82
-198357.79
-203371.86
-200801.85
-210776.13
-202995.31
-198727.85
-208363.49
-200376.16
-193331.68
-203426.3
-199198.96
-198903.16
-200610.35
-211986.69
-189119.62
-194982.6
-202124.19
-208078.55
-205930.85
-198892.33
-198664.2
-199925.62
-204069.78
-203940.07
-198902.39
-200670.69
-202859
-217784.92
-200227.38
-204259.5
-204679.55
-201282.18
-203447.2
-202879.35
-209554.2
-206876.3
-202789.82
-202815.34
-200145.69
-206089.73
-202182.5
-203226.97
-199730.54
-217148.91
-212905.05
-203988.09
-203531.75
-203490.03
-203402.41
-199999.61
-202810.26
-215242.75
-202815.67
-205578.6
-204892
-193184.67
-204003.78
-197407.58
-198243
-202848.16
-194995.08
-220595.21
-196544.01
-202774.39
-204965.97
-205358.89
-202157.24
-205019.92
-205300.37
-202359.25
-202773.89
-200456.18
-208457.85
-208381.3
-195571.5
-201222.31
-210057
-206718.31
-203131.72
-195043.68
-203610.45
-202820.47
-196754.39
-194583.87
-202408.16
-215025.03
-204725.68
-212831.42
-222078.99
-202417.06
-212291.5
-208596.49
-196306.02
-199279.54
-206620.51
-202549.28
-202946.08
-204034.64
-200992.42
-193726.53
-202845.95
-219477.99
-204951.77
-198830.87
-205000.16
-216538.07
-204840.96
-202653.66
-202645.37
-205139.55
-206947.32
-203120.47
-199037.56
-200820.74
-204811.87
-202262.26
-196329.83
-202677.39
-199206.36
-212501.8
-202352.12
-202880
-203563.13
-211078.44
-220420.79
-197180.22
-197438.46
-199680.09
-202520.29
-203129.7
-200769.53
-207598.79
-202627.05
-208676.92
-193686.72
-203432.02
-203397.88
-204729.11
-198576.78
-199909.02
-202666.26
-203737.53
-215885.39
-198605.26
-207107.83
-206221.44
-203196.78
-202629.17
-198382.95
-196843.26
-203300.44
-202084.47
-206098.86
-202862.9
-201921.99
-203522.38
-215276.07
-202775.59
-198319.5
-203210.42
-204999.25
-199055.04
-192307.73
-198550.54
-201873.59
-211491.94
-199066.2
-197085.84
-198081.34
-196866.27
-202848.5
-196517.54
-203004.15
-203608.32
-204805.16
-202039.87
-201148.89
-202857.95
-201906.07
-202848.07
-199120.78
-196541.81
-206011.87
-201989.21
-201570.67
-201855.52
-202812.03
-202798.11
-220628.17
-197269.68
-202805.1
-204955.41
-205943.61
-217270.01
-193822.85
-202769.29
-203681.09
-203338.78
-203292.06
-204337.1
-197039.89
-204075.27
-202848.03
-201376.39
-203428.8
-207185.36
-202028.2
-195798.48
-199662.87
-204532.13
-199858.14
-202626.52
-200294.45
-197635.89
-192737.74
-202946.28
-202174.27
-217680.96
-203098.36
-197910.8
-201670.97
-202822.17
-203870.89
-205076.4
-202752.76
-202668
-202644.89
-200480.51
-204665.44
-201332.79
-205443.28
-203481.67
-203125.33
-198756.97
-202794.92
-202121.88
-196568.33
-209213.73
-202606.58
-196285.25
-196674.32
-203378.97
-202652.8
-206461.97
-202868.25
-201806.77
-204189.83
-227398.93
-221656.58
-201957.36
-199979.61
-201930.69
-203226.52
-198434.57
-214382.97
-208282.16
-202891.84
-194259.7
-202848.09
-202763.2
-198781.56
-206735.86
-204978.61
-203683.85
-206911.2
-202487.88
-195485.79
-191836.81
-199604.33
-206557.66
-199470.05
-204903.17
-197324.83
-213100.31
-204030.28
-204794.16
-202802.57
-199508.66
-202204.33
-202790.64
-201921.03
-190605.78
-206208.16
-205799.43
-196818.09
-202920.31
-202796.36
-204556.29
-202369.15
-201915.86
-202636.71
-204447.14
-202456.28
-188751.46
-221936
-198119.18
-199337.99
-205769.15
-207763.08
-202437.81
-203578.41
-203058.01
-201765.39
-202847.71
-204621.61
-201996.9
-196867.48
-203010.46
-202634.82
-207010.85
-204164.33
-205539.86
-203255.21
-203521.29
-222861
-206071.54
-198275.47
-204697.05
-204700.73
-205046.82
-203655.82
-212590.43
-200081.83
-205386.75
-199531.52
-202468.05
-211705.22
-194296.35
-196911.71
-202845.77
-212125.55
-203074.78
-196700.94
-208769.96
-203276.37
-191234.44
-197811.08
-200963.05
-205066.3
-202959.32
-201133.86
-207431.31
-206103.44
-205179.06
-197114.29
-197007.89
-222477.41
-204292.95
-200049.94
-206494.38
-202394.29
-201036.35
-206005.16
-203112.4
-202653.39
-211101.72
-203918
-206394.47
-203943.39
-204703.42
-213251.53
-190059.9
-203100.98
-202785.87
-209854.6
-202104.9
-204475.45
-197559.07
-209451.22
-204677.58
-204319.95
-199760.17
-202205.39
-202107.9
-199760.18
-202826.78
-203557.68
-202009.29
-200865.02
-199015.35
-202941.7
-204130.93
-203604.16
-207627.56
-204180.72
-203819.42
-200101.13
-196718.93
-195315.23
-209282.61
-202984.59
-197717.97
-201622.01
-198912.26
-200781.11
-204358.34
-202312.54
-222252.18
-201111.44
-204148.12
-202849.17
-206651.79
-200874.26
-208475.98
-212080.51
-200195.82
-201792.6
-203478.24
-203291.27
-203626.85
-202653.45
-203802.4
-199329.63
-204311.46
-212370.12
-207317.47
-202422.08
-204846.37
-202760.51
-201954.35
-200272.29
-202225.94
-200677.53
-198888.58
-196035.84
-206223.45
-203572.69
-199062.09
-199723.96
-198482.8
-198577.94
-196015.14
-205793.39
-222727.06
-202366.49
-194980.86
-204074.48
-203008.64
-202460.59
-202812.92
-203160.6
-188733.94
-202934.7
-203903.07
-212191.44
-205550.09
-202566.32
-206917.1
-204674.45
-202193.59
-199074.41
-198575.54
-206830.28
-226696.27
-202218.29
-203272.15
-204004.68
-209104.34
-208747.67
-199812.12
-202769.54
-202295.03
-203737.08
-203056.25
-202260.28
-195584.6
-199016.98
-200897.72
-203052.3
-210565.26
-204308.95
-202248.86
-216441.47
-203511.25
-203543.24
-205588.86
-204034.53
-212944.95
-219091.62
-202683.57
-199962.02
-201225.75
-198197.9
-202775.09
-202946.41
-202885.12
-203877.87
-211459.61
-204581.26
-210682.98
-202636.61
-214588.54
-196380.75
-198910.91
-214358.25
-197188.47
-205511.4
-219603.28
-196340.61
-200512.6
-198831.35
-199802.31
-199999.35
-210744.89
-205910.64
-203093.88
-203913.53
-207081.35
-216288.26
-199569.74
-197932.64
-203485.12
-204548.07
-200697.18
-205379.16
-202508.29
-197428.51
-205904.5
-203791.41
-202921.22
-219860.13
-194626.29
-213880.81
-201664.57
-201723.74
-213235.29
-207164.44
-203339.14
-217761.16
-206497.5
-204059.8
-199947.77
-198298.96
-199866.59
-202183.18
-210001.4
-196469.35
-195628.95
-194700.28
-200206.04
-206515.88
-199661.01
-196504.47
-194206.13
-197507.29
-192424.98
-202528.8
-200071.25
-198713.89
-203032.03
-204889.97
-206509.36
-197446.02
-195709.69
-196384.4
-214287.88
-198066.68
-203239.45
-188530.57
-196592.83
-202832.36
-189107.53
-196643.56
-205459.04
-202382.95
-226123.55
-189759.06
-202676.58
-205204.09
-197037.41
-202850.74
-192912.16
-196301.34
-197581.64
-204853.37
-202489.33
-225154.63
-197573.5
-189453.24
-200503.36
-202198.76
-197239.45
-206461.3
-217668.63
-204451.57
-205472.24
-189037.07
-205180.1
-202797.44
-201088.33
-195307.94
-196329.59
-212912.19
-204129.26
-203158.95
-197977.29
-219536.14
-210357.7
-205618.36
-207175.59
-199022.55
-200782.11
-204927.43
-214623.24
-200316.51
-225247.2
-204091.2
-209891.69
-197343.74
-204326.87
-203323.54
-206789.41
-189803.61
-200647.06
-200643.69
-202841.96
-206138.28
-198366.96
-205088.4
-189743.34
-204883.61
-203452.92
-197581.92
-203000.32
-204003.11
-202842.7
-206293.76
-203135.91
-203303.99
-202884.35
-202842.91
-193565.12
-221402.64
-201549.56
-200227.3
-204064.82
-196941.34
-203148.23
-194749.32
-217313.61
-186222.15
-206089.61
-202932.1
-208529.58
-192537.25
-219487.86
-203241.79
-202099.57
-197047.9
-199630.99
-217801.28
-197997.92
-196992.53
-224832.45
-214109.64
-202148.59
-203207.46
-202820.3
-208160.22
-225205.41
-203413.81
-206102.19
-204078.79
-203045.56
-196864.42
-204909.29
-216698.16
-200355.31
-200839.08
-202830.01
-199440.53
-204151.48
-205678.92
-202895.21
-202337.81
-213141.93
-204929.92
-195866.03
-206739.01
-204803.84
-204927.83
-212034.75
-198296.94
-197222.27
-202877.16
-206046.64
-202840.79
-197907.3
-197461.43
-206236.01
-200701.22
-203227.53
-200421.98
-225985.53
-223433.4
-198426.24
-205750.55
-212427.62
-201996.14
-209226.24
-197649.72
-199690.38
-206839.36
-203894.93
-203601.74
-207025.12
-203208
-221880.11
-202184.6
-206483.09
-202903.73
-200781.79
-202338.27
-205498.93
-202922.3
-202394.47
-221473.84
-202283.59
-205828.19
-205060.89
-207313.87
-193321.13
-204991.58
-198690.8
-204983.75
-198578.61
-210744.9
-205690.69
-209193.01
-210522.22
-204673.01
-202203.04
-204295.44
-203152.57
-203665.89
-199487.71
-205408.85
-197275.41
-203642.52
-202038.78
-199644.16
-197106.72
-205083.31
-195238.16
-206500.41
-184712.68
-208536.03
-205942.49
-204790.4
-202170.24
-205075.51
-196297.06
-204270.2
-203302.67
-204097.81
-205390.85
-202914.7
-204486.79
-202934.74
-203346.83
-202559.96
-195504.93
-202793.69
-197374.93
-196453.75
-197733.95
-197133.63
-197086.61
-200088.7
-202703.11
-206499.93
-205816.65
-203700.02
-202462.3
-201510.2
-195032.55
-206180.25
-208896.8
-206779.61
-197339.24
-203523.17
-197024.89
-198138.54
-203353.04
-194167.64
-199606.41
-200114.12
-206499.74
-202955.02
-202543.76
-204239.35
-203143.62
-189302.19
-201583.14
-200683.86
-198952.39
-201348.19
-201240.8
-203205.54
-203860.72
-197614.71
-200838.9
-202776.86
-203815.62
-199216.45
-201811.73
-200521.08
-200320.41
-202888.16
-202281.09
-201666.3
-197317.25
-205113.94
-206711.73
-203077.78
-205166.99
-209374.55
-200171.71
-205726.39
-202801.69
-188882.97
-203199.21
-190416.54
-214394.33
-204886.51
-199257.76
-204907.13
-197947.48
-202866.56
-196572.72
-204722.62
-197183.09
-203235.19
-206005.4
-209153.57
-205268.27
-198346.5
-202749.49
-203793.73
-197325.93
-204206.22
-218092.1
-210109.67
-202450.42
-197263.38
-199687.21
-204391.83
-198894.45
-202167.91
-210160.98
-199305.07
-184864.24
-205932.79
-201955.95
-206177.63
-189883.18
-199836.57
-210112.21
-203943.94
-202952.65
-202932.85
-202064.33
-204575.4
-204224.98
-198403.76
-209102.87
-201903.53
-206500.22
-205938.19
-203954.25
-203958.12
-203562.2
-217381.29
-202913.76
-199895.45
-203436.66
-201606.85
-200082.84
-195889.1
-198767
-194368.68
-197930.64
-210446.03
-210174.1
-222007.44
-206566.33
-204710.43
-213072.61
-208887.21
-203670.02
-201127.13
-205043.15
-197168.26
-205798.68
-203513.26
-205501.57
-200127.1
-218008.59
-199506.54
-203184.29
-204822.47
-207942.69
-204242.41
-202050.68
-202832.9
-201529.63
-199444.12
-198682.33
-186339.05
-205321.33
-202436.18
-201682.17
-204152.19
-213195.5
-209613.22
-206913.4
-207147.28
-204349.52
-194990.65
-190954.12
-209465.66
-202751.57
-195793.37
-209625.74
-203630.47
-201705.23
-202894.5
-211282.16
-197753.98
-199032.28
-198240.74
-202598.61
-203607.91
-203909.84
-196226.62
-191959.6
-206991.92
-200600.71
-191953.05
-201764.56
-204628.12
-204214.59
-195317.84
-207061.56
-203345.22
-204729.36
-202745.11
-202103.97
-220221.42
-187226.18
-206827.83
-216827.47
-203464.53
-205963.43
-192324.81
-209179
-221368.08
-205319.73
-200956.35
-203352.32
-205773.6
-200635.11
-203636.81
-206180.4
-212419.36
-204956.83
-197463.46
-192772.89
-206506.37
-213821.17
-195437.73
-201653.87
-199306.88
-202897.14
-215557.67
-202693.55
-204846
-198589.06
-205351.77
-203121.15
-198197.44
-197240.76
-199710.03
-205787.13
-203562.97
-204519.27
-215634.15
-204475.51
-194614.8
-221032.39
-202685.75
-197405.32
-205031.01
-196014.49
-206274.7
-202704.65
-197779.98
-192853.12
-211019.17
-219484.09
-203698.06
-202048.37
-203337.14
-219624.79
-202933.59
-196618.77
-211967.86
-202973.81
-199455.12
-204272.94
-206447.56
-209078.5
-215389.77
-202936.65
-203246.9
-198364.01
-203122.17
-194516.4
-211088.39
-207734.56
-221111.78
-202830.02
-220106.88
-202829.14
-206144.44
-197081.18
-201699.56
-201027.5
-199195.41
-205226.48
-204787.93
-210858.84
-202500.01
-202696.91
-207408.03
-202294.34
-204449.26
-205037.69
-203190.04
-207717.37
-202986.73
-190673.07
-213696
-193225.95
-205545.46
-203375.48
-197161.46
-202937.31
-205117.15
-210158.4
-204998.29
-187409.25
-201298.26
-212091.26
-204278.85
-198239.55
-217858.01
-203709.54
-201331.98
-195176.01
-201718.64
-206959.87
-203270.72
-195909.59
-203961.89
-203036.74
-204605.44
-209710.71
-202306.03
-200441.76
-205094.44
-201218.67
-198739.24
-202609.71
-214485.02
-184374.75
-199495.17
-219978.01
-214481.11
-221596.41
-198599.22
-202491
-190734.44
-204410.75
-222755.34
-220751.63
-206391.86
-217043.42
-205833.61
-203059.14
-202721.7
-201816.07
-204051.97
-202316.01
-205028.8
-197248.71
-202824.49
-210474.17
-185860.02
-208584.56
-197003.2
-210513.38
-198596.06
-196974.98
-203638.93
-193330.1
-220761.36
-203074.89
-199079.15
-204122.83
-202745.48
-200341.78
-204894.23
-204437.63
-208349
-214446.43
-204951.11
-204849.37
-203044.14
-203748.38
-208252.99
-203297.12
-202921.46
-210035.03
-202259.1
-204525.56
-203813.12
-202613.95
-202683.4
-205204.48
-199545.05
-203151.85
-200309.49
-210622.21
-195947.21
-202365.53
-220546.01
-195702.46
-202010.32
-218317.96
-202394.71
-203741.31
-209328.31
-197802.07
-204378.12
-209255.74
-202698.89
-195129.11
-205902.98
-197925.71
-202788.93
-202912.43
-216115.29
-219448.04
-202165.98
-215740.84
-202422.99
-202238.09
-205444.53
-197390.14
-216243.39
-202778.97
-199117.61
-204614.96
-208160.47
-209739.05
-203829.18
-204500.41
-201596.1
-205874.4
-204246.99
-185721.33
-202469.89
-191640.73
-201933.28
-191061.95
-208592.35
-211359.1
-203673.53
-198616.46
-198610.49
-196637
-206003.49
-203042.19
-194787.95
-197607.84
-203314.93
-220364.46
-202803.59
-197162.91
-198003.05
-203272.82
-204280.1
-203053.89
-203708.21
-202384.2
-196835.3
-213731.16
-214900.08
-200894.56
-211676.04
-199463.71
-210560.14
-206197.7
-203886.41
-200993.17
-202843.86
-189899.32
-201979.32
-204936.01
-202835.77
-196850.42
-192917.03
-213131.29
-200857.66
-213552.43
-222774.15
-187646.78
-205087.68
-198898.59
-196707.28
-204434.89
-202383.91
-203153.28
-217744.44
-196773.13
-202334.08
-204962.93
-208033.97
-197207.63
-202891.81
-209650.12
-204584.33
-202835.21
-202543.05
-202188.85
-211111.33
-206184.49
-205579.78
-202385.8
-201314.47
-202948.63
-196801.55
-218538.91
-211597.18
-213861.92
-202544.09
-196104.07
-204986.19
-211414.66
-209183.82
-202778.34
-218321.91
-201810.98
-216306.43
-207323.84
-202244.28
-196105.24
-197221.53
-203539.37
-212125.82
-202914.92
-204939.98
-212643.88
-195766.06
-215307.83
-196759.68
-196022.22
-202898.82
-191730.54
-186749.06
-198049.06
-205227.97
-201944.44
-224356.93
-201358.78
-195557.28
-197770.08
-201081.51
-205031.27
-191950.41
-195592.95
-202328.48
-202613.98
-206641.62
-204993.51
-195748.19
-198859.79
-198208.83
-212943.34
-203156.44
-211107.28
-193211.02
-211532.29
-205901.61
-205819.93
-204666.28
-192624.96
-203554.64
-204302.77
-204762.87
-198360.17
-204797.86
-202925.32
-207530.25
-203115.75
-205060.64
-213397.82
-207771.61
-208259.7
-204498.09
-220929.65
-200455.36
-202276.66
-199957.75
-224603.52
-204218.49
-202468.38
-204643.61
-204189.18
-204554.63
-200435.48
-210448.16
-198687.63
-198082.69
-211662.01
-214479.62
-205312.01
-202916.71
-202757.6
-202258.11
-201469.1
-202150.78
-197492.76
-203258.64
-203117.18
-210968.28
-194784.92
-202904.96
-193838.22
-204074.04
-203656.09
-212162.24
-198587.33
-211174.83
-196227.74
-202868.89
-209080.87
-205272.78
-199861.2
-202978.51
-221977.72
-203106.76
-198217.11
-203546.59
-197019.19
-202868.83
-205904.24
-202934.89
-202342.16
-196277.22
-200193.3
-201502.04
-201291.26
-199418.69
-205122.54
-204529.96
-202895.15
-202715.85
-204576.56
-189306.44
-205451.84
-202706.89
-205422.07
-197346.18
-206864.95
-207167.01
-211164.81
-198758.8
-221567.43
-203593.34
-202879.94
-198389.51
-203728.15
-196961.43
-203624.35
-205970.87
-201708.77
-196920.98
-204957.62
-188266.52
-211706.63
-202589.13
-204198.79
-205864.48
-210945.93
-188961.96
-197722.13
-220696.52
-207981.24
-202907.96
-202811.69
-196378.92
-202635.93
-197309.08
-194538.13
-202834.08
-208999.41
-194933.17
-219487.58
-198223.53
-202632.2
-198591.41
-218590.86
-207588.87
-203713.95
-201265.91
-199413.93
-210554.1
-211798.18
-203540.08
-203147.89
-212796.87
-220993.62
-202757.58
-204010.82
-223037.61
-204309.16
-202819.21
-209429.95
-203680.49
-202717.63
-198914.41
-207688.66
-208166.42
-210346.96
-186269.76
-196418.13
-199187.63
-201061.11
-223401.36
-203499.28
-209679.99
-201869.52
-204883.2
-198671.92
-200296.62
-213226.9
-209735.32
-205777.07
-199314.9
-211070.61
-219750.77
-190521.03
-192677.19
-202257.52
-185094.07
-216358.88
-210307.6
-202798.48
-221613.68
-187817.28
-200591.03
-214169.38
-205338.27
-201845.23
-202830.03
-204937.12
-195948.66
-187447.88
-207687.07
-207740.49
-206552.71
-204416.35
-199689.21
-200091.5
-222964.82
-205194.48
-205237.02
-200335.49
-204690.47
-206965.68
-204718.72
-198439.13
-204322.84
-202741.96
-206883.42
-197045.03
-201979.72
-211510.17
-200185.84
-219968.79
-212324.66
-204185.12
-203769.72
-203001.08
-196638.91
-196969.88
-208357.25
-199486.1
-187018.03
-213846.81
-203311.98
-199848.21
-202809.8
-198690.18
-191151.03
-204649.19
-203384.37
-202108.17
-209408.59
-206011.89
-197401.07
-202920.84
-202732.18
-197131.18
-206432.97
-204922.68
-191997.18
-213943.64
-204982.8
-199793.19
-203878.34
-202447.16
-203044.42
-201875.57
-208194.4
-197085.58
-209837.65
-195825.37
-214408.4
-203987.65
-196077.81
-216022.29
-213691.5
-199789.07
-210934.04
-218325.13
-216186.19
-209686.66
-216684.45
-193719.2
-202300.18
-207041
-203687.98
-202968.78
-207993.77
-203087.89
-203537.43
-213783.04
-202582.77
-205011.63
-204261.98
-204627.61
-208187.14
-205430.38
-196642.49
-204103.04
-194541.45
-202836.99
-199919.61
-195441.12
-208797.23
-211420.07
-206756.01
-200749.75
-211117.02
-202950.82
-204330.5
-201768.67
-202619.95
-199394.03
-201374.86
-195790.54
-203405.84
-205680.81
-200030.86
-206035.33
-202962.28
-205861.96
-204400.42
-194233.82
-199902.3
-205454.22
-200390.87
-202308.26
-202796.69
-202850.55
-187104.14
-203743.44
-222358.39
-208292.72
-190728.96
-205930.49
-204678.32
-201886
-199444.14
-192941.65
-202943.3
-205087.06
-206879.86
-197043.56
-200351.92
-197332.42
-208629.98
-202635.82
-196743.96
-203726.81
-204579.04
-201650.5
-201191.41
-202199.55
-204869.34
-189811.91
-208378.98
-202756.07
-213051.61
-202698.18
-218905.92
-202542.47
-221674.07
-225395.41
-205830.29
-214141.28
-209705.56
-207955.36
-199122.03
-223467.05
-187773.02
-205100.1
-205628.18
-203714.38
-206644.66
-200917.69
-202824.96
-207771.16
-198431.06
-202782.27
-204989.39
-198565.3
-202797.08
-196349.18
-219016.81
-197516.16
-206238.08
-203106.94
-198547.08
-214563.55
-200024.63
-212493.07
-203771.72
-197097.83
-202848.64
-203055.68
-197090.39
-203268.8
-200669.15
-217009.55
-218487.41
-209238.28
-208174
-207479.7
-203359.65
-204622.31
-198366.07
-204600.93
-204500.01
-197579.06
-204136.84
-205031.49
-195473.43
-202983.06
-202673.43
-187863.18
-194863.64
-199344.81
-202921.37
-205862.35
-203262.4
-204777.17
-198400.94
-204968.64
-201038.74
-202418.03
-202321.18
-204259.16
-194667.62
-202450.34
-202728.55
-196999.66
-203676.33
-202437.93
-202724.59
-209362.92
-221675.26
-202084.43
-204656.87
-205260.05
-197250.21
-187753.94
-202424.94
-202558.81
-212818.6
-212444.99
-202704.41
-202169.17
-202155.74
-203905.18
-202906.22
-206518.29
-220071.76
-201644.47
-209990.31
-203797.44
-206280.23
-222456.77
-194097.77
-202650.35
-195476.36
-201639.39
-195940.62
-194215.07
-203277.62
-211890.53
-197135
-202754.8
-200049.32
-219361.39
-197319.23
-199500.88
-208875.69
-198643.93
-214304.7
-196639.1
-207286.61
-202714.82
-205599.16
-199675.08
-204610.53
-202649.43
-195892.91
-200985.48
-198110.03
-211015.1
-203071.69
-197491.61
-199626.02
-205118.55
-202734.1
-201604.45
-203224.75
-206233.51
-202749.28
-209381.53
-198345.19
-203613.05
-197508.24
-203988.59
-191918.56
-199204.47
-203223.32
-222263.81
-200729.3
-193301.46
-222544.21
-203258.67
-205135.27
-206388.2
-202717.63
-203820.4
-201270.64
-216576.56
-210676.43
-200662.63
-204800.18
-203692.25
-203408.31
-192365.66
-209105.08
-202827.23
-211853.06
-207178.72
-203004.19
-200516.55
-204836.33
-192862.49
-198004.34
-201765.18
-206016.51
-216803.22
-202827.05
-205346.89
-202810.11
-203202.94
-202768.3
-203820.92
-203790.99
-198329.03
-205138.05
-199245.4
-198052.45
-199358.21
-201293.67
-202808.79
-204730.02
-214858.6
-211229.67
-194034.76
-206159.77
-203550.64
-201612.15
-193584.14
-204043.31
-202706.41
-206122.37
-202958.12
-202761.84
-202518.76
-203671.48
-215197.52
-202711.28
-209744.54
-204627.6
-203281.47
-206304.53
-204145.41
-206241.98
-201182.56
-202702.3
-206436.84
-196230.04
-213768.79
-205711.42
-192108.75
-203084.19
-200242.7
-197999.9
-203582.22
-201541.57
-197903.87
-206819.55
-196719.9
-211497.76
-213542.96
-202682.3
-203136.5
-202837.5
-202863.3
-204851.71
-202581.35
-211308.1
-207003.78
-198823.23
-205895.32
-206892.33
-224517.56
-200348.82
-189150.81
-202806.1
-197639.87
-203417.65
-206582.67
-208383.72
-210813.24
-204044.83
-203531.25
-201268.54
-194797.94
-202271.03
-210527.8
-205266.68
-202671.42
-211008.65
-202231.28
-199131.57
-205224.51
-217003.94
-197157.76
-202850.88
-197088.3
-210482.94
-209292.34
-202656.06
-203508.61
-198257.21
-195147.31
-203097.48
-205947.82
-218230.35
-212255.66
-204651.67
-204037.95
-218073.43
-209067.71
-202599.62
-202612.6
-191342.68
-202877.12
-202013.89
-196585.38
-207388.26
-200850.88
-203177.33
-203657.73
-206157.51
-210343.85
-201700.62
-216910.3
-204553.11
-202057.52
-202338.39
-205503.71
-197054.15
-211762.54
-207613.29
-203483.47
-198591.14
-196352
-209014.45
-205439.65
-204689.76
-213926.17
-202884.91
-205122.49
-204819.55
-198598.9
-202840.69
-211618.17
-214971.28
-204274.48
-211471.7
-215726.09
-222338.59
-193125.39
-204034.42
-196229.22
-203455.09
-196203.95
-204514.2
-204770.86
-203049.28
-210445.07
-200952.49
-205302.14
-202823.34
-201997.7
-202990.81
-200925.77
-204743.93
-203512.68
-198659.37
-203597
-205328.72
-197969.79
-202534.21
-198125.13
-201340.83
-212716.19
-203140.69
-202263.73
-198096.53
-203064.75
-208310.74
-204544.45
-206114.15
-204249.73
-200010.12
-206025.32
-202065.3
-206778.61
-210185.21
-213025.33
-203099.07
-194674.28
-202443.14
-199193.55
-197900.45
-203303.95
-207868.32
-205761.39
-213808.76
-198466.62
-204486.88
-214512.66
-212535.01
-205118.73
-203478.15
-210263.4
-201627.5
-202497.41
-202689.43
-202074.14
-214223.98
-204140.54
-204502.91
-200995.24
-205045.4
-208886.52
-213121.82
-202822.22
-203844.5
-211357.43
-190697.48
-203166.97
-203514.51
-202926.54
-202825.58
-204743.35
-203692.39
-197971.64
-202239.69
-201208.39
-208871.08
-197126.35
-197963.22
-207108.6
-199159.33
-203390.73
-201098.55
-202728.29
-203624.8
-210931.38
-202977.64
-221623.37
-203040.47
-202928.61
-199134.71
-203583.56
-203383.64
-196428.05
-200376.85
-202716.73
-202689.58
-204726.42
-219408.48
-215243.9
-202632.37
-210824.54
-201443.22
-194379.48
-215251.37
-206113.56
-198703.05
-202738.43
-197095.81
-202535.38
-204715.58
-204979.1
-202606.6
-205548.84
-202382.21
-208052.44
-202828.52
-203122.89
-202731.68
-196488.14
-202755.78
-204772.08
-202535.91
-202878.39
-203683.61
-199338.68
-205313.91
-196770.15
-207110.81
-202553.04
-203826.77
-214086.94
-202668.46
-196630.12
-205743.95
-200367.57
-203596.64
-212984.67
-191294.23
-195608.01
-197530.25
-199404.55
-199632.61
-206194.36
-202774.18
-212909.29
-209905.24
-203529.13
-201627.52
-203879.38
-205317.24
-213303.46
-196642.17
-200345.99
-206799.8
-209159.8
-206469.94
-203928.97
-203945.26
-202734.98
-205199.13
-203256.81
-194577.63
-202872.5
-220641.45
-199772.23
-201658.96
-195665.35
-202547.96
-205225.46
-203098.18
-208358.38
-202645.54
-202849.96
-198489.13
-198556.58
-195323.96
-202378.45
-207237.04
-202752.47
-198527.78
-202350.81
-198486.46
-199488.37
-202564.03
-200858.35
-218750.12
-212290.3
-212661.27
-204130.43
-195236.27
-203709.19
-203445.95
-203314.68
-199502.22
-198808.16
-203147.75
-205832.08
-200113.73
-196281.07
-204992.81
-203733.02
-202447.61
-202519.97
-208370.84
-204333.53
-197826.1
-205373.59
-202642.29
-200203.65
-202673.69
-203020.4
-208139.4
-199745.55
-204211.39
-199680.04
-210803.73
-193600.96
-204016.38
-207213.15
-201183.74
-206689
-207626.3
-203462.82
-207516.09
-205165.29
-210297.73
-219596.24
-224027.3
-211025.44
-212415.84
-197876.6
-206648.45
-197233.94
-204419.51
-220014.61
-198265
-199812.7
-219551.98
-204427.08
-195084.38
-200430.09
-203225.67
-203810.45
-202772.58
-204408.2
-212436.78
-195774.33
-197564.16
-204640.19
-205159.74
-201661.63
-200618.93
-203224.49
-203677.66
-192946.82
-204735.04
-192827.9
-221170.41
-202130.65
-194926.16
-204214.85
-205046.14
-202342.91
-202917.9
-200412.02
-222311.67
-202925.12
-202480.33
-193706.77
-198482.9
-212122.56
-196684.95
-214399.13
-193528.31
-197094.4
-196223.93
-206799.63
-222501.97
-202640.57
-206438.41
-208634.94
-212836.77
-202878.04
-207149.5
-198083.16
-205706.52
-213343.3
-196440.17
-212133.51
-216926.64
-207041.04
-204272.85
-201754.98
-201512.36
-204347.6
-202863.17
-204723.04
-201788.46
-204873.85
-202711.23
-202247.34
-203000.27
-218185.57
-204911.13
-204207.46
-207980.28
-200695.93
-202133.44
-208425.04
-202653.68
-203796.01
-199826.15
-202955.77
-202929.32
-204668.96
-200394.41
-203901.06
-203134.68
-202760.5
-195389.57
-202643.74
-204909.87
-205432.39
-203096.51
-194137.74
-205718.89
-199754.89
-197965.52
-195364.52
-192855.45
-197638.3
-203532.16
-217895.58
-198435.79
-202758.55
-204149.08
-190088.2
-202799.81
-202064.94
-202740.66
-195960.42
-203383.84
-207398.56
-203851.37
-193384.71
-192374.31
-206865.64
-224587.84
-205178.47
-196564.29
-205818.38
-202895.41
-197661.21
-223395.79
-208007.36
-202936.13
-201242.97
-191190.69
-201784.87
-199025.73
-203220.82
-225809.8
-193217.87
-201700.75
-210566.34
-197504.28
-197628.85
-197927.35
-207253.71
-199094.27
-200869.35
-199137.95
-219693.05
-191570.62
-202644.46
-205433.37
-203410.7
-219518.9
-211216.11
-204559.34
-203658.17
-204512.1
-204826.49
-202759.86
-205213.51
-199204.89
-197903.13
-211520.02
-203795.74
-203777.66
-205007.38
-201670.38
-202706.07
-201369.06
-199900.47
-205440.13
-219354.12
-205576.32
-203161.97
-214720.54
-210416.31
-198188.16
-204402.4
-198899.94
-206943.33
-202685.82
-204524.8
-200667.79
-204179.16
-204088.75
-202868.93
-214981.29
-202754
-208900.38
-216351.4
-193962.57
-203809.23
-203197.69
-203285.97
-192667.18
-202237.88
-203287.24
-205105.33
-203492.09
-197173.58
-203124.29
-203786.94
-203397.46
-202660.13
-193933.04
-203453.07
-198797.73
-200487.08
-200134.29
-202854.79
-205540
-190541.65
-204151.26
-197621.31
-207570.27
-202801.35
-204023.65
-204995.21
-203871.2
-205252.07
-217895.84
-199099.71
-214760.94
-203428.63
-213864.64
-194886.64
-202142.18
-197409.5
-203321.73
-202812.42
-205330.57
-198705.29
-200350.72
-212048.38
-193032.6
-205009.11
-209526.56
-202854
-224847.01
-204472.76
-203706.38
-218683.75
-204905.72
-207035.11
-202397.68
-196118.35
-198888.18
-217530.54
-206933.86
-197851.86
-202829.85
-205626.46
-203204.51
-205023.16
-203004.29
-204278.44
-204356.01
-207381.67
-201991.03
-194171.75
-202696.57
-202961.7
-203620.68
-200302.57
-202992.31
-199476.29
-205480.13
-216630.6
-205492.78
-199441.01
-203177.19
-202845.53
-202831.01
-205933.94
-204328.47
-208627.95
-205187.76
-197474.84
-195449.43
-206662.93
-201397.63
-199975.69
-203363.78
-205208.7
-197906.69
-216737.97
-205960.2
-202617.49
-198961.47
-202650.87
-192497.6
-202495.51
-194202.36
-214187.44
-201387.67
-204427.53
-205406.55
-205157.29
-203800.13
-205115.46
-203117.48
-221926.39
-202726.3
-201451.99
-203274.01
-212126.11
-206129.24
-191531.11
-215608.95
-203756.69
-203669.81
-205241.91
-203639.5
-201729.04
-203658.95
-203892.61
-202663.74
-196022.65
-195422.42
-199271.33
-201095.37
-204535.76
-201933.15
-204806.5
-201359.79
-202398.59
-209921.05
-202993.02
-197593.44
-202821.22
-215268.79
-204344.52
-203570.74
-207537.98
-212657.47
-197215.98
-197690.54
-203909.33
-203392.83
-202007.27
-215809.12
-200779.01
-202575.03
-194183.33
-203156.12
-200060.18
-203296.22
-199824.15
-194133.38
-197979.89
-197612.08
-202954.06
-198755.88
-216762.42
-212484.09
-201629.53
-205020.21
-194816.86
-214148.53
-202906.05
-202729.95
-214254.2
-202727.73
-219477.07
-197125.66
-216466.64
-213926.5
-195428.9
-207943.4
-202436.47
-203409.59
-202916.02
-198263.53
-204903.38
-203816.22
-203530.27
-204904.61
-198573.37
-197680.71
-215826.92
-200582.75
-205013.06
-202683.91
-209386.56
-197264.38
-201764.88
-197254.28
-201565.46
-219837.38
-204521.77
-204718.94
-221086.58
-210138.55
-213698.47
-206352.74
-192136.15
-223809.73
-197887.27
-199691.26
-205987.95
-206871.08
-208415.79
-194563.24
-203511.23
-210994.93
-203277.09
-191712.63
-202814.4
-215189.59
-213898.17
-191172.8
-208206.37
-204169.8
-204555.72
-194893.97
-202218.24
-203906.42
-212587.93
-192598.89
-202579.37
-202006.18
-202937.59
-201800.36
-202559.36
-202903.16
-214197.86
-193672.28
-203008.73
-204110.74
-205623.92
-203546.2
-203557.59
-197968.7
-217898.12
-202827.23
-204207
-207891.6
-206963.27
-198432.05
-205686.69
-206272.85
-206491.73
-206735.17
-204136.78
-202896.91
-209001.74
-201875.05
-207690.25
-203861.03
-205188.88
-202577.03
-203929.97
-201721.11
-207560.92
-213095.63
-199525.1
-201457.64
-203144.79
-205590.37
-203738.97
-199789.41
-205430.75
-197822.7
-203529.14
-202519.19
-206943.2
-199278.99
-202758.44
-204503.13
-204307.17
-204152.09
-193921.57
-202904.11
-204411.68
-224397.93
-202672.61
-203004.1
-203489.03
-200244.71
-203147.1
-198070.01
-202862.94
-202893.14
-202895.69
-203504.71
-212075.99
-199256.76
-201127.06
-195025.35
-208621.23
-202491.7
-201295.76
-197871.63
-205466.1
-206701.31
-204241.85
-218202.92
-197524.09
-215370.62
-204629.44
-204660.51
-202715.64
-203343.9
-207424.11
-199164.24
-199489.71
-201398.77
-206097.64
-197660.72
-209423.37
-194487.06
-211115.69
-203842.39
-203383.35
-200355.96
-202193.84
-195601.07
-193654.14
-204451.41
-192988.18
-202635.65
-205747.04
-207131.51
-204459.16
-196199.07
-209657.55
-202713.21
-209337.59
-220659.73
-198045.92
-222824.24
-202602.03
-202548.44
-198041.85
-192498.46
-203858.66
-204515.41
-206490.98
-204714.5
-197156.25
-202345.44
-203169.25
-202104.23
-203025.51
-207893.47
-212215.31
-204599.36
-203033.55
-202776.78
-202816.8
-206310.72
-202907.01
-198022.77
-207891.91
-209024.64
-204061.31
-205352.74
-224022.32
-203936.03
-198727.48
-203744.49
-203458.23
-205151.36
-204770
-201384.77
-196313.89
-202830.24
-214920.54
-210428.6
-206451.45
-198335.95
-197581.56
-216424.68
-220590.84
-214821.46
-197731.03
-202063.07
-205382.13
-202637.31
-222938.34
-197051.71
-198462.89
-203829.97
-202451.85
-203163.65
-206696.23
-210318.35
-205086.71
-202588.14
-184396.14
-198166.8
-216655.13
-209814.76
-202827.54
-207162.35
-204622.83
-191448.42
-195242.4
-203017.41
-202773.82
-197991.6
-198986
-224376.56
-203379.96
-205182.88
-202652.98
-198367.89
-204520.13
-204359.98
-202676.81
-204512.38
-203786.24
-204642.61
-197481.44
-205791.66
-206934.47
-202821.79
-215998.59
-198593.6
-219866.22
-204362.54
-204325.48
-200284.73
-198618.7
-200214.36
-198667.39
-197979.51
-204253.38
-198295.67
-204619.21
-197884.49
-198560.36
-194525.95
-200096.25
-203059.34
-204454.08
-200224.26
-198640.05
-198588.01
-200247.73
-198622.51
-207132.46
-210065.25
-206221.39
-196840.59
-202696.8
-204557.95
-197196.62
-200262.74
-202401.56
-203819.07
-204165.42
-196980.57
-204833.53
-205984.68
-204884.62
-204319.17
-185197.51
-204422
-200436.26
-210882.7
-202224.42
-193738.98
-204777.9
-203102.95
-198614.91
-194991.29
-202413.01
-195345.9
-198209.54
-206635.59
-204572.53
-204834.87
-202053.04
-216319.81
-193528.48
-202631.17
-202607.07
-204537.22
-198633.51
-196986.66
-196894.07
-204774.25
-203279.94
-206124.18
-202879.02
-206414.05
-205513.39
-204766.5
-195661.32
-198216.75
-206233.66
-200527.87
-198807.59
-196784.95
-202498.7
-210451.26
-211338.92
-205470
-191472.64
-203921.41
-203326.01
-204203.77
-204801.71
-216075.37
-204972.9
-205248.54
-203942.17
-204725.4
-210007.46
-202764.73
-208082
-203466.48
-205302.03
-202825.2
-198746.51
-203653.75
-200840.71
-202838.77
-197712.84
-207715.58
-199606.96
-195115.45
-202850.35
-203008.4
-204829.35
-202745.2
-203581.42
-204659.81
-204523.14
-202790.1
-202079.51
-204617.67
-202863.39
-202886.83
-204896.15
-195917.08
-204839.66
-202800.04
-201662.25
-205426.94
-204671.09
-194407.91
-216605.91
-203019.07
-204179
-212719.68
-202817.79
-204203.29
-199082.79
-196306.76
-208456.75
-201978.47
-204577.84
-194232.48
-195335.49
-199010.48
-200782.32
-202678.4
-207919.73
-204773.52
-202648.74
-205325.07
-202861.66
-204637.4
-202862.5
-204795.07
-203695.97
-202741.85
-202310.64
-217876.39
-200319.05
-204926.37
-202645.76
-204181.96
-204063.27
-215280.37
-194778.74
-198945.94
-203792.49
-198178.29
-198076.83
-202861.49
-204983.24
-202762.59
-204263.05
-205195.89
-202149.68
-202360.39
-204722.12
-198153.3
-199308.05
-198653.26
-203434.6
-201478.75
-202277.71
-218832.33
-202773.25
-199259.28
-201991.6
-202852.54
-203929.99
-202685.17
-197641.06
-201993.52
-190584.98
-204500.63
-206078.74
-207165.75
-202893.05
-203460.32
-216621.33
-213672.82
-195371.1
-194238.33
-202401.72
-207250.67
-199067.4
-192551.92
-201933.75
-201995.51
-203564.44
-199136.77
-203463.95
-202701.53
-193691.75
-206664.61
-207085.47
-196948.89
-203917.05
-206670.68
-205638.93
-203797.89
-205605.19
-199151.48
-203591.3
-208468.37
-200153.08
-201942.38
-205173.74
-211097.04
-203835.69
-215755.87
-199647.09
-215003.02
-207575.18
-193708.33
-204625.24
-202458.36
-200363.68
-204686.79
-205403.78
-195102.4
-204444.18
-208741.93
-196154.51
-205487.41
-197325.53
-203788.82
-197671.15
-203415.06
-212135.14
-198341.14
-203432.52
-203380.04
-198310.67
-197490.6
-208392.42
-199233.92
-202597.76
-202701.23
-204750.13
-203108.55
-203021.67
-214645
-205260.44
-202586.25
-205765.93
-205884.44
-204408.37
-191990.8
-200899.47
-203385.66
-202824.64
-194304.75
-204008.82
-199648.52
-205206.14
-204465.67
-216953.31
-196046.87
-203104.97
-203433.13
-198532.04
-215459.88
-199040.09
-206321.21
-204994.02
-205430.62
-202651.12
-199194.54
-197671.89
-200588.81
-202932.3
-214201.12
-195031.6
-202177.72
-207060.3
-199717.74
-198883.89
-213786.23
-206911
-195662.08
-202161.87
-206326.6
-208041.87
-203531.56
-196860.61
-197663.89
-207756.58
-204399.91
-205799.64
-204216.05
-217476.43
-200803.44
-207104.94
-205113.18
-198735.96
-205745.87
-205338.87
-197104.84
-202986.65
-194798.09
-205306.85
-204713.47
-204240.03
-204468.14
-199056.17
-209587.27
-204327.69
-208365.6
-206476.53
-205681.99
-202832.44
-208167.83
-208565.69
-204147.38
-197247.69
-202778.54
-198873.35
-204822.18
-206263.21
-214429.73
-203179.02
-206143.27
-204868.79
-202027.77
-204709.15
-200993.81
-204641.99
-204329.02
-198447.12
-203087.75
-193228.88
-193142.55
-204472.67
-204789.82
-203279.88
-204676.09
-203012.06
-202527.11
-199821.95
-204800.53
-202515.39
-216211.02
-204196.69
-203115.3
-203372.21
-224495.72
-203605.7
-204867.6
-203756.24
-206769.31
-198525.54
-203208.06
-206190.6
-191281.18
-199770.29
-214649.72
-219142.89
-205396.17
-204824.88
-224023.85
-200660.86
-202780.53
-203306.9
-217313.14
-204204.44
-198799.24
-197860.46
-202311.56
-195746.98
-203218.37
-202853.63
-218280.41
-203746.06
-205268.45
-205126.8
-196823.63
-205164.88
-198515.89
-205257.09
-202832.61
-204339.44
-206621.58
-190514.07
-202368.69
-197078.85
-202038
-214567.99
-202962.42
-203549.14
-202714.94
-202782.69
-214447.63
-208208.6
-205651.06
-196523.48
-197320.65
-209583.74
-204416.32
-196098.25
-203033.87
-201742.85
-202670.9
-196865.27
-213923.14
-199107.1
-199823.52
-199567.79
-204849.43
-198023.04
-202883.56
-195964.84
-225055.77
-206594.48
-202397.87
-207203.16
-211385.12
-202324.4
-203506.49
-224432
-212825.19
-206701.9
-203414.85
-202486.78
-204936.16
-199235.51
-194186.51
-193906.95
-200219.36
-196345.73
-207625.89
-204531.1
-212983.14
-205704.42
-197780.93
-204507.4
-196201.66
-203830.06
-218221
-202281.14
-222796.81
-202402.2
-197465.13
-202885.07
-218877.94
-203175.86
-198295.06
-200836.24
-202488.09
-198011.69
-197864.99
-200268.25
-196106.37
-212153.27
-196813.45
-203914.94
-223318.37
-202866.37
-205907.98
-202248
-198188.89
-199027.98
-201416.07
-203576.65
-202753.06
-202747.83
-197244.5
-203990.47
-202598.01
-199411.94
-202860.84
-202694.35
-203353.58
-198226.07
-203668.72
-192249.22
-202467.98
-212628.11
-202735.2
-202693.93
-201333.78
-205214.86
-214498.56
-204542.37
-209130.85
-198981.01
-203839.08
-197475.57
-202418.18
-202644.36
-215165.98
-192772.54
-196822.41
-205101.13
-203269.71
-202502.96
-201855.48
-203731.87
-199611.42
-199372.3
-206202.16
-202541.64
-207564.81
-203881.08
-210890
-201680.95
-195639.96
-204394.7
-202729.71
-192047.01
-197643.18
-202094.61
-207889.35
-206831.16
-205413.35
-206037.72
-204242.87
-202156.34
-202129.12
-199508.89
-201855.05
-201443.84
-197059.65
-204066.05
-206639.09
-197099.8
-195934.71
-197209.74
-204341.76
-202267.43
-200800.21
-204954.41
-211311.91
-203677.03
-195980.08
-202728.89
-202744.37
-204263.46
-206181.59
-207428.26
-208225.22
-201920.4
-202485.64
-202942.32
-208063.98
-194553.24
-202955.12
-202884.4
-207067.16
-197792.76
-216372.15
-202830.73
-215231.48
-205311.99
-216479.34
-208036.89
-206877.91
-201147.77
-208516.14
-197268.27
-202871.47
-207697.3
-215240.25
-207266.15
-204334.03
-207847.27
-216117.14
-216068.96
-204130.17
-207017.52
-198207.21
-197888.32
-199065.57
-204061.01
-225778.03
-225117.23
-200437.4
-195247.37
-198113.75
)
;

boundaryField
{
    back
    {
        type            empty;
    }
    out
    {
        type            calculated;
        value           uniform -202650;
    }
    bottom
    {
        type            calculated;
        value           nonuniform List<scalar> 
30
(
-205036.13
-200376.16
-202653.66
-200512.6
-204853.37
-202337.81
-204983.75
-202749.49
-203464.53
-203297.12
-204525.56
-202912.43
-204797.86
-201265.91
-204322.84
-202968.78
-204103.04
-204678.32
-204136.84
-202877.12
-203692.39
-204992.81
-200869.35
-201721.11
-203936.03
-203458.23
-203163.65
-204520.13
-200247.73
-202696.8
)
;
    }
    in
    {
        type            calculated;
        value           nonuniform List<scalar> 
20
(
-200145.69
-199962.02
-197581.64
-198426.24
-197275.41
-197463.46
-198239.55
-197309.08
-199314.9
-199675.08
-197999.9
-197157.76
-197969.79
-198888.18
-198432.05
-197156.25
-197731.03
-198560.36
-200224.26
-198622.51
)
;
    }
    top
    {
        type            calculated;
        value           nonuniform List<scalar> 
30
(
-198727.85
-202848.5
-198831.35
-200316.51
-202793.69
-203523.17
-203190.04
-202683.4
-203708.21
-200857.66
-199413.93
-202108.17
-202958.12
-202840.69
-203064.75
-203514.51
-202716.73
-199094.27
-202812.42
-203156.12
-202906.05
-203816.22
-203738.97
-199789.41
-203842.39
-201384.77
-202773.82
-203379.96
-202821.79
-198640.05
)
;
    }
    wall
    {
        type            calculated;
        value           nonuniform List<scalar> 
48
(
-219454.8
-224025.55
-229326.42
-233888.58
-235290.27
-231988.59
-225558.24
-219590.27
-216292.82
-214168.38
-211852.62
-211146.98
-207043.09
-197077.37
-187884.98
-180669.26
-176087.19
-235567.55
-174776.74
-174491.25
-175443.89
-179688.24
-186356.09
-194678.32
-203559.6
-234251.1
-233360.04
-233321.67
-234623.9
-237901.06
-242897.24
-246545.93
-246593.19
-242583.91
-228613.04
-222733.05
-213940.62
-215246.78
-217004.25
-218360.28
-218748.05
-218646.1
-219420.1
-222282.4
-227058.06
-233376.04
-237642.28
-238853.28
)
;
    }
    front
    {
        type            empty;
    }
}


// ************************************************************************* //
