0.0015 2.0364818 -111.6092 -5.5804598
0.002 -6.8459011 -84.680437 -4.2340218
0.0025 -6.7724751 10.908347 0.54541733
0.003 -6.2501783 93.585766 4.6792883
0.0035 -4.9981018 137.02638 6.8513191
0.004 -4.3333454 153.43043 7.6715213
0.0045 -3.9966096 161.03457 8.0517286
0.005 -3.7801662 166.53292 8.3266461
0.0055 -3.4520956 171.06237 8.5531187
0.006 -2.9674117 175.40084 8.7700419
0.0065 -2.3161407 179.23092 8.9615461
0.007 -1.5487487 181.89648 9.0948242
0.0075 -0.72362087 183.05412 9.1527059
0.008 0.096384653 182.83181 9.1415905
0.0085 0.87778099 181.44112 9.0720558
0.009 1.5342955 179.32274 8.9661369
0.0095 2.034242 176.93747 8.8468735
0.01 2.3202824 174.63833 8.7319164
0.0105 2.3706771 172.6028 8.63014
0.011 2.1942898 170.97807 8.5489037
0.0115 1.8249744 169.79058 8.4895289
0.012 1.3109915 168.98645 8.4493224
0.0125 0.70829206 168.47988 8.4239939
0.013 0.11531035 168.23089 8.4115446
0.0135 -0.38369608 168.11011 8.4055055
0.014 -0.72388013 168.05792 8.4028961
0.0145 -0.8780743 168.03145 8.4015723
0.015 -0.83997797 168.00741 8.4003704
0.0155 -0.63041815 167.98573 8.3992865
0.016 -0.28288647 167.96438 8.3982192
0.0165 0.1500764 167.94664 8.3973318
0.017 0.60933091 167.93771 8.3968856
0.0175 1.0351441 167.93151 8.3965755
0.018 1.3712819 167.92185 8.3960927
0.0185 1.5747773 167.90762 8.3953812
0.019 1.6165645 167.88487 8.3942435
0.0195 1.4839232 167.852 8.3925998
0.02 1.1812414 167.80987 8.3904935
0.0205 0.7284549 167.7641 8.388205
0.021 0.15802197 167.72002 8.3860012
0.0215 -0.48769285 167.68623 8.3843115
0.022 -1.1601218 167.66808 8.3834039
0.0225 -1.8076161 167.67158 8.383579
0.023 -2.3813955 167.69868 8.3849341
0.0235 -2.8382544 167.74717 8.3873583
0.024 -3.1445935 167.8016 8.3900798
0.0245 -3.276782 167.8488 8.39244
0.025 -3.2264066 167.88435 8.3942175
0.0255 -2.9977345 167.9 8.3950002
0.026 -2.608822 167.89532 8.3947659
0.0265 -2.0894135 167.87553 8.3937765
0.027 -1.4797662 167.84805 8.3924026
0.0275 -0.82662203 167.82076 8.3910379
0.028 -0.18038145 167.80508 8.3902542
0.0285 0.40884212 167.80549 8.3902744
0.029 0.89644761 167.82334 8.3911672
0.0295 1.2458989 167.84921 8.3924607
0.03 1.4316914 167.87003 8.3935016
0.0305 1.4408407 167.88447 8.3942234
0.031 1.2745763 167.88604 8.3943022
0.0315 0.94685189 167.8718 8.3935899
0.032 0.48405706 167.84489 8.3922447
0.0325 -0.076539654 167.81142 8.3905709
0.033 -0.69047803 167.78087 8.3890437
0.0335 -1.3097816 167.76082 8.3880409
0.034 -1.8836147 167.75934 8.3879671
0.0345 -2.3664124 167.77942 8.3889712
0.035 -2.7196283 167.8112 8.3905598
0.0355 -2.914401 167.84226 8.392113
0.036 -2.933874 167.86795 8.3933973
0.0365 -2.7756804 167.8798 8.3939899
0.037 -2.4512494 167.87565 8.3937824
0.0375 -1.9846756 167.85883 8.3929413
0.038 -1.412345 167.83406 8.391703
0.0385 -0.77890947 167.80842 8.3904211
0.039 -0.13384474 167.79329 8.3896645
0.0395 0.47054305 167.79176 8.389588
0.04 0.98676391 167.80699 8.3903495
0.0405 1.3744396 167.83299 8.3916494
0.041 1.6033798 167.85324 8.392662
0.0415 1.6557767 167.86808 8.393404
0.042 1.5282935 167.87077 8.3935386
0.0425 1.2312459 167.85776 8.392888
0.043 0.78808444 167.83121 8.3915606
0.0435 0.23355587 167.7967 8.3898349
0.044 -0.38905151 167.7635 8.388175
0.0445 -1.0315589 167.73944 8.386972
0.045 -1.6427103 167.73334 8.3866671
0.0455 -2.1753119 167.7487 8.3874351
0.046 -2.5880246 167.78326 8.3891629
0.0465 -2.8489145 167.82138 8.391069
0.047 -2.9379021 167.85506 8.3927531
0.0475 -2.8483756 167.87865 8.3939323
0.048 -2.5877382 167.88589 8.3942947
0.0485 -2.1767485 167.87798 8.393899
0.049 -1.6481447 167.85793 8.3928963
0.0495 -1.0439389 167.83248 8.3916242
0.05 -0.41167322 167.81217 8.3906084
0.0505 0.1972862 167.80447 8.3902234
0.051 0.73483026 167.81139 8.3905694
0.0515 1.1588875 167.83422 8.3917109
0.052 1.4364409 167.85428 8.3927138
0.0525 1.5464134 167.87073 8.3935367
0.053 1.4809254 167.87741 8.3938703
0.0535 1.2462123 167.86983 8.3934914
0.054 0.86089457 167.84785 8.3923923
0.0545 0.35557979 167.81605 8.3908026
0.055 -0.22967422 167.78223 8.3891114
0.0555 -0.84962886 167.7552 8.38776
0.056 -1.4548962 167.7419 8.387095
0.0565 -1.9980115 167.74947 8.3874737
0.057 -2.4364553 167.77768 8.3888838
0.0575 -2.7363712 167.81419 8.3907097
0.058 -2.874526 167.84803 8.3924015
0.0585 -2.8400678 167.87372 8.393686
0.059 -2.6358671 167.88573 8.3942863
0.0595 -2.2782626 167.88218 8.3941089
0.06 -1.7955818 167.86538 8.393269
0.0605 -1.2262549 167.84142 8.3920709
0.061 -0.61503985 167.81909 8.3909546
0.0615 -0.010625471 167.80753 8.3903767
0.062 0.53814972 167.80957 8.3904784
0.0625 0.98876926 167.82839 8.3914194
0.063 1.3059157 167.84983 8.3924917
0.0635 1.4653828 167.86732 8.3933661
0.064 1.4552547 167.87725 8.3938626
0.0645 1.2774159 167.87433 8.3937166
0.065 0.94626722 167.85669 8.3928344
0.0655 0.48797073 167.82805 8.3914023
0.066 -0.060927929 167.79444 8.3897218
0.0665 -0.65747116 167.76538 8.388269
0.067 -1.2553716 167.74708 8.3873538
0.0675 -1.8067163 167.74837 8.3874184
0.068 -2.2684022 167.77022 8.3885112
0.0685 -2.6050325 167.80531 8.3902657
0.069 -2.7901135 167.83983 8.3919913
0.0695 -2.8094937 167.86822 8.393411
0.07 -2.6616614 167.88465 8.3942323
0.0705 -2.3585378 167.88597 8.3942987
0.071 -1.9240472 167.87316 8.3936578
0.0715 -1.3929296 167.85141 8.3925703
0.072 -0.80724062 167.82776 8.3913878
0.0725 -0.21265797 167.813 8.3906499
0.073 0.34209247 167.8106 8.3905299
0.0735 0.81378323 167.82362 8.391181
0.074 1.1657927 167.84593 8.3922964
0.0745 1.3706114 167.86319 8.3931593
0.075 1.4130405 167.87557 8.3937784
0.0755 1.2905226 167.8768 8.3938398
0.076 1.013507 167.86373 8.3931865
0.0765 0.60372156 167.83868 8.3919339
0.077 0.093970216 167.80648 8.3903241
0.0775 -0.47588086 167.77621 8.3888107
0.078 -1.0614815 167.7544 8.3877199
0.0785 -1.615866 167.74951 8.3874754
0.079 -2.0960678 167.76442 8.3882212
0.0795 -2.4646062 167.7964 8.3898199
0.08 -2.6928854 167.83108 8.3915539
0.0805 -2.7633064 167.86137 8.3930685
0.081 -2.6703534 167.88172 8.3940859
0.0815 -2.4216377 167.88784 8.3943922
0.082 -2.0367577 167.87963 8.3939814
0.0825 -1.5465623 167.86066 8.3930328
0.083 -0.98972982 167.83734 8.3918672
0.0835 -0.40997138 167.81944 8.3909718
0.084 0.14569705 167.81335 8.3906675
0.0845 0.63360478 167.82103 8.3910517
0.085 1.0156196 167.84265 8.3921326
0.0855 1.2620091 167.86041 8.3930205
0.086 1.3541635 167.87485 8.3937426
0.0865 1.2854604 167.8797 8.3939851
0.087 1.0623898 167.87111 8.3935553
0.0875 0.70241712 167.84955 8.3924774
0.088 0.23444215 167.81932 8.390966
0.0885 -0.30487504 167.78803 8.3894013
0.089 -0.87352213 167.76364 8.3881818
0.0895 -1.426136 167.75219 8.3876094
0.09 -1.9194508 167.76055 8.3880276
0.0905 -2.3150372 167.78776 8.3893879
0.091 -2.5822899 167.82215 8.3911074
0.0915 -2.7002843 167.85386 8.3926931
0.092 -2.6601278 167.87761 8.3938806
0.0925 -2.4651389 167.8884 8.3944201
0.093 -2.1307401 167.88487 8.3942434
0.0935 -1.6838076 167.86917 8.3934585
0.094 -1.1595734 167.84727 8.3923637
0.0945 -0.59922675 167.82735 8.3913674
0.095 -0.047770564 167.81733 8.3908667
0.0955 0.45080689 167.8202 8.3910098
0.096 0.85753882 167.83813 8.3919065
0.0965 1.1410038 167.857 8.39285
0.097 1.2791473 167.87242 8.3936209
0.0975 1.2620308 167.88038 8.3940188
0.098 1.0918466 167.87604 8.3938019
0.0985 0.78223094 167.85846 8.3929228
0.099 0.35793573 167.83099 8.3915497
0.0995 -0.14755505 167.79977 8.3899884
0.1 -0.69461451 167.77312 8.3886561
0.1005 -1.2407058 167.75696 8.3878479
0.101 -1.741823 167.75931 8.3879655
0.1015 -2.1592325 167.78068 8.3890342
0.102 -2.4607786 167.81382 8.3906911
0.1025 -2.6227818 167.84627 8.3923136
0.103 -2.6328943 167.87268 8.393634
0.1035 -2.4905153 167.88771 8.3943853
0.104 -2.2068628 167.88873 8.3944367
0.1045 -1.8047634 167.8768 8.3938402
0.105 -1.3159911 167.85678 8.3928388
0.1055 -0.77942661 167.83527 8.3917637
0.106 -0.23689144 167.82248 8.3911241
0.1065 0.26728031 167.82103 8.3910515
0.107 0.69399363 167.83389 8.3916945
0.1075 1.0099054 167.8536 8.3926801
0.108 1.1906556 167.86899 8.3934497
0.1085 1.2225039 167.87938 8.3939691
0.109 1.1039999 167.87896 8.3939481
0.1095 0.84493783 167.86552 8.3932759
0.11 0.46591832 167.84145 8.3920724
0.1105 -0.0030744866 167.81114 8.3905572
0.111 -0.52496552 167.78359 8.3891793
0.1115 -1.0597012 167.76384 8.3881921
0.112 -1.5639103 167.76016 8.3880078
0.1125 -1.9984695 167.77503 8.3887513
0.113 -2.3298296 167.8053 8.3902649
0.1135 -2.532225 167.83785 8.3918923
0.114 -2.5898226 167.86617 8.3933083
0.1145 -2.4986086 167.88493 8.3942467
0.115 -2.2656464 167.89051 8.3945255
0.1155 -1.9097413 167.88289 8.3941445
0.116 -1.4591158 167.86546 8.3932732
0.1165 -0.94941593 167.84435 8.3922174
0.117 -0.42064398 167.82846 8.3914228
0.1175 0.084357942 167.82348 8.3911738
0.118 0.52602791 167.83131 8.3915653
0.1185 0.86992521 167.85109 8.3925547
0.119 1.0893825 167.86657 8.3933285
0.1195 1.167666 167.87896 8.3939482
0.12 1.0992759 167.8822 8.3941098
0.1205 0.89036445 167.87277 8.3936385
0.121 0.55767431 167.85194 8.3925968
0.1215 0.12771812 167.82339 8.3911693
0.122 -0.3658531 167.79457 8.3897287
0.1225 -0.88459008 167.77242 8.3886212
0.123 -1.3870953 167.76251 8.3881256
0.1235 -1.8338282 167.77118 8.388559
0.124 -2.1902386 167.79706 8.389853
0.1245 -2.4288211 167.82938 8.3914689
0.125 -2.5309349 167.85901 8.3929506
0.1255 -2.4887615 167.88111 8.3940556
0.126 -2.3058261 167.89114 8.3945568
0.1265 -1.9968189 167.88789 8.3943943
0.127 -1.5865419 167.8735 8.393675
0.1275 -1.1072583 167.85368 8.3926839
0.128 -0.59662684 167.83611 8.3918053
0.1285 -0.095692309 167.82715 8.3913576
0.129 0.35580278 167.83043 8.3915214
0.1295 0.72268604 167.84724 8.3923622
0.13 0.97640114 167.86366 8.3931829
0.1305 1.097527 167.87716 8.3938578
0.131 1.0771215 167.88343 8.3941716
0.1315 0.91744168 167.87797 8.3938987
0.132 0.63172875 167.86077 8.3930384
0.1325 0.24261089 167.8347 8.3917349
0.133 -0.21935165 167.80578 8.390289
0.1335 -0.71785257 167.7815 8.389075
0.134 -1.2141444 167.7668 8.3883402
0.1345 -1.6680527 167.76983 8.3884913
0.135 -2.0448446 167.79021 8.3895103
0.1355 -2.3151916 167.82137 8.3910686
0.136 -2.4581819 167.8518 8.3925902
0.1365 -2.4627432 167.87647 8.3938234
0.137 -2.3287354 167.89054 8.3945271
0.1375 -2.0670122 167.89159 8.3945793
0.138 -1.698649 167.88081 8.3940404
0.1385 -1.25256 167.86263 8.3931313
0.139 -0.76403132 167.84332 8.3921658
0.1395 -0.27156192 167.83197 8.3915984
0.14 0.18491996 167.83118 8.3915589
0.1405 0.57005624 167.84346 8.392173
0.141 0.85380928 167.86068 8.3930338
0.1415 1.0143092 167.87428 8.3937142
0.142 1.0394738 167.88293 8.3941467
0.1425 0.92792589 167.88125 8.3940626
0.143 0.68918552 167.86778 8.393389
0.1435 0.34240273 167.84478 8.3922391
0.144 -0.085543495 167.81657 8.3908285
0.1445 -0.56037315 167.79116 8.3895579
0.145 -1.0457965 167.77332 8.3886659
0.1455 -1.5022847 167.77046 8.3885232
0.146 -1.894675 167.78478 8.3892388
0.1465 -2.192581 167.81315 8.3906575
0.147 -2.3728863 167.84374 8.3921868
0.1475 -2.4215878 167.87022 8.3935111
0.148 -2.3350945 167.88785 8.3943927
0.1485 -2.1205148 167.89325 8.3946624
0.149 -1.7950841 167.88651 8.3943255
0.1495 -1.3845531 167.87076 8.393538
0.15 -0.92164164 167.85191 8.3925955
0.1505 -0.44198329 167.83788 8.3918938
0.151 0.014823294 167.83351 8.3916754
0.1515 0.41361731 167.84111 8.3920557
0.152 0.72293774 167.85881 8.3929407
0.1525 0.9191662 167.87219 8.3936096
0.153 0.98718178 167.88275 8.3941375
0.1535 0.92224936 167.88454 8.3942268
0.154 0.73014149 167.87463 8.3937317
0.1545 0.42652669 167.85478 8.3927391
0.155 0.035149798 167.82801 8.3914006
0.1555 -0.41306918 167.80158 8.3900791
0.156 -0.88326856 167.78144 8.3890718
0.1565 -1.3378062 167.77272 8.3886358
0.157 -1.7411554 167.78124 8.3890619
0.1575 -2.0621101 167.80542 8.3902708
0.158 -2.2757154 167.83574 8.3917871
0.1585 -2.3654916 167.8635 8.3931749
0.159 -2.3246025 167.88424 8.3942118
0.1595 -2.1565235 167.89383 8.3946915
0.16 -1.8748726 167.89115 8.3945576
0.1605 -1.5019541 167.8784 8.3939199
0.161 -1.0673658 167.86055 8.3930276
0.1615 -0.605136 167.84492 8.3922462
0.162 -0.15244003 167.83697 8.3918484
0.1625 0.25498274 167.84031 8.3920157
0.163 0.58537333 167.85573 8.3927864
0.1635 0.8130818 167.86985 8.3934927
0.164 0.92070222 167.88154 8.3940772
0.1645 0.9002597 167.88634 8.394317
0.165 0.7539787 167.88017 8.3940083
0.1655 0.49398901 167.86352 8.3931762
0.166 0.14079126 167.83893 8.3919465
0.1665 -0.27773381 167.81224 8.390612
0.167 -0.72867373 167.79011 8.3895055
0.1675 -1.1771312 167.77664 8.3888321
0.168 -1.5867389 167.77983 8.3889916
0.1685 -1.9260733 167.79887 8.3899433
0.169 -2.168866 167.8279 8.3913951
0.1695 -2.2963649 167.85648 8.392824
0.17 -2.2987115 167.87963 8.3939815
0.1705 -2.176016 167.89306 8.394653
0.171 -1.9383133 167.89446 8.3947228
0.1715 -1.6044862 167.88513 8.3942566
0.172 -1.2010934 167.8689 8.3934448
0.1725 -0.75991319 167.85203 8.3926016
0.173 -0.31537955 167.84158 8.3920791
0.1735 0.096029639 167.84112 8.392056
0.174 0.44288206 167.85248 8.3926241
0.1745 0.69791212 167.86732 8.3933662
0.175 0.84162853 167.87917 8.3939584
0.1755 0.86322899 167.88625 8.3943127
0.176 0.76157921 167.88364 8.3941818
0.1765 0.54523298 167.8704 8.39352
0.177 0.23156262 167.84861 8.3924306
0.1775 -0.15477932 167.8226 8.3911301
0.178 -0.58348392 167.79913 8.3899563
0.1785 -1.0211915 167.78291 8.3891454
0.179 -1.4324472 167.78044 8.3890218
0.1795 -1.785846 167.79378 8.3896888
0.18 -2.0536469 167.82008 8.3910038
0.1805 -2.2152222 167.8488 8.3924398
0.181 -2.2582179 167.87368 8.3936842
0.1815 -2.1794751 167.89046 8.3945229
0.182 -1.985422 167.89604 8.3948018
0.1825 -1.6918604 167.89041 8.3945207
0.183 -1.3217538 167.87655 8.3938275
0.1835 -0.90472357 167.85979 8.3929893
0.184 -0.47291028 167.84735 8.3923677
0.1845 -0.061744603 167.84347 8.3921735
0.185 0.29688796 167.85046 8.392523
0.1855 0.57511723 167.86582 8.3932908
0.186 0.75134709 167.87735 8.3938673
0.1865 0.81229163 167.88619 8.3943097
0.187 0.75367696 167.8868 8.3943399
0.1875 0.5806038 167.87693 8.3938465
0.188 0.30730126 167.85803 8.3929013
0.1885 -0.045025333 167.83313 8.3916564
0.189 -0.44814426 167.80904 8.3904522
0.1895 -0.87124251 167.79063 8.3895314
0.19 -1.2799188 167.78272 8.3891362
0.1905 -1.6426394 167.79071 8.3895355
0.191 -1.931183 167.81298 8.3906492
0.1915 -2.1231388 167.84129 8.3920644
0.192 -2.2038054 167.86735 8.3933676
0.1925 -2.167091 167.887 8.3943498
0.193 -2.0161471 167.89648 8.394824
0.1935 -1.7633279 167.89467 8.3947334
0.194 -1.4283771 167.88371 8.3941855
0.1945 -1.0382221 167.86786 8.3933931
0.195 -0.62322351 167.8541 8.3927048
0.1955 -0.21665208 167.84683 8.3923417
0.196 0.14931306 167.84992 8.3924959
0.1965 0.44628241 167.86371 8.3931855
0.197 0.65110459 167.87569 8.3937845
0.1975 0.74821937 167.88569 8.3942845
0.198 0.73053984 167.88911 8.3944557
0.1985 0.5999423 167.88255 8.3941277
0.199 0.36714527 167.86664 8.3933321
0.1995 0.0507424 167.84366 8.3921829
0.2 -0.32439121 167.81915 8.3909573
0.2005 -0.72878757 167.79883 8.3899417
0.201 -1.1310058 167.78666 8.3893332
0.2015 -1.4986816 167.78936 8.3894678
0.202 -1.8035877 167.80666 8.390333
0.2025 -2.0219116 167.83348 8.3916742
0.203 -2.1369401 167.86028 8.3930142
0.2035 -2.1399413 167.8822 8.3941102
0.204 -2.0309426 167.89529 8.3947647
0.2045 -1.8188698 167.89747 8.3948733
0.205 -1.5206392 167.88976 8.3944878
0.2055 -1.1599713 167.87557 8.3937785
0.206 -0.76536389 167.86099 8.3930493
0.2065 -0.36734807 167.8513 8.3925648
0.207 0.0013130753 167.85093 8.3925464
0.2075 0.31253235 167.86106 8.3930532
0.208 0.54188748 167.87363 8.3936817
0.2085 0.67180936 167.88379 8.3941895
0.209 0.69263135 167.88939 8.3944696
0.2095 0.60317218 167.88611 8.3943056
0.21 0.41097911 167.87341 8.3936705
0.2105 0.13142752 167.8529 8.3926451
0.211 -0.21327887 167.82901 8.3914504
0.2115 -0.59623717 167.80744 8.3903719
0.212 -0.98764936 167.79279 8.3896395
0.2125 -1.3558586 167.79015 8.3895074
0.213 -1.6725376 167.80221 8.3901106
0.2135 -1.913131 167.82631 8.3913154
0.214 -2.0590004 167.85313 8.3926564
0.2145 -2.0990636 167.8766 8.3938301
0.215 -2.0304009 167.8928 8.3946398
0.2155 -1.8587943 167.89884 8.394942
0.216 -1.5979823 167.89462 8.394731
0.2165 -1.2687531 167.88282 8.3941411
0.217 -0.897058 167.86803 8.3934015
0.2175 -0.51166959 167.85718 8.3928591
0.218 -0.14449043 167.8533 8.3926652
0.2185 0.17652554 167.85945 8.3929724
0.219 0.42639472 167.87243 8.3936214
0.2195 0.58552123 167.88222 8.3941109
0.22 0.64203692 167.88949 8.3944747
0.2205 0.59210976 167.88919 8.3944594
0.221 0.43990585 167.87962 8.393981
0.2215 0.19790601 167.8618 8.3930901
0.222 -0.1147952 167.83884 8.3919419
0.2225 -0.47324541 167.81691 8.3908453
0.223 -0.85012086 167.80012 8.3900059
0.2235 -1.214931 167.79257 8.3896283
0.224 -1.5392258 167.79967 8.3899835
0.2245 -1.7979782 167.81979 8.3909893
0.225 -1.9710315 167.846 8.3923001
0.2255 -2.0452182 167.87059 8.3935294
0.226 -2.0150119 167.88935 8.3944676
0.2265 -1.8831421 167.89901 8.3949505
0.227 -1.6602385 167.89843 8.3949214
0.2275 -1.364008 167.88938 8.3944691
0.228 -1.0182313 167.87561 8.3937806
0.2285 -0.64927429 167.86392 8.393196
0.229 -0.28739836 167.85666 8.392833
0.2295 0.039210349 167.85925 8.3929626
0.23 0.3051858 167.87124 8.393562
0.2305 0.48981789 167.88115 8.3940577
0.231 0.57917439 167.88955 8.3944777
0.2315 0.56658561 167.89182 8.3945912
0.232 0.45352695 167.88527 8.3942633
0.2325 0.24938015 167.87023 8.3935115
0.233 -0.02979082 167.84887 8.3924434
0.2335 -0.36158286 167.82648 8.3913241
0.234 -0.7200911 167.80792 8.3903962
0.2345 -1.0777577 167.79669 8.3898346
0.235 -1.4054561 167.79851 8.3899257
0.2355 -1.6780242 167.81386 8.3906931
0.236 -1.8744731 167.83843 8.3919216
0.2365 -1.979721 167.86348 8.3931741
0.237 -1.9856926 167.88434 8.3942168
0.2375 -1.8922669 167.89737 8.3948683
0.238 -1.7072222 167.90058 8.3950291
0.2385 -1.4451803 167.89471 8.3947356
0.239 -1.1272315 167.88279 8.3941394
0.2395 -0.77841434 167.87011 8.3935053
0.24 -0.42549268 167.86132 8.393066
0.2405 -0.097732513 167.86058 8.3930291
0.241 0.17991248 167.86921 8.3934604
0.2415 0.38609929 167.87964 8.3939821
0.242 0.50464047 167.88814 8.3944071
0.2425 0.52692667 167.89234 8.3946172
0.243 0.45153844 167.88866 8.3944328
0.2435 0.28495027 167.87669 8.3938346
0.244 0.040331588 167.85769 8.3928846
0.2445 -0.26266727 167.83589 8.3917944
0.245 -0.6003559 167.81619 8.3908096
0.2455 -0.94676258 167.8028 8.39014
0.246 -1.2734071 167.79967 8.3899837
0.2465 -1.5556638 167.81016 8.3905079
0.247 -1.7713947 167.83185 8.3915926
0.2475 -1.903922 167.85679 8.3928393
0.248 -1.9433511 167.87901 8.3939506
0.2485 -1.8867336 167.89486 8.3947431
0.249 -1.7390034 167.90164 8.3950822
0.2495 -1.5118403 167.8991 8.3949552
0.25 -1.2236401 167.88947 8.3944734
0.2505 -0.89698055 167.87669 8.3938344
0.251 -0.55713837 167.86722 8.3933612
0.2515 -0.23206796 167.8631 8.393155
0.252 0.053311815 167.86812 8.3934061
0.2525 0.27687574 167.87879 8.3939393
0.253 0.42123501 167.88694 8.3943471
0.2535 0.47564535 167.89263 8.3946314
0.254 0.43616243 167.89158 8.3945791
0.2545 0.30645718 167.88255 8.3941273
0.255 0.096814386 167.86604 8.3933018
0.2555 -0.17575641 167.8452 8.3922602
0.256 -0.48996117 167.82514 8.3912571
0.2565 -0.82145756 167.80998 8.3904988
0.257 -1.1437291 167.80242 8.390121
0.2575 -1.4314957 167.80817 8.3904084
0.258 -1.6625854 167.82598 8.3912989
0.2585 -1.8191434 167.85006 8.3925029
0.259 -1.8890548 167.87321 8.3936605
0.2595 -1.867353 167.89138 8.3945691
0.26 -1.7560919 167.90147 8.3950737
0.2605 -1.5640979 167.9024 8.3951201
0.261 -1.3070836 167.8954 8.3947699
0.2615 -1.0051599 167.88386 8.394193
0.262 -0.6818495 167.87381 8.3936907
0.2625 -0.36302933 167.86658 8.3933292
0.263 -0.07404766 167.8684 8.3934199
0.2635 0.16282493 167.8784 8.3939198
0.264 0.32949721 167.88643 8.3943217
0.2645 0.41294496 167.89316 8.3946579
0.265 0.40729292 167.89441 8.3947207
0.2655 0.31342851 167.88809 8.3944045
0.266 0.13884895 167.87407 8.3937034
0.2665 -0.10224374 167.85456 8.3927281
0.267 -0.39088737 167.83424 8.391712
0.2675 -0.7042238 167.81722 8.3908609
0.268 -1.0184703 167.80677 8.3903383
0.2685 -1.3076691 167.80744 8.3903719
0.269 -1.5500043 167.82052 8.3910261
0.2695 -1.7266264 167.84256 8.3921281
0.27 -1.8240404 167.86593 8.3932967
0.2705 -1.8347623 167.88588 8.394294
0.271 -1.7586404 167.89904 8.3949522
0.2715 -1.6016124 167.9036 8.3951798
0.272 -1.3766173 167.89978 8.3949892
0.2725 -1.1013667 167.89024 8.3945118
0.273 -0.79776965 167.8795 8.3939752
0.2735 -0.48886565 167.87173 8.3935867
0.274 -0.20067074 167.87007 8.3935036
0.2745 0.045456906 167.87706 8.393853
0.275 0.23018853 167.88543 8.3942716
0.2755 0.33942416 167.89223 8.3946115
0.276 0.36493883 167.89517 8.3947585
0.2765 0.30519246 167.8914 8.3945701
0.277 0.16525721 167.88019 8.3940094
0.2775 -0.043484424 167.86287 8.3931436
0.278 -0.30459892 167.84318 8.3921588
0.2785 -0.59743474 167.82523 8.3912613
0.279 -0.89949776 167.81285 8.3906423
0.2795 -1.1861822 167.80906 8.3904529
0.28 -1.4354987 167.81775 8.3908874
0.2805 -1.6281647 167.83665 8.3918325
0.281 -1.7493784 167.85959 8.3929793
0.2815 -1.7899417 167.88064 8.394032
0.282 -1.7469865 167.89626 8.3948129
0.2825 -1.6242376 167.90405 8.3952025
0.283 -1.4317344 167.90345 8.3951724
0.2835 -1.1847566 167.89616 8.394808
0.284 -0.90283985 167.88578 8.3942888
0.2845 -0.60755378 167.87777 8.3938885
0.285 -0.32358971 167.87295 8.3936475
0.2855 -0.072330824 167.87665 8.3938326
0.286 0.12656384 167.88516 8.3942579
0.2865 0.25800676 167.8916 8.3945801
0.287 0.31191173 167.89579 8.3947896
0.2875 0.2844915 167.8943 8.394715
0.288 0.1782933 167.88577 8.3942883
0.2885 0.0019767085 167.87069 8.3935347
0.289 -0.23027252 167.85195 8.3925977
0.2895 -0.50026035 167.83374 8.3916868
0.29 -0.78700993 167.82006 8.391003
0.2905 -1.067832 167.81243 8.3906215
0.291 -1.3203923 167.81632 8.3908159
0.2915 -1.5253358 167.83132 8.3915662
0.292 -1.6668653 167.85299 8.3926496
0.2925 -1.7342578 167.87465 8.3937324
0.293 -1.7225453 167.89227 8.3946133
0.2935 -1.6329743 167.90309 8.3951547
0.294 -1.4729038 167.90581 8.3952906
0.2945 -1.2553645 167.90122 8.395061
0.295 -0.9974043 167.8921 8.3946051
0.2955 -0.71925605 167.8837 8.3941849
0.296 -0.44265389 167.87717 8.3938584
0.2965 -0.19018869 167.87748 8.3938742
0.297 0.01916172 167.88551 8.3942757
0.2975 0.16912205 167.89163 8.3945817
0.298 0.24833597 167.89668 8.3948338
0.2985 0.25097765 167.89713 8.3948564
0.299 0.17723873 167.89106 8.3945528
0.2995 0.033247942 167.87825 8.3939124
0.3 -0.16927335 167.86069 8.3930346
0.3005 -0.41445383 167.84252 8.3921259
0.301 -0.68307668 167.82688 8.3913442
0.3015 -0.9545569 167.81706 8.3908532
0.302 -1.2063241 167.81631 8.3908154
0.3025 -1.4195315 167.82698 8.3913492
0.303 -1.5776482 167.84629 8.3923147
0.3035 -1.6686392 167.86791 8.3933957
0.304 -1.6856576 167.88701 8.3943506
0.3045 -1.6277448 167.90052 8.3950262
0.305 -1.4997612 167.90653 8.3953267
0.3055 -1.312274 167.905 8.3952502
0.306 -1.0800188 167.89791 8.3948955
0.3065 -0.82121321 167.88925 8.3944626
0.307 -0.55592215 167.88233 8.3941166
0.3075 -0.30609831 167.87977 8.3939883
0.308 -0.090406582 167.88488 8.3942441
0.3085 0.074181407 167.8911 8.394555
0.309 0.17522625 167.89606 8.394803
0.3095 0.20523265 167.89787 8.3948934
0.31 0.16219352 167.89408 8.394704
0.3105 0.049848097 167.88382 8.3941908
0.311 -0.12248844 167.86831 8.3934155
0.3115 -0.34160147 167.85074 8.3925368
0.312 -0.5896014 167.83459 8.3917296
0.3125 -0.84817935 167.82338 8.3911688
0.313 -1.0955174 167.81875 8.3909376
0.3135 -1.3130603 167.82496 8.3912478
0.314 -1.483915 167.84096 8.3920479
0.3145 -1.5949558 167.86174 8.3930869
0.315 -1.6379038 167.88166 8.3940832
0.3155 -1.6096903 167.89728 8.3948642
0.316 -1.5128674 167.90626 8.3953129
0.3165 -1.3555634 167.90778 8.3953892
0.317 -1.1499342 167.90309 8.3951545
0.3175 -0.91278462 167.8951 8.394755
0.318 -0.66180865 167.88826 8.3944131
0.3185 -0.41802284 167.8834 8.3941702
0.319 -0.19991598 167.88524 8.3942619
0.3195 -0.024325426 167.89138 8.394569
0.32 0.095222039 167.89592 8.394796
0.3205 0.14979065 167.89874 8.3949368
0.321 0.13545033 167.89691 8.3948457
0.3215 0.053688888 167.88903 8.3944513
0.322 -0.088665892 167.87557 8.3937786
0.3225 -0.28034006 167.85898 8.3929488
0.323 -0.50607236 167.84261 8.3921305
0.3235 -0.74825096 167.83003 8.3915016
0.324 -0.98829231 167.82251 8.3911255
0.3245 -1.2065409 167.82432 8.391216
0.325 -1.3865148 167.8363 8.3918152
0.3255 -1.5142495 167.85519 8.3927595
0.326 -1.5801735 167.87529 8.3937646
0.3265 -1.5795087 167.89249 8.3946247
0.327 -1.5126105 167.90414 8.395207
0.3275 -1.3851706 167.90883 8.3954416
0.328 -1.2073737 167.90693 8.3953464
0.3285 -0.99342828 167.90047 8.3950233
0.329 -0.76013813 167.89375 8.3946874
0.3295 -0.52519998 167.88809 8.3944044
0.33 -0.30842583 167.88708 8.3943542
0.3305 -0.12567593 167.89261 8.3946305
0.331 0.0087155408 167.89668 8.3948342
0.3315 0.084640176 167.9001 8.395005
0.332 0.096592882 167.89983 8.3949916
0.3325 0.043933778 167.89404 8.3947022
0.333 -0.068749523 167.8826 8.3941302
0.3335 -0.23245379 167.86716 8.3933579
0.334 -0.43412502 167.85098 8.3925489
0.3345 -0.65798464 167.83679 8.3918393
0.335 -0.88702295 167.82756 8.3913782
0.3355 -1.1020944 167.82551 8.3912754
0.336 -1.2870304 167.83312 8.3916562
0.3365 -1.4276694 167.8492 8.3924599
0.337 -1.5133216 167.86877 8.3934386
0.3375 -1.5374448 167.88704 8.394352
0.338 -1.4986682 167.90097 8.3950485
0.3385 -1.4004534 167.90866 8.3954329
0.339 -1.2507303 167.90972 8.3954858
0.3395 -1.0615212 167.90545 8.3952725
0.34 -0.84763348 167.89909 8.3949543
0.3405 -0.62536303 167.89347 8.3946733
0.341 -0.41363059 167.89026 8.3945128
0.3415 -0.22789672 167.893 8.3946499
0.342 -0.082487951 167.89689 8.3948445
0.3425 0.01125276 167.89997 8.3949983
0.343 0.046613527 167.90068 8.3950339
0.3435 0.021039972 167.8968 8.3948399
0.344 -0.063063135 167.88758 8.3943792
0.3445 -0.19873673 167.87396 8.393698
0.345 -0.3753087 167.85866 8.3929328
0.3455 -0.57845592 167.84427 8.3922135
0.346 -0.79321297 167.83386 8.3916928
0.3465 -1.0018359 167.82869 8.3914345
0.347 -1.1881095 167.83216 8.3916078
0.3475 -1.337857 167.84471 8.3922355
0.348 -1.4395662 167.86277 8.3931386
0.3485 -1.4857408 167.88132 8.3940661
0.349 -1.4730092 167.89691 8.3948453
0.3495 -1.402775 167.9072 8.3953602
0.35 -1.2809588 167.91117 8.3955587
0.3505 -1.117244 167.90943 8.3954716
0.351 -0.9249169 167.90425 8.3952124
0.3515 -0.71834149 167.89918 8.3949588
0.352 -0.51423081 167.89445 8.3947226
0.3525 -0.32889202 167.89445 8.3947227
0.353 -0.17635448 167.89816 8.3949082
0.3535 -0.068010452 167.90073 8.3950363
0.354 -0.012309136 167.90208 8.3951038
0.3545 -0.012964922 167.89975 8.3949876
0.355 -0.069694025 167.89254 8.394627
0.3555 -0.1776552 167.88076 8.3940382
0.356 -0.32836397 167.86638 8.3933188
0.3565 -0.50955607 167.85189 8.3925947
0.357 -0.70707426 167.84036 8.3920179
0.3575 -0.90644795 167.83301 8.3916507
0.358 -1.0904065 167.83288 8.391644
0.3585 -1.245495 167.84122 8.3920612
0.359 -1.3599661 167.85678 8.392839
0.3595 -1.4248894 167.87498 8.3937492
0.36 -1.4358045 167.89167 8.3945833
0.3605 -1.392092 167.90423 8.3952116
0.361 -1.2976288 167.9111 8.3955552
0.3615 -1.159937 167.91217 8.3956084
0.362 -0.99026933 167.90876 8.3954382
0.3625 -0.80196583 167.90392 8.395196
0.363 -0.60874131 167.89938 8.3949688
0.3635 -0.42770703 167.89737 8.3948685
0.364 -0.27153149 167.90009 8.3950045
0.3645 -0.1525111 167.90214 8.3951071
0.365 -0.079524666 167.90375 8.3951875
0.3655 -0.058085036 167.90255 8.3951276
0.366 -0.089145169 167.89708 8.394854
0.3665 -0.1703503 167.88706 8.394353
0.367 -0.29486854 167.87383 8.3936916
0.3675 -0.45265274 167.85969 8.3929845
0.368 -0.63141501 167.84699 8.3923497
0.3685 -0.81771958 167.83846 8.3919229
0.369 -0.9959659 167.83508 8.391754
0.3695 -1.152706 167.83942 8.3919711
0.37 -1.2759566 167.85174 8.3925868
0.3705 -1.3563987 167.8686 8.3934299
0.371 -1.3879257 167.88579 8.3942897
0.3715 -1.3688005 167.90006 8.3950032
0.372 -1.3004929 167.90958 8.3954788
0.3725 -1.1888753 167.91351 8.3956755
0.373 -1.0431056 167.91241 8.3956206
0.3735 -0.87446171 167.90876 8.3954381
0.374 -0.69572686 167.90472 8.395236
0.3745 -0.52196263 167.90127 8.3950637
0.375 -0.36619997 167.90171 8.3950854
0.3755 -0.24040083 167.90324 8.3951622
0.376 -0.15386281 167.90435 8.3952176
0.3765 -0.11316275 167.90379 8.3951894
0.377 -0.12110584 167.89976 8.3949881
0.3775 -0.17673048 167.89162 8.3945811
0.378 -0.27538745 167.88004 8.3940019
0.3785 -0.40897431 167.86691 8.3933457
0.379 -0.56706198 167.85424 8.3927119
0.3795 -0.73747859 167.84459 8.3922297
0.38 -0.90708355 167.83906 8.3919529
0.3805 -1.061646 167.84014 8.3920071
0.381 -1.189976 167.84837 8.3924184
0.3815 -1.2821715 167.86297 8.3931484
0.382 -1.3314173 167.87966 8.393983
0.3825 -1.3341852 167.89501 8.3947503
0.383 -1.2906107 167.90667 8.3953335
0.3835 -1.2044979 167.91331 8.3956655
0.384 -1.0830343 167.91485 8.3957425
0.3845 -0.93571284 167.9129 8.3956452
0.385 -0.77411226 167.90929 8.3954643
0.3855 -0.61014257 167.9058 8.3952902
0.386 -0.4583027 167.90451 8.3952256
0.3865 -0.32920563 167.90553 8.3952763
0.387 -0.23272475 167.90604 8.3953019
0.3875 -0.17606331 167.90582 8.3952908
0.388 -0.16332825 167.90291 8.3951454
0.3885 -0.19518291 167.89635 8.3948174
0.389 -0.26877104 167.88627 8.3943137
0.3895 -0.37794595 167.87418 8.3937088
0.39 -0.51442716 167.86155 8.3930776
0.3905 -0.66688957 167.85099 8.3925493
0.391 -0.82455684 167.84402 8.3922012
0.3915 -0.97377915 167.84206 8.3921032
0.392 -1.1034356 167.84674 8.392337
0.3925 -1.2037846 167.85794 8.3928969
0.393 -1.2672276 167.87335 8.3936675
0.3935 -1.2892201 167.88904 8.3944522
0.394 -1.2683646 167.90234 8.3951172
0.3945 -1.2066812 167.9115 8.395575
0.395 -1.1094998 167.91575 8.3957874
0.3955 -0.98418855 167.91604 8.3958021
0.396 -0.84133157 167.91366 8.3956828
0.3965 -0.69066354 167.91077 8.3955384
0.397 -0.54600077 167.90822 8.3954111
0.3975 -0.41738362 167.9084 8.3954199
0.398 -0.31472774 167.90811 8.3954055
0.3985 -0.24572871 167.90776 8.3953878
0.399 -0.21536935 167.90552 8.395276
0.3995 -0.22571568 167.90022 8.3950111
0.4 -0.2756293 167.89163 8.3945816
0.4005 -0.3608696 167.88071 8.3940356
0.401 -0.47464509 167.86871 8.3934354
0.4015 -0.60782983 167.85765 8.3928826
0.402 -0.75037095 167.84999 8.3924994
0.4025 -0.89110052 167.8454 8.3922702
0.403 -1.0184904 167.84703 8.3923513
0.4035 -1.123226 167.85457 8.3927283
0.404 -1.1972439 167.8675 8.393375
0.4045 -1.2352124 167.88267 8.3941335
0.405 -1.2345763 167.89691 8.3948453
0.4055 -1.1957137 167.90808 8.3954042
0.406 -1.1220585 167.91501 8.3957506
0.4065 -1.0195886 167.91775 8.3958876
0.407 -0.89654019 167.91726 8.3958632
0.4075 -0.76271838 167.91493 8.3957464
0.408 -0.62738941 167.91244 8.3956222
0.4085 -0.50286763 167.91138 8.3955692
0.409 -0.39787708 167.91071 8.3955357
0.4095 -0.32022009 167.9096 8.3954801
0.41 -0.27555506 167.9076 8.39538
0.4105 -0.2672106 167.90325 8.3951626
0.411 -0.29522858 167.89612 8.394806
0.4115 -0.35735916 167.88652 8.394326
0.412 -0.44836412 167.87547 8.3937733
0.4125 -0.56096921 167.86462 8.3932308
0.413 -0.68645782 167.85581 8.3927906
0.4135 -0.81567819 167.85038 8.3925188
0.414 -0.93723228 167.84906 8.3924532
0.4145 -1.0424154 167.85346 8.3926732
0.415 -1.1234577 167.86303 8.3931516
0.4155 -1.1740086 167.87652 8.3938261
0.416 -1.1906477 167.89081 8.3945405
0.4165 -1.1725874 167.9033 8.3951651
0.417 -1.1213675 167.91253 8.3956264
0.4175 -1.0414492 167.91788 8.395894
0.418 -0.9393132 167.9196 8.3959802
0.4185 -0.82289741 167.91868 8.3959338
0.419 -0.70029909 167.91678 8.3958388
0.4195 -0.5835003 167.91502 8.3957511
0.42 -0.47967045 167.91419 8.3957094
0.4205 -0.39703747 167.91257 8.3956283
0.421 -0.3417598 167.91045 8.3955227
0.4215 -0.31761159 167.90668 8.3953342
0.422 -0.32625882 167.90057 8.3950285
0.4225 -0.36656896 167.89213 8.3946063
0.423 -0.43541427 167.88197 8.3940983
0.4235 -0.52698939 167.87139 8.3935697
0.424 -0.63403491 167.862 8.3931001
0.4245 -0.74841674 167.85595 8.3927973
0.425 -0.86152486 167.85228 8.3926138
0.4255 -0.96365017 167.85379 8.3926897
0.426 -1.0475618 167.86025 8.3930126
0.4265 -1.1072038 167.87101 8.3935504
0.427 -1.1379224 167.8841 8.3942052
0.4275 -1.1379463 167.89722 8.394861
0.428 -1.1076251 167.90811 8.3954055
0.4285 -1.0494134 167.91595 8.3957977
0.429 -0.96841015 167.92017 8.3960085
0.4295 -0.87125082 167.92117 8.3960587
0.43 -0.76521754 167.91995 8.3959975
0.4305 -0.65727128 167.91885 8.3959423
0.431 -0.55874939 167.91762 8.3958811
0.4315 -0.47497819 167.91571 8.3957854
0.432 -0.4127112 167.91327 8.3956634
0.4325 -0.37634876 167.90967 8.3954836
0.433 -0.3684276 167.90423 8.3952115
0.4335 -0.38924054 167.89676 8.3948381
0.434 -0.43686302 167.88765 8.3943824
0.4345 -0.50721324 167.87784 8.3938921
0.435 -0.59481756 167.86855 8.3934276
0.4355 -0.69266866 167.8613 8.393065
0.436 -0.79398438 167.85718 8.3928589
0.4365 -0.88947568 167.85597 8.3927986
0.437 -0.9727457 167.85957 8.3929787
0.4375 -1.0371501 167.86732 8.3933661
0.438 -1.0784333 167.87831 8.3939153
0.4385 -1.0934646 167.8906 8.3945302
0.439 -1.0814369 167.9023 8.3951148
0.4395 -1.0436359 167.91186 8.3955928
0.44 -0.98345299 167.91839 8.3959193
0.4405 -0.90563623 167.92184 8.3960918
0.441 -0.81646199 167.92269 8.3961347
0.4415 -0.72220308 167.92174 8.3960869
0.442 -0.63130073 167.921 8.3960502
0.4425 -0.55019772 167.91924 8.3959621
0.443 -0.48490101 167.91657 8.3958284
0.4435 -0.44016096 167.91298 8.3956491
0.444 -0.4190684 167.90795 8.3953975
0.4445 -0.42297318 167.90124 8.3950619
0.445 -0.45126232 167.89302 8.3946512
0.4455 -0.50136195 167.884 8.3941999
0.446 -0.56931137 167.87506 8.3937531
0.4465 -0.64953524 167.8675 8.3933749
0.447 -0.73621058 167.86245 8.3931226
0.4475 -0.82299106 167.85977 8.3929883
0.448 -0.90152668 167.86064 8.3930318
0.4485 -0.96732601 167.86554 8.3932772
0.449 -1.0150326 167.87379 8.3936894
0.4495 -1.0414136 167.8844 8.3942202
0.45 -1.044816 167.89567 8.3947833
0.4505 -1.0252243 167.90607 8.3953037
0.451 -0.98457358 167.91436 8.3957179
0.4515 -0.92619399 167.92003 8.3960014
0.452 -0.85493182 167.923 8.3961498
0.4525 -0.77629633 167.92364 8.3961819
0.453 -0.6948359 167.92349 8.3961747
0.4535 -0.62013584 167.92261 8.3961303
0.454 -0.55553829 167.92009 8.3960045
0.4545 -0.50622688 167.91662 8.3958309
0.455 -0.47560369 167.91188 8.3955942
0.4555 -0.46593783 167.90568 8.3952841
0.456 -0.47749493 167.89818 8.394909
0.4565 -0.5090394 167.88986 8.394493
0.457 -0.55797061 167.8814 8.39407
0.4575 -0.62048083 167.87364 8.3936819
0.458 -0.69128387 167.86774 8.3933872
0.4585 -0.76575839 167.86476 8.3932378
0.459 -0.83709869 167.86329 8.3931647
0.4595 -0.90021622 167.8657 8.3932849
0.46 -0.95063343 167.87126 8.3935628
0.4605 -0.98457432 167.8794 8.3939701
0.461 -0.99991694 167.88917 8.3944585
0.4615 -0.99563248 167.89924 8.3949618
0.462 -0.97239835 167.9084 8.3954198
0.4625 -0.93240358 167.91574 8.395787
0.463 -0.87874205 167.92089 8.3960445
0.4635 -0.81605488 167.92373 8.3961867
0.464 -0.74879931 167.92435 8.3962173
0.4645 -0.68194438 167.92461 8.3962305
0.465 -0.62160257 167.92292 8.3961459
0.4655 -0.57165021 167.9198 8.39599
0.466 -0.53544908 167.91541 8.3957705
0.4665 -0.51572791 167.90973 8.3954865
0.467 -0.5138446 167.90286 8.3951429
0.4675 -0.52919571 167.89528 8.3947642
0.468 -0.56080122 167.88739 8.3943696
0.4685 -0.6057651 167.87996 8.3939978
0.469 -0.66027936 167.87389 8.3936946
0.4695 -0.72046867 167.86981 8.3934907
0.47 -0.78245874 167.86799 8.3933997
0.4705 -0.83953991 167.86787 8.3933933
0.471 -0.88868122 167.871 8.3935501
0.4715 -0.92621537 167.8766 8.3938302
0.472 -0.94954176 167.88409 8.3942045
0.4725 -0.95708943 167.89275 8.3946374
0.473 -0.94856594 167.90154 8.3950771
0.4735 -0.92487857 167.90957 8.3954784
0.474 -0.88817688 167.91613 8.3958063
0.4745 -0.84164797 167.9207 8.3960348
0.475 -0.78872386 167.92337 8.3961683
0.4755 -0.73290596 167.9243 8.3962148
0.476 -0.67940598 167.9242 8.3962102
0.4765 -0.63227828 167.9221 8.3961052
0.477 -0.5945378 167.91841 8.3959207
0.4775 -0.56889792 167.91336 8.3956682
0.478 -0.55699832 167.90722 8.3953611
0.4785 -0.55952401 167.90032 8.395016
0.479 -0.57601649 167.8931 8.3946551
0.4795 -0.60485485 167.88621 8.3943104
0.48 -0.64371104 167.88017 8.3940085
0.4805 -0.68940131 167.8757 8.3937851
0.481 -0.738936 167.8731 8.3936549
0.4815 -0.78862718 167.8719 8.393595
0.482 -0.83335017 167.87272 8.3936362
0.4825 -0.87055932 167.87601 8.3938007
0.483 -0.89785561 167.8812 8.39406
0.4835 -0.91328962 167.88776 8.3943882
0.484 -0.91598631 167.89511 8.3947554
0.4845 -0.90592775 167.90251 8.3951256
0.485 -0.88426814 167.90928 8.3954639
0.4855 -0.8528073 167.91488 8.3957441
0.486 -0.81421049 167.91888 8.3959438
0.4865 -0.77104484 167.92136 8.396068
0.487 -0.72642716 167.9224 8.3961199
0.4875 -0.6848815 167.922 8.3961001
0.488 -0.64890957 167.91969 8.3959843
0.4885 -0.62100502 167.91582 8.395791
0.489 -0.60321511 167.91072 8.3955358
0.4895 -0.5964195 167.90479 8.3952397
0.49 -0.60102963 167.89846 8.3949232
0.4905 -0.61625742 167.89227 8.3946134
0.491 -0.64111067 167.88649 8.3943246
0.4915 -0.6730726 167.88187 8.3940937
0.492 -0.70989655 167.87873 8.3939365
0.4925 -0.74923405 167.87682 8.3938411
0.493 -0.78773543 167.87643 8.3938217
0.4935 -0.82164533 167.87768 8.3938839
0.494 -0.84919193 167.88078 8.3940392
0.4945 -0.86879311 167.88522 8.3942608
0.495 -0.87887867 167.89059 8.3945293
0.4955 -0.87893337 167.89647 8.3948235
0.496 -0.86917587 167.90241 8.3951204
0.4965 -0.85057524 167.90793 8.3953966
0.497 -0.82466943 167.91262 8.3956311
0.4975 -0.79382845 167.91595 8.3957974
0.498 -0.76002012 167.91782 8.3958908
0.4985 -0.72516525 167.91835 8.3959173
0.499 -0.69354364 167.91794 8.395897
0.4995 -0.66697274 167.91583 8.3957917
0.5 -0.64705058 167.91225 8.3956124
0.5005 -0.63477019 167.90777 8.3953883
0.501 -0.63118799 167.9027 8.395135
0.5015 -0.63632768 167.89745 8.3948725
0.502 -0.64961087 167.89239 8.3946197
0.5025 -0.66955729 167.88815 8.3944076
0.503 -0.69520291 167.88454 8.394227
0.5035 -0.72389109 167.8824 8.3941202
0.504 -0.75436831 167.88141 8.3940703
0.5045 -0.78346131 167.88126 8.3940628
0.505 -0.8091144 167.88247 8.3941237
0.5055 -0.82897117 167.88502 8.3942512
0.506 -0.8425748 167.88863 8.3944317
0.5065 -0.84883418 167.89293 8.3946467
0.507 -0.8475374 167.89751 8.3948753
0.5075 -0.8388633 167.90205 8.3951023
0.508 -0.82394655 167.90601 8.3953005
0.5085 -0.80337019 167.90951 8.3954757
0.509 -0.77945647 167.91179 8.3955895
0.5095 -0.75328768 167.91311 8.3956553
0.51 -0.72695014 167.91363 8.3956813
0.5105 -0.70344086 167.91314 8.3956572
0.511 -0.68402481 167.91136 8.3955678
0.5115 -0.66948627 167.90857 8.3954286
0.512 -0.66113692 167.90511 8.3952555
0.5125 -0.65943552 167.90124 8.3950621
0.513 -0.66434842 167.89727 8.3948633
0.5135 -0.67538133 167.89347 8.3946737
0.514 -0.6915175 167.89016 8.394508
0.5145 -0.71112375 167.88785 8.3943927
0.515 -0.73332205 167.8863 8.3943149
0.5155 -0.75641295 167.88546 8.394273
0.516 -0.77849778 167.88559 8.3942794
0.5165 -0.79699565 167.8866 8.39433
0.517 -0.81188529 167.88862 8.3944308
0.5175 -0.82094038 167.89146 8.3945729
0.518 -0.82489021 167.8947 8.3947352
0.5185 -0.82298761 167.89815 8.3949076
0.519 -0.81555446 167.90155 8.3950777
0.5195 -0.80326719 167.90464 8.3952321
0.52 -0.78753494 167.90691 8.3953453
0.5205 -0.76898092 167.90857 8.3954287
0.521 -0.74893977 167.90966 8.3954829
0.5215 -0.72911266 167.90983 8.3954914
0.522 -0.71126126 167.90927 8.3954634
0.5225 -0.69722987 167.90793 8.3953966
0.523 -0.6867633 167.90581 8.3952903
0.5235 -0.68173727 167.90305 8.3951523
0.524 -0.68128239 167.90008 8.3950041
0.5245 -0.6857833 167.89708 8.394854
0.525 -0.69446045 167.89441 8.3947206
0.5255 -0.70714933 167.89207 8.3946034
0.526 -0.7223842 167.89039 8.3945193
0.5265 -0.73950635 167.88917 8.3944584
0.527 -0.75723521 167.88874 8.394437
0.5275 -0.77392621 167.88896 8.3944482
0.528 -0.7875736 167.88977 8.3944883
0.5285 -0.79773948 167.89134 8.3945668
0.529 -0.80447499 167.89345 8.3946727
0.5295 -0.80682666 167.89588 8.3947942
0.53 -0.80477123 167.89846 8.394923
0.5305 -0.79856184 167.90097 8.3950486
0.531 -0.78875755 167.90323 8.3951616
0.5315 -0.77643424 167.90492 8.3952458
0.532 -0.76199991 167.90621 8.3953105
0.5325 -0.74665474 167.90688 8.3953439
0.533 -0.73163191 167.90696 8.3953481
0.5335 -0.71846076 167.9065 8.3953251
0.534 -0.70781704 167.90541 8.3952704
0.5345 -0.70100861 167.90375 8.3951875
0.535 -0.69726905 167.90172 8.3950861
0.5355 -0.69741505 167.89952 8.3949758
0.536 -0.70129178 167.89729 8.3948647
0.5365 -0.70814289 167.89535 8.3947677
0.537 -0.71813127 167.89364 8.3946819
0.5375 -0.7299028 167.89243 8.3946216
0.538 -0.74315964 167.8915 8.3945752
0.5385 -0.7563652 167.89118 8.3945589
0.539 -0.76880557 167.89138 8.3945692
0.5395 -0.77949854 167.8921 8.394605
0.54 -0.78680632 167.89326 8.394663
0.5405 -0.79163886 167.89485 8.3947427
0.541 -0.79291728 167.89668 8.3948341
0.5415 -0.79097511 167.89862 8.3949312
0.542 -0.78591345 167.90049 8.3950243
0.5425 -0.77829415 167.90212 8.3951058
0.543 -0.76881414 167.90331 8.3951656
0.5435 -0.75762386 167.90431 8.3952155
0.544 -0.74608358 167.9048 8.39524
0.5445 -0.73485306 167.90485 8.3952425
0.545 -0.72483347 167.90439 8.3952195
0.5455 -0.71676149 167.90354 8.3951768
0.546 -0.71184698 167.90235 8.3951175
0.5465 -0.70921278 167.90084 8.3950419
0.547 -0.70955975 167.89921 8.3949604
0.5475 -0.71272341 167.89756 8.3948781
0.548 -0.71843369 167.89603 8.3948014
0.5485 -0.72588057 167.89481 8.3947406
0.549 -0.73512815 167.89379 8.3946896
0.5495 -0.74500046 167.89321 8.3946604
0.55 -0.75498741 167.89296 8.394648
0.5505 -0.76418013 167.89319 8.3946597
0.551 -0.77200978 167.89376 8.3946881
0.5515 -0.77787948 167.89468 8.3947341
0.552 -0.78137706 167.89587 8.3947933
0.5525 -0.78229183 167.89723 8.3948616
0.553 -0.78064518 167.8986 8.3949302
0.5535 -0.77666156 167.89999 8.3949997
0.554 -0.77074691 167.9012 8.3950602
0.5545 -0.76336815 167.90223 8.3951113
0.555 -0.75497826 167.9029 8.3951448
0.5555 -0.74634459 167.90328 8.3951639
0.556 -0.73795509 167.90325 8.3951625
0.5565 -0.73056848 167.9029 8.3951451
0.557 -0.7246296 167.90223 8.3951117
0.5575 -0.72062712 167.9013 8.3950651
0.558 -0.71869397 167.90018 8.3950092
0.5585 -0.71898325 167.89899 8.3949496
0.559 -0.72140894 167.89776 8.3948878
0.5595 -0.72573661 167.89664 8.394832
0.56 -0.73153412 167.89569 8.3947846
0.5605 -0.73839814 167.89498 8.3947492
0.561 -0.74583694 167.89456 8.3947282
0.5615 -0.75335433 167.89433 8.3947166
0.562 -0.76020283 167.89452 8.3947258
0.5625 -0.7658417 167.895 8.39475
0.563 -0.77012838 167.89569 8.3947845
0.5635 -0.77268822 167.89658 8.3948289
0.564 -0.77341313 167.89757 8.3948783
0.5645 -0.77220771 167.89864 8.3949318
0.565 -0.76928293 167.89964 8.3949821
0.5655 -0.76486356 167.90056 8.3950281
0.566 -0.75945368 167.90127 8.3950636
0.5665 -0.75321774 167.90174 8.3950868
0.567 -0.74668711 167.90208 8.3951039
0.5675 -0.7405035 167.90205 8.3951027
0.568 -0.73498541 167.90176 8.395088
0.5685 -0.73058521 167.90125 8.3950623
0.569 -0.72764813 167.90057 8.3950284
0.5695 -0.72629085 167.89976 8.3949882
0.57 -0.72649986 167.89885 8.3949426
0.5705 -0.72829358 167.89796 8.3948978
0.571 -0.73144683 167.8971 8.394855
0.5715 -0.73560688 167.89642 8.3948211
0.572 -0.74072165 167.8959 8.3947949
0.5725 -0.74625307 167.8955 8.3947751
0.573 -0.75170218 167.89541 8.3947706
0.5735 -0.75679161 167.89554 8.3947768
0.574 -0.76110665 167.89589 8.3947945
0.5745 -0.76433891 167.89643 8.3948214
0.575 -0.76625669 167.89709 8.3948544
0.5755 -0.76680745 167.89786 8.394893
0.576 -0.76602556 167.89864 8.3949321
0.5765 -0.76396947 167.89933 8.3949667
0.577 -0.76083092 167.9 8.3949999
0.5775 -0.75684389 167.90053 8.3950264
0.578 -0.75222318 167.90097 8.3950485
0.5785 -0.7475396 167.90113 8.3950567
0.579 -0.74300354 167.90115 8.3950575
0.5795 -0.73899466 167.90094 8.3950468
0.58 -0.73575219 167.90058 8.3950288
0.5805 -0.73341683 167.90004 8.3950018
0.581 -0.73231125 167.89945 8.3949725
0.5815 -0.73227165 167.89876 8.394938
0.582 -0.73351473 167.89812 8.3949061
0.5825 -0.73561129 167.89746 8.3948728
0.583 -0.73871668 167.89699 8.3948494
0.5835 -0.7421277 167.89661 8.3948303
0.584 -0.74622146 167.89635 8.3948175
0.5845 -0.75002589 167.89623 8.3948114
0.585 -0.75384205 167.89634 8.3948171
0.5855 -0.75690485 167.89653 8.3948267
0.586 -0.75947171 167.89695 8.3948477
0.5865 -0.76085828 167.89739 8.3948693
0.587 -0.76158347 167.89798 8.3948989
0.5875 -0.76095382 167.89849 8.3949246
0.588 -0.75980716 167.8991 8.3949548
0.5885 -0.75742414 167.89952 8.3949761
0.589 -0.75491442 167.89995 8.3949973
0.5895 -0.75150949 167.90019 8.3950097
0.59 -0.74835885 167.90043 8.3950216
0.5905 -0.74495071 167.90036 8.395018
0.591 -0.74208022 167.90034 8.3950169
0.5915 -0.73950999 167.89999 8.3949995
0.592 -0.73787708 167.89974 8.3949869
0.5925 -0.73678133 167.8992 8.39496
0.593 -0.73676434 167.89886 8.3949429
0.5935 -0.73737233 167.89826 8.3949129
0.594 -0.73884859 167.89798 8.3948988
0.5945 -0.74086997 167.89745 8.3948725
0.595 -0.74338822 167.89729 8.3948646
0.5955 -0.74611777 167.89696 8.394848
0.596 -0.74891937 167.89697 8.3948487
0.5965 -0.75161138 167.89688 8.394844
0.597 -0.75390882 167.89714 8.3948572
0.5975 -0.75578264 167.89726 8.3948631
0.598 -0.756971 167.89771 8.3948855
0.5985 -0.75752437 167.89795 8.3948973
0.599 -0.75728357 167.89846 8.3949232
0.5995 -0.75647101 167.89871 8.3949357
0.6 -0.75511713 167.89912 8.3949562
0.6005 -0.75316345 167.89941 8.3949707
0.601 -0.75106712 167.89973 8.3949866
0.6015 -0.74867331 167.89976 8.3949881
0.602 -0.74633532 167.8999 8.3949948
0.6025 -0.74421903 167.89978 8.3949888
0.603 -0.74233644 167.89969 8.3949847
0.6035 -0.74109467 167.89937 8.3949684
0.604 -0.74021019 167.89914 8.394957
0.6045 -0.74009841 167.89873 8.3949365
0.605 -0.74035852 167.89845 8.3949227
0.6055 -0.74140006 167.89805 8.3949027
0.606 -0.74259748 167.89783 8.3948913
0.6065 -0.74446522 167.89754 8.3948772
0.607 -0.74618261 167.89743 8.3948717
0.6075 -0.74831229 167.89733 8.3948667
0.608 -0.7500666 167.89737 8.3948684
0.6085 -0.75193856 167.89743 8.3948714
0.609 -0.75309978 167.89763 8.3948813
0.6095 -0.75428106 167.89784 8.3948918
0.61 -0.75453205 167.89813 8.3949063
0.6105 -0.75476779 167.89839 8.3949193
0.611 -0.7540084 167.8987 8.394935
0.6115 -0.75338932 167.89894 8.3949468
0.612 -0.75186759 167.89918 8.394959
0.6125 -0.75063292 167.89932 8.3949658
0.613 -0.74877859 167.89948 8.3949738
0.6135 -0.7473819 167.89946 8.394973
0.614 -0.74561106 167.89947 8.3949736
0.6145 -0.74450308 167.89934 8.3949669
0.615 -0.74324832 167.8992 8.3949599
0.6155 -0.7428392 167.89897 8.3949487
0.616 -0.74233535 167.89876 8.3949381
0.6165 -0.74274406 167.8985 8.3949249
0.617 -0.74302403 167.89829 8.3949144
0.6175 -0.74413374 167.89806 8.3949028
0.618 -0.74500796 167.8979 8.3948952
0.6185 -0.7465086 167.89775 8.3948873
0.619 -0.74766231 167.89771 8.3948857
0.6195 -0.74920608 167.89768 8.3948839
0.62 -0.75025289 167.89775 8.3948877
0.6205 -0.75147312 167.89783 8.3948917
0.621 -0.75200872 167.89801 8.3949003
0.6215 -0.75267886 167.89817 8.3949084
0.622 -0.75250838 167.89838 8.3949192
0.6225 -0.75246317 167.89856 8.3949278
0.623 -0.75171486 167.8988 8.3949399
0.6235 -0.75118437 167.89893 8.3949463
0.624 -0.74994304 167.89909 8.3949545
0.6245 -0.74905553 167.89914 8.3949568
0.625 -0.74773044 167.89921 8.3949603
0.6255 -0.74680846 167.89918 8.3949591
0.626 -0.74577271 167.89915 8.3949575
0.6265 -0.74508441 167.89901 8.3949506
0.627 -0.74440907 167.8989 8.3949451
0.6275 -0.74424667 167.8987 8.3949352
0.628 -0.74408933 167.89857 8.3949283
0.6285 -0.74460613 167.89838 8.394919
0.629 -0.74488484 167.89822 8.394911
0.6295 -0.74580255 167.89809 8.3949044
0.63 -0.74647386 167.89802 8.3949009
0.6305 -0.74765009 167.89791 8.3948953
0.631 -0.74833924 167.89793 8.3948963
0.6315 -0.7494556 167.89792 8.3948961
0.632 -0.75001916 167.898 8.3948999
0.6325 -0.7507633 167.89809 8.3949043
0.633 -0.75096616 167.89823 8.3949115
0.6335 -0.75130345 167.89836 8.3949181
0.634 -0.75100471 167.89852 8.3949262
0.6345 -0.7509563 167.89867 8.3949335
0.635 -0.75021723 167.8988 8.3949398
0.6355 -0.74981324 167.89887 8.3949436
0.636 -0.74883986 167.89897 8.3949487
0.6365 -0.74829735 167.89901 8.3949504
0.637 -0.74734472 167.89902 8.3949509
0.6375 -0.74682672 167.89896 8.3949481
0.638 -0.74603859 167.89892 8.3949458
0.6385 -0.74578637 167.89881 8.3949406
0.639 -0.74536594 167.89872 8.394936
0.6395 -0.74547097 167.89858 8.3949288
0.64 -0.74538638 167.89847 8.3949235
0.6405 -0.74588241 167.89834 8.3949168
0.641 -0.74609014 167.89824 8.3949122
0.6415 -0.74684737 167.89815 8.3949077
0.642 -0.7472552 167.89811 8.3949056
0.6425 -0.74807679 167.89808 8.3949038
0.643 -0.74853732 167.8981 8.3949049
0.6435 -0.74925267 167.89811 8.3949057
0.644 -0.74957069 167.8982 8.3949098
0.6445 -0.75005603 167.89825 8.3949126
0.645 -0.75007906 167.89837 8.3949186
0.6455 -0.75028156 167.89845 8.3949225
0.646 -0.74997927 167.89858 8.3949288
0.6465 -0.74991497 167.89865 8.3949327
0.647 -0.74934401 167.89875 8.3949376
0.6475 -0.74906121 167.8988 8.39494
0.648 -0.74837461 167.89885 8.3949427
0.6485 -0.74799842 167.89885 8.3949426
0.649 -0.74735233 167.89886 8.3949429
0.6495 -0.74703198 167.89881 8.3949403
0.65 -0.74659486 167.89879 8.3949394
0.6505 -0.74644042 167.89868 8.3949342
0.651 -0.74612587 167.89862 8.3949308
0.6515 -0.74631198 167.8985 8.3949252
0.652 -0.74630604 167.89842 8.3949209
0.6525 -0.74665469 167.89835 8.3949174
0.653 -0.74695635 167.89827 8.3949135
0.6535 -0.74737116 167.89824 8.3949122
0.654 -0.74779887 167.8982 8.3949101
0.6545 -0.74822128 167.89821 8.3949106
0.655 -0.74862279 167.89822 8.3949109
0.6555 -0.74895672 167.89826 8.3949131
0.656 -0.74922338 167.89831 8.3949154
0.6565 -0.74938741 167.89838 8.3949189
0.657 -0.74945734 167.89845 8.3949223
0.6575 -0.74941847 167.89852 8.394926
0.658 -0.74928819 167.89859 8.3949293
0.6585 -0.74907193 167.89865 8.3949324
0.659 -0.74879924 167.8987 8.3949348
0.6595 -0.74847601 167.89873 8.3949367
0.66 -0.74812589 167.89875 8.3949376
0.6605 -0.74778357 167.89875 8.3949377
0.661 -0.74746356 167.89874 8.3949369
0.6615 -0.74719307 167.89871 8.3949354
0.662 -0.74698499 167.89866 8.3949332
0.6625 -0.74685398 167.89861 8.3949305
0.663 -0.74678415 167.89855 8.3949274
0.6635 -0.74684993 167.89848 8.394924
0.664 -0.74695484 167.89846 8.3949232
0.6645 -0.7471523 167.89838 8.3949188
0.665 -0.74737208 167.89838 8.3949192
0.6655 -0.74765029 167.89833 8.3949164
0.666 -0.74791001 167.89833 8.3949166
0.6665 -0.74819969 167.89833 8.3949167
0.667 -0.74842646 167.89833 8.3949164
0.6675 -0.74865403 167.89838 8.3949188
0.668 -0.74879519 167.89838 8.3949192
0.6685 -0.74889978 167.89844 8.3949219
0.669 -0.74893595 167.89847 8.3949237
0.6695 -0.74889471 167.89851 8.3949256
0.67 -0.74882629 167.89856 8.3949278
0.6705 -0.74866995 167.8986 8.3949298
0.671 -0.74850803 167.89861 8.3949304
0.6715 -0.74831119 167.89866 8.3949328
0.672 -0.74811496 167.89864 8.3949322
0.6725 -0.74790953 167.89866 8.3949331
0.673 -0.74772833 167.89864 8.3949322
0.6735 -0.74756729 167.89862 8.3949309
0.674 -0.74742561 167.89861 8.3949304
0.6745 -0.74738945 167.89856 8.3949282
0.675 -0.74728425 167.89855 8.3949273
0.6755 -0.74734521 167.89851 8.3949254
0.676 -0.74738522 167.89848 8.394924
0.6765 -0.74751258 167.89844 8.394922
0.677 -0.7476005 167.89844 8.394922
0.6775 -0.74775967 167.8984 8.3949199
0.678 -0.74789296 167.89841 8.3949206
0.6785 -0.74805216 167.89839 8.3949196
0.679 -0.74819467 167.8984 8.3949201
0.6795 -0.74832363 167.89841 8.3949206
0.68 -0.74841962 167.89843 8.3949215
0.6805 -0.74849611 167.89845 8.3949226
0.681 -0.74852557 167.89848 8.3949238
0.6815 -0.74853119 167.8985 8.394925
0.682 -0.74850556 167.89852 8.394926
0.6825 -0.74844869 167.89854 8.3949272
0.683 -0.74836879 167.89856 8.394928
0.6835 -0.7482714 167.89858 8.3949288
0.684 -0.74816083 167.89858 8.3949291
0.6845 -0.7480482 167.89859 8.3949294
0.685 -0.74793518 167.89859 8.3949293
0.6855 -0.74783431 167.89858 8.3949291
0.686 -0.74774589 167.89857 8.3949285
0.6865 -0.74767958 167.89856 8.3949279
0.687 -0.7476348 167.89854 8.3949271
0.6875 -0.74761582 167.89852 8.3949262
0.688 -0.74762125 167.89851 8.3949253
0.6885 -0.74764796 167.89849 8.3949244
0.689 -0.74769951 167.89847 8.3949234
0.6895 -0.74776504 167.89845 8.3949227
0.69 -0.74784319 167.89845 8.3949223
0.6905 -0.74792857 167.89844 8.394922
0.691 -0.74801563 167.89844 8.3949219
0.6915 -0.74809905 167.89844 8.394922
0.692 -0.74817383 167.89845 8.3949224
0.6925 -0.74823572 167.89846 8.3949229
0.693 -0.74828143 167.89847 8.3949236
0.6935 -0.7483093 167.89848 8.3949241
0.694 -0.74832456 167.8985 8.3949252
0.6945 -0.74830977 167.8985 8.3949248
0.695 -0.74828661 167.89854 8.394927
0.6955 -0.74825218 167.89851 8.3949257
0.696 -0.74819404 167.89856 8.3949282
0.6965 -0.74814984 167.89853 8.3949265
0.697 -0.74806133 167.89856 8.3949282
0.6975 -0.74802949 167.89856 8.3949278
0.698 -0.74795806 167.89854 8.394927
0.6985 -0.74789518 167.89855 8.3949277
0.699 -0.74787138 167.89854 8.3949268
0.6995 -0.74782527 167.89853 8.3949265
0.7 -0.74780925 167.89851 8.3949256
0.7005 -0.74780824 167.89851 8.3949254
0.701 -0.7478036 167.8985 8.3949252
0.7015 -0.74782288 167.89849 8.3949244
0.702 -0.74785412 167.89848 8.3949241
0.7025 -0.74788267 167.89849 8.3949247
0.703 -0.74792334 167.89846 8.3949232
0.7035 -0.74797307 167.89848 8.3949238
0.704 -0.74800762 167.89847 8.3949235
0.7045 -0.74805345 167.89847 8.3949234
0.705 -0.74809606 167.89849 8.3949246
0.7055 -0.74811664 167.89848 8.3949238
0.706 -0.74815114 167.89849 8.3949244
0.7065 -0.74816647 167.8985 8.3949251
0.707 -0.74817445 167.89849 8.3949246
0.7075 -0.74817433 167.89853 8.3949264
0.708 -0.74816307 167.89851 8.3949255
0.7085 -0.74814939 167.89852 8.3949258
0.709 -0.7481248 167.89855 8.3949275
0.7095 -0.74809102 167.89852 8.3949259
0.71 -0.74806579 167.89854 8.3949272
0.7105 -0.7480255 167.89854 8.3949268
0.711 -0.7479864 167.89852 8.394926
0.7115 -0.74796797 167.89855 8.3949273
0.712 -0.74792579 167.89852 8.3949259
0.7125 -0.74791137 167.89852 8.3949261
0.713 -0.74789034 167.89853 8.3949264
0.7135 -0.74787855 167.89849 8.3949243
0.714 -0.747884 167.89852 8.3949259
0.7145 -0.74787753 167.8985 8.3949251
0.715 -0.74789401 167.89848 8.394924
0.7155 -0.74791233 167.8985 8.3949251
0.716 -0.74793922 167.89848 8.3949238
0.7165 -0.74796515 167.89848 8.3949242
0.717 -0.74799426 167.89848 8.3949242
0.7175 -0.74802518 167.89848 8.3949241
0.718 -0.74804822 167.89849 8.3949243
0.7185 -0.74807305 167.89849 8.3949245
0.719 -0.74809432 167.8985 8.3949248
0.7195 -0.74810143 167.8985 8.3949249
0.72 -0.74810768 167.8985 8.3949251
0.7205 -0.74810268 167.89851 8.3949254
0.721 -0.7480886 167.89851 8.3949256
0.7215 -0.74807025 167.89851 8.3949257
0.722 -0.74804337 167.89852 8.3949259
0.7225 -0.74801369 167.89852 8.3949259
0.723 -0.74798044 167.89852 8.3949262
0.7235 -0.74794582 167.89852 8.394926
0.724 -0.74791525 167.89852 8.3949261
0.7245 -0.74789168 167.89852 8.394926
0.725 -0.74787007 167.89852 8.3949259
0.7255 -0.74786017 167.89852 8.3949259
0.726 -0.74785959 167.89851 8.3949257
0.7265 -0.7478688 167.89851 8.3949256
0.727 -0.74788875 167.89851 8.3949254
0.7275 -0.74791803 167.89851 8.3949253
0.728 -0.74795466 167.8985 8.3949251
0.7285 -0.7479966 167.8985 8.394925
0.729 -0.74804073 167.8985 8.3949248
0.7295 -0.74808368 167.8985 8.3949248
0.73 -0.74812217 167.89849 8.3949247
0.7305 -0.7481534 167.89849 8.3949247
0.731 -0.74818366 167.89849 8.3949246
0.7315 -0.74818635 167.8985 8.3949252
0.732 -0.74819029 167.89849 8.3949246
0.7325 -0.7481766 167.89851 8.3949257
0.733 -0.74815436 167.89851 8.3949256
0.7335 -0.74812411 167.89852 8.3949258
0.734 -0.74809482 167.89853 8.3949264
0.7345 -0.74805733 167.89853 8.3949266
0.735 -0.74801847 167.89854 8.3949268
0.7355 -0.74798598 167.89854 8.3949268
0.736 -0.74795141 167.89853 8.3949266
0.7365 -0.74793303 167.89853 8.3949263
0.737 -0.74791757 167.89853 8.3949264
0.7375 -0.74791242 167.89851 8.3949254
0.738 -0.74791189 167.89851 8.3949257
0.7385 -0.7479249 167.8985 8.3949249
0.739 -0.74793549 167.89849 8.3949247
0.7395 -0.74795836 167.89849 8.3949244
0.74 -0.74798151 167.89848 8.3949241
0.7405 -0.74800748 167.89848 8.3949241
0.741 -0.74803068 167.89848 8.3949241
0.7415 -0.74805675 167.89848 8.3949241
0.742 -0.74807148 167.89849 8.3949243
0.7425 -0.74808873 167.89849 8.3949245
0.743 -0.74809389 167.89849 8.3949247
0.7435 -0.74809565 167.8985 8.3949249
0.744 -0.74809093 167.89851 8.3949253
0.7445 -0.74807914 167.89851 8.3949253
0.745 -0.74806182 167.89851 8.3949257
0.7455 -0.74804235 167.89851 8.3949256
0.746 -0.74801466 167.89852 8.394926
0.7465 -0.7479944 167.89851 8.3949257
0.747 -0.74796185 167.89853 8.3949263
0.7475 -0.7479401 167.89851 8.3949253
0.748 -0.74794092 167.89854 8.3949269
0.7485 -0.7478577 167.89851 8.3949256
0.749 -0.74797186 167.89847 8.3949233
0.7495 -0.74783667 167.8986 8.3949301
0.75 -0.74789727 167.89846 8.394923
0.7505 -0.74789441 167.89852 8.3949261
0.751 -0.74788864 167.8985 8.394925
0.7515 -0.74792344 167.89847 8.3949234
0.752 -0.74794282 167.89853 8.3949267
0.7525 -0.74795159 167.89849 8.3949245
0.753 -0.74799926 167.89851 8.3949253
0.7535 -0.74800479 167.89852 8.394926
0.754 -0.74802832 167.89851 8.3949253
0.7545 -0.74804498 167.89851 8.3949257
0.755 -0.74805028 167.89851 8.3949256
0.7555 -0.74805661 167.89849 8.3949247
0.756 -0.74805312 167.89851 8.3949253
0.7565 -0.74804693 167.8985 8.3949251
0.757 -0.74803375 167.8985 8.394925
0.7575 -0.74801872 167.8985 8.3949248
0.758 -0.74799843 167.89853 8.3949263
0.7585 -0.74797088 167.89851 8.3949253
0.759 -0.74797265 167.89852 8.3949259
0.7595 -0.74793647 167.89853 8.3949265
0.76 -0.74793573 167.89852 8.3949262
0.7605 -0.74790061 167.89851 8.3949256
0.761 -0.74793849 167.89853 8.3949264
0.7615 -0.74788424 167.89852 8.394926
0.762 -0.74794578 167.89848 8.3949242
0.7625 -0.7479388 167.89852 8.3949261
0.763 -0.74795896 167.8985 8.3949249
0.7635 -0.74797012 167.8985 8.3949252
0.764 -0.74799546 167.8985 8.3949252
0.7645 -0.74800118 167.89849 8.3949246
0.765 -0.74803032 167.89849 8.3949244
0.7655 -0.74802627 167.8985 8.394925
0.766 -0.74804599 167.89848 8.3949241
0.7665 -0.74804749 167.89851 8.3949256
0.767 -0.74806519 167.8985 8.394925
0.7675 -0.74807121 167.8985 8.3949252
0.768 -0.74807669 167.89851 8.3949255
0.7685 -0.7480765 167.89851 8.3949254
0.769 -0.74806413 167.89851 8.3949257
0.7695 -0.74805718 167.89851 8.3949255
0.77 -0.74804506 167.89851 8.3949257
0.7705 -0.74802968 167.89851 8.3949257
0.771 -0.74801478 167.89851 8.3949255
0.7715 -0.74799479 167.89851 8.3949254
0.772 -0.74796385 167.89852 8.3949259
0.7725 -0.74796418 167.89849 8.3949247
0.773 -0.74793801 167.89854 8.3949268
0.7735 -0.74792209 167.8985 8.394925
0.774 -0.7479448 167.89854 8.394927
0.7745 -0.7478946 167.89849 8.3949247
0.775 -0.74802206 167.89851 8.3949256
0.7755 -0.74793208 167.89854 8.394927
0.776 -0.74803008 167.89848 8.3949239
0.7765 -0.74803316 167.89854 8.3949268
0.777 -0.74804565 167.8985 8.394925
0.7775 -0.74809372 167.89849 8.3949244
0.778 -0.74809474 167.89848 8.3949242
0.7785 -0.74810197 167.89848 8.394924
0.779 -0.74812109 167.89846 8.3949231
0.7795 -0.74810093 167.89849 8.3949247
0.78 -0.74810071 167.89847 8.3949237
0.7805 -0.74810298 167.8985 8.3949252
0.781 -0.74804774 167.89852 8.3949258
0.7815 -0.74807101 167.8985 8.3949249
0.782 -0.7480247 167.89854 8.3949271
0.7825 -0.74801673 167.89852 8.3949262
0.783 -0.74800018 167.89853 8.3949265
0.7835 -0.74798226 167.89853 8.3949266
0.784 -0.74798017 167.89852 8.394926
0.7845 -0.74796748 167.89852 8.3949261
0.785 -0.74797758 167.89851 8.3949255
0.7855 -0.74798082 167.89851 8.3949257
0.786 -0.74799144 167.89851 8.3949256
0.7865 -0.74800585 167.8985 8.3949251
0.787 -0.74802262 167.89851 8.3949255
0.7875 -0.74803835 167.8985 8.3949249
0.788 -0.74805528 167.89851 8.3949253
0.7885 -0.74806966 167.8985 8.3949248
0.789 -0.74807974 167.8985 8.3949251
0.7895 -0.74808917 167.89849 8.3949247
0.79 -0.74808923 167.8985 8.3949251
0.7905 -0.74808937 167.8985 8.3949249
0.791 -0.74807934 167.8985 8.3949252
0.7915 -0.74807085 167.8985 8.3949251
0.792 -0.74804959 167.89851 8.3949256
0.7925 -0.74803878 167.8985 8.3949251
0.793 -0.74800666 167.89852 8.3949261
0.7935 -0.74799092 167.89849 8.3949243
0.794 -0.74801922 167.89856 8.394928
0.7945 -0.74784977 167.8985 8.3949249
0.795 -0.7480073 167.89848 8.3949239
0.7955 -0.74785503 167.89859 8.3949297
0.796 -0.74793016 167.89842 8.3949208
0.7965 -0.74788928 167.89852 8.3949258
0.797 -0.74784699 167.89849 8.3949244
0.7975 -0.74788142 167.89847 8.3949234
0.798 -0.74786134 167.89853 8.3949263
0.7985 -0.74785972 167.89849 8.3949245
0.799 -0.74791578 167.8985 8.3949248
0.7995 -0.74788804 167.89852 8.3949262
0.8 -0.74794622 167.89848 8.3949242
0.8005 -0.74796497 167.89851 8.3949256
0.801 -0.74798363 167.8985 8.3949249
0.8015 -0.74802652 167.89849 8.3949245
0.802 -0.74803175 167.8985 8.3949249
0.8025 -0.74805865 167.89849 8.3949245
0.803 -0.74806162 167.89849 8.3949247
0.8035 -0.74806517 167.89849 8.3949246
0.804 -0.74806518 167.89851 8.3949256
0.8045 -0.74804247 167.8985 8.3949252
0.805 -0.74803041 167.89851 8.3949257
0.8055 -0.74799818 167.89851 8.3949256
0.806 -0.74797157 167.89852 8.3949262
0.8065 -0.74793288 167.89852 8.3949258
0.807 -0.74788795 167.89852 8.3949262
0.8075 -0.74781558 167.8985 8.3949251
0.808 -0.74782787 167.89851 8.3949257
0.8085 -0.7477363 167.89852 8.3949259
0.809 -0.74777237 167.89848 8.394924
0.8095 -0.74776195 167.89852 8.3949262
0.81 -0.74774905 167.89852 8.3949261
0.8105 -0.74780775 167.89851 8.3949253
0.811 -0.74782478 167.89853 8.3949264
0.8115 -0.74784291 167.8985 8.3949249
0.812 -0.74792457 167.89848 8.394924
0.8125 -0.74792179 167.89849 8.3949247
0.813 -0.74798727 167.89847 8.3949234
0.8135 -0.7480383 167.8985 8.3949248
0.814 -0.74803193 167.8985 8.3949249
0.8145 -0.74810522 167.89848 8.3949238
0.815 -0.748091 167.89852 8.3949258
0.8155 -0.74810124 167.89849 8.3949247
0.816 -0.74812015 167.89852 8.3949258
0.8165 -0.74807496 167.89853 8.3949264
0.817 -0.74807704 167.8985 8.3949252
0.8175 -0.74805419 167.89854 8.3949269
0.818 -0.7480066 167.89852 8.3949262
0.8185 -0.74799791 167.89852 8.394926
0.819 -0.74795216 167.89855 8.3949273
0.8195 -0.74791292 167.89851 8.3949256
0.82 -0.74791022 167.89853 8.3949266
0.8205 -0.74786032 167.89853 8.3949265
0.821 -0.74787066 167.89849 8.3949245
0.8215 -0.74785953 167.89853 8.3949266
0.822 -0.74782815 167.8985 8.3949251
0.8225 -0.74787243 167.89849 8.3949244
0.823 -0.7478555 167.89852 8.3949261
0.8235 -0.74789954 167.89846 8.3949229
0.824 -0.74792598 167.89851 8.3949253
0.8245 -0.74791911 167.8985 8.394925
0.825 -0.74798646 167.89846 8.394923
0.8255 -0.74799315 167.89851 8.3949255
0.826 -0.74803442 167.89848 8.3949239
0.8265 -0.74805686 167.89849 8.3949246
0.827 -0.74806747 167.8985 8.3949248
0.8275 -0.74808293 167.89849 8.3949246
0.828 -0.74808226 167.8985 8.3949251
0.8285 -0.74807526 167.8985 8.3949251
0.829 -0.74806238 167.89851 8.3949255
0.8295 -0.74804154 167.89851 8.3949256
0.83 -0.74801372 167.89852 8.3949259
0.8305 -0.74798626 167.89852 8.394926
0.831 -0.74795026 167.89852 8.3949262
0.8315 -0.74792376 167.89852 8.394926
0.832 -0.74788941 167.89853 8.3949263
0.8325 -0.7478631 167.89851 8.3949255
0.833 -0.74787052 167.89853 8.3949267
0.8335 -0.74779522 167.89851 8.3949256
0.834 -0.74790345 167.89847 8.3949235
0.8345 -0.74780056 167.89858 8.3949292
0.835 -0.74785952 167.89846 8.394923
0.8355 -0.74787573 167.89851 8.3949257
0.836 -0.74788407 167.89849 8.3949246
0.8365 -0.74792611 167.89847 8.3949234
0.837 -0.74795831 167.89852 8.3949261
0.8375 -0.7479667 167.89849 8.3949244
0.838 -0.74802447 167.8985 8.3949249
0.8385 -0.74803387 167.89852 8.3949262
0.839 -0.74806855 167.89848 8.3949242
0.8395 -0.74809066 167.89852 8.3949261
0.84 -0.74807718 167.89851 8.3949255
0.8405 -0.74811726 167.89849 8.3949245
0.841 -0.74810043 167.89852 8.3949258
0.8415 -0.74810028 167.8985 8.3949251
0.842 -0.74809265 167.89852 8.3949258
0.8425 -0.74806483 167.89852 8.394926
0.843 -0.74804329 167.89852 8.394926
0.8435 -0.74802066 167.89853 8.3949264
0.844 -0.74798915 167.89852 8.3949261
0.8445 -0.74796813 167.89852 8.3949262
0.845 -0.74794466 167.89852 8.394926
0.8455 -0.74792512 167.89852 8.3949259
0.846 -0.74791565 167.89851 8.3949256
0.8465 -0.74790478 167.89851 8.3949257
0.847 -0.74790709 167.8985 8.394925
0.8475 -0.7479217 167.89851 8.3949254
0.848 -0.74793167 167.8985 8.394925
0.8485 -0.74795728 167.8985 8.394925
0.849 -0.74798976 167.89849 8.3949247
0.8495 -0.74801267 167.8985 8.3949251
0.85 -0.74805482 167.89849 8.3949244
0.8505 -0.74811192 167.89852 8.3949262
0.851 -0.74806134 167.89849 8.3949244
0.8515 -0.74822799 167.89845 8.3949226
0.852 -0.74813008 167.89855 8.3949273
0.8525 -0.74818086 167.89844 8.3949222
0.853 -0.74817015 167.89853 8.3949265
0.8535 -0.74813309 167.89851 8.3949253
0.854 -0.74815136 167.8985 8.3949249
0.8545 -0.7481136 167.89854 8.3949269
0.855 -0.74807351 167.89851 8.3949257
0.8555 -0.74807551 167.89852 8.3949259
0.856 -0.74803157 167.89855 8.3949274
0.8565 -0.74800472 167.89852 8.3949259
0.857 -0.74801829 167.89852 8.3949262
0.8575 -0.74796843 167.89853 8.3949266
0.858 -0.74798507 167.8985 8.3949251
0.8585 -0.74796474 167.89851 8.3949257
0.859 -0.74797174 167.8985 8.394925
0.8595 -0.74798626 167.8985 8.3949249
0.86 -0.74799512 167.8985 8.3949249
0.8605 -0.74801835 167.89849 8.3949244
0.861 -0.74803771 167.8985 8.3949248
0.8615 -0.74805961 167.89849 8.3949246
0.862 -0.74807551 167.8985 8.3949248
0.8625 -0.74809323 167.89851 8.3949253
0.863 -0.7481205 167.8985 8.3949249
0.8635 -0.7481234 167.8985 8.3949252
0.864 -0.74813531 167.89851 8.3949254
0.8645 -0.74814083 167.8985 8.3949251
0.865 -0.74812109 167.89851 8.3949257
0.8655 -0.74812475 167.8985 8.3949251
0.866 -0.74809609 167.8985 8.3949252
0.8665 -0.74807221 167.89851 8.3949256
0.867 -0.74804293 167.8985 8.3949252
0.8675 -0.74801292 167.89852 8.3949259
0.868 -0.74798235 167.89851 8.3949254
0.8685 -0.74795506 167.89852 8.3949261
0.869 -0.7479321 167.89851 8.3949257
0.8695 -0.74791698 167.89852 8.3949259
0.87 -0.74790925 167.89852 8.3949258
0.8705 -0.74791281 167.89851 8.3949256
0.871 -0.74792263 167.89851 8.3949257
0.8715 -0.74794774 167.89851 8.3949253
0.872 -0.74797374 167.89851 8.3949254
0.8725 -0.74801407 167.8985 8.394925
0.873 -0.74804886 167.8985 8.3949252
0.8735 -0.7480948 167.89849 8.3949246
0.874 -0.74813486 167.89851 8.3949255
0.8745 -0.74814823 167.89848 8.3949239
0.875 -0.74823354 167.8985 8.3949251
0.8755 -0.74813963 167.89854 8.394927
0.876 -0.7482628 167.89843 8.3949213
0.8765 -0.74820735 167.89855 8.3949274
0.877 -0.74820139 167.8985 8.3949248
0.8775 -0.74819511 167.89852 8.394926
0.878 -0.74814977 167.89855 8.3949273
0.8785 -0.74811577 167.89849 8.3949247
0.879 -0.74809624 167.89853 8.3949264
0.8795 -0.748031 167.89852 8.3949262
0.88 -0.74800716 167.89849 8.3949247
0.8805 -0.74795585 167.89854 8.394927
0.881 -0.74792628 167.8985 8.394925
0.8815 -0.74792244 167.89851 8.3949254
0.882 -0.74787499 167.89853 8.3949266
0.8825 -0.74788067 167.89849 8.3949247
0.883 -0.74787719 167.89852 8.3949259
0.8835 -0.74787269 167.8985 8.3949251
0.884 -0.7479098 167.89847 8.3949237
0.8845 -0.74792604 167.89851 8.3949257
0.885 -0.74794819 167.89847 8.3949233
0.8855 -0.74799007 167.89848 8.3949242
0.886 -0.74801024 167.89849 8.3949244
0.8865 -0.74805083 167.89847 8.3949237
0.887 -0.74807434 167.89849 8.3949245
0.8875 -0.74808966 167.89849 8.3949244
0.888 -0.74811141 167.89849 8.3949244
0.8885 -0.74811147 167.89851 8.3949253
0.889 -0.74810251 167.89849 8.3949246
0.8895 -0.74810482 167.89851 8.3949253
0.89 -0.74807294 167.89852 8.3949261
0.8905 -0.74805532 167.89851 8.3949257
0.891 -0.74803321 167.89853 8.3949264
0.8915 -0.74799786 167.89853 8.3949265
0.892 -0.7479807 167.89853 8.3949264
0.8925 -0.7479503 167.89853 8.3949267
0.893 -0.74793762 167.89853 8.3949266
0.8935 -0.74792154 167.89853 8.3949264
0.894 -0.74790782 167.89852 8.3949259
0.8945 -0.74793273 167.89852 8.3949258
0.895 -0.74789216 167.89852 8.3949262
0.8955 -0.7479485 167.89848 8.3949241
0.896 -0.74795247 167.89851 8.3949257
0.8965 -0.74794951 167.89851 8.3949254
0.897 -0.74800726 167.89847 8.3949234
0.8975 -0.74800125 167.89851 8.3949253
0.898 -0.74802833 167.89849 8.3949244
0.8985 -0.74805272 167.89848 8.3949242
0.899 -0.74805533 167.89849 8.3949246
0.8995 -0.74807076 167.89849 8.3949244
0.9 -0.74808097 167.89849 8.3949246
0.9005 -0.74806641 167.89851 8.3949253
0.901 -0.74806545 167.8985 8.3949252
0.9015 -0.74804533 167.89851 8.3949256
0.902 -0.74802613 167.89851 8.3949257
0.9025 -0.74801184 167.89853 8.3949263
0.903 -0.74798244 167.8985 8.394925
0.9035 -0.74797322 167.89853 8.3949264
0.904 -0.74793659 167.89851 8.3949255
0.9045 -0.7479257 167.89852 8.3949259
0.905 -0.74787963 167.8985 8.3949251
0.9055 -0.74793077 167.8985 8.3949249
0.906 -0.7478597 167.89852 8.3949261
0.9065 -0.7479106 167.89848 8.3949238
0.907 -0.74789575 167.89853 8.3949266
0.9075 -0.74791735 167.89851 8.3949253
0.908 -0.74796115 167.89851 8.3949255
0.9085 -0.74796465 167.89853 8.3949263
0.909 -0.74798696 167.89849 8.3949246
0.9095 -0.7480294 167.89848 8.3949242
0.91 -0.74804411 167.8985 8.3949251
0.9105 -0.74808327 167.89848 8.3949239
0.911 -0.7480921 167.8985 8.3949249
0.9115 -0.74810621 167.89849 8.3949247
0.912 -0.74811731 167.89849 8.3949246
0.9125 -0.74809944 167.89851 8.3949254
0.913 -0.74809161 167.89849 8.3949243
0.9135 -0.74807271 167.89852 8.3949258
0.914 -0.74802906 167.8985 8.3949249
0.9145 -0.74802716 167.89853 8.3949264
0.915 -0.74795125 167.89852 8.3949258
0.9155 -0.74796556 167.89851 8.3949253
0.916 -0.74792415 167.89853 8.3949266
0.9165 -0.74789206 167.89852 8.3949262
0.917 -0.747905 167.8985 8.3949252
0.9175 -0.74786502 167.89853 8.3949267
0.918 -0.74788511 167.8985 8.3949249
0.9185 -0.74789136 167.89851 8.3949257
0.919 -0.74790925 167.89851 8.3949254
0.9195 -0.7479481 167.89849 8.3949245
0.92 -0.74796292 167.8985 8.394925
0.9205 -0.74800022 167.89849 8.3949245
0.921 -0.74803383 167.89849 8.3949247
0.9215 -0.74805094 167.89849 8.3949245
0.922 -0.74807774 167.89849 8.3949247
0.9225 -0.74810078 167.8985 8.3949252
0.923 -0.74809795 167.8985 8.3949248
0.9235 -0.74810464 167.89851 8.3949254
0.924 -0.74810288 167.8985 8.3949251
0.9245 -0.74808032 167.89852 8.3949258
0.925 -0.74806432 167.89851 8.3949255
0.9255 -0.74802685 167.89851 8.3949257
0.926 -0.74800113 167.89852 8.3949258
0.9265 -0.74795624 167.89852 8.3949258
0.927 -0.74791926 167.89851 8.3949257
0.9275 -0.74790633 167.89853 8.3949264
0.928 -0.74783136 167.89851 8.3949254
0.9285 -0.74789469 167.89849 8.3949246
0.929 -0.74779912 167.89856 8.3949281
0.9295 -0.74783249 167.89848 8.3949241
0.93 -0.74783611 167.89851 8.3949256
0.9305 -0.74783116 167.8985 8.3949249
0.931 -0.74787431 167.89848 8.394924
0.9315 -0.74789703 167.89851 8.3949256
0.932 -0.74792001 167.89849 8.3949244
0.9325 -0.74799447 167.89848 8.394924
0.933 -0.74799938 167.89851 8.3949255
0.9335 -0.74805511 167.89848 8.3949239
0.934 -0.748097 167.89851 8.3949256
0.9345 -0.74808687 167.8985 8.3949249
0.935 -0.7481389 167.89848 8.3949242
0.9355 -0.74812767 167.89852 8.394926
0.936 -0.74811752 167.8985 8.3949249
0.9365 -0.74812694 167.89852 8.3949258
0.937 -0.74808548 167.89853 8.3949264
0.9375 -0.74806761 167.89851 8.3949254
0.938 -0.74806209 167.89853 8.3949266
0.9385 -0.74799909 167.89853 8.3949266
0.939 -0.74799865 167.89852 8.3949259
0.9395 -0.74795291 167.89854 8.3949268
0.94 -0.7479278 167.89852 8.3949261
0.9405 -0.74792316 167.89852 8.3949262
0.941 -0.74790416 167.89852 8.3949262
0.9415 -0.74790868 167.89852 8.3949258
0.942 -0.74791796 167.89851 8.3949257
0.9425 -0.74793307 167.89851 8.3949254
0.943 -0.74795907 167.8985 8.3949251
0.9435 -0.7479884 167.8985 8.3949249
0.944 -0.74802052 167.89849 8.3949247
0.9445 -0.74805651 167.89849 8.3949245
0.945 -0.74808767 167.89849 8.3949245
0.9455 -0.74811829 167.89849 8.3949244
0.946 -0.74813937 167.89849 8.3949246
0.9465 -0.74815572 167.89849 8.3949246
0.947 -0.74815845 167.8985 8.3949249
0.9475 -0.74815936 167.89849 8.3949246
0.948 -0.74814935 167.89852 8.3949259
0.9485 -0.74810167 167.8985 8.3949248
0.949 -0.7481224 167.8985 8.3949249
0.9495 -0.74803717 167.89855 8.3949277
0.95 -0.74802125 167.89849 8.3949243
0.9505 -0.74800386 167.89852 8.394926
0.951 -0.74794693 167.89854 8.3949268
0.9515 -0.74793966 167.89851 8.3949253
0.952 -0.74791529 167.89853 8.3949266
0.9525 -0.74789604 167.89852 8.3949258
0.953 -0.7479088 167.89849 8.3949246
0.9535 -0.74789557 167.89853 8.3949267
0.954 -0.74789815 167.89849 8.3949243
0.9545 -0.74792503 167.8985 8.394925
0.955 -0.74792852 167.8985 8.3949251
0.9555 -0.74796674 167.89848 8.394924
0.956 -0.7479781 167.8985 8.3949248
0.9565 -0.74799866 167.89849 8.3949246
0.957 -0.74802038 167.89849 8.3949247
0.9575 -0.74804483 167.89849 8.3949246
0.958 -0.74805342 167.8985 8.394925
0.9585 -0.74806526 167.8985 8.3949249
0.959 -0.74806839 167.8985 8.3949252
0.9595 -0.748072 167.8985 8.3949252
0.96 -0.74806489 167.89851 8.3949255
0.9605 -0.74805407 167.89851 8.3949257
0.961 -0.74803973 167.89851 8.3949254
0.9615 -0.74801435 167.89852 8.3949259
0.962 -0.7480003 167.89851 8.3949254
0.9625 -0.74796755 167.89851 8.3949255
0.963 -0.74794917 167.89851 8.3949256
0.9635 -0.74792582 167.89851 8.3949255
0.964 -0.74789682 167.8985 8.394925
0.9645 -0.74788438 167.89852 8.394926
0.965 -0.74787833 167.89848 8.3949241
0.9655 -0.74785592 167.89851 8.3949254
0.966 -0.74785938 167.89849 8.3949245
0.9665 -0.74785945 167.8985 8.3949248
0.967 -0.74786658 167.8985 8.394925
0.9675 -0.74788668 167.8985 8.3949248
0.968 -0.74790923 167.8985 8.394925
0.9685 -0.7479429 167.8985 8.3949249
0.969 -0.7479645 167.8985 8.394925
0.9695 -0.74799577 167.89851 8.3949253
0.97 -0.74803435 167.8985 8.394925
0.9705 -0.74805318 167.8985 8.3949251
0.971 -0.74808084 167.8985 8.3949252
0.9715 -0.7480927 167.8985 8.394925
0.972 -0.74809865 167.89851 8.3949253
0.9725 -0.74809498 167.8985 8.3949252
0.973 -0.74808018 167.89851 8.3949255
0.9735 -0.74805628 167.89851 8.3949255
0.974 -0.74802519 167.89851 8.3949257
0.9745 -0.74798569 167.89852 8.3949258
0.975 -0.74794762 167.89852 8.394926
0.9755 -0.74790449 167.89852 8.3949259
0.976 -0.74786687 167.89852 8.394926
0.9765 -0.74783719 167.89852 8.394926
0.977 -0.74781384 167.89852 8.394926
0.9775 -0.74779811 167.89852 8.3949261
0.978 -0.74780524 167.89851 8.3949256
0.9785 -0.74781371 167.89852 8.3949258
0.979 -0.74783838 167.89851 8.3949253
0.9795 -0.74787144 167.8985 8.3949248
0.98 -0.74790674 167.89849 8.3949246
0.9805 -0.74795162 167.89848 8.3949242
0.981 -0.74799134 167.89848 8.394924
0.9815 -0.74802792 167.89848 8.394924
0.982 -0.7480711 167.89848 8.3949238
0.9825 -0.74808693 167.89848 8.3949242
0.983 -0.74810339 167.89848 8.3949242
0.9835 -0.74811361 167.89849 8.3949246
0.984 -0.74810942 167.89851 8.3949255
0.9845 -0.7480994 167.89851 8.3949253
0.985 -0.74808599 167.89852 8.3949258
0.9855 -0.74806331 167.89853 8.3949267
0.986 -0.74803576 167.89852 8.394926
0.9865 -0.7480161 167.89854 8.3949268
0.987 -0.74798455 167.89854 8.394927
0.9875 -0.74796113 167.89851 8.3949256
0.988 -0.74794334 167.89854 8.3949272
0.9885 -0.7479224 167.89852 8.3949259
0.989 -0.74791573 167.89852 8.3949259
0.9895 -0.74790921 167.89852 8.3949258
0.99 -0.74791109 167.8985 8.3949251
0.9905 -0.74791668 167.89851 8.3949254
0.991 -0.74793045 167.8985 8.3949251
0.9915 -0.74794916 167.8985 8.3949249
0.992 -0.74796095 167.89851 8.3949253
0.9925 -0.7479982 167.89849 8.3949246
0.993 -0.7480076 167.8985 8.3949248
0.9935 -0.74802987 167.89849 8.3949247
0.994 -0.74805104 167.89849 8.3949246
0.9945 -0.74806539 167.8985 8.3949248
0.995 -0.74807932 167.89849 8.3949246
0.9955 -0.74808472 167.8985 8.3949248
0.996 -0.74808436 167.8985 8.394925
0.9965 -0.74807626 167.8985 8.3949252
0.997 -0.74806697 167.89851 8.3949253
0.9975 -0.74804812 167.89851 8.3949257
0.998 -0.74802833 167.89851 8.3949256
0.9985 -0.74800329 167.89852 8.3949261
0.999 -0.74798305 167.89851 8.3949256
0.9995 -0.74795359 167.89852 8.3949262
1.0 -0.74794209 167.89851 8.3949254
