/*--------------------------------*- C++ -*----------------------------------*\
| =========                 |                                                 |
| \\      /  F ield         | foam-extend: Open Source CFD                    |
|  \\    /   O peration     | Version:     4.1                                |
|   \\  /    A nd           | Web:         http://www.foam-extend.org         |
|    \\/     M anipulation  |                                                 |
\*---------------------------------------------------------------------------*/
FoamFile
{
    version     2.0;
    format      ascii;
    class       volScalarField;
    location    "0.5";
    object      rAU;
}
// * * * * * * * * * * * * * * * * * * * * * * * * * * * * * * * * * * * * * //

dimensions      [0 0 1 0 0 0 0];

internalField   nonuniform List<scalar> 
4393
(
0.00022765558
0.00022728193
0.00022691596
0.00022654208
0.00022615816
0.00022576278
0.00022535356
0.00022492929
0.00022448914
0.0002240329
0.00022356118
0.00022307548
0.0002225783
0.0002220732
0.00022156455
0.0002210585
0.00022056088
0.00022007868
0.00021961956
0.00021919111
0.00021880111
0.00021845724
0.00021816703
0.00021793769
0.00021777588
0.00021768754
0.00021767732
0.00021767732
0.00021774853
0.00021790227
0.00021813671
0.00021844685
0.00021882448
0.00021925855
0.00021973576
0.0002202416
0.00022076119
0.00022128035
0.00022178622
0.0002222678
0.00022271609
0.00022312415
0.00022348689
0.00022380086
0.00022406396
0.00022427519
0.00022443463
0.00022454278
0.00022458502
0.000224523
0.00022420261
0.00022389708
0.00022358241
0.00022325586
0.00022291575
0.00022255987
0.00022218736
0.00022179779
0.00022139154
0.00022096988
0.0002205351
0.00022009057
0.00021964077
0.00021919103
0.00021874838
0.00021831944
0.00021791182
0.00021753363
0.00021719273
0.00021689699
0.00021665414
0.0002164716
0.00021635638
0.00021631483
0.00021635235
0.00021643963
0.00021641242
0.00021645515
0.0002165817
0.00021679358
0.00021708924
0.00021746353
0.00021790767
0.00021840967
0.00021895523
0.00021952887
0.00022011504
0.00022069916
0.00022126829
0.00022181153
0.00022232016
0.00022278755
0.00022320897
0.00022358116
0.00022390198
0.00022417054
0.00022438834
0.0002245426
0.00022401794
0.00022370929
0.00022340909
0.00022309725
0.00022277105
0.00022242897
0.00022206901
0.00022169059
0.00022129372
0.00022087928
0.00022044919
0.0002200065
0.00021955547
0.00021910155
0.00021865108
0.0002182121
0.00021779211
0.00021739946
0.00021704278
0.00021673029
0.00021647005
0.00021626981
0.00021613701
0.00021607857
0.00021610066
0.00021620835
0.00021629729
0.00021617746
0.00021613858
0.00021618767
0.00021632965
0.00021656619
0.00021689474
0.00021730811
0.00021779476
0.00021833977
0.00021892617
0.00021953645
0.00022015383
0.00022076321
0.00022135174
0.00022190903
0.00022242717
0.00022290039
0.00022332469
0.00022369745
0.00022401756
0.00022428513
0.00022448046
0.00022366295
0.00022335963
0.00022305928
0.00022274424
0.00022241204
0.00022206137
0.00022169039
0.00022129876
0.00022088681
0.00022045589
0.0002200085
0.00021954844
0.00021908087
0.00021861228
0.00021815015
0.00021770367
0.00021728142
0.00021689267
0.00021654676
0.00021625238
0.0002160179
0.00021585128
0.00021576008
0.00021575135
0.00021583138
0.0002160052
0.00021609
0.00021588397
0.00021576063
0.00021573053
0.00021580238
0.00021598139
0.0002162677
0.00021665555
0.00021713339
0.00021768507
0.00021829155
0.0002189328
0.00021958945
0.00022024402
0.00022088164
0.00022149032
0.00022206093
0.00022258688
0.00022306364
0.0002234884
0.00022385994
0.00022417725
0.00022442222
0.00022330147
0.00022300225
0.00022270217
0.00022238424
0.00022204619
0.00022168683
0.00022130444
0.00022089887
0.00022047071
0.00022002169
0.00021955484
0.00021907469
0.0002185873
0.00021810026
0.00021762229
0.00021716387
0.00021673483
0.00021634548
0.00021600596
0.00021572549
0.00021551277
0.00021537598
0.00021532289
0.00021536085
0.00021549644
0.00021573507
0.00021582653
0.00021552987
0.0002153181
0.00021520582
0.00021520612
0.00021532832
0.00021557553
0.00021594329
0.00021641956
0.00021698624
0.0002176214
0.00021830182
0.00021900507
0.00021971098
0.00022040257
0.00022106628
0.00022169194
0.00022227228
0.0002228025
0.00022327976
0.00022370273
0.00022407025
0.00022436648
0.00022292425
0.00022262966
0.00022233089
0.00022201104
0.00022166792
0.00022130041
0.00022090685
0.00022048717
0.00022004216
0.00021957385
0.00021908573
0.000218583
0.00021807264
0.0002175634
0.00021706538
0.00021659053
0.00021615011
0.00021575565
0.00021541817
0.00021514743
0.00021495247
0.00021484168
0.00021482311
0.00021490452
0.00021509313
0.0002153951
0.00021550837
0.00021511525
0.00021480943
0.00021461016
0.00021453581
0.00021460064
0.00021481125
0.00021516443
0.00021564704
0.00021623805
0.00021691166
0.00021764058
0.00021839868
0.00021916278
0.00021991368
0.00022063633
0.00022131967
0.00022195607
0.0002225407
0.00022307091
0.00022354561
0.00022396406
0.0002243122
0.00022253178
0.0002222425
0.00022194607
0.0002216253
0.00022127796
0.0002209029
0.00022049844
0.00022006451
0.00021960198
0.00021911308
0.00021860169
0.00021807362
0.00021753676
0.00021700111
0.00021647832
0.00021598206
0.00021552527
0.0002151209
0.00021478093
0.00021451571
0.0002143345
0.00021424586
0.00021425812
0.00021437958
0.00021461843
0.0002149821
0.00021513755
0.00021464067
0.00021423331
0.0002139402
0.00021378616
0.00021379167
0.00021396767
0.00021431219
0.0002148102
0.0002154365
0.00021616007
0.00021694843
0.00021777097
0.00021860114
0.00021941737
0.00022020326
0.0002209471
0.00022164115
0.00022228087
0.0002228641
0.00022339027
0.00022385949
0.00022425912
0.00022212605
0.00022184344
0.00022155053
0.00022122986
0.00022087915
0.00022049714
0.00022008201
0.00021963362
0.00021915278
0.00021864179
0.00021810483
0.00021754823
0.0002169808
0.00021641386
0.00021586084
0.00021533744
0.00021485866
0.00021443911
0.00021409187
0.00021382776
0.00021365616
0.00021358566
0.00021362477
0.0002137825
0.0002140683
0.00021449148
0.00021471561
0.00021410604
0.00021358746
0.0002131911
0.00021294986
0.00021289232
0.00021303505
0.00021337744
0.00021390145
0.00021457599
0.00021536305
0.00021622353
0.00021712148
0.00021802649
0.00021891464
0.00021976833
0.00022057554
0.00022132879
0.00022202417
0.00022266032
0.00022323752
0.00022375693
0.0002242072
0.00022170876
0.00022143369
0.00022114539
0.00022082588
0.00022047273
0.00022008444
0.000219659
0.00021919601
0.00021869611
0.00021816153
0.00021759657
0.00021700799
0.00021640548
0.00021580178
0.00021521236
0.00021465542
0.00021414845
0.00021370809
0.00021334862
0.00021308124
0.00021291517
0.00021285874
0.00021292053
0.00021311027
0.00021343902
0.00021391869
0.00021424547
0.00021351243
0.00021287039
0.00021235824
0.00021201917
0.00021189259
0.00021200275
0.00021235055
0.00021291341
0.0002136519
0.00021451865
0.00021546614
0.00021645201
0.00021744161
0.0002184087
0.0002193348
0.00022020801
0.00022102163
0.00022177276
0.00022246122
0.0002230885
0.00022365698
0.00022415659
0.00022128193
0.00022101626
0.00022073399
0.00022041684
0.00022006226
0.00021966848
0.00021923314
0.00021875549
0.00021823578
0.000217676
0.00021708036
0.00021645594
0.00021581319
0.00021516639
0.00021453337
0.0002139354
0.00021339314
0.00021292575
0.00021254885
0.00021227377
0.00021210917
0.00021206268
0.00021214265
0.00021235947
0.00021272618
0.00021325804
0.00021373051
0.00021286122
0.00021208047
0.00021143611
0.00021098447
0.00021077982
0.00021085723
0.00021121952
0.00021183717
0.00021265899
0.00021362498
0.00021467698
0.00021576502
0.0002168499
0.00021790326
0.0002189063
0.00021984785
0.0002207225
0.00022152896
0.00022226861
0.00022294445
0.00022356033
0.00022410757
0.0002208482
0.00022059254
0.00022031739
0.0002200038
0.00021964889
0.00021925052
0.00021880587
0.00021831364
0.00021777355
0.00021718704
0.00021655804
0.00021589368
0.00021520507
0.00021450805
0.00021382321
0.00021317566
0.00021259019
0.00021208919
0.00021168973
0.00021140291
0.00021123613
0.00021119566
0.00021128912
0.0002115274
0.00021192577
0.00021250381
0.00021317602
0.0002121556
0.00021121736
0.00021041944
0.00020983495
0.00020953895
0.00020958236
0.00020997049
0.00021066328
0.0002115927
0.00021268175
0.00021385885
0.00021506516
0.00021625679
0.00021740384
0.00021848792
0.00021949944
0.00022043507
0.00022129565
0.00022208463
0.00022280686
0.00022346787
0.0002240605
0.00022040851
0.00022016541
0.00021989916
0.00021959064
0.0002192368
0.00021883506
0.00021838202
0.00021787567
0.0002173149
0.00021670035
0.00021603532
0.00021532668
0.00021458595
0.00021383049
0.00021308407
0.0002123767
0.00021173865
0.00021119657
0.00021076921
0.00021046681
0.00021029449
0.00021025619
0.00021035809
0.00021061119
0.00021103319
0.00021164895
0.00021247589
0.0002114001
0.00021028187
0.00020930292
0.0002085578
0.00020815107
0.00020815764
0.00020858643
0.00020938094
0.00021044887
0.00021169023
0.00021301662
0.0002143592
0.00021566967
0.00021691751
0.00021808597
0.00021916814
0.00022016364
0.00022107617
0.00022191175
0.00022267743
0.00022338062
0.00022401586
0.00021996811
0.00021973766
0.00021948139
0.00021917928
0.00021882787
0.00021842403
0.00021796364
0.00021744377
0.0002168622
0.00021621842
0.00021551466
0.00021475711
0.00021395732
0.00021313398
0.00021231448
0.00021153511
0.00021083368
0.00021024264
0.0002097827
0.00020946222
0.00020928245
0.00020924357
0.00020934926
0.00020960997
0.00021004576
0.00021068779
0.00021157601
0.00021060279
0.00020927744
0.00020808228
0.00020713838
0.00020659248
0.00020655701
0.00020704652
0.00020797825
0.00020922459
0.00021065432
0.00021215834
0.00021365697
0.00021509848
0.0002164534
0.00021770829
0.00021886034
0.00021991326
0.00022087437
0.00022175278
0.00022255807
0.00022329975
0.00022397418
0.00021952571
0.00021931127
0.00021906716
0.0002187734
0.00021842639
0.00021802243
0.00021755656
0.00021702469
0.0002164232
0.00021574996
0.00021500559
0.00021419502
0.0002133292
0.00021242765
0.00021152166
0.00021065564
0.00020987787
0.00020922902
0.00020873209
0.00020839196
0.00020820364
0.00020816162
0.00020826579
0.00020852516
0.0002089618
0.00020961418
0.00021053516
0.0002097754
0.00020821106
0.00020675513
0.00020555998
0.00020483273
0.00020474617
0.00020532468
0.00020644215
0.00020791906
0.00020958172
0.00021129619
0.00021297205
0.00021455621
0.00021602287
0.00021736427
0.00021858352
0.00021968967
0.00022069454
0.0002216108
0.00022245089
0.00022322654
0.00022393607
0.00021909202
0.00021889306
0.00021866215
0.00021837834
0.00021803753
0.00021763535
0.00021716582
0.00021662349
0.00021600295
0.00021529991
0.00021451271
0.00021364422
0.00021270394
0.00021171133
0.00021070151
0.00020972939
0.00020885837
0.00020814117
0.00020760375
0.00020724503
0.00020705018
0.00020700523
0.0002071047
0.00020735466
0.00020777804
0.00020842103
0.00020935224
0.00020893447
0.00020709493
0.00020532286
0.00020380442
0.00020283225
0.00020267882
0.00020338788
0.00020475873
0.00020653513
0.0002084857
0.00021044802
0.00021232276
0.0002140594
0.00021563977
0.00021706492
0.00021834613
0.00021949922
0.0002205413
0.0002214891
0.00022235811
0.00022316237
0.00022390218
0.00021865861
0.00021847912
0.00021826385
0.00021799221
0.00021766009
0.00021726248
0.00021679232
0.00021624259
0.00021560575
0.00021487476
0.00021404483
0.00021311578
0.00021209443
0.00021099859
0.0002098663
0.00020876572
0.00020778227
0.00020698682
0.00020640901
0.00020603753
0.00020584179
0.00020579547
0.00020588605
0.0002061152
0.00020650487
0.00020710932
0.00020801665
0.00020810567
0.00020594952
0.00020379373
0.00020185364
0.00020053924
0.00020029048
0.00020119374
0.00020291413
0.00020508198
0.00020738778
0.00020963929
0.00021173334
0.00021362871
0.00021532054
0.0002168228
0.00021815749
0.00021934866
0.00022041948
0.00022139106
0.000222282
0.00022310864
0.00022387319
0.00021824827
0.00021808709
0.00021788856
0.00021763119
0.00021731042
0.00021692051
0.00021645319
0.00021589962
0.00021524969
0.00021449289
0.00021362015
0.00021262683
0.00021151549
0.00021029977
0.00020901808
0.0002077547
0.00020662794
0.00020573725
0.00020511748
0.0002047408
0.00020455208
0.00020450792
0.0002045881
0.0002047887
0.00020512696
0.00020566329
0.00020650807
0.00020731759
0.00020480442
0.00020218822
0.00019969455
0.00019788655
0.00019748831
0.00019868756
0.00020089659
0.00020357946
0.00020632162
0.00020890562
0.00021123523
0.00021328929
0.00021508417
0.00021665172
0.00021802743
0.00021924491
0.00022033391
0.00022131999
0.00022222477
0.00022306672
0.00022384976
0.00021784043
0.0002177018
0.00021752239
0.00021728156
0.00021697492
0.00021659612
0.00021613566
0.00021558279
0.0002149246
0.00021414654
0.00021323408
0.00021217654
0.0002109704
0.00020962183
0.00020816425
0.0002066996
0.0002053961
0.00020439933
0.00020375103
0.00020339603
0.00020323926
0.0002032123
0.00020328698
0.00020345253
0.00020371395
0.00020413332
0.00020484798
0.00020602384
0.00020371951
0.00020055397
0.00019733188
0.00019479294
0.00019413598
0.00019579984
0.00019870107
0.00020206538
0.00020533872
0.00020829599
0.00021086833
0.00021307094
0.00021495179
0.00021656624
0.00021796582
0.00021919463
0.00022028908
0.00022127892
0.00022218844
0.00022303787
0.00022383252
0.0002174927
0.0002173749
0.00021721599
0.00021699463
0.00021670628
0.00021634396
0.000215897
0.00021535267
0.000214695
0.00021390469
0.00021296016
0.000211842
0.00021053793
0.00020904199
0.00020737215
0.00020564454
0.00020410366
0.000202973
0.00020230307
0.00020199509
0.00020188909
0.00020188175
0.00020194245
0.00020205929
0.00020221571
0.00020246942
0.00020298999
0.00020402427
0.00020276201
0.00019898329
0.00019482852
0.00019118866
0.00019003746
0.00019244688
0.00019633802
0.00020060735
0.00020451671
0.00020787674
0.00021068203
0.00021300768
0.00021494581
0.00021658075
0.00021798184
0.00021920371
0.00022028882
0.00022127038
0.00022217469
0.00022302315
0.00022382201
0.00021722611
0.00021713358
0.00021699912
0.00021680175
0.00021653726
0.00021619813
0.00021577254
0.00021524576
0.00021459861
0.00021380668
0.00021284005
0.00021166785
0.00021026635
0.0002086142
0.00020669846
0.00020463426
0.00020278315
0.00020150736
0.00020086421
0.00020068617
0.00020070406
0.00020076484
0.00020084696
0.00020095156
0.00020101455
0.00020106565
0.00020130331
0.0002020372
0.00020230676
0.00019780336
0.00019243032
0.00018710144
0.00018493448
0.0001885482
0.00019385983
0.0001993257
0.0002039722
0.00020773588
0.0002107353
0.00021313632
0.00021508828
0.0002167082
0.00021808306
0.00021927662
0.00022033585
0.00022129611
0.00022218466
0.00022302333
0.00022381867
0.00021728585
0.00021722139
0.00021711734
0.00021695169
0.0002167206
0.00021641629
0.00021602632
0.0002155346
0.00021491948
0.00021415205
0.00021319359
0.00021199823
0.00021052547
0.00020873474
0.00020655874
0.0002040635
0.00020178093
0.00020033838
0.00019978122
0.00019984269
0.00020006304
0.00020021804
0.00020031285
0.00020040138
0.00020032756
0.00020005838
0.00019985269
0.00020007626
0.00020116426
0.00019738008
0.00019063826
0.00018289227
0.00017858805
0.00018413733
0.00019144346
0.0001984311
0.00020387649
0.00020798608
0.00021109453
0.00021349324
0.00021539818
0.00021695815
0.00021827421
0.00021941569
0.00022043139
0.00022135683
0.00022221887
0.00022303878
0.00022382273
0.0002180427
0.00021801325
0.00021795416
0.00021783829
0.00021766187
0.00021741704
0.0002170913
0.00021666782
0.0002161228
0.00021542291
0.00021451968
0.00021334677
0.00021183645
0.00020992682
0.00020747952
0.0002044086
0.00020147222
0.0001998706
0.00019955359
0.00020013119
0.00020077171
0.00020115041
0.00020132404
0.00020152646
0.0002014548
0.0002008986
0.00020028535
0.00019983591
0.00020078799
0.00019974063
0.00019127416
0.00017999692
0.0001709205
0.00017962913
0.00018945303
0.00019824898
0.00020446897
0.00020876361
0.00021182718
0.00021410848
0.00021588744
0.00021733447
0.00021855585
0.00021962041
0.00022057473
0.000221452
0.00022227702
0.00022306945
0.00022383425
0.00022068723
0.00022073432
0.00022076257
0.00022074003
0.00022066486
0.00022053013
0.00022032457
0.00022003232
0.00021962966
0.00021908181
0.00021833506
0.00021730505
0.00021588857
0.00021400163
0.00021144514
0.00020776935
0.00020387282
0.00020235148
0.00020269068
0.00020443505
0.00020594509
0.00020683898
0.00020724245
0.000207907
0.00020826492
0.00020729177
0.00020616019
0.00020430145
0.00020494365
0.00020346936
0.00019647901
0.00018115985
0.0001621932
0.0001762779
0.00018867038
0.00019947365
0.00020612922
0.00021022929
0.00021298928
0.00021499633
0.00021655569
0.00021783265
0.00021892317
0.00021988678
0.00022076296
0.00022157968
0.00022235795
0.00022311476
0.00022385305
0.00022643824
0.00022657942
0.00022673922
0.00022686351
0.00022695013
0.00022699423
0.00022698869
0.00022692272
0.000226778
0.00022652489
0.00022611243
0.00022544321
0.00022435431
0.00022267869
0.00022017296
0.00021572524
0.00020954596
0.00020822443
0.00020944515
0.00021335481
0.00021636428
0.0002182473
0.00021884214
0.000220309
0.00022202398
9.2977087e-05
9.5429351e-05
9.7685821e-05
9.9877379e-05
0.00010288262
9.4461459e-05
8.6196225e-05
0.00010658025
0.00017930039
0.00019340733
0.00020410452
0.00020943505
0.00021251792
0.00021459107
0.00021613948
0.00021738382
0.00021843746
0.00021936509
0.00022020709
0.00022099088
0.00022173649
0.00022245964
0.00022317362
0.00022387871
0.00023923385
0.00023967543
0.00024016864
0.00024064642
0.00024111797
0.0002415875
0.00024205987
0.00024253888
0.00024302339
0.00024350262
0.000243944
0.0002442556
0.00024421714
0.00024348824
0.00024184714
0.00023791429
0.00022671926
0.00022920482
0.00023533705
0.00024972279
0.00026113458
0.00026989004
0.00012822442
0.00016660808
0.00032217079
0.00046135743
0.00049956686
0.00049956686
0.00049956686
0.00049956686
0.00049956686
0.00045030844
0.00033648273
6.8071668e-05
0.00021294738
0.00021343915
0.00021436037
0.0002154785
0.00021652261
0.00021746904
0.00021832932
0.00021912217
0.00021986446
0.00022057022
0.00022125125
0.00022191783
0.00022257926
0.00022324449
0.00022391058
0.00026422729
0.00026521927
0.00026635402
0.00026753046
0.00026876927
0.00027009514
0.00027154226
0.00027315369
0.00027498252
0.00027709597
0.00027958003
0.00028253226
0.00028605157
0.00029017478
0.00029468143
0.00030172145
0.00027311628
0.00030426824
0.00035569327
0.0003725637
0.00027766418
0.0003227871
0.00049956686
0.00049956686
0.00049956686
0.00049956686
0.00049956686
0.00049956686
0.00049956686
0.00049956686
0.00041265114
0.00041829831
0.0001020451
0.00026655758
0.00023111563
0.00022207721
0.00021925829
0.00021852001
0.00021854122
0.0002188703
0.00021933138
0.00021985169
0.00022039983
0.00022096257
0.00022153533
0.00022211809
0.00022271335
0.0002233254
0.0002239478
0.00030194731
0.0003040644
0.00030617072
0.00030834944
0.00031067528
0.00031322147
0.00031607462
0.0003193489
0.00032320467
0.00032788639
0.00033379187
0.00034150654
0.00035161938
0.00036466284
0.00038490001
0.00040221276
0.00025485482
0.00025428098
0.00026216477
0.00049039728
0.00047803655
0.0004883328
0.0004787001
0.00047372345
0.0004774664
0.00045866202
0.00045172437
0.00045352148
0.00044094519
0.00043653445
0.0001069303
0.0001076819
0.00021982023
0.00025237246
0.00023693035
0.00022739393
0.00022310072
0.00022120551
0.00022043729
0.00022023392
0.00022032865
0.00022058952
0.00022094852
0.0002213696
0.00022183367
0.00022233114
0.00022285806
0.00022341414
0.00022398938
0.0002887498
0.00028927327
0.00028947431
0.00028967271
0.00028987019
0.00029009821
0.00029038233
0.00029075878
0.00029127974
0.00029202217
0.0002931068
0.00029420759
0.00029517002
0.00029588796
0.00029321315
0.00010297854
0.00037633073
0.00047104155
0.00047235353
0.00049383122
0.00048613629
0.00048245044
0.0001242162
0.00012128463
0.00010077568
0.000100061
0.00010063665
0.00010198105
0.00010293553
0.00010453032
0.00020122764
0.00020770295
0.00021811839
0.00023905684
0.00023961642
0.00023074759
0.00022594468
0.00022340488
0.00022209726
0.0002214828
0.00022127135
0.00022130354
0.00022148948
0.00022177734
0.00022213692
0.00022255078
0.00022300939
0.00022350832
0.00022403421
0.00022329399
0.00022312521
0.0002228355
0.00022255479
0.00022229055
0.00022205971
0.00022187808
0.00022176886
0.00022176427
0.00022190919
0.00022226841
0.00022212957
0.00022120496
0.0002194684
0.00021678869
0.00021321257
9.5895262e-05
9.9122698e-05
9.9874366e-05
9.977952e-05
0.0001001552
0.00010018211
0.00021254631
0.00021081967
0.00020893552
0.00020554995
0.00020444244
0.00020388755
0.00020211883
0.00020213989
0.0002033243
0.00020903616
0.00021826645
0.00023220887
0.00023803069
0.00023247095
0.0002278463
0.00022507878
0.00022346615
0.00022257006
0.00022212448
0.00022196878
0.00022200518
0.00022217353
0.00022243654
0.00022277114
0.00022316344
0.00022360557
0.00022408115
0.0002192378
0.0002193155
0.00021943915
0.00021957165
0.00021972429
0.00021990927
0.00022013927
0.00022043048
0.00022080237
0.00022127791
0.00022184817
0.00022159912
0.00022084947
0.00021961943
0.00021784722
0.00021503624
0.00021255388
0.00021406798
0.0002159122
0.00021421513
0.00021238364
0.00021121874
0.00021006336
0.00020834174
0.00020730876
0.0002056924
0.00020478738
0.00020421446
0.0002034906
0.0002039619
0.00020594923
0.00021090994
0.00021857419
0.00022813583
0.00023385878
0.00023317321
0.00022901129
0.00022627675
0.0002245395
0.00022347665
0.0002228681
0.0002225684
0.00022248248
0.00022254827
0.00022272525
0.000222987
0.00022331662
0.00022370362
0.00022412909
0.00021785526
0.00021793333
0.00021805679
0.00021819356
0.00021834661
0.00021852354
0.00021873296
0.00021898603
0.00021929535
0.00021967469
0.00021999956
0.00021951335
0.00021876113
0.00021769252
0.00021626788
0.00021443419
0.0002133019
0.00021414811
0.00021528285
0.00021349302
0.00021190184
0.00021068419
0.00020952895
0.00020831492
0.00020736131
0.00020630356
0.00020565448
0.00020529541
0.00020522293
0.00020610096
0.00020834736
0.00021263985
0.00021878181
0.00022563876
0.00023032393
0.00023231957
0.00022961969
0.00022707344
0.0002253398
0.00022420295
0.00022349468
0.00022309313
0.00022291274
0.00022289433
0.0002229973
0.00022319398
0.00022346577
0.00022380041
0.00022417698
0.00021717732
0.00021729654
0.00021743446
0.00021758365
0.00021775009
0.00021794028
0.00021816047
0.00021841828
0.00021872082
0.00021907359
0.00021923076
0.00021879264
0.00021814587
0.00021726037
0.00021611444
0.00021485723
0.00021422975
0.00021473033
0.00021503105
0.00021340739
0.00021201242
0.00021086238
0.00020980644
0.00020882623
0.00020800751
0.00020727327
0.00020685608
0.00020674282
0.00020704071
0.00020813581
0.00021035048
0.00021401026
0.00021889077
0.00022403064
0.00022788412
0.00023023869
0.00022984028
0.00022755278
0.00022590406
0.00022476194
0.00022400595
0.00022353995
0.00022329137
0.00022320701
0.00022324854
0.00022338868
0.00022360831
0.00022389417
0.00022422391
0.0002168879
0.00021695999
0.00021707471
0.00021720848
0.00021735952
0.00021753142
0.00021772804
0.00021795436
0.00021821433
0.00021850956
0.00021853785
0.00021815275
0.00021762432
0.00021694075
0.00021611384
0.00021532111
0.00021500718
0.00021539349
0.00021498666
0.00021358925
0.0002123666
0.00021132222
0.00021039052
0.00020957162
0.0002088987
0.00020838194
0.00020814257
0.00020821704
0.00020872244
0.00020989987
0.00021196723
0.00021506698
0.00021896901
0.00022296234
0.00022615807
0.00022832193
0.00022930568
0.00022778846
0.00022627275
0.00022517312
0.00022440962
0.00022391049
0.00022361712
0.00022348389
0.00022347628
0.00022356862
0.0002237422
0.00022398344
0.00022426908
0.00021674632
0.00021685803
0.00021698233
0.00021711677
0.0002172654
0.00021743136
0.0002176164
0.00021782247
0.00021804971
0.00021829505
0.0002182611
0.00021791639
0.00021746784
0.00021691996
0.00021631235
0.00021580386
0.00021566132
0.00021596921
0.00021503898
0.00021385318
0.00021279275
0.00021186898
0.00021106167
0.00021037852
0.00020984252
0.00020948627
0.00020938513
0.00020959172
0.00021020746
0.00021138838
0.00021327036
0.00021589776
0.00021905878
0.0002222504
0.00022492511
0.00022687304
0.00022810547
0.00022784622
0.00022648544
0.0002254586
0.00022471692
0.00022420956
0.00022389126
0.00022372444
0.00022367917
0.00022373223
0.00022386598
0.0002240671
0.00022431185
0.00021667374
0.00021674318
0.00021684872
0.00021697106
0.00021710781
0.00021726014
0.0002174283
0.00021761257
0.00021781111
0.00021801855
0.00021797882
0.00021769707
0.0002173443
0.00021693345
0.0002165126
0.00021620655
0.00021617997
0.00021616799
0.00021513106
0.00021413333
0.00021322484
0.00021242547
0.00021173786
0.00021117545
0.00021076106
0.00021053029
0.00021053762
0.00021083568
0.00021150457
0.00021264595
0.00021433779
0.00021657365
0.00021917212
0.00022177987
0.00022403898
0.00022577523
0.00022696315
0.00022750967
0.00022657636
0.00022564014
0.0002249405
0.00022444386
0.0002241168
0.00022392952
0.00022385693
0.00022387869
0.00022397871
0.00022414433
0.00022435174
0.00021662161
0.00021671233
0.00021681837
0.00021693373
0.00021706002
0.00021719826
0.00021734763
0.00021750701
0.0002176731
0.00021783923
0.00021780568
0.00021757087
0.0002172913
0.00021698575
0.00021670174
0.00021653278
0.00021658412
0.00021609628
0.00021524461
0.0002144112
0.0002136429
0.00021296478
0.00021239076
0.00021193823
0.00021163073
0.00021150151
0.0002115935
0.00021195303
0.00021264024
0.00021372025
0.00021523252
0.00021714641
0.00021931286
0.00022148132
0.00022340624
0.00022494735
0.00022606482
0.00022678879
0.00022657562
0.00022573801
0.00022509324
0.00022462104
0.0002242979
0.00022410105
0.00022401015
0.00022400787
0.00022407993
0.00022421463
0.00022438842
0.00021659044
0.00021665666
0.00021675109
0.00021685789
0.00021697494
0.000217102
0.00021723725
0.00021737853
0.00021752158
0.00021765898
0.00021765542
0.00021747017
0.0002172588
0.00021704232
0.00021686336
0.00021679145
0.00021671191
0.00021607625
0.00021537712
0.0002146864
0.00021404556
0.00021348149
0.00021301329
0.00021266053
0.00021244654
0.0002124009
0.00021255854
0.00021295759
0.00021364162
0.00021465079
0.00021600021
0.00021764972
0.00021947938
0.00022130843
0.00022296191
0.00022432812
0.00022536387
0.00022607884
0.00022638295
0.00022576977
0.00022518729
0.00022474893
0.00022443928
0.00022424165
0.00022414005
0.00022412013
0.00022416956
0.00022427776
0.00022442169
0.00021656771
0.00021663969
0.0002167297
0.00021682786
0.00021693387
0.00021704739
0.00021716616
0.00021728757
0.00021740698
0.00021751709
0.00021754367
0.00021739981
0.00021724434
0.00021709813
0.00021699739
0.00021695127
0.00021662956
0.0002160983
0.00021552688
0.00021496029
0.00021443437
0.00021397552
0.00021360464
0.00021334191
0.00021320951
0.0002132332
0.0002134415
0.00021386445
0.00021453257
0.00021546902
0.00021667419
0.00021810619
0.00021966927
0.00022123043
0.0002226612
0.00022387286
0.00022482391
0.00022551263
0.00022596338
0.00022575068
0.00022523372
0.00022483517
0.00022454591
0.00022435432
0.00022424829
0.00022421626
0.00022424784
0.0002243337
0.00022445146
0.00021655782
0.00021661772
0.00021670008
0.00021679097
0.00021688846
0.00021699165
0.00021709781
0.000217204
0.0002173055
0.00021739537
0.00021744674
0.00021734655
0.00021723813
0.00021714768
0.00021710528
0.00021695227
0.00021658723
0.00021615512
0.00021569214
0.00021523389
0.00021481098
0.00021444806
0.00021416585
0.00021398396
0.00021392277
0.00021400436
0.00021425176
0.00021468788
0.00021533324
0.00021619954
0.00021727877
0.0002185311
0.00021988013
0.000221226
0.00022247219
0.00022354802
0.0002244159
0.00022506813
0.00022551851
0.00022566688
0.00022524229
0.00022488685
0.00022462268
0.00022444226
0.0002243368
0.00022429731
0.00022431525
0.0002243826
0.00022447775
0.00021655518
0.0002166137
0.00021669059
0.00021677383
0.00021686211
0.00021695445
0.00021704802
0.00021713986
0.00021722545
0.00021729849
0.00021735056
0.00021730598
0.00021723571
0.00021718846
0.00021711164
0.00021688531
0.00021658735
0.00021623969
0.00021587002
0.00021550683
0.00021517607
0.00021490003
0.00021469817
0.00021458873
0.0002145899
0.00021472026
0.00021499812
0.00021544037
0.00021606004
0.00021686119
0.00021783142
0.00021893457
0.00022010942
0.00022127961
0.00022237123
0.00022332777
0.00022411625
0.0002247263
0.00022516494
0.00022545034
0.00022522133
0.00022491041
0.00022467427
0.00022450869
0.00022440769
0.00022436455
0.00022437248
0.00022442476
0.00022450066
0.00021656099
0.00021661319
0.00021668438
0.00021676123
0.00021684193
0.00021692534
0.00021700858
0.00021708879
0.00021716183
0.00021722216
0.00021726274
0.0002172612
0.00021722188
0.00021717345
0.00021704661
0.00021685938
0.00021662057
0.00021634606
0.00021605762
0.00021577831
0.00021553006
0.00021533252
0.00021520335
0.00021515893
0.00021521505
0.00021538707
0.00021568916
0.0002161333
0.00021672695
0.00021746919
0.00021834565
0.0002193243
0.00022035573
0.00022138062
0.00022234149
0.000223193
0.00022390682
0.00022447182
0.00022489086
0.00022517656
0.00022517821
0.00022491166
0.00022470507
0.00022455678
0.00022446312
0.00022441934
0.0002244203
0.00022446056
0.00022452032
0.00021657272
0.00021662174
0.00021668807
0.00021675877
0.00021683221
0.00021690729
0.00021698123
0.00021705139
0.0002171141
0.00021716467
0.00021719734
0.00021720545
0.00021718181
0.00021711959
0.00021701382
0.00021686493
0.00021667886
0.00021646858
0.00021625162
0.0002160468
0.00021587261
0.0002157461
0.00021568278
0.00021569697
0.000215802
0.00021601022
0.00021633226
0.00021677609
0.00021734506
0.00021803505
0.00021883113
0.00021970527
0.00022061729
0.00022152048
0.00022236959
0.00022312816
0.00022377223
0.00022429104
0.00022468509
0.00022496318
0.00022509971
0.00022489554
0.00022471902
0.00022458949
0.00022450519
0.00022446309
0.00022445955
0.00022449043
0.0002245369
0.0002165898
0.00021663495
0.00021669689
0.00021676233
0.00021682956
0.00021689752
0.0002169636
0.00021702549
0.00021708004
0.00021712341
0.00021715106
0.00021715797
0.00021713902
0.00021708979
0.00021700763
0.00021689441
0.00021675574
0.0002166025
0.00021644904
0.00021631088
0.00021620352
0.00021614151
0.00021613817
0.00021620562
0.00021635478
0.00021659524
0.00021693455
0.00021737742
0.00021792414
0.00021856858
0.00021929602
0.00022008201
0.00022089365
0.0002216937
0.00022244629
0.00022312203
0.00022370099
0.00022417344
0.0002245387
0.00022480308
0.00022497755
0.00022486677
0.00022471995
0.00022460977
0.00022453606
0.00022449727
0.00022449111
0.00022451478
0.00022455056
0.00021661105
0.00021665331
0.00021671144
0.00021677214
0.00021683378
0.00021689543
0.00021695471
0.00021700967
0.00021705771
0.00021709581
0.00021712056
0.00021712837
0.00021711586
0.00021708048
0.00021702132
0.00021694119
0.00021684541
0.00021674328
0.00021664676
0.0002165687
0.00021652203
0.00021651897
0.00021657067
0.00021668706
0.00021687671
0.0002171467
0.00021750185
0.00021794421
0.00021847177
0.00021907709
0.00021974602
0.00022045728
0.00022118366
0.00022189527
0.00022256348
0.00022316472
0.00022368268
0.00022410905
0.00022444281
0.00022468876
0.00022485575
0.00022482871
0.00022471068
0.00022461989
0.00022455743
0.00022452306
0.00022451569
0.0002245339
0.00022456135
0.00021663524
0.00021667507
0.00021673001
0.00021678666
0.00021684347
0.00021689967
0.00021695314
0.00021700232
0.0002170452
0.00021707951
0.00021710288
0.00021711298
0.00021710787
0.00021708655
0.00021704938
0.00021699988
0.0002169431
0.00021688714
0.00021684214
0.00021681875
0.00021682768
0.00021687902
0.00021698179
0.00021714382
0.00021737143
0.00021766936
0.00021804004
0.00021848326
0.00021899521
0.00021956758
0.00022018691
0.00022083458
0.00022148795
0.00022212285
0.00022271644
0.00022324997
0.00022371043
0.00022409115
0.00022439133
0.00022461501
0.00022476964
0.00022478566
0.00022469498
0.00022462291
0.00022457167
0.00022454213
0.00022453427
0.00022454805
0.00022456918
0.00021666151
0.00021669959
0.00021675191
0.00021680506
0.00021685762
0.00021690903
0.00021695746
0.00021700173
0.0002170404
0.00021707193
0.00021709486
0.00021710799
0.00021711063
0.00021710302
0.00021708655
0.00021706527
0.00021704405
0.00021703011
0.0002170321
0.00021705889
0.00021711927
0.00021722133
0.00021737213
0.00021757743
0.00021784143
0.00021816666
0.00021855342
0.00021899951
0.0002194996
0.00022004478
0.00022062221
0.00022121548
0.00022180561
0.00022237302
0.00022289959
0.00022337067
0.00022377629
0.00022411157
0.00022437637
0.00022457449
0.00022471255
0.00022473891
0.00022467382
0.00022461946
0.00022457901
0.00022455443
0.00022454657
0.00022455658
0.00022457326
0.0002166877
0.00021672527
0.00021677568
0.0002168259
0.00021687474
0.00021692192
0.00021696589
0.00021700591
0.00021703458
0.00021705864
0.00021707939
0.00021709819
0.00021711722
0.00021712539
0.00021712813
0.00021713276
0.00021714407
0.0002171686
0.00021721384
0.00021728717
0.0002173957
0.00021754572
0.0002177424
0.00021798952
0.00021828928
0.00021864213
0.00021904634
0.00021949792
0.00021999021
0.00022051371
0.0002210561
0.00022160275
0.00022213764
0.00022264493
0.00022311046
0.0002235232
0.000223876
0.00022416589
0.00022439372
0.00022456348
0.00022468141
0.00022469269
0.00022465125
0.00022461323
0.00022458266
0.00022456254
0.00022455446
0.00022456006
0.00022457245
0.00021673244
0.00021676466
0.00021680981
0.00021685378
0.0002168953
0.00021693424
0.00021696947
0.00021700086
0.0002170219
0.00021704048
0.00021705933
0.00021708155
0.00021711118
0.00021713906
0.00021717229
0.00021720562
0.00021724627
0.00021730582
0.00021739085
0.00021750748
0.00021766133
0.00021785704
0.000218098
0.00021838613
0.00021872164
0.000219103
0.00021952655
0.00021998656
0.00022047506
0.00022098191
0.00022149512
0.00022200142
0.00022248722
0.00022293979
0.00022334842
0.00022370534
0.00022400614
0.00022424988
0.00022443867
0.00022457704
0.00022464849
0.00022464851
0.00022462799
0.00022460399
0.00022458133
0.00022456409
0.00022455488
0.00022455491
0.0002245605
0.00021930739
0.00021929247
0.0002192827
0.00021926988
0.00021925362
0.00021923415
0.00021921061
0.00021918319
0.00021915229
0.00021911883
0.00021908439
0.00021905135
0.00021902298
0.00021900346
0.00021899759
0.00021899779
0.00021901174
0.00021905114
0.00021912204
0.00021922964
0.00021937826
0.00021957098
0.00021980942
0.00022009352
0.00022042138
0.00022078925
0.00022119125
0.00022161954
0.00022206443
0.00022251464
0.00022295787
0.00022338161
0.000223774
0.00022412494
0.00022442677
0.0002246749
0.00022486783
0.000225007
0.00022509628
0.00022514128
0.00022512596
0.00022508018
0.00022501824
0.00022494637
0.00022487012
0.00022479451
0.00022472367
0.00022465891
0.00022458783
0.0003154753
0.0002192079
0.00019272479
0.0001860366
0.00019227119
0.00021487638
0.00025485482
0.00022154433
0.00018843914
0.00015931781
0.00041723332
0.00026216477
0.00023391418
0.00023636803
0.00025818797
0.00030458433
0.0003798987
0.00021895974
0.00015706114
0.00012823073
0.00045807891
0.0002935797
0.00025531758
0.00025336265
0.00027184618
0.00031294868
0.00034308139
0.00020068851
0.00014831782
0.00012343621
0.00045101337
0.00031223401
0.00027232561
0.00026657813
0.00028083872
0.00031376993
0.00029215864
0.00018205022
0.00013913245
0.00011789612
0.0004415563
0.00032388278
0.00028411194
0.00028013334
0.00029498138
0.00032958375
0.00025037154
0.00016632232
0.00013129881
0.00011322531
0.00041450265
0.00032030324
0.00028165588
0.00028245669
0.00030495435
0.0003725637
0.00021938479
0.00015418392
0.00012521054
0.00010977146
0.00040860879
0.00033262127
0.00029152849
0.0002897799
0.00031185426
0.0003582881
0.00019620836
0.00014459754
0.00012027844
0.00010722727
0.00040860639
0.00033060631
0.00028512769
0.00027766418
0.000291912
0.00028058059
0.00017609595
0.00013524107
0.0001150845
0.00010410715
0.0003051933
0.00021552296
0.00014177056
0.00011426465
0.00010131613
9.4656874e-05
9.1233445e-05
8.9606631e-05
8.8993583e-05
8.884818e-05
0.00037856469
0.00031087689
0.00027909605
0.00028531702
0.00034258763
0.00020574959
0.00014674991
0.00012066147
0.00010690256
9.9298796e-05
0.00037393517
0.0003227871
0.00029725533
0.00030927186
0.00032354701
0.00018203179
0.00013675633
0.00011513524
0.00010347887
9.6960876e-05
0.00037394073
0.00031994614
0.00029058385
0.00029046902
0.00024925539
0.00016282306
0.00012773968
0.00011017665
0.00010058521
9.5277362e-05
0.00035238658
0.0003021987
0.00029812754
0.00033792885
0.00021053309
0.00014672551
0.0001198916
0.00010587236
9.8083449e-05
9.3775044e-05
0.00032504159
0.00028770247
0.00029571458
0.00032835962
0.00018561789
0.00013691785
0.00011457005
0.00010269803
9.6138824e-05
9.2533056e-05
0.00032504503
0.00030188979
0.00031853251
0.00026583188
0.00016592877
0.00012822442
0.00010979274
9.9904166e-05
9.4524807e-05
9.1753488e-05
0.00032495149
0.00030878059
0.00034438345
0.00021386719
0.000147529
0.00011948733
0.00010510844
9.7254925e-05
9.2996695e-05
9.0821127e-05
0.00031196337
0.00029959249
0.00034128332
0.0001869148
0.00013600576
0.00011336183
0.00010158226
9.5181005e-05
9.1783433e-05
9.0090024e-05
0.00031196716
0.00030081203
0.00027865676
0.00016660808
0.00012716188
0.00010854683
9.8780515e-05
9.3547382e-05
9.0877062e-05
8.9694833e-05
0.00032340972
0.00030736952
0.00022499788
0.00014858372
0.00011871891
0.00010407467
9.6306526e-05
9.2185486e-05
9.0150998e-05
8.9276769e-05
0.00033578629
0.00035089329
0.00019221317
0.00013586945
0.00011251518
0.0001007654
9.4510174e-05
9.1236249e-05
8.9674698e-05
8.901341e-05
0.00030647207
0.00032217079
0.00017432317
0.00012879584
0.00010890612
9.8792297e-05
9.3444656e-05
9.0704366e-05
8.9459481e-05
8.9003877e-05
0.00030518325
0.00026869037
0.00015930392
0.00012241351
0.0001055681
9.6946846e-05
9.2436014e-05
9.0186001e-05
8.9225498e-05
8.8922885e-05
0.00040739588
0.00033455157
0.0002989435
0.00029896036
0.00031907013
0.00023731766
0.00015878411
0.00012684075
0.00011036724
0.00010109391
0.00030877783
0.0002210001
0.00022582724
0.00024504569
0.00027966493
0.00034589603
0.00046963342
0.00030905239
0.00020860671
0.00015908972
0.00036985783
0.00024024873
0.00021848436
0.00022343662
0.00024580794
0.00029155173
0.00038001074
0.00023609447
0.00016645469
0.00013412083
0.00030878199
0.00021831509
0.00022127227
0.00023009181
0.00024963607
0.00029203067
0.00035092482
0.00025677581
0.00019797344
0.00016167752
0.00030968671
0.00021656862
0.00021281137
0.00022622196
0.00025428098
0.00030825914
0.0003984185
0.00027009384
0.00018801409
0.0001476818
0.00033147648
0.0002232818
0.00021039458
0.00021882996
0.00024246747
0.00028859887
0.0003771062
0.00025233746
0.00017602466
0.00013951201
0.00015497734
0.00011783053
0.0001020451
9.4451016e-05
9.0979837e-05
8.9960528e-05
9.0584202e-05
9.241625e-05
9.5211158e-05
9.8858636e-05
0.00013136266
0.00012142714
0.00011280305
0.00010685921
0.00010316207
0.00010121573
0.00010065176
0.00010121034
0.00010271402
0.00010506996
0.0003494937
0.00018204896
0.00012881887
0.00010796933
9.804625e-05
9.2977087e-05
9.044063e-05
8.931097e-05
8.8965356e-05
8.8929858e-05
0.00035744025
0.00016615128
0.00012264119
0.00010494372
9.6505008e-05
9.2215695e-05
9.010084e-05
8.9189918e-05
8.894078e-05
8.8920886e-05
0.00030369134
0.00015618153
0.0001191548
0.00010352876
9.5999029e-05
9.2136161e-05
9.0221142e-05
8.9393278e-05
8.9166041e-05
8.9144771e-05
0.00026448056
0.00014565752
0.00011519153
0.00010192235
9.5429351e-05
9.2039317e-05
9.033458e-05
8.9585242e-05
8.9360489e-05
8.9273898e-05
0.0002366996
0.000137818
0.00011192512
0.00010045434
9.4820349e-05
9.1852356e-05
9.0355224e-05
8.9708214e-05
8.9538347e-05
8.9492059e-05
0.0002155527
0.0001312002
0.00010903328
9.9038237e-05
9.4118084e-05
9.1515238e-05
9.0210235e-05
8.9670344e-05
8.956367e-05
8.9532366e-05
0.00019885743
0.00012561579
0.00010645711
9.7685821e-05
9.3364606e-05
9.1077611e-05
8.9942983e-05
8.9499593e-05
8.9450746e-05
8.9452837e-05
0.00018525125
0.0001207983
0.00010412127
9.6377595e-05
9.2562998e-05
9.0554732e-05
8.9577736e-05
8.9223493e-05
8.9196032e-05
8.9097772e-05
0.00017378518
0.0001165195
0.00010192608
9.5066573e-05
9.1694756e-05
8.9949075e-05
8.9143137e-05
8.8926002e-05
8.9038216e-05
8.9138781e-05
0.00016392955
0.00011270348
9.9877379e-05
9.3783445e-05
9.0793654e-05
8.9281955e-05
8.8628053e-05
8.8519996e-05
8.870702e-05
8.8837321e-05
0.00015518359
0.00010916847
9.7867686e-05
9.2461527e-05
8.982196e-05
8.8541921e-05
8.8054002e-05
8.8078683e-05
8.8372298e-05
8.8578235e-05
0.00014739011
0.00010596856
9.5989079e-05
9.1198638e-05
8.8871071e-05
8.7807223e-05
8.7485718e-05
8.7658311e-05
8.8099816e-05
8.8449993e-05
0.0001401891
0.00010288262
9.4052422e-05
8.9828191e-05
8.7792586e-05
8.6939437e-05
8.6784359e-05
8.7099107e-05
8.7673834e-05
8.8172007e-05
0.00013346872
9.9973558e-05
9.216831e-05
8.8490385e-05
8.6754796e-05
8.6135057e-05
8.6181342e-05
8.6671156e-05
8.7373654e-05
8.7852578e-05
0.00012708949
9.7182909e-05
9.0298097e-05
8.7156699e-05
8.573906e-05
8.5384482e-05
8.5687216e-05
8.6447363e-05
8.7475051e-05
8.8417605e-05
0.0001209205
9.4461459e-05
8.8404137e-05
8.5791691e-05
8.4715982e-05
8.4656623e-05
8.5248363e-05
8.6286705e-05
8.7550909e-05
8.8594882e-05
0.00011468536
9.1635565e-05
8.6360047e-05
8.4315165e-05
8.3670165e-05
8.4010102e-05
8.5015852e-05
8.6489089e-05
8.8220471e-05
8.9775474e-05
0.00010822104
8.8748785e-05
8.4342404e-05
8.2999171e-05
8.295721e-05
8.3862524e-05
8.5437157e-05
8.7482618e-05
8.9786484e-05
9.193062e-05
0.00010171659
8.6196225e-05
8.2876777e-05
8.2414855e-05
8.3167424e-05
8.4831514e-05
8.718647e-05
9.0041275e-05
9.3138332e-05
9.5888567e-05
9.5396963e-05
8.4265489e-05
8.2273929e-05
8.2903008e-05
8.4771447e-05
8.7644424e-05
9.1369125e-05
9.5781992e-05
0.00010064361
0.00010547034
8.8383967e-05
8.2319036e-05
8.2687958e-05
8.5776749e-05
9.0511828e-05
9.6665371e-05
0.00010405287
0.00011212733
0.00011768169
0.00012035986
8.3113983e-05
8.748953e-05
9.7466182e-05
0.00010471013
0.00010658025
0.00010849901
0.00011090009
0.00011390878
0.00011745096
0.00012118167
7.9910999e-05
7.3837875e-05
6.8999293e-05
6.7086725e-05
6.7149972e-05
6.8553677e-05
7.0942531e-05
7.4103007e-05
7.7884406e-05
8.2164953e-05
0.00010304094
7.4894142e-05
6.5867756e-05
6.2697195e-05
6.218946e-05
6.3207268e-05
6.5250794e-05
6.8071668e-05
7.1534301e-05
7.5581829e-05
6.4962779e-05
9.1524937e-05
0.00011249341
0.00013520092
0.00016813617
0.00021937068
0.00023758009
0.00025832777
0.00024544921
9.29973e-05
9.7959261e-05
0.00010352238
0.00011521976
0.00013434466
0.00016470466
0.00019771811
0.00024292208
0.00030929294
0.00012158211
0.00011754129
0.00011300733
0.00010956209
0.00010709944
0.0001055452
0.00010483492
0.00010490344
0.00010569006
0.00010712663
0.0001163934
0.00011388973
0.00011122198
0.00010926597
0.00010781248
0.00010688069
0.00010647526
0.0001065889
0.00010720545
0.00010825785
0.00011345914
0.00011128616
0.00010965467
0.00010854934
0.0001076819
0.00010714572
0.00010695903
0.00010711388
0.00010757298
0.00010821053
0.00011168029
0.000109217
0.00010817575
0.00010757226
0.00010705624
0.00010676845
0.00010671337
0.00010686877
0.00010715051
0.00010733602
0.00011058035
0.00010759097
0.0001069303
0.00010665045
0.00010638453
0.00010631247
0.0001064262
0.00010671997
0.00010714567
0.00010757564
0.00010995745
0.00010635254
0.00010595935
0.00010588566
0.00010578272
0.00010585751
0.00010608031
0.00010644461
0.00010688057
0.00010726825
0.00010964007
0.00010532406
0.00010509802
0.00010513443
0.00010511709
0.00010526139
0.00010551035
0.00010585112
0.00010617688
0.00010630321
0.0001095384
0.00010447166
0.00010435914
0.0001044559
0.00010449123
0.00010467969
0.00010494447
0.0001052805
0.00010557474
0.00010566946
0.00010952289
0.00010371337
0.00010374739
0.00010389245
0.00010398282
0.00010422501
0.00010453032
0.00010490795
0.00010524712
0.00010541918
0.00010957675
0.00010307536
0.00010332585
0.00010350262
0.00010363096
0.00010390287
0.00010422055
0.00010460174
0.00010492067
0.00010503972
0.00010980996
0.00010255306
0.00010288735
0.00010307127
0.00010322337
0.00010350931
0.00010382246
0.00010418443
0.0001044501
0.00010446143
0.00011012923
0.00010215111
0.00010257587
0.00010276258
0.00010293553
0.00010323414
0.00010355266
0.00010392652
0.00010421291
0.0001043073
0.000110556
0.00010173998
0.0001021995
0.00010246531
0.00010265662
0.0001029634
0.0001032817
0.00010365205
0.00010391292
0.00010392531
0.00011104888
0.00010137472
0.00010186586
0.00010223839
0.00010244252
0.00010274867
0.00010305818
0.00010341689
0.00010365538
0.00010365637
0.00011161761
0.00010110244
0.00010153956
0.00010198105
0.00010222896
0.00010252828
0.00010282643
0.00010317366
0.00010339356
0.00010338082
0.00011224292
0.00010091034
0.00010120784
0.00010169445
0.00010203727
0.00010233119
0.00010262106
0.00010295784
0.00010315862
0.00010312235
0.00011290388
0.00010074909
0.00010089673
0.00010143028
0.00010188955
0.00010219456
0.00010247398
0.000102797
0.0001029754
0.00010289714
0.00011362066
0.00010064559
0.00010063665
0.00010109729
0.00010165239
0.00010204938
0.00010231803
0.00010263083
0.00010280255
0.00010273282
0.00011438145
0.00010059148
0.00010042687
0.00010082079
0.00010138693
0.0001018344
0.0001021238
0.00010241658
0.00010256021
0.00010245812
0.00011517936
0.00010063233
0.00010034181
0.00010069913
0.0001012521
0.00010168037
0.00010197078
0.000102265
0.00010240126
0.00010228221
0.00011593328
0.00010053797
0.000100061
0.00010035778
0.00010088984
0.00010140693
0.00010187873
0.00010223526
0.00010234705
0.00010223532
0.00011682505
0.00010064252
0.00010000713
0.00010024585
0.00010074124
0.00010120509
0.00010162996
0.00010194946
0.00010202955
0.00010187015
0.00011766713
0.00010069204
9.9899919e-05
0.0001001021
0.00010058802
0.00010102853
0.00010148835
0.00010184582
0.00010192288
0.00010177199
0.00011853796
0.00010077568
9.9821147e-05
9.998345e-05
0.00010045689
0.00010087274
0.00010131431
0.00010169892
0.00010180006
0.0001015782
0.00011941409
0.00010085186
9.9722283e-05
9.9843004e-05
0.00010030472
0.00010069858
0.00010112455
0.00010155603
0.00010174871
0.00010161047
0.00012032465
0.00010094034
9.9619644e-05
9.9688667e-05
0.00010012961
0.00010049415
0.00010089834
0.00010130446
0.00010154452
0.00010146101
0.00012128463
0.00010110177
9.9603779e-05
9.9630889e-05
0.00010005567
0.00010039359
0.00010077622
0.00010115322
0.00010136007
0.00010128459
0.0001222287
0.00010123985
9.9558594e-05
9.9550437e-05
9.9970376e-05
0.00010029639
0.00010067405
0.00010104186
0.00010124463
0.0001012133
0.00012319696
0.00010137365
9.9490131e-05
9.9432737e-05
9.9836033e-05
0.00010014052
0.00010050298
0.0001008499
0.00010103297
0.00010097752
0.0001242162
0.00010158759
9.9520957e-05
9.9423944e-05
9.9812871e-05
0.00010009467
0.0001004378
0.00010075734
0.00010090986
0.00010078265
0.00012520151
0.00010177518
9.952755e-05
9.9403867e-05
9.9797078e-05
0.00010007854
0.0001004276
0.00010075029
0.0001009148
0.00010083912
0.00012618627
0.00010191994
9.9461908e-05
9.9293647e-05
9.9679694e-05
9.9953701e-05
0.00010030245
0.00010061988
0.00010078078
0.00010068471
0.00012723983
0.0001021293
9.9463168e-05
9.9242132e-05
9.9606225e-05
9.9854847e-05
0.00010018211
0.00010047155
0.00010060649
0.00010047565
0.00012830362
0.00010240983
9.9570624e-05
9.9327437e-05
9.9696037e-05
9.9943524e-05
0.00010027295
0.00010055963
0.000100696
0.00010058308
0.00012927408
0.00010252782
9.9473584e-05
9.9189062e-05
9.9558185e-05
9.9809307e-05
0.00010014828
0.00010043876
0.00010057777
0.00010044713
0.00013037147
0.00010281141
9.9563816e-05
9.9236803e-05
9.9592626e-05
9.9827803e-05
0.0001001552
0.00010043087
0.00010056252
0.00010043331
0.00013138508
0.00010301029
9.9569174e-05
9.9214694e-05
9.9580263e-05
9.9826154e-05
0.00010016939
0.00010045692
0.00010060324
0.00010050415
0.00013242144
0.00010320116
9.95478e-05
9.9146223e-05
9.9503278e-05
9.9743155e-05
0.00010008519
0.00010036642
0.00010050797
0.00010036171
0.0001334994
0.00010346952
9.9627088e-05
9.9190683e-05
9.9544399e-05
9.977952e-05
0.00010011981
0.00010039425
0.00010053199
0.00010040611
0.00013450374
0.00010366097
9.9631242e-05
9.9164446e-05
9.9523276e-05
9.9764717e-05
0.00010011469
0.00010039391
0.00010053985
0.00010041701
0.0001355224
0.00010391899
9.9729292e-05
9.9244541e-05
9.9613891e-05
9.9863055e-05
0.00010022304
0.00010050633
0.00010065862
0.00010054216
0.00013642233
0.00010406394
9.9719371e-05
9.9221083e-05
9.9608319e-05
9.9874366e-05
0.000100253
0.00010054667
0.0001006894
0.0001005594
0.00013731887
0.00010427802
9.9823524e-05
9.9327838e-05
9.9717778e-05
9.9899279e-05
0.00010016259
0.00010038131
0.00010051042
0.00010041074
0.00013803953
0.00010440571
9.9910009e-05
9.9294482e-05
9.9496629e-05
9.9631217e-05
9.9942812e-05
0.00010021302
0.0001004027
0.00010033209
0.00013851565
0.00010430318
9.9449188e-05
9.8698378e-05
9.8938042e-05
9.9122698e-05
9.9495484e-05
9.982505e-05
0.00010007349
0.00010006858
0.00013681739
0.00010296145
9.8239374e-05
9.7603295e-05
9.7970884e-05
9.8307982e-05
9.8844383e-05
9.9334996e-05
9.9745508e-05
9.9890813e-05
0.00013223391
0.00010072132
9.6527761e-05
9.6222976e-05
9.686438e-05
9.7470483e-05
9.8261281e-05
9.8981607e-05
9.9597391e-05
9.989239e-05
0.00012207757
9.6638679e-05
9.362626e-05
9.388765e-05
9.4907522e-05
9.5895262e-05
9.7016176e-05
9.8017233e-05
9.8875995e-05
9.9383424e-05
0.0001039608
3.2784004e-05
3.0804496e-05
2.9768734e-05
2.9612257e-05
3.0287201e-05
3.1746323e-05
3.3901905e-05
3.6659022e-05
3.9969166e-05
5.797668e-05
6.3376882e-05
6.6962585e-05
7.1439416e-05
7.7409648e-05
8.4953428e-05
9.3664505e-05
0.00010297854
0.00011181812
2.4576115e-05
2.9473713e-05
3.359908e-05
3.7921868e-05
4.2562772e-05
4.7562068e-05
5.2865814e-05
5.8434735e-05
6.42178e-05
1.989422e-05
2.6785868e-05
3.2899655e-05
3.8971158e-05
4.5094048e-05
5.1432175e-05
5.7946724e-05
6.4683902e-05
7.1600403e-05
2.0584542e-05
3.1191663e-05
4.1708936e-05
5.2410449e-05
6.3123097e-05
7.3995256e-05
8.4843013e-05
9.5685414e-05
0.00010631486
6.8510106e-05
9.1337773e-05
9.1588919e-05
0.00012314445
5.8621258e-05
4.9798381e-05
7.7741995e-05
6.5244855e-05
6.583101e-05
0.00016339636
5.4597954e-05
4.5179341e-05
6.6709014e-05
6.8805825e-05
8.0793648e-05
6.3309856e-05
8.0524833e-05
8.5465117e-05
0.00021678869
2.833243e-05
0.00022671926
0.0002133019
6.3135893e-05
5.8168329e-05
9.5925389e-05
6.8828057e-05
7.845517e-05
7.0200205e-05
7.0032373e-05
7.7863461e-05
6.9601367e-05
0.00010139876
8.1513202e-05
7.9488639e-05
0.00011530867
6.8234796e-05
5.9328677e-05
8.3023898e-05
7.7871778e-05
7.3081825e-05
7.3114718e-05
7.7301777e-05
8.5584657e-05
0.00022739393
6.8062924e-05
6.8553187e-05
0.00029321315
6.0951515e-05
6.922985e-05
7.4116294e-05
9.6112478e-05
7.6129082e-05
7.2720447e-05
6.3572208e-05
8.0360402e-05
7.402252e-05
7.777786e-05
5.3347447e-05
4.8908912e-05
5.8494444e-05
6.0046677e-05
5.8723688e-05
5.7751269e-05
0.00010127985
7.8462678e-05
8.1001639e-05
6.0250106e-05
5.8273279e-05
8.1277591e-05
9.0612486e-05
6.3726661e-05
7.9364199e-05
0.00011333201
6.0925606e-05
5.7918824e-05
7.7361955e-05
0.00010107649
6.7153557e-05
7.6023053e-05
6.709731e-05
7.9251644e-05
7.0322196e-05
6.9779569e-05
0.00010552618
7.2887605e-05
6.1966958e-05
6.2821994e-05
0.00010692565
8.6370196e-05
7.3193002e-05
7.4223709e-05
6.2641955e-05
6.0593471e-05
9.3573167e-05
0.00010083092
5.9159661e-05
5.6239942e-05
0.00015129749
0.00011877512
8.9795626e-05
2.969168e-05
5.7553552e-05
5.94275e-05
5.82409e-05
6.1821504e-05
7.1709189e-05
7.3045909e-05
0.00019947365
8.8238061e-05
0.00022207721
0.00010264119
6.0610354e-05
6.2868937e-05
5.7676579e-05
5.9503768e-05
6.6969959e-05
5.9127474e-05
6.5084404e-05
9.7745115e-05
5.4654613e-05
5.9479236e-05
9.9004613e-05
8.2536765e-05
5.0894673e-05
5.8883734e-05
6.064744e-05
6.1400869e-05
0.00029468143
0.00021503624
5.7405197e-05
5.8743499e-05
7.4353093e-05
5.8270471e-05
6.6807476e-05
5.8546049e-05
6.4267335e-05
6.546198e-05
8.2340761e-05
8.9420817e-05
3.6775886e-05
8.0373271e-05
6.0006337e-05
5.4769627e-05
5.6383169e-05
6.0601211e-05
6.037008e-05
5.0711826e-05
5.2576086e-05
6.5352423e-05
7.3335629e-05
3.8282458e-05
5.7339935e-05
5.9641808e-05
0.00010485619
8.6609665e-05
0.00022739393
5.7915037e-05
4.7510293e-05
6.787412e-05
6.2739038e-05
8.5353883e-05
7.9456192e-05
0.00010724033
8.4211116e-05
7.1500825e-05
6.2971237e-05
5.5735253e-05
5.0682315e-05
6.5632604e-05
8.9826244e-05
6.1733897e-05
6.4531291e-05
0.00019144346
6.4600914e-05
7.1439002e-05
6.1876877e-05
6.5113249e-05
0.00020410452
6.041998e-05
6.2358366e-05
0.00017455158
0.00011976428
0.00023961642
5.5414016e-05
4.9496329e-05
5.1698092e-05
4.9895455e-05
7.4382156e-05
6.687393e-05
9.0361971e-05
5.1707776e-05
5.8191886e-05
0.00021343915
6.2106093e-05
5.2225258e-05
6.7172804e-05
5.6010742e-05
7.3869848e-05
6.9562767e-05
6.7420881e-05
6.3734526e-05
0.00020685608
0.00020005838
0.00021784722
0.00020013119
0.00021201242
8.9934745e-05
6.0789691e-05
6.5389035e-05
0.00011962024
9.4664978e-05
6.2744016e-05
6.7635392e-05
9.5760399e-05
6.2919338e-05
5.8166808e-05
8.9598853e-05
0.00038490001
6.5177117e-05
7.7374696e-05
7.1849622e-05
8.7219247e-05
8.2457839e-05
7.3864121e-05
0.00012576647
0.00013509458
0.00010342268
6.2148514e-05
7.2594521e-05
6.1557321e-05
6.5285361e-05
5.8349757e-05
5.6191012e-05
6.7933351e-05
6.6487491e-05
9.2312084e-05
8.2033567e-05
6.6214617e-05
7.3006953e-05
5.9847698e-05
6.2978034e-05
0.00021201242
0.00020443505
0.00011946146
9.7253703e-05
8.7518672e-05
7.1186211e-05
8.0432459e-05
0.00013718759
6.1777491e-05
6.4500879e-05
5.9994877e-05
6.4044945e-05
5.5668069e-05
5.3895462e-05
0.0002020372
0.00020522293
9.649993e-05
7.1005584e-05
6.0199291e-05
5.6214875e-05
5.2655315e-05
0.00023791429
0.0002133019
7.0108056e-05
7.4543381e-05
6.0276061e-05
6.3238832e-05
5.8805815e-05
6.0391825e-05
6.9645621e-05
8.1148887e-05
4.7785789e-05
5.9760867e-05
5.5305459e-05
6.9042904e-05
7.8346719e-05
7.6328311e-05
0.00010259305
9.3889392e-05
8.7967242e-05
8.6260381e-05
5.8548312e-05
6.1584543e-05
6.6266497e-05
7.7046474e-05
0.00020032756
0.00020800751
6.3763977e-05
6.6927225e-05
0.00020685608
0.00020005838
6.6531894e-05
5.9473447e-05
4.9786412e-05
4.7953143e-05
0.00019824898
0.00012193742
0.00027018886
5.8078011e-05
6.6483304e-05
6.5994884e-05
5.9779515e-05
7.9980264e-05
7.3596935e-05
5.9334071e-05
5.6200587e-05
7.0673004e-05
5.8021953e-05
9.1623767e-05
7.9797509e-05
6.7485021e-05
6.0657277e-05
7.107147e-05
6.6579389e-05
5.6952988e-05
5.9780076e-05
6.0639328e-05
7.0005032e-05
0.00013204151
9.4274771e-05
8.0023409e-05
6.0459486e-05
6.2954735e-05
8.9914467e-05
5.7962698e-05
4.7325909e-05
5.021501e-05
6.085153e-05
5.1745693e-05
7.2966724e-05
6.3191771e-05
6.1025348e-05
0.00010025379
9.374365e-05
6.6669599e-05
6.315006e-05
6.4412267e-05
6.3089157e-05
5.3908353e-05
5.9780131e-05
6.332063e-05
7.4002047e-05
6.1130639e-05
6.3744017e-05
5.8833034e-05
6.0941221e-05
7.0141988e-05
5.1073566e-05
8.8453712e-05
7.8421222e-05
0.00011439306
9.4189006e-05
0.00020685608
0.00020005838
6.1219812e-05
6.1613341e-05
6.4687778e-05
7.3600233e-05
5.8341834e-05
6.3967588e-05
4.9005891e-05
5.8181782e-05
0.00020610096
0.00020230676
6.1195056e-05
5.96047e-05
9.7950587e-05
8.7524779e-05
0.00018413733
0.00023803069
9.8251893e-05
8.8642459e-05
0.00019144346
5.3598301e-05
5.9999238e-05
5.5913244e-05
6.6305519e-05
0.00020834736
0.00019780336
0.00023074759
8.281755e-05
8.7965965e-05
5.5162189e-05
5.91456e-05
5.6253672e-05
6.8269174e-05
0.00019243032
0.00021263985
7.9096867e-05
9.5483411e-05
0.00019824898
0.00020822443
0.00021503105
6.7928966e-05
7.3442964e-05
6.9351848e-05
7.4420734e-05
8.176406e-05
9.155175e-05
0.00019243032
0.00021090994
6.43191e-05
5.9993457e-05
6.1559295e-05
6.3909067e-05
9.8351465e-05
8.4906555e-05
0.00030172145
0.00021443419
8.025105e-05
8.4959367e-05
6.0211686e-05
4.9965613e-05
6.613358e-05
6.0587079e-05
0.00010066875
8.4090437e-05
7.3033552e-05
8.3378084e-05
6.007485e-05
6.1020443e-05
5.5022902e-05
5.1318955e-05
0.00011316746
0.00015007758
7.0298619e-05
6.7580772e-05
7.074659e-05
5.1371089e-05
6.5641366e-05
6.4591598e-05
5.7088835e-05
4.8833976e-05
6.9477816e-05
5.7538672e-05
9.1027379e-05
7.9337385e-05
7.5053829e-05
7.4021175e-05
7.1014816e-05
0.00011661863
7.8637113e-05
7.0305921e-05
0.00022739393
7.6058632e-05
7.2594868e-05
7.9404153e-05
6.7629516e-05
7.4253261e-05
0.00023803069
5.5238794e-05
6.7957553e-05
0.00018413733
6.6509876e-05
6.8834533e-05
6.4667915e-05
6.8025066e-05
5.759019e-05
8.4995253e-05
6.5370909e-05
6.3055948e-05
0.00012479838
0.00017510071
5.1933007e-05
6.1296544e-05
8.1641952e-05
7.9227448e-05
6.1377361e-05
6.27921e-05
6.2254632e-05
6.9260976e-05
7.0235475e-05
0.00014697048
6.1912999e-05
6.246526e-05
7.279153e-05
7.5065023e-05
7.8627017e-05
6.3238862e-05
5.3478486e-05
8.6710602e-05
6.042079e-05
6.2402288e-05
0.00011499719
9.4617042e-05
0.0001324019
0.00020235148
0.00021503105
8.3156667e-05
7.7010451e-05
6.7350157e-05
7.1411347e-05
0.00018710144
0.00021857419
0.00010041786
9.6072538e-05
7.722537e-05
7.1240311e-05
0.0001885482
0.00023220887
6.2757314e-05
5.8262366e-05
8.5506067e-05
7.3451697e-05
0.00020674282
0.00019985269
7.5320491e-05
7.4717991e-05
6.1321404e-05
5.0360543e-05
6.131449e-05
6.0834102e-05
6.0856575e-05
6.4289468e-05
6.036918e-05
6.5898831e-05
8.4186002e-05
8.3507489e-05
0.00010167264
6.8057263e-05
6.3359659e-05
9.0788176e-05
0.00010351281
8.5673775e-05
7.8769184e-05
9.0312972e-05
0.0001266433
0.00010040251
8.3483586e-05
6.2192403e-05
6.4125585e-05
8.8771243e-05
8.2893601e-05
7.845707e-05
0.00020980644
0.00020115041
0.00020980644
0.00020132404
6.2769143e-05
6.9506456e-05
0.00021086238
0.00020077171
0.00021086238
0.00020115041
0.00020882623
0.00020031285
0.00020882623
0.00020031285
6.5277787e-05
6.1589661e-05
5.4807303e-05
6.5807387e-05
0.00020040138
0.00020800751
0.00020077171
0.00021086238
8.0364064e-05
0.00010409622
0.00020410452
8.7883327e-05
8.9730224e-05
8.6816414e-05
9.0560137e-05
6.0733251e-05
5.0988633e-05
0.00019995153
0.00011158924
0.00012469101
6.1457147e-05
5.8179592e-05
6.5331783e-05
6.7535174e-05
5.1151647e-05
5.9720511e-05
0.00013767555
6.3728041e-05
5.4146872e-05
5.6936922e-05
5.4719332e-05
8.3716427e-05
5.486121e-05
6.5997703e-05
7.0209828e-05
4.399807e-05
6.1437906e-05
5.6322942e-05
6.4932276e-05
6.9383788e-05
7.2681552e-05
7.1933343e-05
0.00019947365
7.7087629e-05
7.4231324e-05
0.00011250641
0.00016404847
5.7506995e-05
6.7107704e-05
7.5412337e-05
7.4910826e-05
0.00010018321
6.1333392e-05
7.5872792e-05
7.2278836e-05
0.00029321315
0.00013529046
7.4386331e-05
0.00010392947
0.00021678869
6.5783523e-05
6.8219552e-05
7.292488e-05
6.063559e-05
5.3203184e-05
0.00010486444
6.4574685e-05
8.5755337e-05
6.5743991e-05
5.9958505e-05
5.5668322e-05
5.9111458e-05
9.5988492e-05
7.0422244e-05
9.6692621e-05
7.7081809e-05
0.00019824898
0.00012182065
8.5642058e-05
8.7546125e-05
0.00023791429
0.0002133019
2.3856424e-05
0.00010715833
7.3823029e-05
8.507924e-05
6.9785491e-05
0.00022207721
4.094038e-05
0.00038490001
0.00021784722
7.8611312e-05
6.3683389e-05
3.2652466e-05
0.00018710144
0.00021857419
6.1188337e-05
7.4684375e-05
9.3136765e-05
5.0581104e-05
0.00020529541
0.00019985269
6.4466326e-05
2.0058635e-05
0.00021784722
3.0005611e-05
7.6758119e-05
2.138106e-05
9.0824606e-05
7.1899158e-05
9.9018697e-05
8.1711666e-05
0.00038490001
0.00020822443
0.00021473033
0.00017123284
0.00016794824
0.00016420662
4.4283374e-05
9.2505175e-06
0.00020032756
0.00020727327
3.8018036e-05
0.00020443505
0.00021340739
4.0370076e-05
6.0600404e-05
1.5034064e-05
5.1704552e-05
4.8487737e-05
5.4554157e-05
4.7550316e-05
5.1136301e-05
5.9154546e-05
7.2640259e-05
5.5442622e-05
4.2112524e-05
5.8859234e-05
6.3348893e-05
9.9454738e-05
8.2556357e-05
7.0559035e-05
4.87941e-05
4.5521212e-05
5.7621662e-05
4.9349773e-05
5.5312523e-05
5.5241204e-05
5.5598909e-05
4.8940467e-05
5.8253787e-05
5.5408833e-05
5.9252813e-05
0.00020954596
0.00021422975
6.5949173e-05
5.097299e-05
5.6234539e-05
5.2561621e-05
5.4533518e-05
5.6421863e-05
0.00020032756
0.00020727327
0.00020005838
0.00020727327
6.0102889e-05
5.5385631e-05
6.0345384e-05
5.1478165e-05
5.8019461e-05
5.2532562e-05
0.00021340739
0.00020269068
4.5539661e-05
6.7221744e-05
5.1855757e-05
5.7353184e-05
0.0002020372
0.00020522293
8.7180282e-05
4.0828489e-05
4.2198065e-05
4.6950997e-05
4.4654051e-05
6.7649351e-05
5.8178778e-05
7.2142416e-05
9.406036e-05
0.00021340739
0.00020269068
5.0502958e-05
4.5706541e-05
0.0002020372
0.00020522293
0.00020610096
0.00020230676
0.00020230676
0.00020610096
0.00019780336
0.00020834736
0.00019780336
0.00020834736
3.2512595e-05
4.1221357e-05
0.00018710144
0.00021090994
5.9053581e-05
4.9871406e-05
5.7043242e-05
5.2245624e-05
4.0807311e-05
4.2753388e-05
0.00019243032
0.00021090994
5.5401448e-05
0.00019985269
0.00020674282
5.405581e-05
3.5440792e-05
3.2620918e-05
0.00020954596
0.00021473033
6.126598e-05
5.5388859e-05
0.00018493448
0.00022813583
4.6526881e-05
4.3015424e-05
5.2872136e-05
5.6788174e-05
4.7184354e-05
4.8073511e-05
3.7828161e-05
4.0995577e-05
7.9507722e-05
3.4822561e-05
3.8548355e-05
5.7103134e-05
9.067171e-05
3.4018085e-05
3.6268828e-05
3.9727309e-05
3.8675401e-05
0.00018493448
0.00022813583
4.3492221e-05
4.315414e-05
3.3842914e-05
3.3818065e-05
4.6345318e-05
4.7643482e-05
4.4478251e-05
4.7324938e-05
4.1369747e-05
4.2425421e-05
4.0977561e-05
4.3138193e-05
3.2723206e-05
4.3363652e-05
4.2411431e-05
4.2781812e-05
2.1010689e-05
3.5896407e-05
3.952309e-05
3.9323204e-05
4.2903203e-05
4.0949929e-05
5.175802e-05
3.8014673e-05
4.1394697e-05
3.4711592e-05
3.7228458e-05
5.7685009e-05
4.6841285e-05
5.6299966e-05
4.9280375e-05
4.4502037e-05
0.00021343915
3.6829808e-05
4.5946795e-05
3.5671697e-05
4.7106032e-05
0.00023074759
3.8257045e-05
3.8165954e-05
5.1027639e-05
4.6278407e-05
0.00019144346
3.3988473e-05
4.3218927e-05
6.4074975e-05
5.1386448e-05
0.00020235148
0.00021503105
6.1856891e-05
5.0599515e-05
3.4563197e-05
3.8352564e-05
2.8687666e-05
5.5650589e-05
5.5444945e-05
4.6723063e-05
5.0912048e-05
6.5184756e-05
5.541014e-05
0.00020954596
0.00021473033
5.1949722e-05
5.5595306e-05
1.4186994e-05
3.9147448e-05
4.2686381e-05
5.2976451e-05
5.5927775e-05
5.0400816e-05
5.6158045e-05
5.5304602e-05
5.7541313e-05
0.00020980644
0.00020115041
0.00020882623
0.00020031285
0.00020077171
0.00021086238
0.00020040138
0.00020800751
0.00021201242
0.00020013119
0.00018493448
0.00021857419
0.00018413733
0.00023803069
3.6798765e-05
4.3834884e-05
4.4068697e-05
4.9850095e-05
0.00021443419
0.00023791429
7.6607288e-05
5.0001423e-05
3.3255656e-05
3.6706262e-05
4.0807843e-05
3.5533374e-05
3.7086819e-05
4.2428883e-05
6.4463734e-05
9.4984999e-05
5.4956261e-05
5.7853899e-05
5.5173908e-05
4.8101513e-05
5.4149821e-05
4.0854647e-05
4.6142715e-05
7.3209081e-05
5.075412e-05
4.6693163e-05
8.0096061e-05
)
;

boundaryField
{
    oversetFaces
    {
        type            overset;
        coupledFringe   false;
        conservativeCorrection false;
        setHoleCellValue false;
        holeCellValue   0;
        value           nonuniform 0();
    }
    back
    {
        type            empty;
    }
    out
    {
        type            zeroGradient;
    }
    bottom
    {
        type            zeroGradient;
    }
    in
    {
        type            zeroGradient;
    }
    top
    {
        type            zeroGradient;
    }
    front
    {
        type            empty;
    }
    wall
    {
        type            zeroGradient;
    }
    cylinder
    {
        type            zeroGradient;
    }
    defaultFaces
    {
        type            zeroGradient;
    }
}


// ************************************************************************* //
