/*--------------------------------*- C++ -*----------------------------------*\
| =========                 |                                                 |
| \\      /  F ield         | foam-extend: Open Source CFD                    |
|  \\    /   O peration     | Version:     4.1                                |
|   \\  /    A nd           | Web:         http://www.foam-extend.org         |
|    \\/     M anipulation  |                                                 |
\*---------------------------------------------------------------------------*/
FoamFile
{
    version     2.0;
    format      ascii;
    class       surfaceScalarField;
    location    "0.5";
    object      phi;
}
// * * * * * * * * * * * * * * * * * * * * * * * * * * * * * * * * * * * * * //

dimensions      [0 3 -1 0 0 0 0];

internalField   nonuniform List<scalar> 
6703
(
-2.8137663e-05
0.00014558564
-0.00011744797
-5.3315316e-05
0.00017919142
-0.00015401377
-7.7202182e-05
0.00021507941
-0.00019119254
-0.00010518274
0.00025548418
-0.00022750362
-0.00013731841
0.00030282717
-0.00027069151
-0.00017403366
0.00035827553
-0.00032156028
-0.00021577289
0.00042304131
-0.00038130207
-0.00026300611
0.0004985171
-0.00045128388
-0.00031629482
0.00058623312
-0.00053294441
-0.00037632598
0.0006878977
-0.00062786654
-0.00044393322
0.00080544245
-0.0007378352
-0.00052011064
0.00094109102
-0.00086491361
-0.00060601625
0.0010975201
-0.0010116145
-0.00070307015
0.0012782178
-0.0011811639
-0.00081295025
0.0014880906
-0.0013782105
0.0017337449
-0.0016113122
-0.00093538292
-2.0474729e-05
0.00016606037
-4.0971977e-05
0.00019968867
-6.1170751e-05
0.00023527818
-8.4994629e-05
0.00027930806
-0.00011279537
0.00033062791
-0.00014534733
0.00039082749
-0.00018344556
0.00046113954
-0.00022795682
0.00054302836
-0.00027985623
0.00063813253
-0.00034026104
0.0007483025
-0.00041048959
0.000875671
-0.00049215252
0.001022754
-0.00058724739
0.001192615
-0.00069814834
0.0013891187
-0.00082726425
0.0016172065
0.0018826237
-0.00097614303
-7.8099083e-06
0.00017387027
-2.0182854e-05
0.00021206162
-3.4406939e-05
0.00024950227
-5.1462502e-05
0.00029636362
-7.1689332e-05
0.00035085474
-9.5697536e-05
0.0004148357
-0.00012412784
0.00048956984
-0.00015772616
0.00057662668
-0.00019734393
0.0006777503
-0.00024394985
0.00079490842
-0.00029864978
0.00093037093
-0.00036272471
0.0010868289
-0.00043769408
0.0012675843
-0.00052537195
0.0014767966
-0.00062774969
0.0017195842
0.0020016953
-0.00074682134
-3.1344819e-06
0.00017700476
-1.1181063e-05
0.0002201082
-1.9720806e-05
0.00025804201
-3.0269824e-05
0.00030691264
-4.2894158e-05
0.00036347907
-5.8064077e-05
0.00043000562
-7.6227369e-05
0.00050773313
-9.7927539e-05
0.00059832685
-0.00012378959
0.00070361236
-0.00015453212
0.00082565094
-0.00019097816
0.00096681698
-0.00023406377
0.0011299145
-0.00028483595
0.0013183565
-0.00034440567
0.0015363663
-0.00041371048
0.001788889
0.0020801758
-0.00049219099
1.0616988e-06
0.00017594306
-3.1646077e-06
0.0002243345
-6.547698e-06
0.0002614251
-1.1137462e-05
0.0003115024
-1.6587682e-05
0.00036892929
-2.3224071e-05
0.000436642
-3.1262817e-05
0.00051577188
-4.1010722e-05
0.00060807475
-5.2826654e-05
0.00071542829
-6.7139419e-05
0.00083996371
-8.4456385e-05
0.00098413394
-0.00010537126
0.0011508294
-0.0001305647
0.0013435499
-0.00016078299
0.0015665846
-0.00019680421
0.0018249102
0.0021248422
-0.0002414706
5.3890398e-06
0.00017055402
5.4304082e-06
0.00022429314
7.1179332e-06
0.00025973758
8.5437088e-06
0.00031007663
1.0314636e-05
0.00036715836
1.2269006e-05
0.00043468763
1.4419908e-05
0.00051362098
1.6706795e-05
0.00060578786
1.9048245e-05
0.00071308684
2.131645e-05
0.0008376955
2.332893e-05
0.00098212146
2.4837402e-05
0.0011493209
2.5517803e-05
0.0013428695
2.4956079e-05
0.0015671463
2.283144e-05
0.0018270349
0.002128913
1.8760655e-05
9.9926788e-06
0.00016056134
1.5034335e-05
0.00021925148
2.1858425e-05
0.00025291349
2.9596152e-05
0.0003023389
3.8744046e-05
0.00035801047
4.9420858e-05
0.00042401082
6.183771e-05
0.00050120413
7.6193743e-05
0.00059143183
9.2684991e-05
0.00069659559
0.00011148625
0.00081889425
0.00013274082
0.00096086689
0.00015655213
0.0011255096
0.00018298572
0.001316436
0.00021206085
0.0015380712
0.00024386021
0.0017952355
0.0020952034
0.00027756983
1.4675132e-05
0.00014588621
2.5280902e-05
0.00020864571
3.7203678e-05
0.00024099071
5.1345187e-05
0.00028819739
6.7933363e-05
0.00034142229
8.7426081e-05
0.0004045181
0.0001102079
0.0004784223
0.0001367202
0.00056491954
0.0001674107
0.00066590509
0.00020272779
0.00078357715
0.00024310684
0.00092048785
0.00028895978
0.0010796567
0.00034067073
0.001264725
0.0003985531
0.0014801888
0.00046281124
0.0017309774
0.0020250034
0.00053301123
1.9772314e-05
0.00012611389
3.7011227e-05
0.0001914068
5.4420424e-05
0.00022358151
7.5091839e-05
0.00026752598
9.9170403e-05
0.00031734373
0.0001274614
0.00037622711
0.00016054289
0.00044534081
0.00019907371
0.00052638872
0.00024372843
0.00062125038
0.00029519796
0.00073210761
0.00035418224
0.00086150357
0.00042139754
0.0010124414
0.0004976152
0.0011885073
0.00058372266
0.0013940814
0.00068079874
0.0016339013
0.0019156637
0.00079013842
2.691134e-05
9.9202552e-05
5.2325951e-05
0.00016599219
7.665161e-05
0.00019925585
0.0001045457
0.00023963188
0.00013648217
0.00028540727
0.00017360626
0.00033910302
0.00021676998
0.00040217709
0.00026684711
0.00047631159
0.00032471312
0.00056338437
0.0003912529
0.00066556784
0.00046736675
0.00078538972
0.00055400745
0.00092580064
0.00065228856
0.0010902262
0.00076372333
0.0012826466
0.00089065693
0.0015069677
0.0017682053
0.0010381153
2.9349382e-05
6.985317e-05
7.0089574e-05
0.00012525199
0.00010884375
0.00016050168
0.00014817314
0.0002003025
0.00019000067
0.00024357973
0.00023659736
0.00029250633
0.00028957435
0.0003492001
0.00035022841
0.00041565754
0.00041969613
0.00049391664
0.00049900599
0.00058625798
0.00058910051
0.00069529521
0.00069089506
0.0008240061
0.00080539487
0.00097572642
0.00093384718
0.0011541943
0.0010775906
0.0013632243
0.0016055877
0.0012402082
5.4679867e-05
1.5173303e-05
0.00010613868
7.3793184e-05
0.00014849863
0.00011814173
0.0001911063
0.00015769482
0.00023718945
0.00019749658
0.00028835922
0.00024133655
0.00034571509
0.00029184423
0.00041003682
0.00035133581
0.00048169839
0.00042225506
0.00056064043
0.00050731594
0.00064643912
0.00060949651
0.0007384813
0.00073196392
0.00083623964
0.00087796807
0.00093958343
0.0010508505
0.0010483396
0.0012544681
0.0014904514
0.001163476
-1.9546005e-06
-0.00011778616
0.00011974076
-1.5054571e-05
-0.00014107819
0.00015417816
-3.9281354e-05
-0.00016786426
0.00019209104
-6.7568452e-05
-0.00019949788
0.00022778498
-0.00010106408
-0.000236627
0.00027012262
-0.00014060015
-0.00028008091
0.00031961698
-0.000187076
-0.00033077628
0.00037725214
-0.00024149463
-0.00038971616
0.00044413478
-0.00030483696
-0.00045799947
0.0005213418
-0.00037801564
-0.00053683106
0.00061000974
-0.0004618556
-0.0006275422
0.00071138215
-0.00055707515
-0.00073163645
0.000826856
-0.00066433656
-0.0008508781
0.00095813951
-0.00078462473
-0.00098735279
0.001107641
-0.00092045996
-0.0011433017
0.0012791369
-0.00132175
0.0014801781
-0.0010788881
-1.8099177e-05
-9.9686982e-05
-4.1072868e-05
-0.0001181045
-6.9055959e-05
-0.00013988116
-0.00010288975
-0.0001656641
-0.00014350217
-0.00019601457
-0.000191986
-0.00023159708
-0.00024960572
-0.00027315656
-0.00031780944
-0.00032151244
-0.0003982501
-0.00037755881
-0.00049280962
-0.00044227154
-0.00060362423
-0.00051672759
-0.00073311569
-0.00060214498
-0.0008840441
-0.0006999497
-0.0010595223
-0.00081187459
-0.001262629
-0.00094019503
-0.0010882194
-0.0014961595
-2.124928e-05
-7.8437702e-05
-4.7217658e-05
-9.2136117e-05
-7.836016e-05
-0.00010873866
-0.00011558117
-0.00012844308
-0.00015994384
-0.00015165191
-0.00021268498
-0.00017885593
-0.00027522854
-0.000210613
-0.00034919966
-0.00024754132
-0.00043644036
-0.0002903181
-0.00053902893
-0.00033968297
-0.00065930843
-0.00039644809
-0.0007999328
-0.00046152062
-0.0009639358
-0.00053594669
-0.0011548323
-0.00062097805
-0.0013769758
-0.00071805153
-0.00082838869
-0.0016368066
-2.1830926e-05
-5.6606777e-05
-4.8994118e-05
-6.4972925e-05
-8.1950836e-05
-7.5781945e-05
-0.00012155992
-8.8833994e-05
-0.00016890785
-0.00010430399
-0.00022527842
-0.00012248535
-0.00029215159
-0.00014373984
-0.00037120906
-0.00016848384
-0.00046434199
-0.00019718518
-0.00057366026
-0.0002303647
-0.00070150704
-0.00026860131
-0.00085049058
-0.00031253708
-0.0010235592
-0.00036287806
-0.0012240919
-0.0004204454
-0.0014555506
-0.00048659282
-0.00056424327
-0.001719696
-2.3967961e-05
-3.2638816e-05
-5.3157606e-05
-3.578328e-05
-8.8100656e-05
-4.0838895e-05
-0.00012983287
-4.7101778e-05
-0.00017958842
-5.4548441e-05
-0.0002387852
-6.3288578e-05
-0.00030903615
-7.3488891e-05
-0.0003921626
-8.5357391e-05
-0.00049020795
-9.9139826e-05
-0.00060545554
-0.0001151171
-0.00074045467
-0.00013360218
-0.00089804755
-0.00015494421
-0.0010813905
-0.00017953513
-0.0012941047
-0.00020773117
-0.0015415699
-0.00023912767
-0.00027106423
-0.0018347489
-7.809075e-06
0.00017388506
-0.00016607599
-2.0181907e-05
0.00021210016
-0.00019972733
-3.4404845e-05
0.00024957452
-0.00023535158
-5.1457143e-05
0.00029648184
-0.00027942954
-7.1677607e-05
0.00035104468
-0.00033082421
-9.5672915e-05
0.00041511993
-0.00039112462
-0.00012407874
0.00048996842
-0.00046156259
-0.00015763321
0.0005771458
-0.00054359134
-0.00019717786
0.00067836631
-0.00063882166
-0.00024367236
0.00079554762
-0.00074905312
-0.00029822342
0.00093089565
-0.0008763446
-0.0003621385
0.0010870542
-0.0010231391
-0.00043700244
0.0012673604
-0.0011924964
-0.00052471069
0.0014761672
-0.001388459
-0.00062723566
0.0017189197
-0.0016163947
0.0020014493
-0.0018825952
-0.00074608982
-3.2443684e-05
-1.9513134e-07
-6.8036878e-05
-1.9008536e-07
-0.00010868369
-1.9208793e-07
-0.00015559236
-1.9310124e-07
-0.00020995209
-1.8871262e-07
-0.00027306534
-1.7532878e-07
-0.00034640447
-1.4976464e-07
-0.0004316522
-1.0965306e-07
-0.00053073765
-5.438181e-08
-0.00064586845
1.3695182e-08
-0.00077955907
8.843973e-08
-0.00093466373
1.6045111e-07
-0.0011144169
2.1802515e-07
-0.0013223887
2.406386e-07
-0.0015616839
1.6752246e-07
-1.4731245e-07
-0.0018326008
-3.303365e-05
3.2838519e-05
-6.9143512e-05
3.5919777e-05
-0.0001103207
4.0985097e-05
-0.00015779163
4.7277836e-05
-0.00021274686
5.4766517e-05
-0.00027647969
6.3557495e-05
-0.00035044307
7.3813617e-05
-0.00043628939
8.5736672e-05
-0.00053590634
9.9562565e-05
-0.0006514504
0.00011555775
-0.00078537738
0.00013401542
-0.00094047383
0.0001552569
-0.0011198794
0.00017962359
-0.0013270097
0.00020737094
-0.0015649066
0.00023806447
0.00026987445
-0.0018349284
-2.4092687e-05
5.6931206e-05
-5.3526102e-05
6.5353191e-05
-8.8766197e-05
7.6225193e-05
-0.00013083233
8.9343966e-05
-0.00018094688
0.00010488107
-0.00024051395
0.00012312456
-0.00031112835
0.00014442801
-0.00039458745
0.00016919577
-0.00049290313
0.00019787825
-0.00060831677
0.00023097139
-0.00074332022
0.00026901887
-0.00090067902
0.00031261571
-0.0010834666
0.00036241114
-0.0012952281
0.00041913249
-0.0015409656
0.000483802
0.00055839911
-0.0018294903
-2.1772724e-05
7.8703931e-05
-4.8877646e-05
9.2458113e-05
-8.1767343e-05
0.00010911489
-0.00012128912
0.00012886574
-0.00016851591
0.00015210787
-0.00022471394
0.00017932259
-0.00029133951
0.00021105358
-0.00037004273
0.000247899
-0.00046267389
0.00029050941
-0.00057129317
0.00033959067
-0.00069818965
0.00039591534
-0.00084592593
0.00046035198
-0.0010174487
0.00053393389
-0.0012162813
0.00061796507
-0.0014463446
0.00071386539
0.00082194407
-0.0017098896
-2.1108006e-05
9.9811937e-05
-4.6907228e-05
0.00011825733
-7.7842109e-05
0.00014004977
-0.00011480724
0.00016583088
-0.0001588536
0.00019615423
-0.00021120283
0.00023167182
-0.0002732607
0.00027311144
-0.00034663237
0.00032127067
-0.0004331418
0.00037701884
-0.00053486053
0.00044130941
-0.00065415698
0.00051521179
-0.00079377907
0.00059997408
-0.00095696116
0.00069711598
-0.0011475611
0.00080856501
-0.0013709807
0.00093728501
0.0010898586
-0.0016388953
-1.8018914e-05
0.00011783085
-4.0890706e-05
0.00014112913
-6.8745394e-05
0.00016790446
-0.00010242178
0.00019950726
-0.00014284531
0.00023657776
-0.00019110822
0.00027993474
-0.0002484794
0.00033048262
-0.0003164221
0.00038921337
-0.00039662525
0.00045722199
-0.0004910451
0.00053572925
-0.00060195796
0.00062612465
-0.00073203413
0.00073005025
-0.0008844693
0.00084955115
-0.0010631384
0.00098723406
-0.0012718711
0.0011460177
0.0013281308
-0.0015101432
-1.8165397e-06
0.00011964739
-1.484159e-05
0.00015415418
-3.9038734e-05
0.0001921016
-6.7285151e-05
0.00022775368
-0.00010074071
0.00027003332
-0.00014024251
0.00031943654
-0.00018669917
0.00037693928
-0.00024112988
0.00044364408
-0.00030454578
0.00052063789
-0.00037790684
0.00060909031
-0.00046210694
0.00071032475
-0.00055794299
0.0008258863
-0.00066609642
0.00095770458
-0.0007872665
0.0011084041
-0.00092286418
0.0012816154
0.0014827758
-0.0010775092
5.4656758e-05
-6.9837355e-05
1.5180597e-05
0.00010609845
-0.00012527182
7.3830127e-05
0.0001484301
-0.00016054999
0.00011821835
0.00019099519
-0.0002003817
0.00015781661
0.00023702128
-0.000243702
0.00019767591
0.00028811616
-0.00029268646
0.00024159157
0.00034537334
-0.00034945316
0.00029219599
0.00040956322
-0.00041599165
0.00035180176
0.00048104632
-0.00049432074
0.00042283765
0.00055974469
-0.00058668285
0.00050798448
0.00064521066
-0.00069562934
0.00061016337
0.00073680144
-0.00082405295
0.00073246217
0.0008339476
-0.00097519025
0.00087804409
0.00093636668
-0.0011526757
0.0010502567
0.0010434318
-0.0013599306
0.0012528655
-0.0016004884
0.0014835601
0.00116036
2.9365095e-05
-9.9202451e-05
7.0112981e-05
-0.00016601971
0.00010887001
-0.00019930703
0.00014820104
-0.00023971273
0.00019003258
-0.00028553354
0.00023663717
-0.00033929104
0.00028962675
-0.00040244275
0.00035029715
-0.00047666204
0.00041978244
-0.00056380604
0.00049910873
-0.00066600914
0.00058922372
-0.00078574434
0.00069107532
-0.00092590455
0.00080577703
-0.001089892
0.00093487408
-0.0012817728
0.0010805539
-0.0015056104
-0.0017680644
0.0012481299
2.6920929e-05
-0.00012612338
5.2345485e-05
-0.00019144426
7.6679517e-05
-0.00022364106
0.00010458433
-0.00026761753
0.00013653663
-0.00031748585
0.0001736824
-0.00037643681
0.00021687368
-0.00044563402
0.000266982
-0.00052677036
0.00032487803
-0.00062170207
0.00039143973
-0.00073257084
0.00046756145
-0.00086186605
0.00055419923
-0.0010125423
0.00065249166
-0.0011881844
0.000763989
-0.0013932701
0.00089098379
-0.0016326052
-0.0019147188
0.0010376382
1.9775989e-05
-0.00014589937
3.7018969e-05
-0.00020868724
5.443277e-05
-0.00024105486
7.5111365e-05
-0.00028829613
9.9201426e-05
-0.00034157591
0.00012750811
-0.00040474349
0.00016060893
-0.00047873485
0.00019915997
-0.0005653214
0.00024383065
-0.00066637275
0.00029530433
-0.00078404452
0.00035427389
-0.00092083561
0.0004214576
-0.001079726
0.00049765454
-0.0012643813
0.00058382066
-0.0014794362
0.00068119648
-0.001729981
-0.0020248571
0.00079133479
1.46742e-05
-0.00016057357
2.5278646e-05
-0.00021929169
3.720157e-05
-0.00025297778
5.1344809e-05
-0.00030243937
6.793774e-05
-0.00035816884
8.7437823e-05
-0.00042424358
0.00011022874
-0.00050152577
0.00013674925
-0.0005918419
0.00016744202
-0.00069706553
0.00020274772
-0.00081935022
0.00024309293
-0.00096118082
0.00028888507
-0.0011255182
0.00034051586
-0.0013160121
0.00039831366
-0.0015372341
0.00046250299
-0.0017941703
-0.0020947129
0.00053235879
9.9912425e-06
-0.00017056481
1.5030455e-05
-0.0002243309
2.1853987e-05
-0.00025980132
2.9592555e-05
-0.00031017794
3.8743889e-05
-0.00036732017
4.9426813e-05
-0.0004349265
6.1852043e-05
-0.000513951
7.6217242e-05
-0.0006062071
9.2715182e-05
-0.00071356347
0.00011151548
-0.00083815051
0.00013275555
-0.00098242089
0.0001565365
-0.0011492991
0.0001829318
-0.0013424074
0.00021198297
-0.0015662852
0.00024384157
-0.0018260289
-0.0021284429
0.00027757159
5.389508e-06
-0.00017595432
5.4302903e-06
-0.00022437168
7.1195595e-06
-0.00026149059
8.5493021e-06
-0.00031160768
1.0327267e-05
-0.00036909814
1.2292775e-05
-0.00043689201
1.4459365e-05
-0.00051611759
1.6766813e-05
-0.00060851455
1.91331e-05
-0.00071592976
2.14288e-05
-0.00084044622
2.3469047e-05
-0.00098446114
2.5004193e-05
-0.0011508343
2.5713481e-05
-0.0013431167
2.5198471e-05
-0.0015657702
2.3186046e-05
-0.0018240165
-0.0021243742
1.9117362e-05
1.0633919e-06
-0.00017701771
-3.162236e-06
-0.00022014606
-6.5418468e-06
-0.00025811097
-1.112514e-05
-0.00030702439
-1.6564949e-05
-0.00036365833
-2.3184889e-05
-0.00043027207
-3.1199247e-05
-0.00050810323
-4.0912107e-05
-0.00059880169
-5.2679644e-05
-0.00070416222
-6.6928677e-05
-0.00082619718
-8.4167033e-05
-0.00096722278
-0.00010499297
-0.0011300083
-0.0001300944
-0.0013180153
-0.00016021298
-0.0015356516
-0.00019608074
-0.0017881487
-0.0020798494
-0.00024060563
-3.1326468e-06
-1.1178539e-05
-1.9714991e-05
-3.0257537e-05
-4.2871191e-05
-5.8023332e-05
-7.6158147e-05
-9.7814033e-05
-0.00012360994
-0.0001542595
-0.00019058663
-0.00023354078
-0.00028419568
-0.00034368009
-0.00041290918
-0.00049130922
-2.0438129e-05
-0.00014563786
-4.0931449e-05
-0.00017923401
-6.1145915e-05
-0.00021513712
-8.4982792e-05
-0.00025559266
-0.00011279706
-0.00030300994
-0.00014535903
-0.00035856265
-0.00018345623
-0.00042346538
-0.00022794212
-0.00049910544
-0.0002797721
-0.00058699168
-0.00034003971
-0.00068878551
-0.00041004895
-0.00080633535
-0.00049143694
-0.0009417511
-0.00058631654
-0.0010976168
-0.00069729028
-0.0012774852
-0.00082709213
-0.0014865928
-0.0017318448
-0.00097784245
-2.8089716e-05
-0.00011754814
-5.3290024e-05
-0.0001540337
-7.7239861e-05
-0.00019118728
-0.00010529319
-0.00022753933
-0.00013751632
-0.00027078682
-0.00017433037
-0.0003217486
-0.00021617096
-0.00038162479
-0.00026349099
-0.00045178541
-0.00031682529
-0.00053365738
-0.00037682498
-0.00062878582
-0.00044429181
-0.00073886852
-0.00052023022
-0.00086581269
-0.00060592573
-0.0010119213
-0.00070309467
-0.0011803163
-0.00081348437
-0.0013762031
-0.0016097685
-0.00093556069
3.4540801e-05
-2.172087e-05
-1.2819932e-05
0.00011101859
-3.416793e-06
-7.3060998e-05
0.00020281914
2.3290762e-05
-0.00011509131
0.00030218563
5.3364696e-05
-0.00015273119
0.00040215853
9.0636325e-05
-0.00019060922
0.00049785866
0.00013616312
-0.00023186325
0.00058917159
0.00018749839
-0.00027881132
0.00067597081
0.00024674937
-0.00033354859
0.00075799784
0.00031623554
-0.00039826257
0.00083536104
0.00039804234
-0.00047540554
0.00090899491
0.00049408032
-0.00056771419
0.00098097629
0.0006061415
-0.00067812289
0.0010546862
0.00073590644
-0.00080961631
0.0011347586
0.00088509531
-0.00096516779
0.0012266021
0.0010559683
-0.0011478118
0.0012514911
-0.0013608653
0.0013359763
1.8281036e-05
-4.0001906e-05
6.0233001e-05
-4.5368758e-05
0.00012509377
-4.1570003e-05
0.00021094356
-3.2485097e-05
0.00031893823
-1.7358349e-05
0.00044889072
6.2106325e-06
0.00059202932
4.4359801e-05
0.0007359215
0.00010285719
0.00087203626
0.00018012078
0.00099767907
0.00027239952
0.001112936
0.00037882342
0.0012214275
0.00049764996
0.0013301184
0.00062721553
0.0014490318
0.00076618191
0.0015907024
0.00091429781
0.0010725745
0.001769619
1.5273225e-05
-5.5275131e-05
3.0421916e-05
-6.0517448e-05
5.5912937e-05
-6.7061024e-05
9.7141973e-05
-7.3714133e-05
0.00015934206
-7.9558438e-05
0.00024813028
-8.2577583e-05
0.0003625253
-7.0035222e-05
0.00049730639
-3.1923905e-05
0.00063989061
3.7536564e-05
0.00077648881
0.00013580132
0.000908847
0.00024646523
0.0010393709
0.00036712608
0.0011736191
0.00049296727
0.0013202087
0.00061959238
0.0014888535
0.000745653
0.00087095003
0.0016904779
2.7337145e-06
-5.8008846e-05
5.8849212e-06
-6.3668655e-05
1.0112071e-05
-7.1288174e-05
1.5749245e-05
-7.9351307e-05
2.3053627e-05
-8.686282e-05
3.3208705e-05
-9.2732662e-05
6.0179794e-05
-9.7006311e-05
0.00011952922
-9.1273335e-05
0.00020572746
-4.8661667e-05
0.00031498876
2.6540018e-05
0.0004399153
0.00012153869
0.00057776417
0.0002292772
0.00074027725
0.00033045419
0.00093151041
0.00042835922
0.001151522
0.00052564142
0.00061657219
0.0014058998
-8.6856659e-06
-4.932318e-05
-2.4020904e-05
-4.8333417e-05
-4.4694719e-05
-5.0614359e-05
-7.0516118e-05
-5.3529908e-05
-0.00010137359
-5.6005347e-05
-0.0001370712
-5.7035051e-05
-0.0001786631
-5.5414408e-05
-0.00022026968
-4.9666759e-05
-0.00023106253
-3.786882e-05
-0.00018905798
-1.5464528e-05
-9.1295982e-05
2.377669e-05
5.564678e-05
8.2334438e-05
0.000243136
0.00014296497
0.00046483841
0.00020665682
0.00071725855
0.00027322127
0.00032803876
0.001005792
-4.9543082e-05
2.1990231e-07
-9.8092662e-05
2.1616232e-07
-0.0001489044
1.9738028e-07
-0.00020258978
1.5547523e-07
-0.00025867431
7.9175567e-08
-0.0003156626
-4.6758393e-08
-0.00037083494
-2.4207064e-07
-0.0004199717
-5.2999419e-07
-0.00045690416
-9.3636307e-07
-0.00047089205
-1.4766328e-06
-0.00044493925
-2.1761121e-06
-0.00035957245
-3.0323618e-06
-0.00021276308
-3.8444012e-06
-1.5483188e-06
-4.5579393e-06
0.00027731733
-5.6443763e-06
-6.6240141e-06
0.0006119801
-4.9212145e-05
4.9432047e-05
-9.7473285e-05
4.8477302e-05
-0.00014799373
5.0717821e-05
-0.00020137773
5.3539482e-05
-0.00025714699
5.5848437e-05
-0.00031379895
5.6605197e-05
-0.00036860357
5.456255e-05
-0.00041734824
4.8214673e-05
-0.00045389679
3.5612193e-05
-0.00046713374
1.1760315e-05
-0.00044040541
-2.8904439e-05
-0.00035480417
-8.8633609e-05
-0.00020810238
-0.00015054619
3.4527455e-06
-0.00021611306
0.00028271629
-0.00028490792
-0.00034326944
0.00061936171
-8.6141388e-06
5.8046186e-05
-2.3797316e-05
6.366048e-05
-4.4289085e-05
7.1209591e-05
-6.9915278e-05
7.9165675e-05
-0.00010057543
8.6508587e-05
-0.00013609252
9.2122288e-05
-0.00017761621
9.608624e-05
-0.00021901552
8.9613984e-05
-0.00022866443
4.5261107e-05
-0.00018607014
-3.0833974e-05
-8.9004639e-05
-0.00012596994
5.6255351e-05
-0.0002338936
0.00024092808
-0.00033521892
0.00045813422
-0.0004333192
0.00070366404
-0.00053043773
-0.00061955315
0.00097994774
2.6927592e-06
5.5353427e-05
5.7840227e-06
6.0569216e-05
9.9305741e-06
6.7063039e-05
1.5458751e-05
7.3637498e-05
2.2611137e-05
7.9356201e-05
3.2697651e-05
8.2035774e-05
5.9825083e-05
6.8958808e-05
0.00011949696
2.9942106e-05
0.00020531762
-4.0559552e-05
0.00031324499
-0.00013876134
0.00043670997
-0.00024943493
0.00057277215
-0.00036995578
0.00073298247
-0.00049542924
0.00092107727
-0.000621414
0.0011371621
-0.00074652255
-0.00086980965
0.0013874186
1.5277737e-05
4.007569e-05
3.0439041e-05
4.5407911e-05
5.596321e-05
4.1538871e-05
9.7239063e-05
3.2361644e-05
0.00015949698
1.7098285e-05
0.00024826757
-6.7348125e-06
0.00036245581
-4.5229435e-05
0.00049657521
-0.0001041773
0.00063764409
-0.00018162843
0.00077291407
-0.00027403132
0.00090389912
-0.00038041998
0.0010329365
-0.00049899317
0.0011654847
-0.00062797745
0.0013099017
-0.00076583102
0.0014753723
-0.0009119931
-0.0010669313
0.0016724939
1.8384054e-05
2.1691636e-05
6.0417039e-05
3.3749267e-06
0.00012533817
-2.3382259e-05
0.00021123206
-5.3532252e-05
0.00031924556
-9.0915211e-05
0.00044902537
-0.00013651462
0.00059174562
-0.00018794968
0.00073489345
-0.00024732513
0.00087020486
-0.00031693984
0.00099501838
-0.00039884484
0.0011094965
-0.00049489805
0.0012173192
-0.00060681594
0.0013255201
-0.00073617832
0.0014442906
-0.00088460153
0.001586555
-0.0010542575
-0.0012471396
0.0017667633
3.4517241e-05
-1.2825605e-05
0.00011098966
-7.3097492e-05
0.00020277548
-0.00011516808
0.00030209669
-0.00015285347
0.00040197159
-0.00019079011
0.00049757878
-0.00023212181
0.00058879913
-0.00027917004
0.0006755015
-0.0003340275
0.00075743046
-0.00039886881
0.00083470185
-0.00047611622
0.00090825826
-0.00056845447
0.00098018775
-0.00067874542
0.0010539039
-0.00080989446
0.0011341439
-0.0009648415
0.0012265866
-0.0011467003
-0.001359956
0.001339403
2.3398229e-06
-2.1994168e-06
3.2488835e-06
3.4989425e-06
2.8407606e-06
7.1701849e-07
-3.6457782e-06
-1.1285578e-05
-2.3592094e-05
-4.2368323e-05
-6.9878769e-05
-0.00010890608
-0.00016281598
-0.00023557572
-0.0003321708
-0.00046070716
2.3370668e-06
-2.1926149e-06
3.2408234e-06
3.486474e-06
2.8222782e-06
6.9065844e-07
-3.6819925e-06
-1.1332624e-05
-2.3648207e-05
-4.2424284e-05
-6.9910655e-05
-0.00010886734
-0.00016264917
-0.00023532449
-0.00033239069
-0.00046198113
3.087628e-06
-2.3549925e-06
6.1379026e-06
1.1101043e-05
1.7986838e-05
2.7456603e-05
4.0482552e-05
5.8256819e-05
8.2225652e-05
0.00011409391
0.00015580281
0.00020951955
0.00027766919
0.00036308434
0.00046924962
0.00059285372
3.0855577e-06
-2.3533718e-06
6.1359699e-06
1.1099608e-05
1.7986971e-05
2.7460272e-05
4.0493178e-05
5.8280401e-05
8.2272893e-05
0.0001141833
0.00015596562
0.00020980666
0.00027815842
0.00036384114
0.00047049736
0.0006000835
0.0013946824
-0.0034814892
0.0020868068
0.0084730102
-0.0087930329
0.00032002266
0.0012360348
-0.0032181779
0.0019821431
0.0084730102
-0.0022482113
0.00023321327
0.0020149981
-0.0081594097
0.0050451381
0.0031142716
-0.0011328931
0.004398523
-0.00326563
0.0077645428
0.0029365191
-0.010701062
0.0080780949
0.0020102803
-0.010088375
0.0012699033
-0.0017306104
-0.0019444501
0.0014824689
0.0034946113
0.0064459825
-0.0099405937
-0.0036145181
-0.0038557611
0.0074702792
-0.0075920662
0.0034733691
0.0041186971
-0.0016525666
0.0040158807
-0.0023633141
0.0036254502
-0.0001453197
-0.0034801305
0.0073509101
-0.0076078049
0.00025689485
0.00054752341
0.0016877713
-0.0022352947
0.0012841818
-0.0017419092
0.00045772737
0.0062672101
-0.0022964764
-0.0039707337
-0.001044351
-0.0012038603
-0.0077001127
0.0040855947
-0.0094787963
0.0093904211
8.8375158e-05
0.00072783417
0.0085227638
-0.009250598
4.500101e-05
-0.0056678702
0.0056228692
0.0044947856
0.0012833572
-0.0057781429
-0.0040248639
-0.0059591996
0.0099840636
0.0063767197
-0.0021300249
-0.0042466948
0.0013607672
0.0064229467
-0.0077837139
-0.0022772695
0.0055651749
-0.0032879054
0.0066597223
-0.0021649367
0.0020191963
-0.0014430865
-0.00057610986
-0.00020368684
0.0083899983
-0.0081863115
0.0063263855
8.8035033e-05
-0.0064144205
0.0010489877
-0.0061317937
0.005082806
0.0087672264
-0.007422247
-0.0013449794
0.0076680798
-0.0081021558
0.00043407601
-0.0048015649
0.0058505526
0.0055947725
-0.0032588828
-0.0023358897
-0.0086585394
0.001697681
0.0069608584
0.0027564974
-0.0040995856
0.0013430882
0.0099867515
-0.0043171496
-0.0056696019
0.0077645428
-0.0023027344
0.0056066289
-0.0033038945
0.0080780949
-0.00086091528
0.0037274345
-0.0028665192
-0.0019177816
0.0065691794
-0.0046513979
-0.0098021028
0.0041670876
0.0056350152
-0.0077645428
0.011655767
-0.0038912247
-0.0080780949
0.011757768
-0.0036796736
0.0031772872
-0.0004759066
-0.0027013806
-0.0038955907
0.0017425473
0.0021530434
0.0014349624
-0.0026934697
0.0012585073
0.00097507981
0.0011529988
-0.0021280786
-0.0030737848
0.0056882722
-0.0026144873
0.00054151944
0.0055171876
-0.006058707
0.00097273539
-0.0019046738
0.00093193838
-0.0054923797
0.0035061423
0.0019862374
-0.010521204
0.0011478705
0.0093733333
0.0084545824
-0.0030972639
-0.0053573185
0.0077644688
0.00069011356
0.0055378489
0.0040910485
-0.0096288974
0.0051854714
0.0043544182
-0.0095398896
-0.002446666
0.0050430057
-0.0025963397
0.00078989893
-0.0040588651
0.0032689662
-0.0066410253
0.0069056468
-0.00026462146
0.0043254372
-0.0078924199
0.0035669827
0.0044856042
0.0018119335
-0.0062975378
-0.0010333281
0.0062049747
-0.0051716466
-0.0090615245
0.0071437429
-0.0024981366
0.0069001958
-0.0044020592
0.0017564536
0.0018689966
-0.0048055328
0.0043762974
0.00042923535
0.0048294486
0.0062231844
-0.011052633
0.008718663
-0.0080607209
-0.0006579421
0.00052120372
-0.0028135592
0.0049090195
-0.0020954603
0.0068199671
-0.0033158577
-0.0035041093
0.0097428225
-0.0087867947
-0.00095602774
0.0077211525
-0.0068834089
-0.00083774364
0.0027698744
-0.004005623
0.0012357486
-0.0023274778
0.00096504787
0.0013624299
0.0013789289
-0.0036561985
-0.011928964
0.008446301
0.0034826635
0.0023300107
0.0050208994
0.0024349838
-0.0091082485
0.0066732647
-0.004522575
0.0076024193
-0.0030798444
-0.0010124171
-0.0060031257
0.0070155429
0.0029253544
-0.002238818
-0.00068653646
0.00049168643
0.0082269765
0.0053616728
0.00012057002
-0.0054822428
-0.0076426894
0.003088203
0.0045544864
0.00053356441
0.003654536
-0.0041881004
0.0031881404
0.0024066321
0.0043926869
0.0024468166
-0.0068395035
0.0045835059
-0.001752935
-0.0028305709
-0.0046741043
-0.0053231797
0.0030709031
-0.0018348683
-0.00084152139
-0.0015186199
0.0023601413
-0.0029126276
0.0056598933
-0.0027472657
-0.0030311618
0.0078606105
-0.0057186962
0.0075565711
-0.0018378749
-0.0059181676
-0.0017245218
-4.2336436e-05
0.0077104163
0.0081596783
-0.0075839611
-0.00057571718
-0.0051117545
-0.0024803117
-0.011269364
0.0074381765
0.0038311878
-0.011820081
0.0085848518
0.0032352295
0.0057460099
-0.0025803848
-0.0031656252
0.001396859
-0.0036995934
0.0021268618
-0.0052006466
2.8415677e-05
0.0042404504
-0.0042688661
0.0031300255
-0.0041633536
-0.0017098368
0.0044663342
0.0019179166
0.0043492936
0.0065336237
0.0032091988
0.0038607141
-0.0038322985
0.0029567758
0.0071140369
-0.010070813
0.0098570088
-0.0056415039
-0.0042155048
-0.0022114366
0.0048084437
-0.0025970071
-6.426779e-05
0.0014992302
0.0020544041
-0.0010793243
0.0010172871
0.00081505817
-0.0018323453
0.010915808
-0.011119495
0.00094180755
0.00040689906
-0.0013487066
0.0014690969
-0.00046330488
-0.007522486
0.0080779129
-0.00055542693
-0.0021261077
0.0013774846
0.00074862311
0.0038193121
-0.0037184166
-0.00010089552
-0.0056192868
0.005134933
0.00048435379
0.0019310598
-0.00095832444
-0.00049146825
0.0045932399
-0.0041017716
-0.0046588233
0.0085031917
-0.0038443685
0.0034786475
0.006508104
0.0077068625
-0.0033814253
0.0034241786
0.0023218314
-0.0035470123
0.002686097
0.0063722534
-0.0073846705
-0.0031478759
0.0023063545
0.0056004904
0.0025591878
0.0052587096
-0.010818199
0.0055594896
0.0030485302
0.0016510561
-0.0014178429
-0.0031860109
0.0045806934
0.0077999451
-0.0077999451
-0.002206037
-0.0013587853
0.0067204581
0.00098035015
-0.0037939094
-0.00039686412
0.006296102
-0.0058992379
-0.0040747151
0.009612564
-0.0042546151
0.0094400865
0.0083142113
-0.0048188947
-0.0034953166
0.0043218305
0.0030389334
-0.0052503699
0.0057900288
-0.0075798005
0.0017897718
0.0059088379
-0.0058638369
0.0008498094
-0.00046624583
-0.0068536717
0.0073199175
0.0096328795
0.0016271002
-0.01125998
-0.0061537572
0.009110533
-0.0041905784
0.0047235896
-0.0043153127
0.0048476715
-0.00039752682
0.0047902137
0.00010005221
0.0036663539
-0.0037664061
-0.0057629257
-0.00028038784
0.0060433136
0.0034470536
-0.0081058768
-0.0088649208
0.0084680567
0.0060313876
0.0026913685
-0.0087227561
-0.00080156661
-0.0034112739
0.0042128405
-0.0036410513
0.0071356626
-0.0060549907
0.0023600274
0.0036949633
0.0037979622
-0.0032643978
0.0010836059
-0.0064116018
0.0053279958
0.0064101917
-0.0071212636
0.00071107191
0.0056751685
0.0026390428
-0.010107592
0.0053060272
0.0004686202
0.0072525323
0.0062159575
0.0048382671
-0.008863131
-0.0011640568
0.0039339311
-0.0070368442
0.0055471903
0.0014896539
-0.0071755878
0.0063740212
0.0037533439
0.0048763912
-0.0086297351
0.006821527
7.8668743e-05
-0.0045278939
0.0056114998
-0.0021009928
-0.0049358514
-0.0011774562
-0.0022237042
0.0034011604
0.0027592426
-0.0047287614
0.0019695188
0.00073853733
0.0030418618
-0.0037803991
-0.0066614924
0.0018106295
0.0048508629
0.0010490597
0.007779886
-0.0088289456
-0.005981562
-0.0029528833
0.0089344453
0.0016766046
0.0047001151
-0.0020926505
-5.740752e-05
0.002150058
-0.0063745841
-0.0012332209
0.0079946039
-0.0072667698
0.0070490163
-0.00063882459
-0.005522633
-0.0030021359
0.0085247689
-0.0045330111
-0.0020111714
0.0065441825
-0.00079457013
0.0031636827
-0.0023691126
-0.00037973254
0.0059269228
-0.0028538411
-0.0035433871
0.0063972282
0.0038067899
-0.00011140583
-0.0036953841
-0.0052864142
0.0048371238
0.00044929045
-0.0066617194
0.0037078505
0.0029538689
-0.0059247884
0.0038237956
0.0038343922
-0.0076901533
0.0096328795
0.0011792305
0.0026068874
-0.0037861179
0.0093101573
-0.0074456667
-0.0018644906
-0.0070906974
0.0076680102
-0.003182406
-0.0058692178
-0.0016532681
0.00030706536
-0.005589565
0.0052824997
-0.0069578174
0.0080068771
0.0037358268
-0.0072707319
0.0035349051
0.0035693395
0.0048186546
-0.0083879942
-0.0045433932
0.0035543547
-0.0047318109
0.0029687394
-0.0034602077
-0.0078104878
-0.0034588765
0.0069709641
-0.00076598941
0.0072159403
-0.0059856609
-0.0012302794
0.0056708798
0.0046714505
-0.01034233
0.0013672977
-0.0046261805
-4.8917048e-05
0.0021574887
-0.0021085717
-0.0027507445
0.003929975
-0.0033139265
0.0089848063
-0.0092213869
0.0091040854
0.00011730151
-0.0011913786
0.0057846185
0.00023827852
-0.002330929
0.0025085352
-0.0025802708
7.1735577e-05
0.0018739437
-0.0089561413
0.0070821976
-0.0030912933
-0.0002384873
0.0033297806
-0.00089496668
-0.0046818393
0.005576806
0.0046198428
0.0022016842
0.0015883514
0.0071063047
-0.0086946561
-0.0041391866
0.0019154825
0.0067819316
0.001584529
-0.0083664606
0.00018857451
0.0075913114
0.0036898106
0.0029699118
0.010136573
-0.0018833518
-0.0082532211
-0.0038894899
-0.00091604288
-0.0077823126
0.0025544753
0.0052278373
0.00077954991
-0.0039255507
0.0031460008
-0.0054560332
0.0054420521
1.3981159e-05
-0.0013475671
0.0076739525
0.0077612314
-0.011545449
0.003784218
0.0041900763
0.0021032022
-0.0062932785
-0.0030043221
-0.00028396656
0.0032882887
-0.0008802863
-0.0023807114
0.0032609977
0.0029328644
0.00051411672
0.0087960406
-0.0032256769
0.0069615036
0.0024672957
-0.0011831139
0.0070119278
0.001802074
-0.0088140018
0.003116203
-0.0030161508
-0.0054055471
0.002551706
0.0097925239
-0.00078164426
0.0083572881
-0.0075756439
0.00075877235
-0.0081810193
-0.0099373691
0.0055987539
0.0043386151
0.0092370823
-0.0026757673
-0.0049040332
-0.007247144
-0.0014113954
-0.0053226665
0.0071346
-0.0037139555
-0.0044454543
0.0078213389
-0.0064605717
-0.007570277
0.0083865772
-0.00081630016
-0.0056312469
0.0058881418
-0.0026362249
-0.0026501893
0.00073448415
0.0064814561
-0.0001946114
-0.0054246754
-0.0036959059
-0.0023590848
-0.0012348722
0.0080147767
-0.0067799045
-0.0032024698
0.0039820197
-0.0059561004
0.0061905789
-0.00023447852
9.7252058e-05
-0.0077802309
0.0076829788
0.0073221456
-0.00064239264
-0.0066797529
0.0033127004
-0.0035606112
0.00024791079
0.0064278899
-0.0073746447
0.00094675483
0.0005215441
0.0061021877
-0.0066237318
0.0048185969
-0.0040863987
-0.00073219818
-0.0030421369
0.0021047087
0.00093742826
0.001288868
-0.002333219
2.414492e-05
-0.0060057069
-0.00058918767
-0.0060518377
-0.008071281
0.0080419606
-0.0079447085
-0.0038304109
-0.0016619688
-0.0035507877
0.0016421898
0.0019085979
0.0048133412
-0.0041190306
-0.00069431056
0.0015474025
-0.007695079
0.0061476765
1.8282614e-05
0.0024902526
-0.0028770784
-0.00021421489
0.0048423951
-0.00022255225
-0.0045023194
-0.0063158797
0.0058217323
-0.0014454348
0.0021227752
-0.010915808
0.0087930329
0.0068107952
-0.0036480481
-0.0031627471
-0.00083628539
-0.0046606067
0.0054968921
-0.0043007069
0.002170682
-0.0041367111
0.0034952872
0.00064142388
-0.0022524463
9.3143155e-05
0.0021593031
-0.0028397427
-0.00016457938
0.0044506892
0.0013710431
-0.00064499314
-0.0051179326
0.005302222
0.00029826846
-0.0032265397
-0.0039525038
0.0071790435
0.0024617047
0.00063317368
-0.0030948784
-0.0070932304
0.0089124167
-0.0018191863
0.0064054427
-0.0033172397
0.010850927
-0.0070820338
-0.0037688933
-0.0057364211
-0.0074921221
0.0045392388
-0.0059043076
0.0015048333
0.0043994743
-0.0056558606
0.0061774047
0.00097997041
-0.0032324167
-0.0036267587
-0.0030347337
0.0036755926
-0.002859977
-0.00081561552
0.0057334151
-0.0059280265
-0.0068922949
0.0084396973
-0.0011212849
0.0078051345
-0.0066838496
-0.0074958161
0.0024214339
0.0050743822
-0.005314517
0.0054322975
-0.00011778044
0.0035567661
-0.0027675908
-0.0007891753
0.008224799
-0.0040347227
0.0058443054
0.00056113736
0.0040282472
0.0054257219
-0.0094539691
-0.00088307794
-0.0013916435
0.0022747214
-0.0027777834
0.003847064
-0.0010692806
-0.002247202
0.00034252823
-0.011887569
0.0073441753
0.0020686537
-0.0067542296
0.0046855759
-0.00023519066
-0.0035134991
0.0037486898
0.0033925265
-0.0042802066
0.00088768016
0.0064388717
0.0011694715
-0.0076083432
-0.0084068295
0.0021029722
0.0063038574
-0.0057226263
6.6765748e-05
0.0028526235
0.00070414262
-0.0078943683
-0.0013270187
0.0011978161
0.0038473221
0.0030816197
-0.002256895
-0.00082472472
0.0036293974
0.0066318557
-0.010261253
0.006479093
0.00084305258
0.0029266091
0.00074898342
0.0026937779
0.0041170173
-0.0038027204
0.0015062439
0.0078306751
0.0023058978
-0.0082651072
0.00211135
-0.0029574143
0.0014387944
0.0057147491
-0.0028542638
-0.0028604853
-0.0042887915
0.0058042111
-0.0037683935
-0.0020358176
0.0040836444
0.00073495241
-0.0062901965
0.0084129717
0.0058508001
-0.0030915575
0.0022777838
-0.0086030471
0.0069408396
0.0016622075
-0.0061335188
0.0046161542
0.0015173646
0.0038620795
-0.0043205934
0.00045851395
-0.00083275047
0.0072787329
-0.00096263177
-0.004941499
0.0024619612
0.0024795378
0.0053358882
0.00044490607
-0.0063492137
-0.0056657919
0.0035033861
0.0021624058
-0.00062414885
-0.0069461282
-0.0018842277
-0.0058158851
0.0041751449
0.00063819626
0.0042690318
-0.002240683
-0.0020283488
-0.0022413567
0.0030715201
-0.00083016338
-0.0017455716
-0.00050163041
-0.0087075458
0.0016363993
0.0070711465
-0.0032200513
-0.0029134675
0.0036748991
-0.0025149606
-0.0011599384
-0.00097013312
0.0043943117
0.004382575
-0.0022499753
-0.0021325997
0.005702337
-0.0028934856
-0.0028088514
0.0055118111
0.0035922744
-0.0049360498
0.0069661147
-0.0020300649
-0.0067136626
0.00078563612
-0.00067471065
-0.0021030728
-0.0011169649
0.0043051053
-0.0078363316
0.0047996623
0.0097441305
-0.0057158832
0.006338453
0.0050652765
-0.0039451858
-0.0011200907
0.0068388389
0.00073983294
-0.0075786718
0.0022956421
0.0051646223
-0.0040173965
-0.0011472258
0.0073657078
-0.007607968
0.00024226023
0.002951104
0.002751233
0.0060002873
0.0065962704
-0.0040423454
-0.002553925
-0.0015303031
0.0056267914
-0.0040964882
-0.001791721
-0.0021038698
0.0056994214
0.0051515057
-0.0015543331
0.0085662609
0.0012959786
0.001169404
-0.0024653826
-0.0014022288
0.0075044165
5.8579507e-05
-0.003549635
0.0034910555
-0.0057352211
0.003570643
0.0021645782
-0.002422438
0.01033472
-0.00081683329
-0.009517887
-0.0041665849
0.0057549363
0.0063288989
0.0014323325
-0.0015320953
-0.0059600268
-0.0057807629
-0.0080813456
-0.0034641038
-0.0070014267
-0.0069140874
-0.00086614343
-0.0029645275
-0.0038891441
0.0024872738
-0.010450393
0.0079631188
0.0021515577
-0.010552635
0.0084010769
-0.0067643972
0.010393795
-0.0055296892
0.0071142182
-0.0018262356
0.0035437975
0.0017435691
-0.0052873666
0.0065722335
2.4036948e-05
-0.0041286286
-0.0060917903
0.010220419
-0.010877018
0.0042153574
0.0066616609
0.0018989864
-0.0078550868
-0.0061969031
0.0022713524
0.0055571581
-0.005039501
-0.00051765708
0.0085022926
-0.0016634537
0.0084651841
0.00053201641
-0.0089972005
0.0087871473
-0.0066355896
-0.006220272
0.00190009
0.0068400776
-0.0087401676
0.0030808563
0.0035270106
-0.0066078669
-0.00014435314
0.00161345
-0.0079611238
0.0023715588
-0.0034444639
0.0092887693
0.0049813654
-0.00046907263
-0.0045122927
0.004955316
-0.00048647568
-0.0044688404
-0.00063873233
0.0099212287
-0.0092824964
0.0035681151
0.0021201571
-0.0032480834
0.0020930081
0.0011550753
0.0028616673
0.0056836829
0.0032507624
0.0081344052
0.00049810789
0.0068675999
-0.006790821
-0.0031465481
-0.010087828
-0.005070263
-0.0068173056
0.0061484727
-0.0055873353
-0.0039346507
0.00048428806
0.0034503627
-0.0075683108
0.0067355603
0.0021661812
-0.0058383739
0.0036721927
-0.0030218022
0.0045266355
-0.00090951334
-0.00023212567
0.001141639
0.0078336269
0.0034877127
-0.01132134
0.0093411044
-0.0039848842
-0.0053562202
-0.0060959745
-0.0064615861
-0.0055447662
0.0021293011
0.0034154651
0.0071030265
-0.0026523374
-0.0058562279
0.0081862387
-0.0074714343
0.0029384232
-0.0062814625
-0.00024009658
0.0065215591
0.0033245799
0.0051981839
-0.0045481025
-0.0012274798
-0.0017473462
0.002974826
0.0073845011
-0.0041224292
-0.0032620719
-0.0020404022
0.0015770973
-0.0029339569
0.0074731957
0.0055606657
-0.0019367033
-0.0036239623
0.00039411922
0.0076133401
-0.0080074593
-0.0070452753
0.00012766237
0.006917613
0.0003561427
-0.00925383
0.0074317045
0.0018221255
0.0096878796
-0.0089480466
-0.00076696655
0.0025095139
0.0017450537
0.0046828362
0.0015700525
-0.0086632829
-0.0001278608
0.0065775728
-0.0060360533
-0.0043972894
-0.0044738302
-0.0027017576
0.0048329767
0.0075378022
-0.006254445
0.00067039515
-0.0047356762
0.004065281
-0.004869021
0.0081936009
-0.0019343158
0.0054144299
-0.0034801142
-0.0016952287
-0.0013469082
-0.010595591
0.0095378009
0.0010577903
0.00055072847
0.0054160491
-0.0059667776
0.00054595616
0.0049123183
0.0015653572
-0.0016662527
-0.0073677114
-0.0003388277
0.0046140661
-0.0042752385
-0.0085675604
0.00099924963
0.0019048473
0.0058596216
0.0041030644
-0.0044418921
0.0073947273
0.0033588729
-0.0107536
-0.00091999176
-0.0012343262
0.0021543179
0.0014808725
0.0073062747
-0.0063247245
-0.0070265169
0.0075772454
-0.0040300048
-0.0001605736
0.0061623769
4.8378095e-05
-0.006210755
-0.0049391849
-0.0056564063
-0.0014178684
-0.0021329193
0.0028551386
0.0046737816
-0.0075289202
0.0068025916
-0.0071561235
0.00035353191
0.0084916004
-0.0091890542
0.0023338439
-0.0041733632
-0.00014194949
-0.007774332
0.0065394599
-0.00070783612
-0.002680742
0.0033885781
-0.0029598235
0.0087234074
-0.0057635839
-0.0073798863
0.0030964078
-0.0024817229
-0.0045523425
0.0070340654
-0.0014569087
0.0081457099
-0.0066888012
-0.0020142763
0.0054819687
-0.0034676924
0.0076205763
0.002714144
-0.003135994
0.0030245881
-0.006129771
0.0024930863
0.00043226818
-0.0014440174
0.0055296121
-0.0059905617
0.0026367344
-0.0048755524
-0.0022314608
-0.0044302586
-0.0073286232
0.0018059902
-0.002357977
0.0022223054
-0.0069334751
-0.0022741482
0.0029251967
0.001798393
-0.0039669806
0.0077203245
-0.003756978
-0.0064983551
-0.0011096129
-0.0037903702
-0.00089067747
0.0019079646
0.0087765078
-0.0041643182
-0.0017604702
-0.0059057242
-0.00050587759
0.0063630112
-0.0021100799
-0.0042529313
0.0034739656
0.0034316812
-0.0006208843
-0.0052972833
0.0060484482
0.0042230322
-0.01027148
-0.002933978
0.0067777913
-0.0038438133
0.0048892027
-0.0028400296
-0.002049173
0.0058660347
-0.00084513533
-0.0062567252
0.0048544964
0.0028607616
0.0019869099
0.0056213958
-6.0730086e-05
-0.0011302765
0.0015371756
-0.0046522871
0.0005895197
0.0047439609
-0.0053334806
0.0002472081
0.004800094
-0.0050352846
0.0099432332
-0.0031406416
-0.0025305339
-0.0015283312
0.0042105179
-0.002658388
-0.00155213
0.0017207034
0.0040835077
-0.0081261811
0.00020954967
0.0079166314
0.0087214646
-0.0045475126
-0.0041739521
-0.004851105
0.0016854798
0.0048699183
-0.0027717046
-0.0020982137
-3.4052505e-05
0.0038275961
-0.0037935436
0.0020456038
-0.0031579698
-0.0001293367
0.0039900508
0.0027291864
0.0025575928
0.0035950178
-0.0061526106
-0.0063226938
0.0018001189
0.0034937753
0.002166118
-0.0027742542
0.0026449174
0.0053663237
-0.0085928634
0.00050617673
0.002347699
-0.0028538758
-0.0041864265
0.0082402888
-0.0040538624
-0.001503685
0.002334489
0.0022490169
-0.0042825527
0.0071376913
-0.0062624065
0.0088215943
0.0062689945
-0.0037114017
-0.0026755674
-0.0030596538
0.00032753937
0.003912911
0.00063534379
0.00069901809
-0.0013343619
-0.0031487277
0.00016160183
0.0029871259
-0.0063240489
0.0042101434
0.0021139055
0.00099153419
0.0066914446
-0.0025233338
0.0016402559
0.0017880854
-0.0032736551
0.0014855697
-0.0096800723
0.0063661459
-0.0032903004
0.0052649052
-0.0071491329
0.0040871476
0.0032973535
0.0099952989
-0.0096391562
-0.00010150365
0.0022062123
-0.0012696092
-0.0010960327
0.0023656419
-0.0050188489
0.00033700961
0.0013181731
-0.0028792704
0.0027897215
0.0052522391
0.0026732866
-0.0021671098
0.0023268748
0.0043825171
0.0056174829
-0.0054704918
-0.0045291393
0.0023442621
-0.0024457657
0.0055312061
0.0024308629
-0.0020857634
-0.00034509943
-0.0099094065
0.0036891345
-0.0039030753
0.003022789
0.0066292056
-0.0056852902
-0.00094391539
0.002838731
-0.00082373289
0.010039318
-0.0053466294
-0.0046926881
0.0042299904
0.00060298634
-0.00035846596
0.0025115094
0.0017230085
-0.0043444806
0.009015931
0.0052985345
-0.0079265821
0.0026280476
-0.00099071022
-0.0010501718
-0.00064242451
0.0016925963
-0.0013380795
-0.0019100038
0.0047366636
-0.0046780841
-0.0014143301
-0.0062548662
0.0067868826
-0.0018489207
0.00035300587
0.0014959148
0.0042560042
0.00065631414
0.0091822655
-0.0059129384
-0.0032693271
0.0070684496
-0.0043112412
-0.0027572084
0.0075810524
0.0075031534
0.0016505866
-0.005692932
-0.0034781739
0.0023141171
0.0078336269
0.0033636371
-0.0006198828
-0.0027437543
-0.0030266773
-0.0014879236
-0.0028436056
0.0043315292
-0.00021386066
0.0037845036
0.011119495
-0.0092194049
0.0085229255
-0.0019537461
0.0010988325
-0.0011838479
0.0021638184
0.0017652779
0.0009153146
-0.0026805925
-0.0042990776
0.0069904462
-0.0032510456
-0.0064290267
-0.006167524
-0.0011610992
0.0054878385
0.0032336262
-0.0067136754
0.0057100557
0.0010036197
0.0027179944
-0.0030764604
0.0012315686
0.0063250025
0.0049546248
-0.010409651
0.0054550267
-0.0028097436
0.0052565601
0.011345116
-0.0016572366
0.0037887793
-0.00093615578
0.0069564695
0.00047523501
0.00024877233
0.0052684152
-0.0086280347
0.0080038858
-0.007587536
0.0017313081
0.0041602522
-0.0034217148
0.0011129403
-0.0024902398
0.00090014315
0.0015900966
0.0014131623
-0.0014702607
5.7098353e-05
-0.0021613391
0.0071292164
-0.0049678774
0.0033033417
0.0018799439
0.00097407714
-0.002854021
0.0021795433
-0.002122779
-5.6764322e-05
-0.0058017366
-0.0026050929
-0.0032355734
-0.0017059256
-0.0021207408
-0.0018848823
-0.0017015298
-8.3598231e-06
0.001146122
0.0021665784
-0.00039313769
0.0090068849
-0.0086137472
0.0038898464
-0.00096323727
0.0027304857
-0.00079405631
-0.0019364294
-0.0018875554
3.8634667e-05
-0.0027404542
0.0043334566
0.0013502263
0.0016548895
-0.0010195457
-0.0021265595
0.0074173702
-0.0052908106
0.0017185775
0.00058777702
-0.0056262703
0.0014619521
-0.00055575881
0.0023438442
0.0023151115
-0.0013402073
-0.00097490425
0.0034932093
-0.0039845185
0.00665929
-0.0023258333
0.0031264981
0.000548401
-0.0063693091
0.0052480242
0.0033797117
-0.0038719027
0.0012160186
0.0021476184
0.0067851316
-0.0048900112
0.00022940455
-0.00034988248
-0.003058899
0.0058086191
-0.00274972
0.00037054512
-0.0061864302
-0.0075682704
0.002229917
0.0053383534
-0.0017925106
-0.0022908689
0.0040833795
-0.0029685669
-0.0068370855
0.0061983532
0.0050811451
-0.0097552494
-0.0071518222
-0.00021588926
0.0063187404
-0.0081379267
0.0052152849
0.00096187508
0.002164623
0.0073947273
-0.0020121717
0.0028272299
-0.0037972219
-0.0033511116
0.0071483335
-0.0019758272
0.0010558354
0.0020953971
0.0029698794
0.0043256696
0.0033423406
-0.0050308379
0.0021564731
0.0030081493
0.0050347804
-0.00086657101
-0.0057381799
0.0066047509
0.0043494216
-0.0096726013
-2.7645936e-05
-0.0040947833
-1.3479716e-06
0.0013496055
0.00082993778
0.0098386084
-0.0025218318
-0.0073167765
-0.0071311898
0.0010724828
0.00078035848
-0.0054429984
0.00466264
0.0079521367
-0.0080593353
0.00010719861
-0.0016747919
0.0045364592
0.002295345
0.00074940203
0.0024642951
-0.0022805363
0.0022231287
0.0034421439
-0.0076285704
0.0049473937
-0.0028205319
-0.0021489287
0.0075152524
-0.0066968308
0.0018976379
0.0044763833
-0.0086389509
0.0071820422
-0.0053305957
-0.0037309288
-0.0025772912
0.0061210886
0.0071002985
0.0028429347
-0.00076829552
0.0020531091
-0.0012848136
-0.00083605448
-0.0047224939
0.0055585484
-0.0047964809
-0.010015443
0.0010023129
0.002422429
-0.0034247419
0.0069120442
-0.00109725
-0.0056164253
0.0047598241
-0.006930011
0.0007850298
0.00058600807
-0.0013710379
0.00070222274
-0.0052145155
0.00072842355
-0.0051972639
0.0018364076
0.0038783415
0.0025946194
0.0023970966
-0.0031245409
0.00072744431
0.0040019673
-0.0070041032
0.0027491574
-0.009384747
0.0082369958
-0.0012308714
0.0059349255
-0.0047040541
0.00097702124
0.0052919733
-0.00068192542
0.002438379
-0.0034519458
0.0034178933
0.0024710471
0.0084495645
-0.0017941023
-0.0066554622
0.00098003313
0.002522728
-0.0035027611
-0.0013222333
0.004418641
0.0048898232
-0.0074910486
0.00060763971
0.0074605515
0.0010310489
0.0072433498
0.0027566502
-0.001084288
-0.0068604205
0.0032585906
0.0034006993
-0.0028578863
0.0028534791
4.4071446e-06
-0.0095148429
0.0056331122
0.0038817307
0.0077417281
-0.00050464932
-0.0030533586
0.0035580079
0.0067740291
-0.0016174553
-0.00021514552
0.0029503227
-0.0026786584
-0.00027166422
-0.0036578207
-0.00048332727
0.0093049216
0.0052446111
0.0040964933
-0.0056864243
0.0017161768
0.0039702475
-0.0069887836
0.0088322552
-0.0025135148
-0.0006333739
-0.0079946608
0.0057484877
-0.0060983702
0.0069130852
-0.005107095
-0.0011590322
0.0042551847
-0.0030961525
-0.00068884704
-0.0046338194
0.0080790406
-0.0027342867
-0.0053447539
-0.0095855614
0.0093155429
0.00027001852
0.010769956
-0.0053442343
0.000857438
-0.0040154078
0.0078051345
0.0056389998
0.0041996086
-0.0017238784
0.0061271548
0.00055824756
-0.0066854023
-0.0024866467
-0.0070281962
0.0026394516
-0.005315019
0.0035058727
-0.0065857171
0.010237125
-0.0067584779
0.0009909897
-0.0038452535
-0.0011908653
0.0048656435
-0.0036747782
0.0067946705
-0.011242765
0.0057722731
-0.008843487
0.0066821479
-0.0044622951
0.0039576457
0.00062402516
0.0060051805
0.0047834087
0.00077374939
0.0039381764
-0.0050268912
0.0010887148
0.0018417415
0.008446301
0.0047346539
-0.0078432645
0.003295752
0.0045349564
0.00050804926
-0.0090819627
0.0069554032
0.0089225308
-0.0016303558
-0.007292175
-0.0033680851
0.0061423676
-0.0027742825
0.007912068
0.00069350816
-0.0086055762
-0.0076382411
-0.0036045238
-0.00028146074
0.0054299679
-0.0051485071
0.0020787104
-0.0051376094
0.0014483852
0.0024685195
-0.0018789998
-0.0093369862
0.0024999007
-0.0028834006
0.00011078148
0.0027726191
-0.0048611496
0.0072327084
0.0022099969
0.0085180026
0.0046388748
-0.0045036796
0.0047235778
0.0022914253
0.0042808082
0.0014901093
-0.0029592568
0.0014691475
-0.0068462841
-0.0052168834
-0.00041445539
-0.0051845081
-0.0048309347
0.0082450769
-0.0068948506
0.0036029453
-0.0026410702
8.3937898e-05
0.0071594119
0.005784063
-0.0028153236
0.0056120249
-0.0053632526
0.0019737205
0.0059784162
0.0057731641
-0.0028585184
-0.0029146457
-0.0047185477
0.0011534206
0.0035651271
-0.0023975703
0.0034723359
-0.0010747656
-0.0032493927
0.0068444105
-0.0086345556
0.0061102637
0.0025242919
-0.0029086414
0.0017247935
-0.0034784867
-0.0056297618
0.0020882747
-0.0015407513
0.006861977
-0.00049896577
0.0045526254
0.0027536493
0.0042803303
-0.012280313
0.0079999825
-0.0025002533
0.0055139377
0.0027263511
-0.0037415263
0.00053905652
-0.0031537021
0.00584748
0.00085592455
0.0047771877
0.0061745389
-0.0051830047
-0.0061302045
0.0030384007
0.0025029313
0.001285848
0.0085848518
-0.00050584289
0.00537457
-0.0092183833
0.0037559548
0.0025686459
-0.00041115719
0.0020392467
0.0028917323
-0.0049309791
-0.00018499113
0.0064949243
-0.00072400983
0.0022141192
-0.0068431478
0.0036894457
0.0053020331
-0.0073132044
-0.0084770139
0.0066829116
0.0025785758
0.0013112706
-0.0028997881
0.0012823329
0.0027206539
-0.0046549697
0.003647497
0.0033234671
-0.00404524
0.0070875791
-0.0030423391
-7.7538341e-05
-0.0030755002
0.00067792997
-0.0011063757
-0.0021650095
0.0032713852
0.0040478251
0.0041384135
0.005717126
0.0043051709
-0.0051412253
0.003332876
0.0062079229
-0.00024793719
-0.0059599857
0.0061688585
-0.010342811
0.0034193377
0.001109683
0.0035478764
-0.00059755379
0.0016441569
-0.0056893969
-0.008429415
0.0088091058
-0.00037969079
0.0068980365
0.0026880529
-0.00081117182
0.0037222349
-0.0029110631
-0.00086867284
0.0087807409
-0.0064639736
-0.00045909992
-0.0046952714
0.0051543713
0.0012470475
0.0057786921
-0.0047268399
0.0004579738
0.0049306057
-0.0042602106
0.0020743835
0.0021958724
0.0039312824
-0.005206877
0.0015109711
0.0026786092
-0.0046928855
0.0019079029
0.0019391612
-0.0034248522
-0.002260438
-0.00058273097
0.0052975066
-0.0027310186
-0.0025664879
0.0037591768
-0.0061182616
-0.00050019273
0.0050351491
0.0016586735
0.0053021848
-0.0016365392
-0.0078663935
0.0069998224
0.0030196526
0.005811938
0.0031824703
-0.0089944083
-0.0052792872
-0.0016416566
0.0069209437
-0.0088970845
0.0072667287
0.00073857342
-0.0016292509
-0.007203838
0.0067447381
0.0073349165
-0.0027804301
-0.0025235832
-0.0026770634
0.003302566
0.0089472647
-0.0055051207
0.0026588617
-0.0053931484
0.0065295472
-0.0038160348
-0.0005045586
0.0022464341
-0.001633795
-0.0012659931
0.0028049534
0.0029682107
-0.0036498028
-0.0049177576
-0.00033402036
-0.0055351975
-0.0064823523
0.0068764715
0.0021487789
-0.0018868269
0.0039499745
-0.0020631476
-0.0035982935
0.0009399055
0.0014043732
0.003091845
-0.0044962182
-0.0055003162
-0.00033805762
0.0025798673
-0.0058154407
-0.0010548213
-0.0021775954
-0.003841018
0.0014170026
0.0024240154
-0.0078867843
0.0042369815
-0.0047047034
-2.2136522e-05
0.0062531348
0.0026660194
-0.0038250516
-0.003216826
0.0033954246
-0.00081271838
-0.0025827062
-0.0084360139
0.00068795714
-0.0058058897
-0.0053070434
0.0085406696
-0.001661361
0.0077098091
0.0032425341
0.0013381593
-0.00018377576
0.0047049304
-0.0045211546
-0.0044042715
0.0015613769
-0.0032278177
0.00017127212
-0.0021294693
0.0019581972
0.0010631164
-0.0021179377
0.0061955268
-0.0018365976
-0.0038498267
0.007578893
-0.0078603537
0.00331286
-0.0052495634
-0.0063957486
0.0030276635
0.011091495
-0.0039477525
0.0045953944
0.0039293746
0.00061550835
0.0017661682
-0.00087571886
0.0025159747
-0.0023733103
0.0031222938
0.00010050039
0.0017458803
-0.0018463806
-0.0095855614
-0.0033356811
0.00096237074
-0.0031703463
0.001012348
0.0021579983
0.0028965818
0.00046762696
0.0018287897
-0.0047992376
0.0093551558
-0.0045559182
0.0049151977
0.00030070574
-0.0066254303
0.0085378455
-0.0087216213
-0.0055825753
0.00041413451
0.0051684408
-0.0036301103
-0.0020356817
0.0039474654
0.007101623
0.002898377
-0.0073035258
0.0046017682
0.0026523473
-0.0021680592
-0.001996574
0.0025208013
-0.00052422726
-0.00080005809
-0.0017639191
0.0025639772
-0.0069077922
0.00012936431
0.0067784278
-0.0036002497
0.0018077391
-0.0023426504
0.003046793
0.010605333
-0.00078178343
0.0026573829
-0.0018755995
0.0012982856
0.0016831978
-0.0064824353
-0.0042743779
0.00573633
-0.00083732567
-0.0060719128
-0.002392895
0.0051135489
0.0031227593
0.0038904526
-0.00036544061
0.0026182517
-0.0022528111
0.00118085
-0.000713223
0.0070645254
0.0031726
-0.0042618201
0.0086443373
0.0034641808
-0.0048229661
-0.0039139118
0.0043982656
0.00095271599
-0.0065352913
-0.006296465
0.0050632441
-0.0057611581
-0.0026748557
-0.00230187
-0.003752435
-0.002918595
-0.00015040014
0.0030689951
-0.00042230074
-0.0067338228
-0.0032633047
0.00092065428
0.0091932052
-0.0033812672
-0.0038957916
0.0071458909
0.0021627685
-0.0093086594
-0.00093384674
0.0036362083
-0.0027023616
6.7437867e-05
0.0033829248
0.0075350402
-0.0048761785
0.0056687413
-0.0067302895
0.00081192186
0.0042004075
-0.0050123294
0.0049851177
-0.0034386478
0.0080493434
0.00015783211
-0.0082071755
-0.0038244291
-0.00090433228
0.0013039136
0.0027119672
-0.00087073647
-0.0013742927
0.0034486762
-0.0017034909
0.00066709125
-0.0041805904
0.00061056686
0.0005702831
-0.0070011935
0.0086843913
-0.0011025256
0.0064786987
-0.0006700796
0.0037431965
-0.0049345751
-0.0043530473
-0.0015381409
-0.001678685
0.0013403336
0.0080997529
0.0015009104
0.0081116536
-0.0029003393
-0.0033971984
-0.0048969645
0.003409041
-0.0052309369
0.0012786709
0.0028908467
0.0056207772
-0.0012213029
0.0070168283
0.0092317826
-0.0088649208
0.0040788139
-0.0019834167
-6.3900423e-05
-0.0068438917
-0.0033381225
0.00026166212
0.0041863161
-0.002029843
-0.00035482891
0.0019162058
-0.0017713961
-0.0014564216
0.0095807017
-0.0063541172
-0.0032265845
0.00076520856
0.0023164111
0.0045347752
-0.0069170076
-0.00066695349
-0.003995665
0.00024323005
0.0090860098
-0.00069601149
0.00080325547
0.0027509501
0.00054499775
-0.0040946327
0.0027332302
-0.0041335458
0.0002377542
-0.0050140744
0.0058884849
-0.00087441053
0.0018116871
-0.0025195232
0.00057053658
0.0025003665
-0.0051328083
0.0094546388
-0.0030775681
0.0033100867
0.006270615
-0.0028844309
0.005013732
0.0066736481
-0.002625823
0.0061882707
0.0013467695
0.0016569107
0.0046591657
-0.0063160764
-0.00249545
0.0051740592
-0.009473614
0.0049444747
-0.0049161777
0.0027958133
0.0069572081
0.0015423216
-0.004192511
0.0026667972
0.0058363945
-0.0034732763
0.0019429732
-0.00055259555
-0.0032633568
-0.003433474
-0.0018702932
-0.00057195162
0.0032242989
-0.0025563272
-0.00036226782
-0.0032158884
-0.0057078812
0.0011555387
0.0010286574
-0.0031144208
0.00031144718
0.0067948576
-0.00016081774
0.0024561628
-0.00094411732
-0.00092617583
0.0033491769
-0.00042296446
0.00057132521
0.0036586652
-0.0027442925
0.0078957982
-0.01048088
0.0049179867
0.0055628929
-0.010736243
0.0023068277
-0.0093863409
-8.7273043e-05
-0.0080284732
0.0042312513
-0.0016119195
-0.00013365205
0.0039260461
-0.0034811401
-0.0047384343
1.9886646e-05
-0.002166302
0.00046477221
0.0050861174
-0.0038220433
-0.0012640741
-0.0025424205
-0.0051477328
0.00051774055
0.0037382636
-0.0036411842
0.00075778359
0.0026895987
-0.0036234454
-0.00083769497
0.0075109597
-0.004812765
0.0019462458
-9.3861289e-05
-0.0038585356
-0.00047934014
-0.0023785461
-0.0031573497
0.0012455324
0.0069834751
-0.0082290074
0.002539865
0.00093247087
-0.0062514509
0.0051799879
0.00045528745
-0.0056352753
0.00059711459
0.0027825971
0.00062129288
0.0028719164
0.0052812592
0.0013643167
-0.0066455759
0.0029330926
0.0028223362
-0.0057554287
0.0054911413
0.0028954359
-0.0027518427
0.0044954118
0.0093155429
0.0013132827
0.0067360607
0.00069160216
0.00024985442
-0.0062098812
0.0077001506
-0.0056963631
-0.0043075487
0.0099952989
0.005579604
0.0032407496
-0.0045448819
0.0013041323
-0.0058914586
0.0090645413
-0.0033391141
-0.0057254272
-0.0039769044
-0.0056087963
0.0016948845
0.00054654764
0.0064258284
-0.006972376
-0.0012828944
-0.00092731039
0.0022102048
-0.004179083
0.0024317368
-0.0017462315
-0.0041144285
0.0050808197
0.0061928972
-0.0012680175
-0.0049248797
0.00084155871
-0.0036851643
-0.0068350759
0.0046861472
0.0074102876
-0.0022302997
-0.003748249
0.0039914791
-0.0047669164
-0.005237109
-0.005236062
0.00077376694
-0.0013827413
-0.004233684
-0.0024670302
0.00069160399
0.0017754262
0.0050768471
0.0039079592
-0.0088227645
0.0088227645
-0.003880475
0.0041182292
0.0013491403
0.0055297174
-0.0049831698
-0.0013229918
-0.00041891737
-0.0096815025
0.0044505656
0.0054303356
-0.0011251647
0.0071855609
-0.0027414892
0.0013236208
-0.0079417877
0.00918732
0.00065395251
-0.0053896287
0.0026832662
-0.0058822831
0.0031990169
-0.0031469182
-0.00019518012
0.0033420983
-0.002245326
0.0066866021
-0.0044412761
-0.0026402527
-0.0050093537
0.0076496064
0.0057295761
0.0012276319
0.0050236182
-0.0054772374
0.00045361917
-0.0041550949
-0.0018154199
0.0016002744
-0.0071762074
0.0045004401
0.00025594126
0.0029077415
0.00021523015
0.0011240008
-0.0029157217
0.0019391992
0.0019476884
0.0054092616
0.0022040785
0.0096774745
-0.0027893171
-0.0068881575
-0.01004834
0.0051793192
-0.0024436022
0.0013934305
0.00554173
-0.0055693759
0.0096008881
-0.0059899336
-0.0036109546
-0.0052065912
0.0017540942
-0.0085167762
0.0014801329
-0.0022484284
-0.0006228937
-0.007318894
-0.0027473517
0.00062457273
-0.0079818992
-0.0050902209
0.0047729225
-0.00065590519
0.0092291946
-0.0070906974
-0.0009018582
-0.00071006135
-0.0002722447
-0.001739927
0.0010293526
0.0018093783
0.0042187871
-0.0034384286
0.0017143936
-0.0021903002
0.0058976401
-0.0058653999
-3.2240171e-05
-0.0032167046
-0.00034199562
0.0035587002
-0.0061470075
0.00076297867
0.0053840288
-0.0040875409
-0.0028899951
0.0030612672
-0.0069333693
-0.003408961
-0.0029936886
-0.00029661182
-0.00706115
0.0008096991
-0.0078721463
0.0010669174
0.0029037744
-0.00023048784
-0.00062158932
0.0015866372
-0.0093055719
0.0093055719
0.0049386995
-0.0018159402
0.00041758961
-0.0013617069
-0.0020647954
-0.00483243
0.0065877102
-0.0017552803
0.0041940995
-0.00026686694
-0.0060113899
-0.0011421074
-0.0072804516
0.0084225589
0.0064973877
-0.00030449047
0.00047023187
-0.0019699098
0.0014996779
-0.0053163818
-0.0018327511
0.0086020231
-0.0092317826
0.00083363626
0.0026798117
-0.003513448
0.0082533433
0.0021404513
0.0041607156
-0.0021214689
0.0055561024
-0.0038991917
0.00023561252
-0.0081077589
-0.0064796187
-0.0006965887
-0.0043166262
-0.0026304089
0.0018479637
0.00078244515
0.0035728657
-0.0041615877
-0.00079032307
-0.0064901285
-0.0014366169
0.0051444674
-0.00017284329
-0.0003914986
-0.003708087
0.002320945
-0.0042286208
-0.0026914889
-0.00058216616
8.01242e-05
-0.0029201538
0.0036644634
-0.00052320296
-0.0026775735
0.0032007764
-0.0041086262
0.00072986227
0.00088760479
-0.0016174671
0.0027980284
0.0018676775
-0.0046657059
0.0025824297
-0.000178551
0.0040819816
-0.0039034306
0.0035689635
0.003935453
-0.0029583559
-0.0025485822
-0.0070369792
-0.0047991402
0.0032274632
0.001571677
0.0050831347
0.0045177535
0.0041478911
0.002572567
-0.0020737233
0.0018014786
0.00081929567
-0.0051236865
0.0043043908
-0.0010936669
-0.001261645
0.0023553119
0.0025886225
-0.00089347181
0.0054882273
-0.0045947555
-0.00079790554
-0.0075900886
-0.0011367288
0.0034844278
-0.00059866111
-0.0015676409
-0.0074962059
-0.00034705865
-0.0057771918
0.0029967616
-0.0028175241
0.0020281761
-0.00082202618
-0.0012061499
0.00013389424
-0.0029055988
-0.0047658391
0.0017124805
0.0018715988
-0.0042523102
-0.0019022095
-0.0057447565
0.0040127967
0.0017319597
0.0013291398
-0.00092359554
-0.0022945824
0.0032938487
-0.010145288
0.0044489246
-0.0057581464
0.00092571647
0.0001210331
0.0031755124
-0.00027057119
0.0042408757
-0.0039703045
0.0041781066
0.0014486847
0.0022292829
-0.0034697951
0.0029487752
0.00052101996
-0.00032127914
0.0053448974
-0.0029482152
-0.0019741381
-0.0026341093
-0.000536237
0.0072271812
-0.0052070233
0.0029616973
-0.0093111247
0.0011248132
-0.0013006364
0.0072620695
-0.0059614331
0.0079999825
0.0034191946
-0.00282208
0.0095464571
-0.007443485
-0.00047688719
0.0035129607
-0.0028916678
0.0019333902
-0.0056447919
0.00033056484
-0.0067725951
0.0070840423
-0.00063450236
-0.0068380769
0.0054266815
0.0013793401
-6.4158011e-05
0.0073260047
-0.0022516225
0.000963782
-0.0049712226
-0.0018155322
0.0067867548
9.0081826e-05
-0.006188452
0.0026393429
0.0023124289
-0.0049517719
-0.0017254036
-0.0057708023
0.00030584114
-0.004438728
0.002045833
-0.0052964254
-0.0099345972
0.0069034354
-0.0066083508
0.0014755425
0.0086392344
-0.0072598943
-0.0021045898
0.0039260256
-0.0018214359
-0.0032294554
-0.0031197583
0.0028365346
-0.0082962198
0.0054596853
-0.0037399076
-0.0029486401
0.0027971938
0.00015144625
0.0034506294
0.0003335797
-0.0037842091
-0.0028329923
0.0039968453
-0.0011638529
0.0047344341
0.003353425
-0.008087859
0.002750445
-0.0010360514
0.0024522404
-0.0029315805
0.0037153351
-0.0025078489
0.0080081174
-0.0055002685
-0.0039067422
-0.0029452713
0.0055846142
-0.0045114204
0.0062275972
0.0032896499
0.00045870991
-0.0037483598
0.0072510064
-0.0040672614
0.0017092844
0.0076466697
-0.00095522506
0.0069980038
-0.0060005853
-0.0053630573
-0.00018556247
-0.0064764828
0.0066620453
-0.0078982308
-0.0031804905
-0.0088264008
0.0016817199
0.0071446809
0.0061287678
0.0037924608
0.0082919563
-0.0064631666
0.0049803236
0.0078969307
-0.0057341622
-0.0019726662
-0.0063568727
0.0020985807
-0.0034902242
-0.0078452842
0.0063875042
0.00145778
-0.0097465766
0.0064797795
0.0032667972
-0.0076018467
0.00017901103
0.0074228356
-0.0049515729
0.0055098205
-0.0029248147
0.0043291879
-0.0006399456
0.0054400396
-0.0030197786
0.0026777829
-0.0001829557
-0.0054849145
0.0036520964
0.0057465612
-0.0052484534
0.0064930012
-0.0066785637
0.0025081588
-0.00017366973
0.0066974334
-0.0020585586
0.0013770618
-0.00227892
-0.0021969978
0.0069314319
0.0026083547
0.0023046995
-0.0076210813
-0.0017972911
-0.0017164336
0.0022638897
0.0011315348
0.0034755856
-0.00025563727
-0.0034702916
0.0037259289
0.0025860547
0.0026732479
-0.0022015609
-0.00070708054
-0.0033797176
0.0016307692
-0.00024335065
0.00091848172
-0.0028832017
0.0019647199
-0.0078231982
0.0096453238
-0.0041026412
-0.0011477288
-0.0062294415
-0.0039158461
-0.0038237026
0.012561472
-0.0064617081
-0.0060997641
-0.0045395057
0.0020440557
-0.0016995858
0.0042794531
0.00070515157
-0.001988046
0.0020485339
0.0012124638
-0.0065300501
-0.004659665
-0.0053886752
-0.00089938863
0.0041621183
0.0013062572
-0.0054683756
0.0066606129
-0.008843487
-0.0090819627
-0.0018723764
-0.0048609816
-0.0043249737
-0.0030496711
0.00054664931
-0.0033877682
0.0028411189
-0.0065113471
-0.006801317
-0.0046497843
0.011451101
0.00079142383
7.6069419e-06
0.0047290567
-0.0057036123
0.0051789015
-0.0019911497
-0.0031877518
0.00097165933
0.0067352031
-0.0064392357
0.006791687
0.004720996
-2.0407384e-06
-0.0047189552
0.0045642563
-0.00048227476
0.0056192906
-0.001932076
-0.0036872146
0.0019173136
0.00368273
0.0081095794
0.00029149751
0.0079289195
3.4199389e-05
-0.0027171449
-0.0018803714
-0.0026205376
0.0028931189
-0.0025662568
0.0081158383
-0.0078867361
0.0098970163
-0.00087286476
0.0027004199
0.0016311093
0.0055449746
-0.00085939867
0.0054678419
0.0045321581
0.0051597434
-0.0024087933
3.3207154e-05
-0.0022318984
0.0021986913
0.0022166127
-0.0033126455
0.003849048
-0.003339116
-0.00050993202
0.0013647181
-0.00094474048
-0.0014603179
0.0040388936
-0.0020376665
-0.0032542931
-0.00081296832
-0.00087848154
0.0022992699
-0.0014207883
0.00048625517
-0.0037518852
0.0046890064
-0.0004481307
-0.0014392395
0.0039421708
-0.0046177957
-0.0058776226
0.0059668259
-0.0024823979
-0.0022336303
-0.0030430755
0.0038767117
-0.0057177721
0.0017026861
0.0038769179
-0.00077741613
0.0016962571
-0.000918841
-0.0019382562
0.0052415979
0.0013783985
0.00061035734
0.0046816159
0.0047426612
-0.0010706238
-0.0008738263
0.0084880883
0.0053219034
-0.0024310567
0.00029557739
-0.0048069978
0.0015093434
-0.00023944015
0.0079631027
-0.0079631027
0.0069828945
-0.00044343457
-0.0010315924
0.0012503433
-0.00024196409
-0.0024594165
-0.00099324991
-0.0048439419
0.0012737043
0.0062372554
0.0056462524
0.0038471317
-0.0094933841
-0.0053251605
0.0072241469
0.0052079978
-0.0014488211
0.0085343668
-0.0030665249
-0.0026939015
-0.0018919604
0.0032155813
0.0040831043
0.0049237806
0.0018074337
-0.0039311845
0.0039894497
-5.8265255e-05
-0.0022141218
-0.0019371077
0.0062627774
0.0044892813
-0.0027685779
-0.0096391562
-0.0018871929
-0.0033486307
0.0052358236
-0.0046448132
0.0060538673
-0.0042997731
-0.0045435658
-0.0020045158
0.0065480816
0.0066068035
0.001253807
-0.0017138918
0.00082081731
0.00089307448
0.00020446053
-0.0044381446
-0.0045337168
0.0042780795
0.0020115445
0.0018375035
-0.001167351
1.8014014e-07
0.0011671708
-0.0050237195
-0.0081299187
0.0020386581
-0.0036054367
0.00023779774
-0.0078857415
0.0014357779
-0.0028000577
0.0081746277
0.0024682699
0.0039939113
-0.0048873831
0.0014831177
-0.0063321231
-0.00057360306
-0.0014503363
0.0015508367
-0.0013498645
0.00018251348
0.0039593839
0.0021607098
-0.0021225185
-0.003528149
0.0056506675
-0.0025411265
-0.0026313108
-0.0024012311
-0.0024115339
-0.0015280187
0.0043260471
-0.0024894216
-0.0027074161
0.0051968376
0.0071378278
-0.0017217787
-0.0077993323
0.0077993323
-0.003093501
0.0034013445
0.0001657847
-0.00012565968
-0.0069089541
0.0070346138
-0.0051007299
0.0028906938
0.0022100361
-0.00084311687
-0.0029789264
-0.0032028163
0.003965795
-0.0092194049
-0.00070426308
-0.00074756822
0.0014518313
-0.00084763553
0.0018393285
-0.00099169293
0.0049262294
-0.00026617199
-0.0024316798
0.0012771008
0.0022707756
-0.0034602438
0.004297014
-0.0034572148
0.00082045383
0.0061624406
-0.004397038
0.0071506873
-0.0045032448
0.0067132417
0.0057282976
-0.004909002
0.0059193401
-0.0067356403
-0.0023035542
0.00020140056
-0.0030164191
0.0028150185
0.0070834252
-0.00016581227
0.0028929749
0.0038937302
-0.0031587778
-0.0016822745
-0.0058456507
-0.0030514338
0.003905398
-0.0036098206
0.0041039002
-0.0046396402
-0.0085065971
0.0025034714
0.0066399907
0.00023447447
-0.0034101999
0.0030556313
-0.0027771406
0.00067327081
0.0035421004
0.0041782241
-0.0090874284
0.0090874284
-0.0054192497
-0.0030577642
-0.0023125342
0.0064796218
-0.0020614245
0.0095236088
-0.0082103262
-0.003676627
-0.0015206369
-0.003500216
0.0061405564
-0.0026403404
-0.0063412098
0.0035411522
-0.0024596671
-0.0031851248
-0.00036734562
-0.0058620959
-0.0017077756
0.0064424294
0.0033982735
0.0008631666
-0.0042614401
-0.0025823984
-0.0037912711
-0.0014232444
-0.0008408757
0.008596898
-0.00081295307
-0.00010298017
0.0031249471
-0.0016010562
-0.0014280372
0.0015399853
-0.003173593
0.0097820681
-0.0066084751
0.0009253912
-0.0025530581
-0.0021278376
0.0060332356
-0.0035092043
-0.00056637058
-0.0031612576
-0.0013836243
-0.0012455163
-0.0073736842
0.0076937068
-0.0020568721
0.0026307334
0.0056252589
-0.0026741549
0.0012800593
0.0032563999
0.0044112777
-0.0066539204
0.0022426427
-0.0039449739
0.0037497938
-0.0041280404
0.00019685589
0.0042904854
-0.0058029558
0.0011270225
0.0059551751
-0.0039517491
-0.00045252235
-0.0022833195
-0.0043932548
-0.00078535557
-0.0047840204
0.0030655583
0.0057304823
-0.00050701644
0.0004436888
-0.0015373557
-0.0022556156
0.0022600227
-0.0026779884
0.0010769321
0.0081975831
-5.187321e-05
0.0060018144
-0.0084884612
0.0012965706
-0.0032014854
-0.00028372985
-0.003358363
0.0036420929
-0.0036700985
-0.0009135786
-0.0027584956
0.0036720742
0.0025257896
0.0038724145
-0.0032342182
-0.0019952541
0.0029479707
0.0055700319
-0.00056204775
0.0062372163
-0.0033448068
0.0055658917
0.0015687083
-0.0074847374
-0.0081274832
0.0056056514
-0.006801317
-0.0093128051
0.0060260933
0.0032867118
-0.0012421507
0.0043237801
-0.0087745934
0.0072646862
0.0015099072
0.00053743119
0.002957856
0.00074953263
-0.0015269488
0.0047576844
0.0047659244
-0.007297294
0.0040279669
0.0074484341
-0.0039873274
0.0056900136
-0.0038739866
0.0010434157
-0.0037843057
-0.0047614042
-0.0094505278
0.0050532384
-0.0047935919
-0.0015258288
0.00082156576
0.00079961695
-0.0016472525
0.0029612625
-0.0016192669
-0.0066510422
0.0019395937
0.0047114485
-0.0032249898
-0.0030682887
-0.0092578964
0.00449098
-0.0040808554
0.0017057011
0.0057222748
-0.0040054963
-0.0070598464
0.0010237931
-0.0070894391
0.0028047719
0.0021339276
0.0016477887
0.0011026563
-0.0022948139
0.0001467469
0.002858135
-0.0030048819
0.0013261661
0.0061496042
-0.005907344
-0.0054221504
0.00090073588
0.0045214145
-0.0037152319
-0.0051172008
0.0015909224
0.0028277186
-0.005569982
-0.0017335437
-0.0022166549
-0.0023346592
0.0028720904
-0.0029824277
-0.0070118753
-0.0025787402
-0.0031018299
0.0023017718
0.002279706
-0.007231279
-0.0018478726
-0.0051786443
1.3302174e-05
-0.0021337033
0.0013089786
-0.0026331567
-4.4416763e-05
-0.0031191023
0.0023373189
0.0010161389
0.0042023088
-0.0059100843
0.0056899486
-0.0036531264
0.0026450849
0.0092543104
-0.009621656
0.00079335033
0.001727451
-0.002216749
0.00045282988
-0.0066202824
0.00036541617
0.0067714214
0.0023772299
-0.0010001681
0.0010392875
-0.0046461872
-0.0046117092
0.007652189
-0.0030279744
0.0063016565
-0.0032736821
-0.0044379474
-0.002168287
0.0027401379
-0.0015627115
-0.0074960822
0.000807281
-0.00090417727
0.0027075308
0.0094108811
-0.0040414551
-0.005369426
0.00062997233
-0.0033107143
0.00046526494
-0.0038043809
0.0031207634
-0.0025741141
-0.0011443759
-0.006972609
-0.0023401961
0.0028234281
-0.0053128497
0.0082246321
-0.0072644161
-0.000960216
-0.0057294883
0.0026379308
0.00026252266
0.0039562644
-0.00024177995
0.0019876602
-0.0042646642
-0.001471945
0.0059131379
-0.0045488212
-0.0063421269
0.0027503588
-0.0017984049
0.0030755057
0.0066838496
-0.0019986832
-0.0052477702
0.0027438635
0.0025039067
0.0094869251
-0.0010188685
-0.0084680567
0.00020595241
-0.0017440933
0.0063084789
-0.0016923247
0.0012732126
-0.0029554871
0.0090356915
-0.0057047881
-0.0033309034
0.00058835079
0.0061185972
-0.0033869058
-0.0027316914
0.0022120196
-0.0062260956
0.0076395625
-0.0040383574
-0.0071647811
0.0028476316
-1.6050958e-05
-0.004497473
0.0042662917
-0.0034416706
-0.0036194794
0.0026460429
-0.0025352614
0.00061693638
0.0061699462
0.0037125414
0.0034256746
0.00082245553
0.0069586292
-0.0077810847
-0.00097637423
0.0027857526
-0.0028246703
-0.00013402789
-0.0024462429
-0.0036862055
0.0046771952
-0.0033115894
0.0030731021
-0.0013347324
-0.0044460304
-0.0014817147
0.0011268858
0.00013480962
-0.0019062058
0.0060141905
0.0026743087
-0.0086884992
0.0052198249
0.0094869251
0.003389281
-0.00016918377
0.0070369792
0.0040344313
-0.011071411
0.0027857579
0.0017202947
-0.0062638605
0.0024152918
0.003628784
-0.0018026598
0.0052560671
0.00071254556
-0.0059686126
-0.0034703177
-0.0065088837
0.002474161
0.0046040873
-0.0027934579
0.00035349761
-0.0038316715
-0.005579111
0.0025511366
0.0059020929
-0.0032565484
0.0029725818
0.0070604117
0.0029395883
-0.0074823052
0.004933723
0.0029038978
0.0059238841
-0.0036441781
-0.00075847492
0.0013253531
0.0011677331
0.0031431509
0.0035116432
0.006769355
0.0089761582
-0.007349058
-0.001878357
0.0058911537
0.0070869579
-0.0072126175
0.0022735236
0.0028862198
-0.0053652933
0.0028879532
0.003230644
0.002754512
0.002870747
-0.00097596081
-0.0078918632
0.0045527491
0.0009448536
0.005836306
0.0034960899
-0.0066588368
0.0018748164
0.0045115652
-0.0016198329
0.0022400151
-0.0085721383
0.0062133881
-0.011116582
0.0049031937
0.0022297528
-0.0035644853
0.0010259479
-0.0015501751
0.00094317649
0.0016208007
-0.00071202925
0.002559993
0.0029458336
0.0056094374
-0.0098919901
-0.0025204155
-0.0024313563
-0.0057330306
0.001056959
0.0016004239
0.00081584806
0.0021336065
0.003651661
0.0045729711
0.0061905416
0.00080928081
0.00097296377
-0.0081906023
0.006310231
0.0078790059
-0.0052287277
-0.00072845538
-0.0075677644
0.003643485
0.0025841121
0.0041989296
-0.0036903654
-0.0080089847
0.004691745
0.0020689445
-0.0029825231
-0.0030420183
-0.0019974827
-0.0060804577
0.003012169
0.0073015485
-0.0020644765
0.0023204177
-0.0070014267
-0.0056559168
0.0039096852
-0.00087858223
-0.00083530956
0.0043789101
0.00064248503
0.007009704
-0.0049053351
0.0061790394
0.0040073416
0.0043856769
-0.001685257
0.0035808307
0.00014140415
-0.0046785177
-0.0060502093
-3.0248438e-05
0.007818624
-0.0026033391
0.0058800366
0.00031050501
0.00027749077
0.001986399
-0.0059313132
0.0015292541
-0.0017918881
0.0030043519
-0.0050058125
0.0019113464
0.0030944661
-0.0020421588
-0.0014293298
0.0031846311
-0.0017553013
0.00047619388
-0.00048731254
0.0022343321
0.0040284452
0.00069458366
0.0017393837
-0.0024339674
-0.0060997641
-0.00087930299
-0.0017094901
0.0034764788
-0.0015262074
0.0023161681
-0.00078996067
-0.0019896889
-0.0023312148
-0.003144694
-0.0032290701
0.0072592929
-0.0040302228
0.0025168276
0.0010874459
0.0018709409
0.0047254094
-0.0065963502
-0.00054530217
0.0035520176
-0.0067787459
0.0078097948
0.003882496
-0.007936972
-0.00016518379
0.002447413
-0.0027484418
-0.0023522881
-0.002026269
0.0059031869
-0.0079453745
0.0051560574
0.0049934781
0.0056340465
-0.0029889617
0.0079300104
-0.0013436762
-0.0028975139
0.0066899748
-0.00067499122
-0.0017392678
0.002414259
-0.0057687274
0.0062449213
0.007425078
0.0097936419
-0.0046459571
0.0029992394
0.0016467178
0.005258154
0.0068912772
0.0011617856
0.0079995754
-0.0018537075
0.0054971926
-0.0042278711
-0.002198063
-0.0030497072
0.0038717779
0.0010261994
0.0042657258
0.0027683396
-0.0016675218
0.0020961753
0.0019888973
0.0004651581
-0.0049338288
0.002929313
0.0018034338
0.00069244866
-0.0024958825
-0.0049787806
-0.0023185134
-0.0010269323
0.0056675969
-0.00089559032
-0.0042472965
-0.0053778683
0.0037413291
0.0042136847
-0.0055782313
-7.7685494e-05
0.0026158187
0.0053141917
-0.0039908635
-0.0024812458
0.0012545988
-4.5885926e-05
-0.0012087128
-0.0022060111
-0.0036897341
-0.0011436327
-0.00099860689
-0.0050419801
0.006040587
0.008831401
-0.0070239673
0.00045681109
0.0023704188
-0.0022805756
0.0056503171
8.0165169e-05
0.0062133881
0.0046721147
0.0099843609
-0.0010082027
0.0017634531
0.0055592267
-0.0073226798
-0.0071171408
0.00043173848
-0.00077469407
-0.0054797509
0.004355273
0.0054396821
-0.0038085729
-0.00071402423
-0.0077744369
0.0054983754
0.0021637312
0.0067156623
-0.002632558
-0.0033722278
0.0098879803
-0.0032811768
0.00060825067
-0.0018021295
0.0028790616
-0.0031551798
-0.00023258843
-0.0059283914
0.011079343
-0.0047754854
-0.00018700974
-0.0014680894
-0.0010704864
-0.0011462626
0.007331364
-0.007331364
0.0012231174
0.0046900206
-0.0033435022
-0.0026846675
0.0086382721
-0.0055101923
-0.0031280799
-0.0012836552
-0.0020486752
0.0033323305
-0.0037238788
0.00077523878
-0.00059054101
0.0016779648
-0.0010874238
0.00313975
0.0019243214
0.0020651283
-0.0015543856
0.00090702487
0.0046027956
0.0055534473
-0.0088147539
0.0031056626
0.00030035502
-0.0057598425
0.0054385634
0.010041784
-0.00095856164
0.0072913807
0.0026929802
0.0056558444
0.0031956163
0.0027282678
0.0099496741
-0.0029341312
0.0052664093
-0.0030320772
0.0040455521
0.0025025296
-0.00095870331
-0.003479246
0.0059223368
-0.0071579116
0.0048156659
-0.0021446283
-0.0026710376
0.003582463
0.0079032889
0.00090581685
-0.0017019235
0.0063548589
0.0035331215
-0.0070226411
-0.00076107276
0.010754441
-0.0044554151
0.00780884
0.001953595
4.7045486e-05
0.0021695672
-0.0028556475
-0.00010270833
-0.00029857305
0.0016920035
-0.00097923133
0.0044882001
-0.0091305201
0.0046423201
-0.0019331793
0.0039744743
3.3767779e-05
0.0034168617
0.0058801686
-0.0033284626
0.0002179765
-0.0077936204
0.001042593
0.0011729274
0.00041254773
-0.0015854752
0.0015002893
-0.00016482516
0.003454475
-0.0037167324
-0.0029421044
-0.0048733116
0.0028014405
0.0054416325
-0.0058213233
-0.0039093938
0.0068540292
-0.0073413418
0.0051548478
0.0026631659
-0.0029780097
-0.0027978385
-0.0011724999
0.00022166816
0.0015057828
0.0014182069
-0.0081766847
0.0057022073
-0.0025432582
0.0022602449
0.008878707
0.00037560343
0.0053451806
-0.0017168628
0.0065127258
0.0025831831
-0.002896529
-0.0026007609
0.0055117267
0.00031166042
0.0014277233
-0.005394533
0.0068127399
-0.0022062735
0.00040770897
-0.0021287846
0.0061743367
0.001544603
-0.0010917731
0.00062293991
-0.0023494518
0.0017265119
-0.0020977178
0.0028970301
-0.0031421704
0.00019289579
-0.0015272577
0.0034478739
0.0058434066
0.0038655754
-0.0024442275
-0.00017888731
0.0047435317
0.00064195407
-0.0053854858
0.0041555407
-0.0040349706
0.0078850387
0.0030291984
0.003686464
-0.0039081422
-0.0023017391
0.0059012736
0.005989423
-0.0030928413
0.0032437026
0.00016838152
-0.0078788636
0.0077104821
0.0028251952
0.0071094736
0.0029362958
0.0049803357
-0.00018407372
0.0063465143
0.00065188782
0.00061014961
0.0010025066
-0.0016126563
0.0064674819
-0.006824882
8.9882528e-05
0.001662186
-0.00054269247
0.0067799479
0.0021955825
0.0044104086
-0.0025355921
-0.0023501275
-0.00032853096
0.0034834573
0.0013322087
-0.0029411494
-0.0052217112
0.0031436515
-0.0044223025
-0.00043867914
-0.0071821345
-0.0038437649
0.00013121567
-0.00156988
0.0054482215
-0.0010174686
0.0017073011
-0.00068983255
0.00056230788
-0.004225415
0.004409558
-0.00018414297
-0.005329888
-0.0036356712
0.0044955038
-0.0075803185
0.0046349166
0.0023280027
0.0019158677
0.0008063244
0.0013479935
-0.005642541
-0.0065917495
-0.0013526358
-0.00032604921
-0.0024090182
-0.00084869182
-0.0021067952
0.002674534
-0.0077330317
0.00064060081
0.001275605
-0.0012476287
-0.00020879287
0.0034768606
0.0018534658
-0.0053303263
0.0053604212
-0.0027446025
-0.0012549258
-0.00021533486
-0.0089909903
-0.003998194
6.1281655e-05
0.0039369123
-0.010232964
-0.00056321375
0.0034112771
-0.0015026792
-0.0037228355
-0.0071158199
0.0064017956
-0.00072238821
0.003450656
-0.0025304122
-0.00066891777
-0.0054342526
-0.0045711583
0.00031562529
0.0035530123
-0.0031995146
0.0013084932
-0.0033276308
0.004633888
0.0040300581
0.0038484997
-0.00132672
0.001222317
-0.0017797808
0.0042836875
0.0063525835
-0.0031125144
-0.0052343507
-0.00014351766
0.0040714522
-0.0068575123
-0.0092279725
0.0056557477
0.0053855625
0.0019080607
0.00068978264
0.0046734018
-0.0069250244
0.0053800285
0.00060939453
0.00073167239
0.0065707772
-0.0034967146
0.0043659363
-0.0014093642
0.0069978997
0.0024890254
0.0023774724
-0.0050905578
0.0027130854
-0.0014458327
-0.0039763177
-0.0041412831
0.0086294832
0.0023842529
0.0052420744
0.0063243618
-0.0026884172
-0.0046228627
-0.0026835602
-0.002844417
-0.0010600963
0.0016702459
-0.0017215918
-0.0026165148
0.0043381066
-0.0019368347
-0.00048138362
0.0024182183
-0.0079591017
0.0018164428
-0.0012541349
0.0043763214
-0.007807134
-0.0013958572
-0.002094367
0.0073601146
0.0012075988
-0.0085677134
0.0065165551
-0.0045219778
-0.0019945773
0.0003935893
-0.0073093476
0.0069157583
-0.0040967394
-0.0013636675
0.0054604069
0.0075965403
-0.0073785638
-0.0020597498
0.0048868878
-0.0026913053
0.0011520525
-0.00055919879
0.00089278722
0.0019959316
0.00693626
0.001211214
0.00077071461
-0.0019819286
-0.0025258
-0.0064778308
0.0064080579
-0.002532586
0.0010925899
-0.0044210526
0.0054561279
-0.0083995127
0.0030850467
0.0014236844
-0.0033605191
0.0032310982
-0.0059963642
0.0078381057
0.0017962717
0.0018093947
0.0075810524
0.0075031534
0.00097714921
-0.0077944548
0.0012576157
0.0012038522
-0.0076402896
0.0060279972
0.0071287924
-0.0014354415
-0.0057212843
-0.00034340917
0.005016811
0.0055321233
0.00017793241
0.0046225669
0.0014180201
0.0065852812
0.0078966223
0.0033124409
0.0010510325
0.00061212952
-0.0062762436
0.0036504206
-0.00022210626
-0.0028371435
0.00058152788
-0.0055368885
0.0026303575
0.002906531
-0.00070844305
0.0056301486
0.0015424666
-0.00028786785
-0.0047330136
-0.005344964
0.0077224365
-0.0053387305
-0.0035593225
-0.0015553438
0.0038116566
0.0037970979
-0.0053669778
-0.0035019615
0.00041597969
0.001672295
-0.00502771
0.00075247159
-0.0011915741
0.0041908134
0.00019879787
-0.0034219525
-0.0016057575
0.0061902065
0.0024514807
0.0077941906
0.0085288628
-0.0035951398
-0.0050177867
-0.0068144191
0.0010456917
-0.0052729514
1.2086641e-05
-0.0023655749
-0.0064958814
0.0088614563
-0.0009400775
-0.0014065858
-0.0083640647
0.00447284
-0.0086668141
0.0049871405
-0.0014358446
-0.0098379877
0.004974207
-0.0071288959
-0.0016112717
-0.0055599071
-0.0016058489
-0.0033287261
0.0047786835
0.0026166731
-0.0056065551
0.0024180282
0.0027999571
-0.0065842629
-0.00073497986
-0.0016144719
-0.00050242385
0.0013054845
-0.0018960255
0.005277238
-0.0043561858
0.0023205041
-0.0025604576
-0.00057530662
-0.0079306343
-0.00046887845
-0.0075959448
0.0049926056
-0.00024822639
0.0012302023
0.0011178634
0.0026493956
-0.001781549
-0.0008678467
0.0026171307
0.0033551616
-0.0059722923
-0.0029267394
0.0036183415
0.0045717764
0.0019447787
-0.00051093258
-0.0052965859
0.0080834037
-0.0024332067
-0.005650197
0.001807746
-0.00055013027
0.0042928104
0.00059407733
0.0086202099
-0.0009097936
-0.0029760367
0.0067377033
0.0032622967
0.003267793
-0.0013462996
-0.0049392753
-0.0013574369
0.0052059366
0.0070500403
-0.00744443
-0.0067681784
-0.0034930747
-0.0022630707
0.0048797438
-0.0029081889
0.0022626738
-0.0046855529
-0.0053848393
-0.0013865063
0.00039859991
0.0048838847
-0.00012961264
0.0076925253
-0.0060025958
0.00081637816
0.0057238621
-0.0088187933
0.0021734448
0.0066453484
-0.0057927455
0.0026122438
0.0031805017
0.004486147
0.0032991296
-0.0031037278
-0.00011807812
-0.0013250083
-0.0072510064
0.0050907674
0.00052610224
0.0011287873
-0.0014623504
-0.0016232732
0.00056317685
0.00091408547
-0.010212999
0.00040130211
-0.0041241376
-0.0025484467
0.0040025054
-0.0021348279
-0.0038384697
0.0025969518
-0.0061902065
0.0054430619
0.0014148688
-0.0022048295
-0.0051160906
-0.0035724086
0.0025813072
-0.0071367507
0.0019813442
0.0054183104
-0.0025948824
-0.00093963707
0.0017389008
-0.005629778
0.00039664902
0.0053304709
-0.0023846373
0.0068427874
-0.00067020535
-0.00097704713
-0.0034424319
-0.0041797595
0.0014801754
-0.0032009085
-0.0021146837
0.0053155922
-0.0079863665
0.0023435083
-0.00058347564
-0.0015152933
0.0020629118
0.0015395289
-0.0011235493
-0.0012897997
0.0050868976
-0.0039312074
-0.00016553197
-0.0011084795
-0.0032273496
0.005629778
-0.0079185476
-0.0066821479
0.00033713655
-0.0017874729
-6.8003855e-05
-0.0039301901
-0.0069554032
0.0061530214
0.00067442209
-0.0050607247
0.0074070191
-0.0047312628
-0.0026757563
0.0013989728
0.0011660851
-0.0019010649
-0.0017495296
0.0069978997
-0.00064704042
-0.006345314
0.0070912064
-0.00074589243
-0.0049822133
0.0025550483
-0.00021315703
-0.0038833312
-0.0035026822
-0.0018272058
-0.0043438711
-0.00037508414
-0.0063876538
-0.0097357982
0.0057880458
0.0072467098
-0.0055960169
0.0075965403
-0.00046799093
0.0027677812
-0.0012987835
-0.0014689976
0.0062264214
-0.001135654
-0.00427741
0.0016199514
-0.00079913407
-0.0019177631
0.0047758981
0.0038785658
0.0041117377
-0.0012128089
-0.0017651138
-0.006349126
-0.0013653558
-0.0020343348
0.00094296481
-0.0026824922
-0.0052891997
-0.0044154459
0.004816748
0.0037048474
0.0013939339
0.0019383966
-0.0030041136
0.0053101059
0.00090585155
0.0013603494
-0.0019323011
0.0039003716
-0.001766444
-0.00089298504
-0.0024196604
-0.0063039598
0.0060308954
-0.0033167515
0.0035603281
-0.0027865612
0.0020223187
-0.0014612948
-0.0031115894
0.0007424768
-0.00055695729
0.0060032989
-0.0054463416
0.0044485785
-0.0059527789
-0.0016373097
-0.0064080579
-0.0020151014
0.00067702183
0.0040686018
-0.0012273695
-0.0068863072
0.006976389
-0.0024287222
0.0053879491
0.00085624841
0.00076370296
9.2253472e-05
-0.0070012075
-9.1449627e-05
0.0038443304
-0.0025974907
0.0044039831
-0.00063137985
-0.00022508466
0.00082288776
-0.0039190403
4.7420682e-05
0.0021227451
-0.0077453107
0.00049764644
0.0072476642
-0.0026980023
-0.0027068435
0.0040450028
0.0036475902
-0.0016828703
-0.0019514645
-0.0023296497
0.0032726145
6.7120322e-05
-0.0033871515
0.0040520571
0.0068809173
-0.0068809173
0.0054084067
-0.0015205657
-0.003887841
-0.0021018061
-0.0050803284
0.0021432726
0.00074800878
-0.0042207787
0.001891129
-0.0056869089
-0.0068880282
-0.0012498985
-0.001901492
0.0026767308
0.0059197406
-0.005383361
0.0031202903
0.0055440519
0.0064899679
-0.0021318331
-0.0021569584
-0.0051920575
0.0018311106
0.0065822213
-0.00080507991
0.0055486116
0.0084031512
0.0081339522
8.967054e-05
-0.0040208711
0.00069214495
0.0042784837
-0.0028191767
0.0010647594
0.0017544173
-0.0029584709
-0.0035768203
-0.0020638172
0.0013033236
0.00068433664
-0.00033782663
-0.0048691966
0.0061772662
0.00054442407
-0.0014724512
0.0009280271
0.0031123405
0.0031660749
0.0036477174
0.0015582193
0.0063117448
-0.003407847
0.0053775097
-0.0027652659
-0.00016649185
-0.0073785638
0.0079238628
-0.0021358171
-0.0044331286
-0.0030777015
0.0015110499
0.00058964589
0.0021924258
-0.0035631925
0.0023354914
0.00234026
-0.006274628
0.0015537422
0.0035948678
-0.00600081
-0.005615737
0.0059283914
-0.0024072546
-0.0054487398
-0.0007555087
0.0057706769
0.00023996725
0.00056911669
-0.0042620799
-0.0028354557
-0.0040525726
-0.00059541779
-0.00093153097
-0.0031075252
0.0064498657
-0.0040209891
0.0067139694
-0.0052030047
0.0011721979
-0.0064467294
0.0011386627
-0.0075992345
-0.00085541414
-0.0014778048
0.0072110764
-0.0035087187
-0.00061932163
-0.0061752582
-1.1581535e-05
-0.0054681694
-0.0045363259
-0.0018406488
0.0049008428
-0.0010861402
0.0071762272
0.0079260406
0.0010514594
0.0004003719
-0.0053248235
-0.0055166494
0.0055166494
-0.0064736143
0.000702812
0.00056012441
0.0013664953
7.2299116e-05
-0.0063104839
0.0063104839
0.0034151146
0.00080047864
0.0057706769
0.0060581147
-0.0031095811
-0.0015242384
-0.002660829
0.0072597384
-0.0045989094
0.0028286245
-2.2676024e-05
-0.0028059485
0.0026249718
-0.0015602124
-0.0056118904
0.0056118904
0.00070106185
-0.0053607269
-0.002365118
-0.0050668536
-0.0050215216
0.0055264089
-0.004825347
-0.0049784784
-0.005174653
-0.0024435562
0.0011415982
-0.0049214368
0.0052669259
0.0046392731
0.0039095911
-0.00034926295
-0.0016181102
0.00068199081
0.0050215216
-0.005174653
-0.0048573489
0.0062900379
-0.0062900379
0.0029166869
-0.0021604322
-0.0012764249
-0.001556528
-0.003826833
0.0055918096
-0.0062988867
-0.001364612
-0.0075179631
0.0031583601
0.0043596029
-0.0043049698
-0.00066862013
0.0016711268
-0.0014307364
-0.0046971345
-0.0037430992
0.0072330817
0.0056145467
-0.00078096419
0.00160253
0.0042682377
-0.0020723653
-0.003130063
0.0022081513
0.004029065
0.0039659275
0.0046888305
-0.0010413335
0.0025264345
-0.0069482361
-0.0042133657
0.0061445628
-0.001566102
-0.0071242876
0.0040167625
0.0025544369
-0.0035476855
-0.0042578014
-0.001219436
-0.00027246446
0.00075951899
0.0025000936
-0.00057834511
0.0021439024
-0.0020158233
-0.00051676264
0.0035698099
-0.00015294821
0.0007175881
-0.0018143867
0.007788419
0.0039518344
-0.0067872901
-0.0047328032
-0.0015660835
0.0087826071
-0.0048746479
-0.0042137002
0.0050381984
-0.0056123357
0.004989442
0.0043112841
0.0042973628
-0.0051024427
0.003521458
-6.6982985e-05
0.00080151833
4.8060751e-06
-0.00024791131
-0.0011047245
0.0008334966
-0.00010598971
0.0041708979
0.00144898
0.0044040153
-0.0070648442
-0.0066121665
0.0043374378
0.0022747287
0.0038001817
0.0014276556
0.0033605466
-0.0068172025
-0.00053185558
-0.0029846299
-0.0038325726
0.0053818847
-0.0019664196
-0.0031702537
0.0035533163
-0.00049204911
0.00057888922
-0.0067796091
0.0021806997
0.0015523502
0.0019972563
-0.0032439843
0.00055332873
0.00028988245
-0.0045428137
0.00079572146
-0.004183657
0.0088350586
-0.0020042437
0.0020939143
0.000718266
-0.0042790439
-0.0038658501
0.0064604696
8.416894e-05
-0.0043419703
-0.0024866109
-0.0055984883
-0.0075558229
0.0045460581
-0.0053154477
0.0048931469
0.00065197074
0.0011684472
0.00061552803
0.0038182305
-0.00014603785
-0.0056499256
0.0074963573
-0.0073740063
-0.00062377133
-0.00099950184
-0.0030220992
0.0032189551
-0.00050930397
0.0072453647
-0.0022884851
0.0069308052
0.0029531666
-0.003102028
-0.0027628467
-0.001622602
-0.00073789077
0.0014580703
-0.0007201795
0.0042058224
0.00032081303
-0.0029541629
0.00039761723
0.006785696
-0.0071833132
-0.0064950609
-0.0032491676
-0.0024402293
0.002580555
-0.0011721905
0.0060959711
0.001227651
0.0024732176
0.0049449194
-0.0002560889
-0.0038822644
-0.0010682322
-0.00043565742
-0.0029118243
0.0019215551
0.0043139346
-0.0052832996
0.0039562573
0.002509935
0.002506876
-0.0030491957
0.0038229451
-0.0057638274
-0.0047551334
-0.0018103085
-0.0016545044
-0.0014209959
-0.0033035531
0.0034526266
-0.00014907355
0.0039633271
0.00089920403
-0.0015678242
-0.0034177886
-0.00061242085
0.005290957
-0.00057404606
-0.0039783943
-0.0037448168
0.0060993354
-0.0016890031
0.0054392479
-0.0036744906
0.0015140584
-0.0058633329
0.0059708637
2.2086323e-07
0.0065820005
-0.0071886481
0.0044258015
-0.0035479284
0.0022278585
-0.0023767686
-0.0047697332
0.0043604262
-0.0065312469
0.0043009472
-0.0026174726
-0.0069922218
0.0053857834
-0.0063760322
-0.00066966554
-0.0010744278
-0.0043647282
-0.0021938091
0.0017064494
-0.0011186724
-0.00076722039
0.0018186798
0.0022437856
-0.00023324049
0.0063325759
0.0055702924
-0.0028190594
0.0036973152
-0.0033006662
0.0053244744
-0.00037990408
-0.0033002623
0.0016637891
0.0010941361
0.00064238339
0.0033676446
0.0021134999
-0.0018655891
0.0035546789
0.00079652279
-0.0017882157
0.001252075
-0.0013857271
-0.00088940951
-0.00010277664
0.0019626975
0.0034034428
-0.00042141871
0.0028110892
-0.0060307048
0.0050804117
0.00089045197
0.0063233723
0.0052138059
0.0016385526
-0.0052924746
0.003653922
-0.005809891
0.0042438075
0.0017459651
0.004986974
-0.0046970915
0.0054086434
0.00048787377
-0.0026828312
-0.00061279601
0.0052155916
-0.0028290452
-0.0047226523
0.0051762715
0.0019428791
0.00037806583
0.0047511227
-0.0008503256
-0.0015661332
0.0058670804
-8.544928e-05
0.0011653436
0.0027715688
-0.0069457519
0.0047519428
0.0048409361
0.0066592888
0.00063979705
0.00081827321
-0.0056254993
0.00061902564
-2.2031038e-05
0.00093671765
0.0026535392
-0.0038860198
0.0026895279
0.00068599106
0.0023909788
0.0028194143
-0.0033239729
0.001958644
-0.0012281166
-7.7607587e-05
-0.0066669232
0.0023170188
-0.0029294397
0.002322915
-0.00032565867
-0.0043775164
0.0062388468
-0.0023029272
-0.0044950338
7.581053e-06
0.0065516428
-0.0048055696
0.0015885065
-0.00073225813
-0.0062026791
0.0085470588
-0.00072985359
-0.0077277723
0.00069440389
-0.0016084358
0.00069309444
-0.0069711828
-0.00019809576
0.0011443536
-0.00026910544
0.0012614321
0.00079831579
0.00013840187
-0.00076068265
0.00051769419
0.0028311756
4.5425971e-06
-0.0012326592
-0.00059000561
0.0010559061
-0.0040780053
-0.00069315855
-0.0026185845
-0.001633029
0.0063989534
-0.0033184864
0.0014338012
-0.0017912218
0.0012898052
0.0002153774
0.0045361954
-0.0016787578
0.0037655646
-0.0022330361
0.0018147146
0.0017489298
-0.0053290532
-0.00099190442
0.0062510322
0.00088934713
-0.0058556062
-0.0022616368
0.0058888419
-0.00069407965
-0.0051633915
0.0021086638
0.00078553727
-0.00076183149
-0.0010835341
0.0060012918
0.0020503608
-0.0018089618
0.00066752923
-0.0040342014
0.0046435959
0.0067146403
0.0036589529
-0.0026250274
-0.00272491
0.0039140878
-0.0060368329
-0.0027263965
0.00089016983
-0.0050570746
0.00090874295
-0.0049429443
0.00073010387
0.0013769836
0.0025663808
0.0053851262
0.0014637573
0.0031246882
0.0034096267
0.00017636278
0.00076133154
-0.0027273753
0.0017247022
0.00098709835
)
;

boundaryField
{
    back
    {
        type            empty;
    }
    out
    {
        type            calculated;
        value           nonuniform List<scalar> 
20
(
0.009997284
0.010005982
0.0099960433
0.009999631
0.010003912
0.010004025
0.010000894
0.0099991318
0.009995674
0.009994303
0.01000084
0.0099948082
0.010005054
0.010005673
0.009994083
0.0099977132
0.010005411
0.010002707
0.010002372
0.0099944595
)
;
    }
    bottom
    {
        type            calculated;
        value           uniform 0;
    }
    in
    {
        type            calculated;
        value           nonuniform List<scalar> 
20
(
-0.01
-0.01
-0.01
-0.01
-0.01
-0.01
-0.01
-0.01
-0.01
-0.01
-0.01
-0.01
-0.01
-0.01
-0.01
-0.01
-0.01
-0.01
-0.01
-0.01
)
;
    }
    top
    {
        type            calculated;
        value           uniform 0;
    }
    wall
    {
        type            calculated;
        value           uniform 0;
    }
    front
    {
        type            empty;
    }
}


// ************************************************************************* //
