/*--------------------------------*- C++ -*----------------------------------*\
| =========                 |                                                 |
| \\      /  F ield         | foam-extend: Open Source CFD                    |
|  \\    /   O peration     | Version:     4.1                                |
|   \\  /    A nd           | Web:         http://www.foam-extend.org         |
|    \\/     M anipulation  |                                                 |
\*---------------------------------------------------------------------------*/
FoamFile
{
    version     2.0;
    format      ascii;
    class       surfaceScalarField;
    location    "0.2";
    object      phi;
}
// * * * * * * * * * * * * * * * * * * * * * * * * * * * * * * * * * * * * * //

dimensions      [0 3 -1 0 0 0 0];

internalField   nonuniform List<scalar> 
6703
(
-3.8491994e-05
0.00013560207
-9.7110079e-05
-6.6274348e-05
0.0001726907
-0.00014490835
-8.8218754e-05
0.00021451517
-0.00019257076
-0.00011542114
0.00025690422
-0.00022970183
-0.00014689564
0.0003047731
-0.0002732986
-0.000182931
0.00036083018
-0.00032479483
-0.00022407601
0.0004262093
-0.00038506428
-0.00027090017
0.00050234338
-0.00045551922
-0.0003240273
0.00059078233
-0.0005376552
-0.00038420903
0.00069318954
-0.0006330078
-0.00045232317
0.00081145618
-0.00074334205
-0.00052938547
0.0009477565
-0.00087069419
-0.00061655512
0.0011047097
-0.0010175401
-0.00071523407
0.0012857374
-0.0011870585
-0.00082704306
0.001495658
-0.001383849
0.0017409484
-0.0016164216
-0.00095156987
-2.7077991e-05
0.00016268006
-4.932694e-05
0.00019493965
-6.8894385e-05
0.00023408261
-9.3169126e-05
0.00028117896
-0.00012170937
0.00033331335
-0.00015500805
0.00039412885
-0.00019389728
0.00046509852
-0.00023928901
0.00054773511
-0.00029218228
0.0006436756
-0.00035375154
0.00075475879
-0.00042538639
0.00088309103
-0.00050878114
0.0010311512
-0.00060602146
0.0012019501
-0.0007195584
0.0013992744
-0.00085186396
0.0016279636
0.0018936879
-0.0010046035
-8.5026677e-06
0.00017118273
-2.1179562e-05
0.00020761654
-3.5831653e-05
0.0002487347
-5.3862293e-05
0.0002992096
-7.5390171e-05
0.00035484123
-0.00010091494
0.00041965363
-0.00013109981
0.00049528338
-0.00016671735
0.00058335266
-0.00020862645
0.0006855847
-0.00025780891
0.00080394126
-0.00031538371
0.00094066583
-0.00038265646
0.001098424
-0.00046118977
0.0012804834
-0.00055285517
0.0014909398
-0.00065970068
0.0017348091
0.0020177678
-0.0007837806
-3.7601107e-06
0.00017494284
-1.1782274e-05
0.00021563871
-2.0571188e-05
0.00025752362
-3.2042276e-05
0.00031068069
-4.6070719e-05
0.00036886967
-6.2959828e-05
0.00043654273
-8.3185797e-05
0.00051550935
-0.00010734907
0.00060751593
-0.00013610517
0.0007143408
-0.00017020132
0.00083803741
-0.00021046676
0.00098093127
-0.00025782802
0.0011457853
-0.0003133099
0.0013359653
-0.00037798233
0.0015556122
-0.00045269716
0.0018095239
0.0021016534
-0.00053658271
2.1573535e-07
0.00017472711
-4.1427328e-06
0.00021999718
-7.8704007e-06
0.00026125128
-1.3545104e-05
0.00031635539
-2.0776486e-05
0.00037610106
-2.9606586e-05
0.00044537283
-4.0250413e-05
0.00052615318
-5.3088497e-05
0.00062035401
-6.8501344e-05
0.00072975364
-8.6954031e-05
0.00085649009
-0.00010896626
0.0010029435
-0.00013511153
0.0011719305
-0.00016601049
0.0013668642
-0.00020229196
0.0015918937
-0.00024455658
0.0018517885
0.002152614
-0.00029551716
4.1697792e-06
0.00017055733
3.6466117e-06
0.00022052034
4.9315831e-06
0.00025996631
5.1660484e-06
0.00031612092
4.7691118e-06
0.00037649799
3.9683057e-06
0.00044617364
2.8760743e-06
0.00052724541
1.35873e-06
0.00062187136
-7.2814867e-07
0.00073184052
-3.5874642e-06
0.00085934941
-7.4094851e-06
0.0010067655
-1.2388124e-05
0.0011769092
-1.8719398e-05
0.0013731955
-2.6595145e-05
0.0015997694
-3.5986124e-05
0.0018611795
0.002163359
-4.6731195e-05
8.3508482e-06
0.00016220648
1.2161176e-05
0.00021671001
1.8460658e-05
0.00025366683
2.4940985e-05
0.0003096406
3.158362e-05
0.00036985536
3.8808279e-05
0.00043894898
4.7055851e-05
0.00051899784
5.6513773e-05
0.00061241344
6.7319527e-05
0.00072103477
7.9603349e-05
0.00084706559
9.3508567e-05
0.00099286031
0.0001092093
0.0011612084
0.00012695505
0.0013554497
0.00014708087
0.0015796436
0.0001701457
0.0018381147
0.0021379772
0.00019552756
1.2392374e-05
0.00014981411
2.0710983e-05
0.00020839141
3.172416e-05
0.00024265365
4.443029e-05
0.00029693447
5.8214791e-05
0.00035607086
7.3543835e-05
0.00042361994
9.1101486e-05
0.00050144019
0.00011142796
0.00059208696
0.00013493861
0.00069752412
0.00016205138
0.00081995282
0.00019321308
0.00096169861
0.00022894229
0.0011254792
0.00026987031
0.0013145217
0.00031671467
0.0015327992
0.00037029851
0.0017845308
0.0020776264
0.00043064926
1.6500192e-05
0.00013331391
2.9720362e-05
0.00019517124
4.5153522e-05
0.00022722049
6.3872758e-05
0.00027821523
8.4749234e-05
0.00033519438
0.00010811996
0.00040024921
0.0001347553
0.00047480485
0.00016552901
0.00056131326
0.00020118232
0.0006618708
0.000242449
0.00077868614
0.00029010206
0.00091404555
0.00034504031
0.001070541
0.00040838146
0.0012511806
0.00048153722
0.0014596435
0.00056633639
0.0016997317
0.001979307
0.00066465585
2.1465841e-05
0.00011184807
4.0285015e-05
0.00017635206
6.0187149e-05
0.00020731836
8.4671634e-05
0.00025373075
0.00011250156
0.00030736446
0.00014374049
0.00036901027
0.00017903997
0.00043950538
0.00021948424
0.00052086899
0.00026616212
0.00061519292
0.00032017833
0.00072466993
0.00038269001
0.00085153387
0.00045502171
0.00099820926
0.00053881878
0.0011673835
0.00063628273
0.0013621795
0.0007506411
0.0015853733
0.0018419472
0.00088800082
2.3687658e-05
8.8160415e-05
5.5013623e-05
0.0001450261
8.4281151e-05
0.00017805083
0.00011514784
0.00022286406
0.00014889002
0.00027362228
0.00018641186
0.00033148843
0.00022850733
0.00039740992
0.00027642463
0.00047295168
0.00033160161
0.00056001594
0.00039554975
0.0006607218
0.00046981144
0.00077727217
0.00055601894
0.00091200177
0.0006559667
0.0010674357
0.00077164654
0.0012464997
0.00090494746
0.0014520724
0.0016866706
0.0010602241
5.168542e-05
3.6474995e-05
9.5356004e-05
0.00010135551
0.00012446229
0.00014894455
0.00015413891
0.00019318744
0.00018716761
0.00024059358
0.0002244413
0.00029421473
0.00026666792
0.00035518329
0.00031475835
0.00042486125
0.00036968128
0.00050509302
0.00043233509
0.00059806798
0.00050346676
0.00070614051
0.00058364976
0.00083181876
0.00067330523
0.00097778027
0.00077273682
0.0011470681
0.00088138838
0.0013434208
0.0015683274
0.00099973157
1.1102219e-05
-0.00011120593
0.00010010371
3.6294276e-06
-0.00013709514
0.00014456793
-2.3780552e-05
-0.00016665697
0.00019406695
-5.3919247e-05
-0.0002001098
0.00023024849
-8.8891493e-05
-0.00023793073
0.00027290297
-0.00013006611
-0.00028180343
0.00032297805
-0.00017828785
-0.00033284386
0.0003810656
-0.0002344897
-0.00039210317
0.00044830502
-0.00029967891
-0.0004606659
0.00052585511
-0.00037475208
-0.00053971952
0.00061479269
-0.00046052148
-0.00063057404
0.00071634344
-0.00055769887
-0.00073470251
0.0008318799
-0.0006669528
-0.00085382484
0.00096307878
-0.00078930636
-0.00098996324
0.0011123168
-0.00092738542
-0.0011452691
0.0012833482
-0.001322683
0.0014836729
-0.0010883754
-1.5667684e-05
-9.553825e-05
-3.6110903e-05
-0.00011665192
-6.3014041e-05
-0.00013975384
-9.6662182e-05
-0.00016646166
-0.00013736991
-0.000197223
-0.0001861284
-0.00023304495
-0.00024417127
-0.00027480099
-0.00031295371
-0.00032332073
-0.00039413688
-0.00037948274
-0.00048961173
-0.00044424466
-0.00060152245
-0.00051866332
-0.00073229532
-0.00060392965
-0.00088469286
-0.0007014273
-0.0010618364
-0.00081281967
-0.0012668295
-0.00094027604
-0.0010869788
-0.0015025336
-1.9753511e-05
-7.5784739e-05
-4.5402899e-05
-9.1002534e-05
-7.6230455e-05
-0.00010892628
-0.00011322742
-0.00012946469
-0.00015739463
-0.00015305579
-0.00020996219
-0.00018047738
-0.0002723744
-0.00021238878
-0.00034629338
-0.00024940175
-0.00043360071
-0.00029217541
-0.00053641053
-0.00034143485
-0.00065709153
-0.00039798231
-0.00079830379
-0.00046271739
-0.00096305666
-0.00053667443
-0.0011548002
-0.00062107617
-0.001377784
-0.00071729224
-0.00082640988
-0.0016383529
-2.1348921e-05
-5.4435818e-05
-4.822368e-05
-6.4127775e-05
-8.0897531e-05
-7.625243e-05
-0.0001202583
-9.0103919e-05
-0.00016737357
-0.00010594052
-0.0002235262
-0.00012432475
-0.00029022627
-0.00014568871
-0.00036919804
-0.00017042999
-0.00046237703
-0.00019899641
-0.0005719115
-0.00023190037
-0.00070016796
-0.00026972585
-0.00084975205
-0.00031313331
-0.001023571
-0.00036285553
-0.0012249123
-0.00041973482
-0.0014570867
-0.00048511783
-0.00056186447
-0.0017216321
-2.265171e-05
-3.1784108e-05
-5.1950038e-05
-3.4829448e-05
-8.7040358e-05
-4.116211e-05
-0.00012889134
-4.8252935e-05
-0.0001787232
-5.610866e-05
-0.00023801158
-6.503637e-05
-0.00030844358
-7.525671e-05
-0.00039189731
-8.6976258e-05
-0.00049043786
-0.00010045586
-0.00060633375
-0.00011600449
-0.00074208631
-0.00013397329
-0.00090046499
-0.00015475463
-0.0010845298
-0.00017879068
-0.0012977867
-0.00020647801
-0.0015454694
-0.00023743509
-0.00026903375
-0.0018383001
-8.4845998e-06
0.00017121289
-0.00016272829
-2.113714e-05
0.00020768689
-0.00019503435
-3.5758469e-05
0.00024881082
-0.00023418949
-5.3755119e-05
0.00029929513
-0.00028129848
-7.5239077e-05
0.00035494967
-0.00033346571
-0.00010070708
0.00041980497
-0.00039433697
-0.00013081765
0.0004954911
-0.00046538053
-0.00016633608
0.00058362034
-0.00054810191
-0.00020811278
0.00068589238
-0.00064411567
-0.00025712179
0.00080422461
-0.0007552156
-0.00031448223
0.00094080222
-0.00088344178
-0.00038151978
0.0010982505
-0.001031213
-0.00045984236
0.0012798824
-0.0012015598
-0.00055135243
0.001489992
-0.0013984819
-0.00065796052
0.0017338649
-0.0016272568
0.0020169647
-0.001893939
-0.00078098616
-3.16556e-05
-1.285071e-07
-6.6355389e-05
-1.2965892e-07
-0.00010738817
-1.2932598e-07
-0.00015552258
-1.1852437e-07
-0.00021154074
-9.0500515e-08
-0.0002765376
-3.9513845e-08
-0.00035183324
3.8932068e-08
-0.00043895588
1.4638259e-07
-0.00053969128
2.7953717e-07
-0.00065612455
4.2878078e-07
-0.00079067544
5.7759971e-07
-0.00094613369
7.0362452e-07
-0.0011257038
7.7944109e-07
-0.0013329466
7.6475647e-07
-0.0015709571
5.7545272e-07
5.4963909e-08
-0.0018400458
-3.2003261e-05
3.1874754e-05
-6.7047587e-05
3.4914666e-05
-0.0001084293
4.1252388e-05
-0.00015691773
4.8369908e-05
-0.00021329708
5.6288851e-05
-0.00027865276
6.531616e-05
-0.00035428411
7.5670286e-05
-0.00044169039
8.7552662e-05
-0.00054262227
0.00010121142
-0.00065912608
0.00011693259
-0.00079358126
0.00013503278
-0.00094873346
0.00015585582
-0.0011277221
0.00017976811
-0.0013339949
0.00020703756
-0.0015706362
0.00023721668
0.00026842865
-0.0018390098
-2.2768356e-05
5.4643111e-05
-5.2222613e-05
6.4368923e-05
-8.7494149e-05
7.6523924e-05
-0.00012954326
9.0419015e-05
-0.00017957618
0.00010632177
-0.00023904776
0.00012478774
-0.00030961825
0.00014624078
-0.00039313279
0.0001710672
-0.00049161697
0.00019969559
-0.00060729179
0.00023260741
-0.00074259921
0.0002703402
-0.00090023456
0.00031349118
-0.0010831828
0.00036271638
-0.0012948886
0.00041874329
-0.0015402414
0.00048256947
0.00055610814
-0.0018279209
-2.1257035e-05
7.5900146e-05
-4.803445e-05
9.1146337e-05
-8.0608254e-05
0.00010909773
-0.00011984947
0.00012966023
-0.00016680398
0.00015327628
-0.00022273092
0.00018071469
-0.00028910982
0.00021261968
-0.00036762504
0.00024958243
-0.0004601626
0.00029223315
-0.00056881382
0.00034125862
-0.00069588842
0.00039741481
-0.00084395332
0.00046155608
-0.0010159383
0.00053470132
-0.0012153276
0.00061813263
-0.0014459829
0.00071322478
0.00082020112
-0.0017100759
-1.9600823e-05
9.5500968e-05
-4.5082703e-05
0.00011662822
-7.5722758e-05
0.00013973778
-0.00011249927
0.00016643674
-0.00015639395
0.00019717097
-0.00020861839
0.00023293912
-0.00027059601
0.00027459729
-0.00034396557
0.00032295199
-0.00043058741
0.000378855
-0.00053256773
0.00044323894
-0.00065230406
0.00051715114
-0.00079256231
0.00060181433
-0.00095657607
0.00069871508
-0.0011481745
0.00080973102
-0.0013726955
0.00093774578
0.0010892276
-0.0016417219
-1.5594726e-05
0.00011109569
-3.5951408e-05
0.0001369849
-6.2762022e-05
0.0001665484
-9.631256e-05
0.00019998728
-0.00013690567
0.00023776408
-0.00018552939
0.00028156285
-0.00024341994
0.00033248783
-0.00031204538
0.00039157743
-0.00039310039
0.00045991002
-0.00048854793
0.00053868648
-0.00060067027
0.00062927347
-0.00073213844
0.0007332825
-0.00088613827
0.00085271491
-0.0010665183
0.00099011101
-0.0012770574
0.0011482849
0.001329315
-0.0015171448
1.1194173e-05
9.9901522e-05
3.7698202e-06
0.00014440925
-2.3645649e-05
0.00019396387
-5.3793946e-05
0.00023013557
-8.8777357e-05
0.00027274749
-0.00012997738
0.00032276287
-0.0001782471
0.00038075756
-0.00023453433
0.00044786465
-0.00029987408
0.00052524977
-0.00037520653
0.00061401893
-0.00046140604
0.00071547298
-0.00055924995
0.00083112641
-0.0006693999
0.00096286487
-0.0007925383
0.0011132494
-0.00093007231
0.0012858189
0.0014858661
-0.0010866234
5.167278e-05
-8.8065318e-05
3.6392537e-05
9.5356726e-05
-0.00014493075
0.00010124681
0.00012447
-0.00017791975
0.00014880648
0.00015414141
-0.00022269292
0.00019302151
0.00018715762
-0.00027341255
0.00024039633
0.00022441113
-0.00033123314
0.00029397963
0.00026660907
-0.00039710197
0.00035490404
0.00031465953
-0.00047257948
0.00042452901
0.0003695264
-0.0005595621
0.00050469524
0.00043209955
-0.00066015861
0.00059758546
0.00050311164
-0.00077655505
0.00070554297
0.00058311134
-0.00091106009
0.0008310604
0.00067247352
-0.0010661536
0.0009767914
0.00077130876
-0.0012446702
0.0011458349
0.00087865386
-0.0014489478
0.0013416027
-0.0016826986
0.0015604897
0.0010008627
2.3702076e-05
-0.00011176739
5.5051487e-05
-0.00017628016
8.4336316e-05
-0.00020720458
0.00011522591
-0.00025358251
0.00014899845
-0.00030718508
0.00018656031
-0.000368795
0.00022870958
-0.00043925125
0.00027669779
-0.00052056769
0.00033196735
-0.00061483167
0.00039603564
-0.0007242269
0.0004704555
-0.00085097491
0.00055688632
-0.00099749092
0.00065720427
-0.0011664715
0.00077363698
-0.0013611029
0.00090888336
-0.0015841942
-0.0018426215
0.0010688063
2.148188e-05
-0.00013324927
4.0322197e-05
-0.00019512048
6.024303e-05
-0.00022712542
8.4756942e-05
-0.00027809642
0.00011262632
-0.00033505446
0.00014391579
-0.00040008446
0.00017928007
-0.00047461552
0.0002198049
-0.00056109252
0.00026657941
-0.00066160618
0.00032070493
-0.00077835241
0.00038332918
-0.00091359917
0.00045576118
-0.0010699229
0.00053962542
-0.0012503358
0.00063706803
-0.0014585455
0.00075110901
-0.0016982351
-0.0019779141
0.00088640169
1.6513237e-05
-0.00014976251
2.9751788e-05
-0.00020835903
4.5206747e-05
-0.00024258037
6.3958344e-05
-0.00029684802
8.4874679e-05
-0.0003559708
0.00010829504
-0.00042350483
0.00013499293
-0.00050131341
0.0001658431
-0.0005919427
0.00020158491
-0.00069734798
0.00024294462
-0.00081971212
0.00029068082
-0.00096133537
0.00034567451
-0.0011249166
0.00040903778
-0.0013136991
0.00048221304
-0.0015317207
0.00056719658
-0.0017832187
-0.0020768627
0.00066614514
1.2405125e-05
-0.00016216764
2.0741013e-05
-0.00021669492
3.177837e-05
-0.00025361773
4.4516655e-05
-0.0003095863
5.8338623e-05
-0.00036979277
7.3714291e-05
-0.0004388805
9.1329936e-05
-0.00051892905
0.00011172645
-0.00061233922
0.00013531528
-0.00072093681
0.00016250227
-0.00084689911
0.00019371461
-0.0009925477
0.00022944457
-0.0011606466
0.00027030135
-0.0013545558
0.00031699221
-0.0015784116
0.00037035855
-0.001836585
-0.0021365753
0.00043007115
8.3656547e-06
-0.00017053329
1.2194731e-05
-0.000220524
1.8521728e-05
-0.00025994473
2.5035094e-05
-0.00031609967
3.1715777e-05
-0.00037647345
3.8988614e-05
-0.00044615333
4.7295953e-05
-0.00052723639
5.6825619e-05
-0.00062186888
6.7711471e-05
-0.00073182267
8.0069814e-05
-0.00085925745
9.4028622e-05
-0.0010065065
0.0001097394
-0.0011763573
0.00012743802
-0.0013722544
0.000147474
-0.0015984476
0.00017048675
-0.0018595978
-0.0021618091
0.0001957205
4.187458e-06
-0.00017472075
3.6852634e-06
-0.0002200218
5.0009908e-06
-0.00026126045
5.2696091e-06
-0.00031636829
4.912957e-06
-0.0003761168
4.1635608e-06
-0.00044540394
3.1350418e-06
-0.00052620787
1.6956391e-06
-0.00062042948
-2.9776395e-07
-0.00072982926
-3.0566859e-06
-0.00085649853
-6.7897614e-06
-0.0010027734
-1.1706939e-05
-0.0011714402
-1.8010529e-05
-0.0013659509
-2.5867629e-05
-0.0015905905
-3.5179998e-05
-0.0018502854
-0.0021510373
-4.5951771e-05
2.3344496e-07
-0.00017495419
-4.1028365e-06
-0.00021568552
-7.7966996e-06
-0.00025756659
-1.3434782e-05
-0.00031073021
-2.0619879e-05
-0.0003689317
-2.9389843e-05
-0.00043663397
-3.9957725e-05
-0.00051563999
-5.2702371e-05
-0.00060768483
-6.8007575e-05
-0.00071452406
-8.6337447e-05
-0.00083816866
-0.00010821997
-0.00098089091
-0.0001342391
-0.001145421
-0.00016501922
-0.0013351707
-0.00020116142
-0.0015544483
-0.00024318692
-0.0018082599
-0.0021003992
-0.00029382505
-3.7413072e-06
-1.1739934e-05
-2.0495709e-05
-3.1930781e-05
-4.5912812e-05
-6.274181e-05
-8.2890703e-05
-0.00010695519
-0.00013558687
-0.00016953092
-0.00020961961
-0.00025679014
-0.00031207852
-0.00037653479
-0.00045092983
-0.00053436429
-2.702696e-05
-0.00013570133
-4.9242981e-05
-0.00017281833
-6.8790206e-05
-0.00021464226
-9.303958e-05
-0.00025704911
-0.00012154478
-0.00030496052
-0.00015479884
-0.00036108291
-0.00019362688
-0.00042655249
-0.00023892861
-0.00050280018
-0.00029168578
-0.0005913585
-0.00035305215
-0.00069384923
-0.00042440597
-0.00081208796
-0.00050747014
-0.00094814879
-0.00060444365
-0.0011045863
-0.0007179869
-0.0012849387
-0.00085082462
-0.001494419
-0.0017397765
-0.0010049872
-3.838401e-05
-9.7317316e-05
-6.6140423e-05
-0.00014506192
-8.8106249e-05
-0.00019267644
-0.00011533753
-0.00022981783
-0.00014684291
-0.00027345514
-0.00018291493
-0.00032501088
-0.00022409539
-0.00038537204
-0.00027093967
-0.0004559559
-0.00032404878
-0.00053824939
-0.00038414338
-0.00063375462
-0.00045207594
-0.0007441554
-0.0005288833
-0.00087134144
-0.00061587068
-0.0010175989
-0.0007147619
-0.0011860475
-0.00082724299
-0.0013819379
-0.0016155497
-0.00095146982
7.0492511e-05
-3.7177107e-05
-3.3315404e-05
0.00013504991
3.6729938e-05
-0.00010128734
0.00018920824
9.1843903e-05
-0.00014600223
0.00023902664
0.00013895205
-0.00018877045
0.00028584423
0.00018792222
-0.00023473981
0.00033148381
0.00024074444
-0.00028638402
0.0003776394
0.00029852429
-0.00034467989
0.00042609443
0.00036233791
-0.00041079294
0.00047886712
0.00043350036
-0.00048627305
0.00053812598
0.00051367823
-0.00057293709
0.00060600583
0.00060484169
-0.00067272154
0.00068449023
0.00070918305
-0.00078766745
0.00077537269
0.00082906398
-0.00091994644
0.00088036157
0.00096708297
-0.0010720718
0.0010011704
0.0011261566
-0.0012469654
0.0013090903
-0.0014486618
0.0011407419
3.4244367e-05
-7.1421474e-05
9.5383701e-05
-2.4409396e-05
0.0001518185
3.5409107e-05
0.00020513672
8.563383e-05
0.00025842675
0.00013463219
0.0003139115
0.0001852597
0.000373433
0.00023900279
0.00043881487
0.00029695604
0.00051209113
0.0003602241
0.00059567183
0.00043009753
0.00069243426
0.00050807925
0.00080576484
0.00059585247
0.00093958391
0.00069524491
0.0010984631
0.00080820377
0.0012879304
0.00093668927
0.0010819252
0.0015150956
-6.4315445e-06
-6.4989929e-05
2.6088584e-05
-5.6929524e-05
7.706625e-05
-1.5568558e-05
0.00012697695
3.5723128e-05
0.00018223965
7.9369486e-05
0.00024288881
0.00012461054
0.00030965651
0.00017223509
0.00038384028
0.00022277228
0.00046715892
0.00027690545
0.0005618368
0.00033541966
0.00067067985
0.0003992362
0.00079704944
0.00046948288
0.00094473769
0.00054755666
0.0011177446
0.00063519684
0.0013197758
0.00073465807
0.00084831178
0.0015533892
-1.4971528e-05
-5.0018401e-05
-2.2769884e-05
-4.9131169e-05
-2.7505046e-08
-3.8310937e-05
4.1896132e-05
-6.2005095e-06
9.2985853e-05
2.8279765e-05
0.00015087461
6.6721787e-05
0.00021878798
0.00010432171
0.00029754458
0.00014401568
0.00038808582
0.00018636421
0.00049214724
0.00023135824
0.00061230388
0.00027907956
0.00075179832
0.00032998844
0.0009143875
0.00038496748
0.00110421
0.00044537434
0.0013257872
0.00051308083
0.00058982427
0.0015842747
-1.4882345e-05
-3.5136056e-05
-3.4862291e-05
-2.9151223e-05
-4.8869762e-05
-2.4303466e-05
-3.827187e-05
-1.6798402e-05
-1.0436187e-05
4.4408215e-07
3.6308383e-05
1.9977216e-05
0.00010267416
3.7955935e-05
0.00018400373
6.2686109e-05
0.0002782708
9.2097137e-05
0.00038897806
0.00012065098
0.00051958075
0.00014847687
0.00067307222
0.00017649697
0.00085252649
0.00020551321
0.001061182
0.0002367188
0.0013022318
0.00027203107
0.00031451881
0.0015775372
-3.5181579e-05
4.5523226e-08
-6.4371829e-05
3.9027045e-08
-8.8697559e-05
2.2263482e-08
-0.00010549353
-2.4273672e-09
-0.00010501595
-3.3503146e-08
-8.496395e-05
-7.4782296e-08
-4.6888825e-05
-1.1919025e-07
1.5968823e-05
-1.7153934e-07
0.0001083208
-2.5484251e-07
0.00022932757
-3.5578458e-07
0.00037826406
-4.5962158e-07
0.00055534642
-5.8538542e-07
0.00076162246
-7.6282698e-07
0.00099939593
-1.0546671e-06
0.0012730486
-1.6215844e-06
-2.9745669e-06
0.001590542
-3.5129272e-05
3.5174795e-05
-6.427862e-05
2.9188375e-05
-8.8583827e-05
2.432747e-05
-0.00010538137
1.6795112e-05
-0.00010486664
-5.482265e-07
-8.4774455e-05
-2.016697e-05
-4.6641038e-05
-3.8252608e-05
1.6297245e-05
-6.3109822e-05
0.00010864721
-9.2604808e-05
0.00022953837
-0.00012124694
0.00037826182
-0.00014918308
0.00055500881
-0.00017733238
0.00076073614
-0.00020649015
0.00099748173
-0.00023780026
0.0012688455
-0.00027298538
-0.00031414652
0.0015800175
-1.4843148e-05
5.0017944e-05
-3.4770339e-05
4.9115565e-05
-4.8743871e-05
3.8301003e-05
-3.8078388e-05
6.1296286e-06
-1.0199412e-05
-2.8427203e-05
3.6537997e-05
-6.6904379e-05
0.00010282185
-0.00010453646
0.00018398389
-0.00014427187
0.00027804614
-0.00018666706
0.00038851856
-0.00023171936
0.00051886077
-0.00027952529
0.00067210132
-0.00033057293
0.00085141535
-0.00038580417
0.0010603283
-0.00044671323
0.0013029379
-0.00051559493
-0.00059507777
0.0015838691
-1.4950691e-05
6.4968635e-05
-2.2796814e-05
5.6961688e-05
-1.1755582e-07
1.5621744e-05
4.1734686e-05
-3.5722613e-05
9.268293e-05
-7.9375448e-05
0.00015040746
-0.00012462891
0.00021812541
-0.0001722544
0.00029663323
-0.00022277969
0.00038685456
-0.00027688839
0.00049049991
-0.00033536471
0.00061010111
-0.00039912649
0.00074882112
-0.00046929294
0.0009102584
-0.00054724146
0.001098206
-0.00063466082
0.0013163491
-0.00073373807
-0.00084577604
0.0015670474
-6.4412086e-06
7.1409843e-05
2.5978102e-05
2.4542378e-05
7.6878591e-05
-3.5278745e-05
0.00012666772
-8.5511738e-05
0.00018180428
-0.00013451201
0.00024230447
-0.0001851291
0.00030889525
-0.00023884518
0.00038286729
-0.00029675173
0.0004659293
-0.00035995041
0.00056029058
-0.00042972599
0.00066873295
-0.00050756886
0.00079457751
-0.0005951375
0.00094154593
-0.00069420987
0.0011135158
-0.00080663067
0.0013140578
-0.00093428013
-0.0010783372
0.001546619
3.4157058e-05
3.7252786e-05
9.5253838e-05
-3.6554402e-05
0.00015165277
-9.1677673e-05
0.00020492263
-0.0001387816
0.0002581468
-0.00018773618
0.00031354804
-0.00024053034
0.00037296926
-0.0002982664
0.00043823533
-0.0003620178
0.0005113814
-0.00043309648
0.00059481891
-0.0005131635
0.00069142913
-0.00060417908
0.00080461164
-0.00070832001
0.00093832378
-0.00082792201
0.0010972489
-0.00096555579
0.0012870022
-0.0011240334
-0.0013043965
0.0015130614
7.0485773e-05
-3.3232987e-05
0.00013510951
-0.00010117814
0.00018929763
-0.00014586579
0.00023912128
-0.00018860525
0.00028592887
-0.00023454378
0.00033154941
-0.00028615087
0.00037768636
-0.00034440335
0.00042613292
-0.00041046436
0.00047891686
-0.00048588042
0.00053821585
-0.00057246249
0.00060617483
-0.00067213806
0.0006847916
-0.00078693678
0.00077588416
-0.00091901457
0.00088122101
-0.0010708926
0.0010026693
-0.0012454817
-0.001448075
0.0011463479
2.2923474e-06
-2.7914423e-06
3.6854549e-06
4.119201e-06
3.5680861e-06
1.536126e-06
-2.7705906e-06
-1.0425156e-05
-2.2830591e-05
-4.1819464e-05
-6.968853e-05
-0.00010925631
-0.00016393154
-0.00023774061
-0.00033577069
-0.00046632624
2.2924153e-06
-2.7863983e-06
3.6829315e-06
4.1135976e-06
3.561429e-06
1.5285923e-06
-2.7778442e-06
-1.0428717e-05
-2.2822999e-05
-4.1784938e-05
-6.95969e-05
-0.00010905843
-0.00016357853
-0.00023730922
-0.00033589896
-0.00046777572
3.2282144e-06
-3.1595506e-06
6.1689106e-06
1.0585167e-05
1.6437723e-05
2.4266474e-05
3.476716e-05
4.8831817e-05
6.7646632e-05
9.2769598e-05
0.00012617451
0.00017029813
0.00022807496
0.00030301723
0.00039913816
0.00051155287
3.2277663e-06
-3.1595904e-06
6.1700768e-06
1.0587064e-05
1.6440832e-05
2.4271547e-05
3.4774957e-05
4.884327e-05
6.7663246e-05
9.2794141e-05
0.00012621311
0.00017036443
0.00022819826
0.00030319451
0.00039964989
0.00051931547
0.0013729878
-0.0033670395
0.0019940517
0.0084016138
-0.0087232101
0.0003215963
0.0012527549
-0.0032164525
0.0019636976
0.0084016138
-0.0021821846
0.00011383562
0.002068349
-0.0081756572
0.0050811628
0.0030944944
-0.0010939398
0.0043858194
-0.0032918796
0.0077734163
0.0029282635
-0.01070168
0.0080878438
0.0020016491
-0.010089493
0.0012688655
-0.0017351917
-0.0019516615
0.0014838858
0.0035054859
0.0064378359
-0.0099433218
-0.0036346525
-0.0038045449
0.0074391974
-0.0074853634
0.0034674555
0.0040179079
-0.0016827853
0.0040152514
-0.0023324661
0.0034744556
-4.4878448e-05
-0.0034295772
0.0073177274
-0.0076293519
0.00031162456
0.0006368106
0.0015756392
-0.0022124498
0.0013691067
-0.0017262878
0.00035718114
0.0062570397
-0.0023360827
-0.003920957
-0.00088864326
-0.0012935414
-0.0076829357
0.0040482832
-0.0094786967
0.0093892038
8.9492907e-05
0.00072138958
0.0085276626
-0.0092490522
7.6964451e-05
-0.0056832134
0.0056062489
0.0044545658
0.0013502883
-0.0058048541
-0.0039817682
-0.0059256341
0.0099074024
0.0063725862
-0.0021764247
-0.0041961615
0.0013329205
0.0063585599
-0.0076914804
-0.0022227916
0.00554222
-0.0033194284
0.0066790583
-0.0022244925
0.0020273504
-0.001441086
-0.00058626448
-0.00022197976
0.0083460279
-0.0081240481
0.0062176023
0.00013114814
-0.0063487505
0.0011050522
-0.006153566
0.0050485138
0.0086871463
-0.0073530383
-0.0013341079
0.0076764345
-0.0081054881
0.00042905357
-0.0047553268
0.0058603789
0.0055853468
-0.003215968
-0.0023693788
-0.0086749093
0.0017559051
0.0069190042
0.0031389792
-0.0044941546
0.0013551753
0.0099920969
-0.0043184223
-0.0056736746
0.0077734163
-0.0022516959
0.0055910437
-0.0033393478
0.0080878438
-0.00086741624
0.0037128317
-0.0028454155
-0.0018776394
0.006512931
-0.0046352916
-0.0098088175
0.004213255
0.0055955625
-0.0077734163
0.011692579
-0.0039191628
-0.0080878438
0.011796225
-0.0037083813
0.0030746486
-0.00028863555
-0.0027860131
-0.0038820366
0.0017348699
0.0021471667
0.001446933
-0.0026967547
0.0012498218
0.00099412775
0.0011322219
-0.0021263496
-0.0029346712
0.0056266827
-0.0026920115
0.00050758735
0.0054302559
-0.0059378432
0.00099171115
-0.0019022035
0.00091049235
-0.0054821658
0.0034697078
0.002012458
-0.010521303
0.0011405309
0.0093807724
0.0083671372
-0.0030400103
-0.0053271269
0.0077173634
0.00064977378
0.0055792446
0.0040717564
-0.009651001
0.0052246682
0.004342073
-0.0095667412
-0.0025052806
0.005043404
-0.0025381234
0.00094646066
-0.0040941315
0.0031476708
-0.0066686862
0.0068759355
-0.00020724931
0.0043620613
-0.0079130982
0.0035510368
0.0044891894
0.0017168213
-0.0062060107
-0.0009739564
0.0061485616
-0.0051746052
-0.0089965923
0.0071189529
-0.0024760202
0.006941317
-0.0044652968
0.0016356817
0.0018387739
-0.0048490588
0.0044412481
0.00040781072
0.0048209699
0.0062229874
-0.011043957
0.0087152663
-0.0080538411
-0.00066142526
0.00052130329
-0.0026767601
0.0047134636
-0.0020367035
0.006870677
-0.0033919419
-0.0034787351
0.0097314741
-0.0087685478
-0.00096292629
0.007755428
-0.0068762949
-0.00087913305
0.0026893434
-0.0038751276
0.0011857842
-0.0023509821
0.0010832469
0.0012677352
0.0014416077
-0.0036643993
-0.011843943
0.0083924291
0.0034515143
0.0022718163
0.0050459111
0.0023907354
-0.0090385518
0.0066478165
-0.0045139069
0.0076025884
-0.0030886815
-0.0010181616
-0.0059996883
0.0070178499
0.0028981542
-0.0023419081
-0.00055624609
0.00049412255
0.0082211438
0.0052974076
7.827948e-05
-0.005375687
-0.0076691141
0.0031390607
0.0045300534
0.00052511101
0.0036385306
-0.0041636416
0.0032207357
0.0023646112
0.004378626
0.0024550825
-0.0068337086
0.0045705427
-0.0017202627
-0.00285028
-0.0046700992
-0.005327464
0.0030726996
-0.0018199447
-0.00097547399
-0.0013914437
0.0023669177
-0.0028947572
0.0056407678
-0.0027460106
-0.0030354591
0.0078564289
-0.005661902
0.0074891229
-0.0018272209
-0.0058911823
-0.0017779318
-3.5874487e-05
0.007712309
0.0080775346
-0.0075161134
-0.00056142122
-0.0050864737
-0.0023988897
-0.011239042
0.0073930095
0.0038460324
-0.011812501
0.0085808824
0.0032316186
0.0057356418
-0.0026156559
-0.0031199859
0.0014599806
-0.0037116765
0.0022506656
-0.0051853369
4.879112e-05
0.0042150191
-0.0042638102
0.0031690522
-0.0041430086
-0.0015567896
0.0046957688
0.0019717032
0.0042853365
0.0065219455
0.0032095286
0.0038553254
-0.0038065343
0.0029540072
0.0071215446
-0.010075552
0.0098513867
-0.0056519715
-0.0041994152
-0.0021889304
0.0047845453
-0.0025956149
-5.2958693e-05
0.0014998917
0.0020659001
-0.0010717724
0.00095222982
0.0011330982
-0.0020853281
0.010840843
-0.011062823
0.0010791369
0.00027798091
-0.0013571178
0.00175914
-0.00018160276
-0.0074860689
0.008096445
-0.00061037609
-0.0021285039
0.0012907016
0.00083780232
0.0036538917
-0.0036212915
-3.2600268e-05
-0.0055956331
0.0051146177
0.00048101535
0.0019456855
-0.00095397437
-0.00047462363
0.0049370951
-0.0044624715
-0.0046343084
0.0085010192
-0.0038667109
0.003481645
0.0065104519
0.0077267795
-0.0033647182
0.0034572816
0.0022783602
-0.0035328701
0.0026654539
0.006368382
-0.0073865436
-0.0031969104
0.0022214364
0.0055332856
0.002544249
0.0053226577
-0.01082088
0.0054982225
0.0030252442
0.0015570682
-0.0014432326
-0.0030490524
0.0044220402
0.0077983929
-0.0077983929
-0.0022068838
-0.0013080802
0.0066054877
0.00098333819
-0.0036600983
-0.00038604507
0.0062659162
-0.0058798711
-0.004078402
0.0096576466
-0.0042603959
0.0094850642
0.0082428889
-0.0047604265
-0.0034824624
0.0043946568
0.0030329879
-0.0052219182
0.0057672625
-0.0075764699
0.0018092074
0.0059220656
-0.0058451011
0.00072366652
-0.00040784574
-0.0068682098
0.0072760555
0.0096175963
0.0016193193
-0.011236916
-0.0061606518
0.009114659
-0.0043169628
0.004747612
-0.0044364324
0.0048665036
-0.00040042144
0.0047790475
7.2494461e-05
0.003673333
-0.0037458274
-0.0057828923
-0.00021880902
0.0060017013
0.0034709624
-0.0081052708
-0.0088209863
0.0084349412
0.0060150815
0.0027196793
-0.0087347608
-0.00084622111
-0.003331951
0.0041781721
-0.0036310499
0.0071365358
-0.0059098957
0.0023508672
0.0035590285
0.0037773968
-0.0032522858
0.00115823
-0.0065601673
0.0054019373
0.0064055692
-0.0071409474
0.00073537818
0.0056508875
0.0025920014
-0.010099832
0.0053445055
0.0005192742
0.0072361538
0.0062203368
0.0048070562
-0.0087888244
-0.0011064846
0.0037958279
-0.0070291152
0.0055713353
0.0014577799
-0.0071207057
0.0062744846
0.0036820132
0.0048687237
-0.008550737
0.0068751534
6.6163541e-05
-0.0045179126
0.0056761426
-0.0020783902
-0.0049507251
-0.0011482451
-0.0022445329
0.003392778
0.0028225648
-0.0046461648
0.0018236
0.00092354307
0.0028884901
-0.0038120332
-0.0065345597
0.0017570559
0.0047775038
0.0010383072
0.0077773473
-0.0088156545
-0.0060139237
-0.0029101819
0.0089241056
0.0017363009
0.0046362853
-0.0028317027
0.00016877492
0.0026629278
-0.0063434529
-0.001285899
0.0079917145
-0.007270325
0.0070631215
-0.0006575523
-0.0055693142
-0.0029850751
0.0085543893
-0.0045583576
-0.0019853796
0.0065437372
-0.00079891877
0.0031538287
-0.00235491
-0.00033413846
0.0059054738
-0.0027961147
-0.0036486875
0.0064448022
0.0037842619
-0.00024102063
-0.0035432413
-0.0052866914
0.0047930907
0.00049360066
-0.006641718
0.0036754857
0.0029662324
-0.0059187259
0.0038403357
0.0038646045
-0.0076691495
0.0096175963
0.0011537762
0.0026180297
-0.0037718059
0.009306913
-0.0074581863
-0.0018487266
-0.0070368872
0.0075885144
-0.003099325
-0.0058926147
-0.0015934541
0.00034131267
-0.0056193906
0.0052780779
-0.0069591064
0.0079974136
0.0037325413
-0.0072718805
0.0035393393
0.0035633723
0.0048166425
-0.0083800148
-0.0044861598
0.0035569537
-0.0047051989
0.0032436101
-0.0037182337
-0.0077711777
-0.0034678643
0.0069618477
-0.00081328611
0.0072455604
-0.0059764341
-0.0012691263
0.0056642382
0.0046741567
-0.010338395
0.0014196432
-0.0046356113
3.8052092e-05
0.0028568989
-0.0028949509
-0.0027662524
0.0039200285
-0.0033187353
0.0089829735
-0.0092228665
0.0090434406
0.00017942581
-0.0011945878
0.0061316829
0.00021300992
-0.0030447126
0.00249522
-0.0025837458
8.8525819e-05
0.0018879727
-0.0089548536
0.0070668809
-0.0030747403
-0.00027150481
0.0033462451
-0.00082790285
-0.0047150433
0.0055429461
0.0046677789
0.0022073746
0.0016182927
0.0070611563
-0.008679449
-0.0041342334
0.0018897005
0.0067261227
0.0015639543
-0.0082900771
0.00019247694
0.0075848703
0.0037286466
0.0029504117
0.010140564
-0.0018818298
-0.0082587343
-0.0039545188
-0.00089454004
-0.0077794747
0.0026007354
0.0051787393
0.00075800673
-0.0038968866
0.0031388798
-0.0054863598
0.005421455
6.4904774e-05
-0.001373525
0.0075911273
0.0077390092
-0.011559377
0.0038203681
0.0041847589
0.0021194762
-0.0063042351
-0.0029860192
-0.00031588134
0.0033019005
-0.0008465116
-0.0024036558
0.0032501674
0.002913913
0.00050339135
0.0088035216
-0.0032310153
0.0069635566
0.0024212166
-0.00105211
0.0070141602
0.0018028083
-0.0088169685
0.003092204
-0.0030197095
-0.0054101474
0.0026140327
0.0097863597
-0.00078411831
0.008291822
-0.0075077037
0.00075211323
-0.0081051516
-0.0099394822
0.0056023312
0.0043371509
0.0092382249
-0.002694539
-0.0048819309
-0.0072046679
-0.0014702413
-0.0053029896
0.0070198109
-0.0036944914
-0.0044811658
0.0077377263
-0.0064048058
-0.0075736762
0.0083971566
-0.00082348046
-0.0055911644
0.0059027889
-0.002599844
-0.0026868474
0.00077811285
0.0064674476
-0.00017798174
-0.0054176513
-0.0035225862
-0.0023873095
-0.001187844
0.0079866456
-0.0067988015
-0.003205795
0.0039638018
-0.0059378981
0.006166394
-0.00022849587
4.8864075e-05
-0.0077033067
0.0076544426
0.0073387047
-0.00064655593
-0.0066921487
0.0032728229
-0.0035139018
0.00024107891
0.0064438121
-0.0073222734
0.00087846134
0.00055335513
0.0061088255
-0.0066621806
0.0047826134
-0.0041203018
-0.00066231153
-0.0033865844
0.002232235
0.0011543494
0.0014221076
-0.0023107509
-3.4155182e-05
-0.0059797685
-0.00066051871
-0.0060081675
-0.0081666001
0.0079716204
-0.0079227563
-0.0038498986
-0.0016322672
-0.0042282172
0.0019123775
0.0023158397
0.00477897
-0.0041522113
-0.00062675861
0.0015459917
-0.0076963717
0.00615038
6.6820268e-07
0.0024945518
-0.0028871069
-0.00018763344
0.0048608766
-0.00019309774
-0.0045173687
-0.0063035114
0.0058704075
-0.0014291594
0.0021176328
-0.010840843
0.0087232101
0.0067594585
-0.0037563019
-0.0030031566
-0.00077154035
-0.0046897374
0.0054612778
-0.0042846128
0.0021081881
-0.0041122212
0.0034910349
0.0006211863
-0.0022413593
8.2068843e-05
0.0021592905
-0.0028482702
-0.00013774894
0.0044613649
0.0014090426
-0.00069756382
-0.0050853285
0.005259288
0.00027399764
-0.0031719736
-0.0039916393
0.0071636129
0.0023216399
0.00071265464
-0.0030342946
-0.0070345325
0.0088331051
-0.0017985726
0.006417396
-0.0032783353
0.010781595
-0.0070598533
-0.0037217418
-0.0057051688
-0.0074932273
0.0045830454
-0.0059772994
0.001616886
0.0043604134
-0.0056584784
0.0062118336
0.00098909438
-0.0032304537
-0.0035591877
-0.002975372
0.003676636
-0.0028797422
-0.00079689385
0.0057224387
-0.0059004205
-0.0068940754
0.008440067
-0.0011220127
0.0078015886
-0.0066795759
-0.0075361784
0.0024498958
0.0050862826
-0.0053412192
0.0054098051
-6.8585934e-05
0.003562171
-0.0027907949
-0.00077137611
0.0082349528
-0.0040501939
0.0058179889
0.00059940711
0.0040207719
0.0054322731
-0.0094530451
-0.00087334202
-0.0013958626
0.0022692046
-0.0027301277
0.0037986959
-0.0010685682
-0.0022598907
0.00035768715
-0.011881829
0.0073956688
0.0020352345
-0.0066668316
0.0046315971
-0.00030189156
-0.0034651708
0.0037670623
0.0033561231
-0.0042795885
0.00092346531
0.0064420958
0.0011757211
-0.0076178169
-0.0084005732
0.002112206
0.0062883672
-0.005751371
9.2892532e-05
0.0028961016
0.00066606947
-0.0078523723
-0.0013704941
0.0012336157
0.0038475471
0.0030836974
-0.0022377034
-0.00084599398
0.0036387852
0.0066257397
-0.010264525
0.0064887373
0.0008499674
0.0029660303
0.00071060572
0.0027889521
0.0039705064
-0.0037871543
0.0014510716
0.0078340475
0.0023065165
-0.00827194
0.0021112881
-0.002981478
0.0015900344
0.0059004067
-0.0027589481
-0.0031414586
-0.0042826293
0.0056162411
-0.0036169926
-0.0019992484
0.0041238632
0.00065875017
-0.0062299919
0.0083476247
0.0057595859
-0.0029370211
0.0022198788
-0.0086022712
0.0069957733
0.0016064978
-0.006246495
0.0046971973
0.0015492977
0.0038418263
-0.0043296584
0.00048783205
-0.00084371188
0.0072815478
-0.0011287723
-0.0049111929
0.002444819
0.0024663738
0.0053220173
0.00033667608
-0.0063139755
-0.0055767672
0.0033359407
0.0022408266
-0.0006119669
-0.0069617093
-0.0019098956
-0.0057730401
0.0042139547
0.00056501528
0.0042932301
-0.0022314653
-0.0020617648
-0.0022348887
0.0030733424
-0.00083845365
-0.0017376795
-0.00052221118
-0.0087372807
0.0016454632
0.0070918175
-0.0032734911
-0.002973004
0.0037253143
-0.0026872206
-0.0010380937
-0.00091274181
0.0043700234
0.0044026612
-0.0022407638
-0.0021618974
0.0057217665
-0.0029995659
-0.0027222006
0.0054319624
0.0036114782
-0.0049096346
0.0069523118
-0.0020426771
-0.0067061335
0.00080571305
-0.00064872699
-0.0020814007
-0.0010610163
0.004281752
-0.0078651867
0.0046372299
0.0097419719
-0.0057212
0.0063563942
0.005068972
-0.0039864009
-0.001082571
0.0068250553
0.00076496106
-0.0075900164
0.0022842007
0.005170112
-0.0040605293
-0.0011095827
0.007379275
-0.0075876564
0.00020838139
0.0028878765
0.00283389
0.0059420044
0.0065019705
-0.0039013793
-0.0026005912
-0.0018690652
0.0058935753
-0.0040245102
-0.0017848926
-0.002097144
0.0056805081
0.0051010871
-0.0015536213
0.0085677815
0.0013130706
0.0010540573
-0.0023671278
-0.0014255063
0.0075343318
-1.1783891e-05
-0.0035028549
0.0035146388
-0.0057202574
0.0035850907
0.0021351667
-0.0023082209
0.010268817
-0.00083076964
-0.0094380478
-0.0041279242
0.0057462169
0.0063666493
0.0013723599
-0.0015840253
-0.0059092021
-0.0057490649
-0.0080755771
-0.0034838002
-0.0069958585
-0.0068810205
-0.00082228621
-0.0030076541
-0.0038605557
0.0024817561
-0.010485753
0.0080039967
0.0021389076
-0.010584387
0.0084454792
-0.0067568864
0.010395672
-0.0054829015
0.0070468558
-0.0018298441
0.0034598334
0.001695262
-0.0051550954
0.0065677902
-6.5819671e-05
-0.0040776152
-0.0060600279
0.010137643
-0.010874404
0.0041857383
0.0066886659
0.0019032878
-0.0078411859
-0.0061670065
0.00227012
0.0054371884
-0.0050105211
-0.0004266673
0.0085041842
-0.0016791289
0.0084549077
0.00054271279
-0.0089976205
0.0088152115
-0.0066763039
-0.0062555246
0.0018705445
0.0068268919
-0.0086974364
0.0030299421
0.0035333539
-0.0065632959
-0.00068046612
0.0024396061
-0.0079842581
0.0023648675
-0.0034847253
0.0093027142
0.0049482047
-0.00040436888
-0.0045438358
0.0049237517
-0.00042285503
-0.0045008967
-0.00059043362
0.0099082317
-0.0093177981
0.0036326431
0.0019940396
-0.0031647139
0.0019715072
0.0011932067
0.0028057991
0.005703747
0.0032203586
0.0080712435
0.00052463678
0.0068546382
-0.0067905652
-0.0031489169
-0.010003249
-0.0050499465
-0.0068318821
0.0061724042
-0.0055729971
-0.0038036794
0.00055010306
0.0032535764
-0.0075797908
0.006736079
0.0022088952
-0.0058434195
0.0036345243
-0.0029344912
0.0045513772
-0.00092172181
-0.00022771368
0.0011494355
0.0078513507
0.0035114875
-0.011362838
0.0093437032
-0.0039787577
-0.0053649455
-0.0061436798
-0.0065126303
-0.0055110206
0.002105413
0.0034056076
0.0071527687
-0.0026914038
-0.0058929798
0.0081647961
-0.0074942977
0.0029359401
-0.0062751322
-0.00026397128
0.0065391035
0.0033447737
0.0051828889
-0.0046016098
-0.0012524416
-0.0017212511
0.0029736927
0.0072224258
-0.0040336677
-0.0031887582
-0.0021348269
0.0019532241
-0.0028918599
0.0074749053
0.0055314576
-0.0019316692
-0.0035997884
0.00046118406
0.0075031125
-0.0079642965
-0.0069936329
9.2682539e-05
0.0069009503
0.00033315619
-0.0092496378
0.0074175133
0.0018321245
0.0097009748
-0.0089360137
-0.00076976033
0.0025046302
0.0017943901
0.004649422
0.0015517327
-0.0085862651
-1.9417539e-05
0.006470901
-0.0059633137
-0.0043939398
-0.0043792704
-0.0027414353
0.0048799084
0.0075637938
-0.0062135055
0.00067016957
-0.0047306141
0.0040604445
-0.0048615625
0.0082063362
-0.0019930507
0.0054125948
-0.0034195441
-0.0016756001
-0.0017109843
-0.010596738
0.0095425282
0.0010542095
0.00049464708
0.0054162157
-0.0059108628
0.00054302803
0.0049642851
0.0015633634
-0.0015959636
-0.0073459125
-0.00045557948
0.0047443716
-0.0042887921
-0.008570297
0.00099050615
0.001916648
0.0058007154
0.0041423545
-0.004597934
0.0074113449
0.0033809566
-0.010792301
-0.00093017295
-0.0012271647
0.0021573376
0.0014852437
0.0073299678
-0.0063387949
-0.0070096953
0.0075043424
-0.0040359945
-0.00028096831
0.0061144273
3.2005124e-05
-0.0061464324
-0.0049436858
-0.0056530519
-0.0017456743
-0.0024825429
0.0028574885
0.0046783339
-0.0075358224
0.006781426
-0.0071536937
0.00037226769
0.0083937944
-0.0091000382
0.0023022224
-0.0041763164
-0.00026011603
-0.0077228045
0.0065349605
-0.00074005001
-0.0026550098
0.0033950599
-0.0029379244
0.008720098
-0.0057821736
-0.0073616651
0.0030404263
-0.0022528889
-0.0047676707
0.0070205596
-0.0014323316
0.0081155669
-0.0066832353
-0.0020702525
0.0054814509
-0.0034111984
0.0075632316
0.0027055858
-0.0031056753
0.0028646546
-0.0060091907
0.0024016539
0.0004965003
-0.0014564548
0.005504738
-0.006009054
0.0024717167
-0.0048136248
-0.0022486099
-0.0043931081
-0.0073564756
0.0017871614
-0.0022504497
0.0022198606
-0.0069350462
-0.0022356219
0.0030731206
0.0016744914
-0.0039623223
0.0076443356
-0.0037237973
-0.0065003223
-0.001087334
-0.0037622028
-0.0013587703
0.0023110001
0.0087680287
-0.0041631303
-0.0017555956
-0.0060195703
-0.000540597
0.0063723083
-0.0021550588
-0.0042172495
0.0034187001
0.0034572354
-0.00056932533
-0.005321857
0.0060532271
0.0042144906
-0.010267718
-0.0029140071
0.0067718431
-0.003857836
0.0049053951
-0.0028165525
-0.0020888426
0.0058443558
-0.00079844471
-0.0062942683
0.004868762
0.0029952814
0.0018712222
0.0055855397
-5.4082096e-05
-0.0011731397
0.0014511206
-0.0046104225
0.00063381905
0.0047041972
-0.0053380162
0.00011756188
0.0047296244
-0.005031516
0.0099399179
-0.003158492
-0.0024197495
-0.001674382
0.0040558968
-0.0025845882
-0.0014713087
0.0016043655
0.0040118756
-0.0081181208
0.0001728049
0.0079453159
0.0087339946
-0.004611792
-0.0041222026
-0.0048579955
0.0017380096
0.0048797838
-0.0027450418
-0.002134742
0.00011388978
0.0036943429
-0.0038082327
0.0020215461
-0.0031340187
-0.0001102661
0.0039655915
0.0027478865
0.0023701909
0.0036439574
-0.0060141484
-0.0063196513
0.0018057444
0.0034962776
0.0021444902
-0.0027552695
0.0026450034
0.0054143452
-0.0085863188
0.00048864954
0.0023492123
-0.0028378618
-0.0042127819
0.008247934
-0.004035152
-0.0014936318
0.002345651
0.0022248917
-0.0042852984
0.0071427869
-0.0061975095
0.0087417585
0.0061294791
-0.0037592881
-0.0026492063
-0.0030710511
0.00029767845
0.0039173406
0.00062868276
0.00070513172
-0.0013338145
-0.0032076942
0.0002640468
0.0029436474
-0.0063186688
0.004184037
0.0021346318
0.0010229177
0.0066315249
-0.0025128792
0.0016395372
0.0017656614
-0.0032665727
0.0015009113
-0.009679104
0.0063603687
-0.0032826395
0.0052283021
-0.0071381977
0.0039795588
0.0032428671
0.0099421065
-0.0096089503
-0.00035968272
0.0025919178
-0.0012605921
-0.0011011062
0.0023616983
-0.0049840052
0.00026896195
0.0012701904
-0.002841529
0.0027261128
0.0052455076
0.0026591086
-0.002170459
0.0023045121
0.0043803672
0.0056196328
-0.0054653992
-0.004533986
0.002925328
-0.0032850107
0.0055409006
0.0024253847
-0.0020876723
-0.00033771244
-0.0099333425
0.0036778179
-0.0038801681
0.0030336565
0.0065188948
-0.0056158947
-0.00090300013
0.0027601389
-0.00069178985
0.0099893108
-0.005288186
-0.0047011248
0.0041947512
0.0006851572
-0.00036077108
0.0025079378
0.0016644112
-0.0043384717
0.0090126285
0.0053419547
-0.0079240116
0.002582057
-0.00097334138
-0.0010618466
-0.00063262386
0.0016944705
-0.0012128598
-0.0019518541
0.0046707926
-0.0046825765
-0.0014333917
-0.0062522058
0.0067949185
-0.0018952437
0.0004613913
0.0014338524
0.0042261809
0.00073810418
0.0091018655
-0.0059030375
-0.003198828
0.0070062853
-0.0043178282
-0.0026884571
0.0076141772
0.0075358291
0.0017165156
-0.0056178949
-0.0033349391
0.0022284545
0.0078513507
0.0034668288
-0.00071194743
-0.0027548814
-0.0029856109
-0.0013810393
-0.0028109992
0.0041920385
-0.00018582719
0.0037709178
0.011062823
-0.0091922782
0.0084721856
-0.0019592546
0.0011431922
-0.0011749468
0.0021640412
0.001754311
0.00093366684
-0.0026879778
-0.0042720907
0.00699177
-0.0032578426
-0.0064212614
-0.0062239128
-0.0011325627
0.0055292008
0.0032047938
-0.0065484319
0.0055255371
0.0010228948
0.0027112588
-0.0030720299
0.0012090001
0.0062801228
0.0049535912
-0.010412639
0.0054590482
-0.0027960812
0.0052511637
0.011338194
-0.0016372193
0.0038121551
-0.00091605351
0.0069509
0.00046661327
0.00025632742
0.0051739284
-0.0086297501
0.0080177832
-0.0075843656
0.0016913858
0.0041855907
-0.0032620476
0.0011559865
-0.0024883492
0.00090733783
0.0015810113
0.001293375
-0.0014533945
0.00016001945
-0.0021748184
0.007162546
-0.0049877276
0.0033304977
0.0018660116
0.00099051114
-0.0028565227
0.0021746182
-0.0021346026
-4.0015531e-05
-0.0057876484
-0.0026129249
-0.0032141908
-0.0016970021
-0.0020723279
-0.0018027997
-0.0016950001
-1.5075815e-05
0.0011382977
0.0021345251
-0.00035308358
0.008999795
-0.0086467114
0.0039090875
-0.00094305714
0.0027296983
-0.00078703177
-0.0019426665
-0.0018377464
-5.7497347e-05
-0.0027427804
0.0043144333
0.0013893137
0.0016575661
-0.0010288834
-0.0021401606
0.0074524929
-0.0053123323
0.0017421342
0.00047930216
-0.0056311149
0.0014679846
-0.0005794238
0.0023450852
0.0023875475
-0.0014402676
-0.00094727994
0.0035003615
-0.0040347258
0.0066657171
-0.0023512838
0.0032927113
0.00043260303
-0.0063658338
0.0052438211
0.0033898593
-0.003926442
0.0013281291
0.0021386998
0.0067896221
-0.0048554506
0.00016571323
-0.00032791814
-0.0030660177
0.0058244189
-0.0027584012
0.00041178833
-0.0061848284
-0.0075523957
0.0022553657
0.00529703
-0.0019012927
-0.0021768678
0.0040781605
-0.0029375692
-0.0068054904
0.0062150568
0.0050856009
-0.0097557001
-0.0071820284
-0.00016388404
0.0062613986
-0.0080599712
0.0051395431
0.0011722673
0.0021204441
0.0074113449
-0.0020906817
0.00322378
-0.0037110024
-0.0033506934
0.0070616958
-0.0019808111
0.0010506382
0.0021481792
0.0029207927
0.0042281606
0.0033603538
-0.0049885094
0.0022093973
0.0029607147
0.0050537901
-0.00086644654
-0.0057378365
0.0066042831
0.0043463615
-0.0096738255
-3.1973184e-05
-0.0040016945
-8.2064168e-06
0.0013548223
0.00081979586
0.0098313469
-0.0024953561
-0.0073359909
-0.0070255382
0.001087695
0.00073880515
-0.0054161739
0.0046773688
0.007956612
-0.0080575536
0.00010094157
-0.001721857
0.0045276562
0.0029633801
0.00075094784
0.0024084882
-0.0024329162
0.0026016911
0.0034228313
-0.0076356132
0.0049635751
-0.0027129095
-0.0020849986
0.0074993438
-0.0067057313
0.0018254321
0.0044490524
-0.0086042188
0.0071718872
-0.0053096355
-0.0036869568
-0.0025218531
0.0059816865
0.0070861527
0.0028537652
-0.00080028135
0.0020313213
-0.00123104
-0.00087418522
-0.0046775943
0.0055517795
-0.0048148702
-0.010014729
0.0010364839
0.0023991953
-0.0034356792
0.0068759745
-0.001092534
-0.005455898
0.0047757663
-0.006953829
0.00064467191
0.00068090341
-0.0013255753
0.00064264312
-0.0051864789
0.00067047455
-0.0051713712
0.0017647863
0.0041356205
0.0026270149
0.0024062803
-0.0031175087
0.00071122835
0.0040422942
-0.0070273693
0.0027261817
-0.0094024856
0.0082553825
-0.0010880941
0.0058186328
-0.0047305387
0.00081197737
0.0053175017
-0.00071584109
0.0023515227
-0.0032997039
0.0034135936
0.0024369152
0.0084867771
-0.0018322515
-0.0066545256
0.0010137306
0.0024999603
-0.0035136909
-0.0013669622
0.0044073885
0.0048280076
-0.0075145861
0.00063829119
0.0073737978
0.0010199966
0.0072450432
0.0027549568
-0.0011552329
-0.0067675235
0.0032865633
0.0033791538
-0.0028434325
0.0028613804
-1.794793e-05
-0.0095110703
0.0056578148
0.0038532555
0.0076873281
-0.00049883812
-0.0030349546
0.0035337927
0.0066941559
-0.0016194899
-0.00022055591
0.0032882035
-0.0027998675
-0.00048833602
-0.0035580827
-0.00049886148
0.0092406199
0.0052401782
0.004103525
-0.0059055639
0.0018897692
0.0040157948
-0.0069674754
0.0087468219
-0.0024854233
-0.00061875213
-0.008010998
0.0057472785
-0.0060751966
0.0069403136
-0.0051531522
-0.00096870745
0.0043531593
-0.0033844518
-0.00075888203
-0.0045441076
0.0080769385
-0.0027212171
-0.0053557214
-0.009562812
0.0092990269
0.00026378507
0.010770989
-0.0053387157
0.00085791244
-0.0039919311
0.0078015886
0.0055911857
0.0042401612
-0.0017391733
0.0061094054
0.00054092976
-0.0066503351
-0.002502862
-0.0070082083
0.0026520318
-0.0053012381
0.0035043326
-0.0065930141
0.010241408
-0.0067597633
0.0011777328
-0.0039366809
-0.0011492418
0.0047095266
-0.0035602848
0.0067446557
-0.01124202
0.0057766213
-0.0088870582
0.0067122398
-0.0044309402
0.0039321021
0.00059410284
0.0059247919
0.004738698
0.00069849043
0.0040231568
-0.0049404639
0.00091730712
0.0018622085
0.0083924291
0.0047037019
-0.0078646464
0.0032528544
0.0044928278
0.00055057623
-0.0091278667
0.0069877061
0.0089635896
-0.001672007
-0.0072915826
-0.0033691354
0.0060274077
-0.0026582723
0.0079177033
0.00068825106
-0.0086059544
-0.0076439076
-0.0035981129
-0.00026053843
0.0053916501
-0.0051311117
0.0020885441
-0.0051545618
0.0014506668
0.0024875747
-0.0018537557
-0.0093378504
0.00253236
-0.0028612701
8.3535216e-05
0.0027777349
-0.0048883512
0.0072532187
0.0022034663
0.0085211746
0.0046599444
-0.0044865151
0.0047379321
0.0023527785
0.0042150116
0.0014707626
-0.0029529965
0.0014822339
-0.0068552783
-0.0052304282
-0.00037426074
-0.0051913304
-0.0048233985
0.0082511628
-0.0068618491
0.003694568
-0.0025223007
8.8842017e-05
0.0071562012
0.006131945
-0.002888335
0.0054972251
-0.0052408977
0.0019802146
0.0059763974
0.0057520928
-0.0029331841
-0.0028189087
-0.0045282296
0.0010448545
0.003483375
-0.0023727443
0.0034724231
-0.0010996788
-0.0031085517
0.0067525091
-0.0086364862
0.00608396
0.0025525262
-0.0029025921
0.0017276453
-0.0034327556
-0.0056057962
0.0020730525
-0.0014362419
0.0068278235
-0.00045551517
0.004578646
0.0027513218
0.0042418483
-0.012178971
0.007937123
-0.002478333
0.0055057951
0.0027421389
-0.003731164
0.00052536891
-0.00302734
0.0058162921
0.00090044424
0.0047573705
0.0061514564
-0.0051285386
-0.0060727287
0.0028928312
0.0024791091
0.001333046
0.0085808824
-0.00049700243
0.0053612136
-0.0092190495
0.003689297
0.0032689454
-0.00041204651
0.0019676078
0.0027866446
-0.0047542525
-0.00014970913
0.0064916299
-0.00074360257
0.0022143652
-0.0067706402
0.0037433002
0.0053308795
-0.0073162591
-0.008512403
0.0066801515
0.0025529795
0.0013561079
-0.0029020331
0.0012825431
0.0026356942
-0.0046287449
0.0036038559
0.0033579918
-0.0040096695
0.0071226625
-0.0031129929
-7.0847562e-05
-0.0030711461
0.0006984018
-0.0012168475
-0.0020528592
0.0032697067
0.0040017208
0.0041630753
0.0057308764
0.0042671159
-0.0051413011
0.0033771766
0.0061665803
-0.00028148894
-0.0058850914
0.0062267481
-0.010348951
0.0034596041
0.0011056286
0.0037740822
-0.00048587873
0.0017010965
-0.005710766
-0.0084013772
0.0087725913
-0.00037121407
0.0068163541
0.0027564293
-0.00071166028
0.0036303935
-0.0029187332
-0.00086256606
0.0087802694
-0.0065116229
-0.00044912585
-0.0047171954
0.0051663213
0.0012767846
0.005794452
-0.0046985916
0.00043478137
0.0049235388
-0.0042533692
0.0020526696
0.0021926841
0.0039167213
-0.0051120353
0.0015894491
0.0025974991
-0.0046677516
0.0018979487
0.0019007471
-0.0034150276
-0.0022008671
-0.0005958648
0.0052702309
-0.0028164786
-0.0024537524
0.0036062555
-0.005993565
-0.00054979091
0.0050426187
0.0016078071
0.0053111971
-0.0015782591
-0.0078663693
0.0069999228
0.002906655
0.0058173238
0.0031798102
-0.008997134
-0.0051974781
-0.0016147407
0.0068122188
-0.0089350707
0.0072630637
0.00086353019
-0.0022223004
-0.0072167595
0.0067676336
0.0073555293
-0.0028254759
-0.0026170339
-0.002568303
0.0032639204
0.0089569011
-0.0055340698
0.0026736733
-0.0053948904
0.0065548625
-0.0037931215
-0.00053653685
0.0022463285
-0.0016354972
-0.0012665359
0.002722887
0.0030292058
-0.003641297
-0.004929
-0.00037914633
-0.0055134684
-0.0063710058
0.0068321899
0.0020625368
-0.0019510268
0.0039184928
-0.0019674659
-0.0034692813
0.00088469311
0.0013406171
0.0030318588
-0.004372476
-0.0054568188
-0.00038660069
0.0025625161
-0.0057767069
-0.0010642054
-0.0021662483
-0.0037467276
0.0012400278
0.0025066998
-0.0078983961
0.0042570992
-0.0046877026
-1.0888997e-05
0.0062204456
0.0028160907
-0.0037847982
-0.0032360688
0.0033849903
-0.00093304188
-0.0024519484
-0.008427196
0.00073918937
-0.0058245179
-0.0053478773
0.0085526711
-0.0016549957
0.0077082228
0.0030884295
0.0013336107
-0.00023850638
0.0046879181
-0.0044494118
-0.0044075204
0.0015561976
-0.003245751
0.00014437076
-0.0021177778
0.0019734071
0.0010502833
-0.0021144887
0.0061757161
-0.0020443918
-0.0038611721
0.0075512347
-0.0078117731
0.0032896307
-0.0052213
-0.0062419285
0.0028727931
0.011029846
-0.0039108932
0.0045950809
0.0039593084
0.00060578808
0.0017547663
-0.00086913306
0.0025086702
-0.0024024636
0.0031130693
-1.4110027e-05
0.0017894879
-0.0017753779
-0.009562812
-0.0033427897
0.00094032613
-0.0031558547
0.0010014942
0.0021543605
0.0027876711
0.00091007584
0.0017842906
-0.0048055998
0.0093656666
-0.0045600668
0.0048351341
0.00030280559
-0.0066416005
0.008448013
-0.0086865194
-0.0056406773
0.00045897949
0.0051816978
-0.0036791766
-0.0018975906
0.0040875532
0.007099156
0.002900844
-0.0072578289
0.0045163936
0.0026057048
-0.0020556018
-0.002006239
0.0025152644
-0.00050902543
-0.00082043653
-0.0017486659
0.0025691025
-0.0068702822
0.00010621396
0.0067640682
-0.0036097382
0.0017084455
-0.0023707343
0.0030368038
0.010521971
-0.00080364707
0.0026629358
-0.0018592887
0.0012734229
0.001686029
-0.0064916287
-0.0042731156
0.0057411002
-0.00081318214
-0.0061023273
-0.0024528233
0.0050885175
0.0030841676
0.003870804
-0.00035558988
0.002613435
-0.0022578451
0.0022768629
-0.001366787
0.0070660099
0.0031753984
-0.0042621635
0.0086425307
0.0034339524
-0.0047420326
-0.0038978723
0.0043788877
0.00091899948
-0.0065596768
-0.0063177385
0.0050318394
-0.0057934322
-0.0026337638
-0.0022982564
-0.0038404669
-0.0032123431
-0.00034283552
0.0035551787
-0.00044296281
-0.0067107309
-0.0032689302
0.00089819589
0.0091954882
-0.0033781644
-0.0039805959
0.0071454694
0.0021513913
-0.0092968607
-0.00096354836
0.0036431807
-0.0026796324
-1.424562e-05
0.003267822
0.0075420549
-0.0048683816
0.0056580943
-0.0066524947
0.00085530705
0.0042549634
-0.0051102704
0.0048726709
-0.0033456914
0.0080299085
0.00013996847
-0.0081698769
-0.0036790583
-0.00096710654
0.0013284976
0.0026867538
-0.00084217648
-0.0013832531
0.0034359227
-0.0017760947
0.00070913587
-0.0041743067
0.0011886889
0.0010881739
-0.0070093433
0.0086953722
-0.0011930745
0.0064952611
-0.00067084218
0.0040314691
-0.005226057
-0.0043200606
-0.0015588168
-0.001677252
0.0013512291
0.0081338351
0.0015136895
0.008143957
-0.0028213302
-0.0033846805
-0.0047473993
0.0033663601
-0.0052385545
0.0012732435
0.002795561
0.0056934779
-0.0013330645
0.0070449768
0.0091537271
-0.0088209863
0.0040832011
-0.0019350219
-4.4614341e-05
-0.0068256679
-0.0033255455
0.00025351559
0.0041903211
-0.0019809237
-0.00036249751
0.0019186951
-0.0017916133
-0.0014541377
0.0095620613
-0.0063532058
-0.0032088555
0.0007799193
0.0023037781
0.0045205029
-0.0068416404
-0.00067447294
-0.0039956021
0.0001551352
0.0090181542
-0.00067212636
0.0008429258
0.0026649724
0.00058972291
-0.0040925778
0.002729675
-0.0041305186
0.00014992266
-0.0050560789
0.0061384683
-0.0010823894
0.0017920137
-0.0025320637
0.00058469583
0.0024880037
-0.0051174981
0.0095121549
-0.0030992117
0.0032933587
0.0062687026
-0.0028763195
0.0049817325
0.0066586801
-0.0026569594
0.0061836241
0.0013584308
0.0016925128
0.0046064865
-0.0062989993
-0.0025512077
0.0051487069
-0.0094750896
0.0049411037
-0.0049276226
0.0027881624
0.0069497618
0.0014962717
-0.004183119
0.0026527515
0.0058482677
-0.0037901732
0.001921108
-0.00055646671
-0.0032920596
-0.0034136717
-0.002681941
-0.00048506226
0.0030907671
-0.002996842
-0.00021550113
-0.0031757374
-0.0057045809
0.00093691012
0.0010175492
-0.0031052215
0.00026538027
0.006795776
-4.7982027e-06
0.0029681783
-0.0013634345
-0.0013185066
0.0032791283
-0.00073371255
0.0005048817
0.0036898695
-0.0027381993
0.0078392863
-0.010481407
0.0049135651
0.005567842
-0.010681738
0.0022803604
-0.0093830447
-9.2044932e-05
-0.0079178123
0.0042068099
-0.0016166837
-0.00012099578
0.0039135131
-0.003576837
-0.0046524528
0.00012422319
-0.0021633994
0.00046839936
0.0049661827
-0.0038045337
-0.001161649
-0.0024999906
-0.0051691589
0.00045379693
0.003772384
-0.0036347328
0.00077346265
0.002658055
-0.0036216034
-0.00079546982
0.0074432863
-0.0047861514
0.0019407359
0.00021323045
-0.0041191688
-0.00045615354
-0.0023872789
-0.003130503
0.0012614491
0.0069625873
-0.0082240364
0.0025173095
0.0009551136
-0.0061720236
0.0051797355
0.00041992907
-0.0055996645
0.00055572706
0.0028341322
0.00057978001
0.0029205815
0.0052153046
0.0014151818
-0.0066304864
0.00293279
0.0027990517
-0.0057318417
0.0054927757
0.0029043809
-0.0026705525
0.0043658145
0.0092990269
0.0013222589
0.0067076495
0.00058866761
0.00029515142
-0.0062043535
0.0076525432
-0.0056992011
-0.0043044922
0.0099421065
0.0057962554
0.0031995632
-0.004536296
0.0013367328
-0.0058915219
0.009081249
-0.0033107645
-0.0057704845
-0.0040423333
-0.0055810068
0.0016831344
0.0005389449
0.0064364934
-0.0069754383
-0.0011906387
-0.00098282114
0.0021734598
-0.004159914
0.0024386629
-0.0016838774
-0.0041764703
0.0050947857
0.0062300985
-0.0013992589
-0.0048308396
0.00076671792
-0.0035777171
-0.0068137854
0.0047287868
0.0073759307
-0.0021961953
-0.0038186134
0.0039737486
-0.0047695523
-0.0052341364
-0.0051998993
0.00076895906
-0.0013475224
-0.0041083756
-0.0024542327
0.00066137087
0.0017928619
0.0050720627
0.0039109108
-0.0088257415
0.0088257415
-0.003950167
0.0041000897
0.0020522191
0.0055322052
-0.0049932603
-0.0012500899
-0.00047619792
-0.0096823551
0.0044438006
0.0054154131
-0.0011482972
0.007187998
-0.0034117453
0.001666071
-0.0079182814
0.0091797305
0.00066155699
-0.0053921711
0.002719002
-0.0058663045
0.0031473025
-0.0030219767
-0.0002627274
0.0032847041
-0.0022609794
0.0067220757
-0.0044610963
-0.0026065816
-0.0049920679
0.0075986495
0.0056874372
0.0012623246
0.0049627074
-0.0054653389
0.00050263143
-0.0040142109
-0.0018188453
0.0015982894
-0.0071639465
0.0044694076
0.00025969124
0.0028941375
0.00028333047
0.0011171443
-0.002902037
0.001944206
0.0019266287
0.0053950604
0.002108052
0.0096883677
-0.0027521414
-0.0069362264
-0.010049268
0.0051877055
-0.0024479882
0.0013861416
0.0054375432
-0.0054695164
0.0096027139
-0.005987198
-0.0036155159
-0.0051897874
0.0017059116
-0.0085047628
0.0014181774
-0.0022184587
-0.00060803364
-0.0073102477
-0.0027436169
0.00060901423
-0.0079816411
-0.0050912671
0.0047757238
-0.00080521741
0.0091987062
-0.0070368872
-0.0009164721
-0.0007002116
-0.00019147824
-0.0018992035
0.00093929481
0.0018208441
0.004203679
-0.0034648739
0.0018525541
-0.0021411896
0.005880572
-0.0058661889
-1.438305e-05
-0.0036514689
-0.00033259372
0.0039840626
-0.0062120719
0.00076867976
0.0054433921
-0.0040612449
-0.0028970725
0.0030414432
-0.0069234451
-0.0034149499
-0.002980018
-0.00030262152
-0.0069319534
0.00075992979
-0.0078613641
0.0010533813
0.002903429
-0.00024432046
-0.0004953179
0.0015785648
-0.0093081039
0.0093081039
0.0047761944
-0.0016920267
0.000768211
-0.0021316455
-0.0020593446
-0.0047772816
0.0065795739
-0.0018022923
0.0042088971
-0.00023698739
-0.005960447
-0.001138501
-0.0072849804
0.0084234814
0.0064493122
-0.00021921369
0.00054351237
-0.0019517259
0.0014082136
-0.0052873077
-0.00185089
0.0086034709
-0.0091537271
0.00077021789
0.0026255038
-0.0033957217
0.0082491097
0.0021465619
0.0040291655
-0.0020615576
0.0055405179
-0.0038480051
0.00023996797
-0.0081013321
-0.0064928176
-0.00067112895
-0.0043413621
-0.0025831065
0.0018530255
0.00073008102
0.0036059499
-0.0041849761
-0.00079534033
-0.00648964
-0.0014435512
0.0051190369
-0.00014279991
-0.00053237179
-0.0039617828
0.0022882939
-0.0042241863
-0.0027054279
-0.0005611448
0.0001196826
-0.0029362351
0.0036988189
-0.00066418407
-0.0029525918
0.0036167758
-0.0041130251
0.00068604205
0.0012507413
-0.0019367833
0.0028207592
0.0016769029
-0.0044976621
0.0025914248
-0.00027032539
0.0041408631
-0.0038705377
0.003594925
0.0039394068
-0.0029424153
-0.0025460891
-0.0070167229
-0.0047125433
0.0030630036
0.0016495396
0.0050884558
0.0045142581
0.0041318708
0.0024736169
-0.0020601528
0.0018686746
0.00081040508
-0.0050894505
0.0042790454
-0.0012007773
-0.0010912466
0.0022920239
0.0025760066
-0.00089037617
0.0054554623
-0.0045650861
-0.00079533087
-0.0075846839
-0.0011225287
0.003471741
-0.00059268203
-0.0015707174
-0.0074697859
-0.00039486049
-0.0058037101
0.0029782343
-0.0028331409
0.0025167997
-0.0013961346
-0.0011206651
0.00017251572
-0.0029175575
-0.0047356239
0.0017006694
0.0018424791
-0.0042461349
-0.0018994741
-0.0060071699
0.00414203
0.0018651399
0.0013208368
-0.00093708832
-0.0022793641
0.0033027901
-0.010144672
0.0044454711
-0.0057615328
0.00098425123
8.0955901e-05
0.0031709766
-0.00036118552
0.0043001584
-0.0039389729
0.0042276499
0.0016659254
0.0022281747
-0.0034721179
0.0031055397
0.00036657819
-0.00036726241
0.0053299698
-0.0029587912
-0.0019682801
-0.0026276165
-0.00052823818
0.0072328292
-0.0052401206
0.0029791412
-0.009263807
0.0011397589
-0.0012840417
0.0072482514
-0.0059642097
0.007937123
0.0034387402
-0.0028830131
0.0095407208
-0.0074285148
-0.00054622819
0.0035306376
-0.0029508576
0.0017429165
-0.0055022046
0.00026458775
-0.006790442
0.0070558223
-0.00055055213
-0.006861893
0.0053916517
0.0013711334
-5.3910644e-05
0.007353461
-0.0022671785
0.00095956332
-0.0049156103
-0.0017945447
0.0067101551
0.00012512971
-0.0062003263
0.0026279394
0.0021476156
-0.004775555
-0.0016715999
-0.005798186
0.00024015404
-0.0044351423
0.001982319
-0.0052989469
-0.0099330656
0.0068976065
-0.0066482522
0.0015307541
0.0086401442
-0.0072690108
-0.0020756867
0.003920546
-0.0018448592
-0.0031134755
-0.0032005
0.0028273477
-0.0082922373
0.0054648896
-0.0043156529
-0.0029295082
0.0028002772
0.000129231
0.0034269462
0.00036886392
-0.0037958101
-0.0028305032
0.0039802835
-0.0011497803
0.0047106768
0.0033534172
-0.0080640939
0.002748356
-0.00089580186
0.0024668331
-0.0029229867
0.0037377764
-0.0025017202
0.00796577
-0.0054640499
-0.0038984878
-0.0027948497
0.005422789
-0.0044723254
0.0063620946
0.0032626826
0.00049158026
-0.0037542629
0.0072039073
-0.0041631215
0.0019126718
0.007630122
-0.0009985971
0.0070484981
-0.0059809381
-0.0053447307
-0.00019545583
-0.0064667404
0.0066621962
-0.0079018629
-0.0031747918
-0.0087971137
0.0016316566
0.0071654571
0.006139521
0.0037687107
0.0082210795
-0.0064367889
0.0049566501
0.0078889062
-0.0057375149
-0.0019922663
-0.0062477809
0.0020883713
-0.0034842339
-0.0077021782
0.0062872929
0.0014148853
-0.0097421326
0.00647931
0.0032628225
-0.0075032236
0.0001842701
0.0073189535
-0.00494293
0.0054838597
-0.0028761181
0.0042167352
-0.00068712214
0.0054167466
-0.0033486482
0.0030160545
-0.00022091302
-0.0054623004
0.0036614265
0.0057549941
-0.0052303574
0.0064900272
-0.0066854831
0.0024966989
-0.00015104788
0.0066941294
-0.0020341849
0.0013619927
-0.0022784648
-0.0022073238
0.0069180006
0.0026568766
0.0023315729
-0.0076188806
-0.0019196166
-0.0017125695
0.002159915
0.0012250753
0.003514821
-0.00027107364
-0.0035430144
0.0038140881
0.002593396
0.0026786179
-0.0022041048
-0.00069848723
-0.0033779877
0.0016759422
-0.00010889475
0.00084377742
-0.0027675339
0.0019237565
-0.0078058426
0.0096379671
-0.0040821129
-0.0011398053
-0.006226586
-0.0039180862
-0.0038038446
0.012551287
-0.006457876
-0.0060934112
-0.0045328255
0.0019816177
-0.001688442
0.0042509581
0.00074127711
-0.0019319158
0.0020625471
0.0011876203
-0.0065036501
-0.0046591577
-0.0053901103
-0.0015362584
0.0040134477
0.0013144533
-0.005327901
0.0066684968
-0.0088870582
-0.0091278667
-0.0018827447
-0.0047672708
-0.0042398276
-0.0030824458
0.00040738977
-0.0033938759
0.0029864862
-0.0065105139
-0.0067716586
-0.0046345701
0.011406229
0.0010434715
-4.3143394e-05
0.004713936
-0.0056862226
0.0050233305
-0.0019562515
-0.0030670789
0.00099457
0.0067322095
-0.0064148291
0.0067886594
0.0046217836
-2.9057065e-05
-0.0045927266
0.00454466
-0.00040379691
0.0055297744
-0.0017461948
-0.0037835796
0.0019159882
0.0036646738
0.0081458846
0.00029959459
0.0079648008
3.9195929e-05
-0.0030016402
-0.0018755895
-0.0026005487
0.0029660671
-0.0025447932
0.008115969
-0.007895572
0.0098972211
-0.00094471459
0.0026571403
0.0015348982
0.005473562
-0.00084196487
0.0054687929
0.0045312071
0.0051355751
-0.0024706027
0.00010023095
-0.0022433792
0.0021431482
0.0022052383
-0.0033063445
0.0038263564
-0.0033179272
-0.00050842923
0.0013595215
-0.00083458678
-0.0015074608
0.0040604403
-0.0020441594
-0.0032145856
-0.00094853593
-0.00087322336
0.0022993553
-0.0014261319
0.0004529778
-0.0037448574
0.004669524
-0.00036936558
-0.001486475
0.0039655841
-0.0046011082
-0.0058717113
0.0060102486
-0.002467842
-0.0022284808
-0.0029818905
0.0037521084
-0.0058042611
0.0017018041
0.0040944513
-0.00079153738
0.0017065704
-0.00091503306
-0.0019131898
0.0052436875
0.0013825943
0.0007447414
0.0045727603
0.0045710662
-0.0010699755
-0.00088168599
0.0084098503
0.0052924272
-0.0024968662
0.00044056205
-0.0049128875
0.0015150004
-0.00024613493
0.0079207303
-0.0079207303
0.0069463426
-0.00041138208
-0.00103006
0.0012561721
-0.00037892216
-0.0024070909
-0.0013230279
-0.0047730929
0.0012425109
0.0062007754
0.0056498887
0.0038450803
-0.009494969
-0.0052999353
0.0072032231
0.0050897377
-0.0014834822
0.0085337467
-0.0030649538
-0.0026920687
-0.0021334495
0.0037995205
0.0040610253
0.0049387697
0.0018180654
-0.0039090705
0.0039841664
-7.509589e-05
-0.0022084012
-0.001998191
0.0062263515
0.0043405518
-0.0027361864
-0.0096089503
-0.001976357
-0.0032889834
0.0052653404
-0.0045362806
0.0060279955
-0.0043220839
-0.0045539503
-0.0020159505
0.0065699008
0.0066078651
0.0012485638
-0.0017186472
0.00083160208
0.00088704514
0.00020670077
-0.0043150763
-0.0046544765
0.0043834029
0.0020001457
0.0018262107
-0.0012110422
8.9213031e-05
0.0011218291
-0.0049553255
-0.0081707157
0.0022772962
-0.0036358632
0.00024386009
-0.0079236519
0.0015037182
-0.0028025206
0.0081637342
0.0026708603
0.003966067
-0.0048564431
0.0015497139
-0.0063238584
-0.00055676201
-0.0014871917
0.0014730816
-0.0013065775
9.5535379e-05
0.0039673822
0.0020969016
-0.0022157716
-0.0034706081
0.0056863797
-0.0025386151
-0.0026267565
-0.002390737
-0.0023954145
-0.001408395
0.0042291542
-0.0025471979
-0.0026004156
0.0051476135
0.0070774112
-0.0016611955
-0.0077911894
0.0077911894
-0.0031975474
0.0033709699
0.00024662062
-0.0001368869
-0.0069145101
0.007051397
-0.0050565547
0.0029153591
0.0021411956
-0.00089118072
-0.002913353
-0.0032393844
0.0040080642
-0.0091922782
-0.00071206865
-0.00074164448
0.0014537131
-0.00086017823
0.0018468429
-0.00098666465
0.0049375728
-0.00024257334
-0.0025841171
0.0012259962
0.0025480861
-0.003305354
0.0042469105
-0.0034222285
0.00078497566
0.0061613669
-0.0044196301
0.0071709519
-0.0045273322
0.0067307985
0.005689033
-0.0048786279
0.0059236165
-0.0067470969
-0.002264635
0.00017248643
-0.003003738
0.0028312516
0.0070404947
-0.00013954442
0.002918856
0.0038454194
-0.0031866692
-0.0016731493
-0.00585771
-0.0030773607
0.0040203129
-0.0035797509
0.004072595
-0.0046152996
-0.0085069307
0.0025072424
0.0066291127
0.00024001071
-0.003407055
0.002935169
-0.0027636203
0.00066647635
0.0035277916
0.004116544
-0.0090210463
0.0090210463
-0.0054299187
-0.0030824843
-0.0022564058
0.0064696608
-0.0020672253
0.0094974253
-0.0081751664
-0.003703985
-0.0014673862
-0.0035092031
0.0060226719
-0.0025134687
-0.0063376889
0.0035351683
-0.0022814338
-0.0032207708
-0.00036386241
-0.0058627236
-0.0017153604
0.0064190622
0.0033755995
0.00074690142
-0.0041225009
-0.0025206239
-0.003816564
-0.001369915
-0.00086973492
0.0086042697
-0.00084282942
-0.00011573353
0.0031413553
-0.0016438117
-0.0014143967
0.0014383955
-0.0031695305
0.0097810413
-0.0066115108
0.00094241983
-0.0028316495
-0.0020310685
0.0060513815
-0.0035699517
-0.00053331171
-0.0031803545
-0.0013559415
-0.0012414019
-0.0073059562
0.0076275525
-0.0020296616
0.0026362656
0.0056619864
-0.00277411
0.0012236007
0.0033040555
0.0044228516
-0.0066658222
0.0022429706
-0.0039124479
0.0036497205
-0.0041219406
0.00021287
0.0041519179
-0.0058014104
0.0011155285
0.0059513524
-0.0039310589
-0.00047646148
-0.0028253784
-0.0043461575
-0.00078853045
-0.0046809859
0.0030755571
0.0057279645
-0.00048616336
0.00033955635
-0.0015403337
-0.0022635059
0.002245558
-0.0026292719
0.0009854602
0.0081882619
-7.2695018e-05
0.0059870903
-0.0084899523
0.0013170913
-0.0031810196
-0.00032497956
-0.003327588
0.0036525676
-0.0037307241
-0.00076563427
-0.0030752153
0.0038408496
0.002332227
0.0038236896
-0.0032586743
-0.0019505384
0.0029432286
0.005577946
-0.00053620747
0.006187095
-0.0033004526
0.0055486286
0.0014711823
-0.0074010336
-0.0081203114
0.0056249553
-0.0067716586
-0.0092118207
0.0059847417
0.003227079
-0.0012338323
0.0043348975
-0.0087722476
0.0072617995
0.0015104481
0.00055055141
0.0029404835
0.00074229231
-0.0015338297
0.004751084
0.0047463413
-0.0072331714
0.0040343434
0.0074222623
-0.0042120663
0.0059138704
-0.0038656666
0.0010153866
-0.003774164
-0.0047293058
-0.0094504833
0.0050565434
-0.0047650013
-0.0015280526
0.00081598398
0.0007906226
-0.0016508008
0.0029321568
-0.0016317903
-0.006591127
0.0019150555
0.0046760715
-0.003215453
-0.0030887821
-0.0092568794
0.0044873271
-0.0041080094
0.00164685
0.0057414481
-0.0040312682
-0.0069529974
0.00098968374
-0.0070876167
0.00281935
0.0019568443
0.0015593403
0.0011890157
-0.0022929376
0.0002399905
0.0027406728
-0.0029806633
0.0013323892
0.0061463774
-0.005937996
-0.0053741827
0.00082637635
0.0045478063
-0.0036821851
-0.0049669657
0.0015352727
0.0028721158
-0.0054945649
-0.0017632639
-0.0023281839
-0.0023159839
0.0028665353
-0.0029817637
-0.0070131239
-0.0025673838
-0.0031007787
0.0022803422
0.0022562303
-0.0071991603
-0.0018822708
-0.0051274246
-0.00026084119
-0.0021394893
0.0012934953
-0.0030140459
6.1454126e-05
-0.0031184398
0.0023147928
0.0011286322
0.0041772008
-0.0058925612
0.0056960951
-0.0036207605
0.0027446552
0.0092543775
-0.00961824
0.00077755344
0.001737711
-0.0022189397
0.00047027382
-0.0066220123
0.00036980652
0.0067658056
0.0023814999
-0.0010195072
0.0010416684
-0.0046490343
-0.0046078451
0.0076300091
-0.0030512915
0.0062116521
-0.0031603606
-0.0044329816
-0.0020750722
0.002723918
-0.0015880799
-0.0074645089
0.00078127362
-0.00090189128
0.0027127237
0.0093658751
-0.0040333656
-0.0053325094
0.00065151445
-0.0033065243
0.00046141453
-0.0037793417
0.0032907165
-0.0028833267
-0.001182177
-0.006883595
-0.0023282257
0.002724347
-0.0052715448
0.0082258448
-0.0072459586
-0.00097988613
-0.0056001702
0.0026631491
0.00023128629
0.0039723927
-0.00013983045
0.0019293184
-0.0042327457
-0.0014567532
0.0059042941
-0.0044891123
-0.0063395115
0.0027366393
-0.0022307868
0.003456783
0.0066795759
-0.0020245742
-0.005308648
0.0028225673
0.0024860808
0.0094584811
-0.0010235398
-0.0084349412
0.00019290364
-0.0017517204
0.0063906116
-0.0016934143
0.0012807072
-0.0029538565
0.0090111755
-0.0057261909
-0.0032849846
0.00054613607
0.0061709424
-0.0034189541
-0.0027519883
0.0023406883
-0.0062179081
0.0075580679
-0.0040359208
-0.0071696482
0.0028512259
-6.4666382e-05
-0.0045127344
0.0042795555
-0.0033602084
-0.003571745
0.0026278789
-0.0025443437
0.00063834297
0.0061565756
0.0037262544
0.0034374686
0.00082539471
0.0069701584
-0.0077955531
-0.0009473132
0.0027681573
-0.0028308705
-0.00015310045
-0.0024306454
-0.003649639
0.0048273717
-0.0033262574
0.0030547526
-0.0012848387
-0.0044642263
-0.0014865302
0.0011240327
0.0001214372
-0.0019130505
0.006011989
0.002675065
-0.008687054
0.0051362615
0.0094584811
0.00332842
-0.00015007371
0.0070167229
0.0040182918
-0.011035015
0.0026437277
0.0017381688
-0.0062921191
0.0025524309
0.0035504376
-0.0018772157
0.0052531681
0.00068791692
-0.005941085
-0.003353584
-0.0065221013
0.0024719075
0.004504208
-0.0027471522
0.0003214209
-0.00365636
-0.0055180398
0.0024667483
0.0059029049
-0.0032671462
0.0029512649
0.0070622362
0.0029377638
-0.0074623132
0.0049162242
0.0028576095
0.0058924957
-0.0036362653
-0.00096435007
0.0012033073
0.0011983467
0.0031542327
0.0034860039
0.0067353266
0.008958053
-0.0073387337
-0.0019404007
0.0060824307
0.007094072
-0.0072309588
0.0023600781
0.002775497
-0.0052699548
0.0029149633
0.0032559791
0.0027134911
0.0029484954
-0.00087842538
-0.0078984885
0.004587724
0.00093556637
0.0058487052
0.0034955681
-0.0065432979
0.001862312
0.0043498481
-0.0015632034
0.0022113408
-0.0085351992
0.0061622377
-0.011031777
0.0048695395
0.0022606242
-0.0035454629
0.0010352242
-0.0015442497
0.00095757783
0.0016115246
-0.00070800443
0.0025610299
0.0029270845
0.0056155607
-0.0099008591
-0.0023935965
-0.0023819585
-0.0057363558
0.0010720436
0.0015908922
0.00069200179
0.0021336307
0.0036628376
0.0045630072
0.0061880696
0.0008118532
0.00096208653
-0.0081918193
0.0063162298
0.0078865943
-0.0052006764
-0.00071994348
-0.0075722939
0.0036285114
0.0027335832
0.0042119106
-0.0043642363
-0.0079958364
0.0047175011
0.0022535598
-0.003019194
-0.0029560291
-0.002054492
-0.0060991492
0.0030103671
0.007314132
-0.0020538504
0.0023135417
-0.0069958585
-0.005611077
0.0039271996
-0.00088959532
-0.0008290519
0.0043523892
0.00066479684
0.0069652123
-0.0048791493
0.0061216601
0.004049135
0.0042504274
-0.0015932871
0.0035976856
3.270785e-05
-0.004755293
-0.0060593595
-3.9789692e-05
0.0077486363
-0.0026090931
0.005878145
0.00030992465
0.00012964761
0.0020302674
-0.0059927238
0.001527427
-0.0018150352
0.0030026555
-0.004975511
0.0018931964
0.0030823146
-0.0019855878
-0.001435511
0.0030709471
-0.0016354361
0.00047852969
-0.00047759902
0.0022727272
0.0039536243
0.00067919902
0.00174743
-0.002426629
-0.0060934112
-0.00091053354
-0.0016608323
0.0033521144
-0.0015463494
0.0023186929
-0.00077234349
-0.0019786995
-0.0022245707
-0.0031506196
-0.0031920942
0.0072035106
-0.0040114164
0.0025034157
0.0010839234
0.0018711105
0.0047173661
-0.0065884766
-0.0005038251
0.0035268961
-0.0067095607
0.0077295573
0.0038826721
-0.0079474993
-0.00015798875
0.0024321656
-0.0027653969
-0.0022911578
-0.0019502432
0.0060446945
-0.0079414673
0.0051893259
0.0049784292
0.0056277633
-0.0028831081
0.0079440394
-0.001325578
-0.0029080994
0.0066768101
-0.00058070618
-0.001750653
0.0023313592
-0.0057757375
0.0062542672
0.0074269995
0.0097919113
-0.004573715
0.0030247989
0.0015489162
0.0052144824
0.0068069199
0.0011490717
0.0080061064
-0.0019755079
0.0056040193
-0.0042564595
-0.0022973592
-0.0030112888
0.0038511669
0.0010640224
0.0043849683
0.0026355913
-0.0016615305
0.0020897997
0.001982536
0.00043038466
-0.004954728
0.0029387775
0.0017836247
0.00076531585
-0.0025489406
-0.0049582141
-0.0022749573
-0.0010722037
0.0056394659
-0.00085549596
-0.0040739852
-0.0053335029
0.0037552438
0.0042269223
-0.0055824156
-2.8661323e-05
0.0026251839
0.0053188555
-0.0039925571
-0.0024644344
0.0013018806
-0.00014232286
-0.0011595578
-0.0021099438
-0.0039707244
-0.0011273716
-0.0009936893
-0.0049672386
0.0059609279
0.008820532
-0.0070024666
0.00058941693
0.002634363
-0.0022819818
0.0056555873
7.2377171e-05
0.0061622377
0.0046672443
0.0099727424
-0.0010146894
0.0017304592
0.0054883604
-0.0072188196
-0.0071135809
0.00046324579
-0.0007088318
-0.0055046737
0.0043698219
0.0052654218
-0.0037305236
-0.00071702574
-0.0077729265
0.0055360583
0.0021614329
0.0067040019
-0.0026429766
-0.0033868218
0.0098837108
-0.0032758457
0.00061238358
-0.0018309608
0.002816421
-0.0032288762
-0.00016499978
-0.0059200789
0.011072084
-0.0047837172
-0.00017178275
-0.0014691122
-0.0010869935
-0.0011319462
0.0073300284
-0.0073300284
0.0012598181
0.004644476
-0.0033682854
-0.0027337903
0.0086397347
-0.0055123886
-0.0031273461
-0.0011536594
-0.0021740631
0.0033277225
-0.0037230182
0.00079351001
-0.00067239894
0.0016890303
-0.0010166313
0.0030518156
0.0019422452
0.0020419213
-0.0015546576
0.00090084596
0.0045830138
0.0055568551
-0.0087760298
0.0031512271
0.0003047887
-0.0057522195
0.0053849571
0.010061108
-0.00099494016
0.0072790195
0.0026937229
0.005657971
0.003181267
0.0027112287
0.0099481207
-0.0029302708
0.0052436994
-0.0029709722
0.0040628502
0.0025070506
-0.00099446444
-0.0034559436
0.0058185295
-0.0071508253
0.0047690862
-0.0022011482
-0.002567938
0.0035331423
0.0078803846
0.00089220672
-0.0016529099
0.0063554174
0.0035282934
-0.0069572892
-0.00073419118
0.010774551
-0.0044363632
0.0077897804
0.001832311
3.558322e-05
0.0021696551
-0.0028619542
-8.0461131e-05
-0.00030972675
0.0016958684
-0.0009997638
0.0044844116
-0.0091264932
0.0046420816
-0.0018455307
0.0039981524
-1.076503e-05
0.0034377113
0.0059066776
-0.0032926449
0.00022007111
-0.0077277748
0.0010281656
0.0010551149
0.00046945388
-0.0015245688
0.0014827716
-0.00020826702
0.0034709496
-0.0036282049
-0.002915093
-0.0047321101
0.0027024489
0.0054254336
-0.0057966477
-0.0039215461
0.0067951769
-0.007272776
0.0051595674
0.0026471767
-0.0029573935
-0.0027755659
-0.0011928533
0.00023368709
0.0015040239
0.00142203
-0.0081817934
0.0058809346
-0.0025084127
0.0023730417
0.0088768161
0.00037756147
0.0053345695
-0.0016924876
0.006525884
0.0025678939
-0.0028723448
-0.0025684843
0.0055151391
0.00032299514
0.0014244348
-0.0053953195
0.0068173495
-0.002170661
0.00036733348
-0.0021260516
0.0061889017
0.0015533713
-0.0010830975
0.00066322334
-0.0023000276
0.0016368043
-0.0024032755
0.0028528469
-0.0031435491
0.00019798835
-0.0015318028
0.0034440214
0.0058476095
0.0038278699
-0.0024175301
-0.00011779486
0.0047473595
0.00058862431
-0.0053359839
0.0040506685
-0.003972389
0.0078418746
0.0030095132
0.0036944887
-0.0039405902
-0.0022637633
0.0058797614
0.005870292
-0.0030826208
0.0032480066
0.00015995051
-0.0078782469
0.0077182964
0.0029055627
0.0070664962
0.0029637826
0.0049815333
-0.00015828816
0.0063196551
0.00057713795
0.00062028844
0.00099606371
-0.0016163521
0.0064341338
-0.0068574738
0.00020144688
0.0016642996
-0.00051812292
0.0067188983
0.0021102239
0.0043212399
-0.0024589279
-0.0025744885
-0.00022537893
0.0034046494
0.0013644368
-0.0029350896
-0.005157206
0.003083733
-0.0044226149
-0.00034465589
-0.0072086459
-0.0038958707
0.00014799289
-0.0014200177
0.0055556382
-0.0010294867
0.001708243
-0.00067875628
0.00046122497
-0.004303741
0.0043637669
-6.0025903e-05
-0.0052967905
-0.003708523
0.0044608306
-0.0075793051
0.0046786541
0.0022483216
0.0019110456
0.00080410951
0.0013532281
-0.0055727937
-0.0066227721
-0.0013584808
-0.00031877114
-0.0024019663
-0.00085716348
-0.002096693
0.0026657938
-0.0077115932
0.00063844494
0.0012802501
-0.0012526622
-0.00020147552
0.0034819187
0.0017881246
-0.0052700433
0.0053667639
-0.0027415801
-0.001305026
-0.00014836848
-0.0089831324
-0.0039751183
6.1254959e-05
0.0039138633
-0.010236679
-0.00045250708
0.00388102
-0.0015651803
-0.0037022271
-0.0071156609
0.0063986352
-0.00071983835
0.003431067
-0.0024688909
-0.00062412261
-0.0054324772
-0.0045723239
0.00031954536
0.0034087341
-0.0030873132
0.0012986968
-0.0032345344
0.0045489877
0.0040097377
0.0039054267
-0.0012811992
0.001195835
-0.0018409578
0.0043270385
0.0062790183
-0.0031730994
-0.005236727
-9.6775908e-05
0.0040800617
-0.0067617833
-0.0092266935
0.0056775755
0.0053839926
0.0020350428
0.00053139317
0.0046933506
-0.0069605291
0.005318954
0.000551338
0.00068577318
0.0065725674
-0.0035117343
0.0043751322
-0.0014233571
0.0069808237
0.0024776574
0.002367471
-0.0050272534
0.0026597824
-0.0013783847
-0.003995798
-0.0041427099
0.0086271215
0.0023837215
0.0052426109
0.0062587393
-0.0026026807
-0.0046149326
-0.0026771082
-0.0028407453
-0.0010551955
0.0016754839
-0.0016907925
-0.0026375312
0.0043283237
-0.0019391956
-0.00047167258
0.0024108681
-0.0079603609
0.0017552469
-0.001294022
0.0043411973
-0.0077650732
-0.0014004291
-0.0020838048
0.0073696272
0.0012054869
-0.008575114
0.0065306167
-0.0045356297
-0.001994987
0.00041628855
-0.0073385625
0.0069222739
-0.0040406463
-0.0012943997
0.005335046
0.0075338897
-0.0073138186
-0.0020611098
0.0048043674
-0.0026941435
0.001152752
-0.00064119914
0.00088791685
0.0019996165
0.0069040367
0.001203978
0.00078318496
-0.0019871629
-0.0025796755
-0.0064749468
0.0064000046
-0.0025229578
0.0011568975
-0.0044495424
0.0054777676
-0.0083914411
0.0032930492
0.0014069115
-0.0033461071
0.0032089458
-0.0059712853
0.0078334937
0.0017805393
0.0018176148
0.0076141772
0.0075358291
0.00096277376
-0.0077946559
0.0011738432
0.0011897592
-0.007639361
0.005948667
0.007148498
-0.0013332426
-0.0056705744
-0.00034399057
0.0050373412
0.0054149118
0.00011062528
0.0045489397
0.0014119882
0.0065770385
0.0078233426
0.0033327158
0.0010450956
0.0005003984
-0.006277443
0.0036204836
-9.023023e-05
-0.0028221437
0.00055863778
-0.0054969578
0.0026798935
0.0028170643
-0.00078006323
0.0056284496
0.0015131762
-0.00021129559
-0.0047121971
-0.0052716363
0.0076391073
-0.0053407377
-0.0035634244
-0.0015540875
0.0039734697
0.0039387472
-0.0053587649
-0.0035028772
0.00050723477
0.0015658177
-0.005130572
0.00084177988
-0.0010644383
0.0040892372
5.0676444e-05
-0.003605395
-0.001525177
0.0061827649
0.0024422404
0.0077986807
0.0085089418
-0.0035927176
-0.0050179697
-0.0068267394
0.0010510018
-0.0054202302
4.1790328e-06
-0.0023695071
-0.0064911747
0.0088606818
-0.00095030216
-0.0014238912
-0.008380838
0.0044616751
-0.0086873985
0.0049790172
-0.0014531432
-0.0098362113
0.004907891
-0.0071131343
-0.0015843021
-0.0055493841
-0.0015543102
-0.0036717468
0.004778366
0.0026279994
-0.0055499306
0.0023562769
0.0026990389
-0.0064732029
-0.00077802858
-0.001521999
-0.00053347744
0.0012060145
-0.0018784134
0.0052987186
-0.0043074369
0.0024098463
-0.0025667156
-0.0006067647
-0.0079103868
-0.00048105426
-0.0075489531
0.00493986
-0.00026486896
0.0012098225
0.001396245
0.0026414653
-0.0017673253
-0.00087413998
0.0026768621
0.0032691492
-0.0059460113
-0.0029275882
0.0035162558
0.0045837688
0.0019468479
-0.00040972245
-0.0052396312
0.0080908777
-0.0024405545
-0.0056503232
0.0018328752
-0.00065903205
0.0041822598
0.00062210769
0.0086263348
-0.0009140258
-0.0029632467
0.0067365512
0.0032634488
0.0036058551
-0.0012832175
-0.0049404831
-0.0014279542
0.0053333809
0.0069964805
-0.0073771515
-0.0067635864
-0.0035009386
-0.0022000338
0.0048280332
-0.002882512
0.0022026034
-0.0046479567
-0.0053708252
-0.0013467359
0.00031201433
0.0049145798
-0.00010941998
0.0076612773
-0.0060083335
0.00082231263
0.0057853988
-0.0087625518
0.0021465503
0.0066160015
-0.0057486801
0.002659634
0.0030890461
0.0044552007
0.0033066601
-0.003077392
-0.0001111586
-0.0013299274
-0.0072039073
0.0050024536
0.00052148117
0.0011360849
-0.0015379552
-0.0016271876
0.00057199215
0.0009247295
-0.010209624
0.00039430522
-0.0040965323
-0.0025989915
0.0039022634
-0.0022253605
-0.0038059018
0.0026230983
-0.0061827649
0.0054489334
0.0013771472
-0.0021494907
-0.0051136418
-0.0035734123
0.0026046813
-0.0070877932
0.0019487418
0.0053615088
-0.0026371618
-0.00093740961
0.0022508813
-0.0056095811
0.00023399049
0.0052671898
-0.0023401053
0.006784595
-0.00068068632
-0.00097011451
-0.0034186456
-0.0041939147
0.0014835089
-0.0031903411
-0.0020199157
0.0052102568
-0.0079985042
0.0023955737
-0.00057297831
-0.0016178009
0.0020801254
0.0015442131
-0.0010369783
-0.0011632669
0.005102014
-0.0038354718
-0.0002051745
-0.0010040272
-0.0032204585
0.0056095811
-0.0079062078
-0.0067122398
0.00026809299
-0.0017552846
-7.0959375e-05
-0.0039041589
-0.0069877061
0.0061471239
0.0006806532
-0.0050595169
0.0074054265
-0.0047213849
-0.0026840416
0.0013958135
0.0010797739
-0.0018578025
-0.0017524587
0.0069808237
-0.00058541292
-0.0063174489
0.0070840441
-0.0007665952
-0.0049820303
0.0024037785
-3.8228257e-05
-0.0039862819
-0.003484071
-0.0018127194
-0.0042718282
-0.00032089835
-0.006379565
-0.0096719599
0.0057610666
0.0072287414
-0.0055944032
0.0075338897
-0.00047831373
0.0026577408
-0.0012024098
-0.001455331
0.006088461
-0.0010860074
-0.0042329279
0.0016250526
-0.00079345049
-0.0020069883
0.0047476612
0.003827643
0.0040685453
-0.0012204574
-0.0020406748
-0.0062522262
-0.0013722871
-0.0020650671
0.00096364414
-0.0025916513
-0.0053250301
-0.0043917051
0.0047860104
0.003709145
0.0012872098
0.0020405127
-0.00299126
0.005305487
0.00091484973
0.0013571994
-0.0018422617
0.0038218078
-0.0018649635
-0.00089846846
-0.0024078761
-0.006285427
0.0059924519
-0.0032868661
0.0035357177
-0.0027667587
0.0020198708
-0.0014467604
-0.0030969488
0.00074203884
-0.00056136518
0.0060042663
-0.0054429011
0.0044539743
-0.0059460987
-0.0016385852
-0.0064000046
-0.0019571232
0.00074426345
0.0040519149
-0.0012287326
-0.0068561801
0.0069813098
-0.0024225345
0.005352998
0.00085147145
0.00077358112
0.00010715525
-0.0070216654
-6.0404073e-05
0.003795338
-0.0027323318
0.0044055968
-0.00059818321
-0.0001645951
0.00071083901
-0.0040952908
5.6981102e-05
0.0021026906
-0.0076777561
0.0004930093
0.0071847468
-0.0026506225
-0.0025718177
0.0039054284
0.0035080122
-0.0015842557
-0.0021133551
-0.0023040569
0.003267701
0.00011183703
-0.003378948
0.0040382212
0.0068208093
-0.0068208093
0.0054230529
-0.0015715766
-0.0038514763
-0.0021456039
-0.005063042
0.0021093641
0.00075697085
-0.0042059396
0.0019018827
-0.0056652227
-0.00683068
-0.0012292912
-0.0018814558
0.0026749658
0.0059214379
-0.0053288815
0.0031288477
0.005537073
0.0064909457
-0.0021576627
-0.0021249666
-0.0052064719
0.0018387977
0.006598101
-0.0007460461
0.0054934056
0.0084435516
0.008173031
0.00010435735
-0.0043712298
0.00069948306
0.0042697985
-0.0029806891
0.0010058423
0.0019748468
-0.00291615
-0.0036435267
-0.002053816
0.0013408955
0.00058842283
-0.00033732717
-0.0049027934
0.0060937348
0.0005543558
-0.0014749388
0.00092058305
0.0031312193
0.0031853035
0.0036998715
0.0016335094
0.0062979951
-0.0034403856
0.0053377381
-0.0026781041
-0.00016443022
-0.0073138186
0.0078794696
-0.002118403
-0.0044272668
-0.003045082
0.0014976615
0.0005803555
0.0021865501
-0.0035594606
0.002381709
0.002319567
-0.006276263
0.0015616651
0.0035731109
-0.006029143
-0.0056287273
0.0059200789
-0.0024152941
-0.0054154396
-0.00076726709
0.0057341802
0.00025958956
0.00053181907
-0.0042560919
-0.0028238501
-0.0040068299
-0.00060769074
-0.00092613896
-0.0030354308
0.0063957846
-0.0040130749
0.0067067978
-0.0050808068
0.001239914
-0.0064483922
0.0011186005
-0.0075234064
-0.00092051465
-0.0013902362
0.0072104884
-0.0034938203
-0.00062812024
-0.0061260234
-7.8406e-05
-0.0054262677
-0.0044824233
-0.0017260459
0.0048966593
-0.0010833505
0.0071636263
0.0078736428
0.001045943
0.00040777015
-0.0053222385
-0.0055149836
0.0055149836
-0.0064708946
0.00067270863
0.00058512537
0.0013896665
0.00020036783
-0.0062740262
0.0062740262
0.0034177807
0.00079037514
0.0057341802
0.0060624579
-0.003100313
-0.0014437946
-0.0026114586
0.0072131037
-0.0046016451
0.0028673425
1.9816221e-05
-0.0028871587
0.0028448244
-0.0018389821
-0.0056045214
0.0056045214
0.00070167986
-0.0053608375
-0.0023119805
-0.0050678614
-0.0050216315
0.0055270336
-0.0048253538
-0.0049783685
-0.0051746462
-0.0024611569
0.001142791
-0.0048284751
0.0052571395
0.0046391625
0.003882517
-0.00034679923
-0.0015960152
0.00067745045
0.0050216315
-0.0051746462
-0.0049401695
0.0062879448
-0.0062879448
0.0028815749
-0.0021670772
-0.0011692421
-0.0014966713
-0.0038322102
0.005578698
-0.0062291359
-0.0014103989
-0.0074338889
0.003089997
0.0043438919
-0.0042620682
-0.00067891783
0.0016749815
-0.0015436608
-0.0047263627
-0.0037180868
0.0072548654
0.0056236442
-0.00078945878
0.0016054428
0.0042561044
-0.0020634203
-0.0030806476
0.002170008
0.004017087
0.0039623708
0.0046864971
-0.0010826413
0.0024369733
-0.0069460741
-0.0042052598
0.0061210571
-0.0015721273
-0.0070523678
0.004016937
0.0025469602
-0.0035497773
-0.004210309
-0.0012550298
-0.0002940603
0.00076228406
0.0026419636
-0.00061305618
0.0021543414
-0.0020152467
-0.00050771116
0.0035562288
-0.00011851755
0.0007545871
-0.0017327221
0.0077280224
0.0039101936
-0.0067340437
-0.0046560377
-0.0015730981
0.0087808294
-0.0048699186
-0.0041970627
0.0049788482
-0.0055931389
0.0049851053
0.0042954185
0.0043052116
-0.0050512577
0.003504657
-3.3707359e-05
0.00080512275
-1.0132402e-06
-0.00024465942
-0.0011138214
0.00083643329
-0.00010322674
0.0041729843
0.001463772
0.0043964037
-0.0070078624
-0.0065664117
0.0043318458
0.0022345659
0.0038196252
0.0013591141
0.0033650986
-0.0068012368
-0.00053749686
-0.0029726495
-0.0038285873
0.0053508849
-0.0019452773
-0.0031672009
0.0035641582
-0.00052271501
0.0005891101
-0.0067212448
0.0021195998
0.0015337246
0.0019013942
-0.0032373963
0.00056271665
0.00033730375
-0.0045545533
0.00080381228
-0.004051422
0.0088372203
-0.0019923953
0.0020967527
0.00071043288
-0.0042810355
-0.0037628436
0.0063898585
0.00013305988
-0.0043433689
-0.0024515635
-0.0055444122
-0.0075399635
0.0045772526
-0.0053187023
0.0048757395
0.00066921505
0.0010831022
0.00062514553
0.003828962
-0.00019443772
-0.0056485261
0.0075103452
-0.0073528872
-0.00063387203
-0.0009933156
-0.0030049951
0.0032178651
-0.0005225936
0.0072302431
-0.002286605
0.0069286866
0.0029514698
-0.0031008646
-0.0027043078
-0.0016294914
-0.00074567855
0.0014586263
-0.00071294771
0.0041662119
0.00038516533
-0.0028713678
0.00037157744
0.0067834259
-0.0071550033
-0.0064917614
-0.0032031038
-0.0025076621
0.0029062785
-0.0011448193
0.006083589
0.0012345635
0.0024043612
0.0048978835
-0.00021138636
-0.0038333794
-0.0010619963
-0.0004269937
-0.0029090529
0.0018925316
0.0043060177
-0.0052398425
0.003943804
0.0025190449
0.0025182962
-0.0030579074
0.0037563979
-0.0057602356
-0.0046577524
-0.0018078225
-0.0016716858
-0.0013994603
-0.0035993367
0.0038204109
-0.00022107419
0.0039813878
0.00089096813
-0.001569886
-0.0034248124
-0.00053113581
0.0052203463
-0.00057651884
-0.0039698259
-0.0035911383
0.0061027117
-0.0016942004
0.0054578225
-0.0036614092
0.001494332
-0.0058173356
0.0059278132
1.3234203e-05
0.0065848668
-0.0071201688
0.004415861
-0.003534199
0.0022173451
-0.0024227782
-0.0047746804
0.0042942966
-0.0064920586
0.0042958633
-0.0026244142
-0.0069936803
0.0053972268
-0.0063737297
-0.00068052954
-0.0010711909
-0.0043977045
-0.0021602127
0.0016888138
-0.0012095116
-0.00077639086
0.0018223338
0.0022458378
-0.00021407782
0.0063167895
0.0055883098
-0.0027544198
0.0038685472
-0.0036345567
0.0052800336
-0.00042435499
-0.0033090434
0.0016702301
0.0010892194
0.00069277632
0.0034324985
0.0021218429
-0.001880764
0.0035381655
0.00080742182
-0.0017940865
0.0012651398
-0.0013861356
-0.0008668061
1.7439181e-05
0.0019334268
0.0036171175
-0.00042984329
0.0028740299
-0.0060277642
0.005097549
0.00083026427
0.006298355
0.0052677642
0.0016468143
-0.0053339278
0.0036871135
-0.0057608953
0.0041877972
0.0016335111
0.0049933218
-0.004656018
0.0054130935
0.00048888974
-0.0027282895
-0.00061230163
0.0051953154
-0.0027762769
-0.004666914
0.0051695454
0.0018307681
0.00045752574
0.0047171059
-0.00086149057
-0.0015407642
0.0058366275
-9.9391451e-05
0.0011562129
0.0027576504
-0.0068986619
0.0047384491
0.0047988841
0.0066682422
0.00064930292
0.00080932335
-0.0056377858
0.00067218248
4.629125e-05
0.0010043835
0.0026649434
-0.0038180931
0.0026994213
0.00074617946
0.0023864263
0.0027897438
-0.0033262807
0.0019006506
-0.0012653218
-0.00010710474
-0.0066410327
0.0023627464
-0.0028938822
0.0023020623
-0.00040066807
-0.0043903334
0.0062445933
-0.0022912618
-0.0045057196
-0.00010217717
0.0064892346
-0.004796522
0.0015955626
-0.00074409115
-0.0061541754
0.0085473255
-0.00072202308
-0.0077348404
0.00068026598
-0.0016116184
0.00070115486
-0.0068998656
-0.00019362674
0.0011529453
-0.00026485273
0.001270341
0.0007604952
0.00024388833
-0.00068233565
0.00044049908
0.0028261256
-6.4091223e-05
-0.0012012305
-0.00058232334
0.0010617087
-0.0040667038
-0.00068344342
-0.0025997005
-0.0016371042
0.0063834455
-0.0033044197
0.0014344689
-0.0017588273
0.0012950623
0.0002238714
0.004497911
-0.0016689473
0.003662999
-0.0022567396
0.0018150448
0.001751793
-0.0053305675
-0.00099284459
0.0062494193
0.00088995002
-0.005894488
-0.0022492212
0.0059014234
-0.00070486704
-0.005112507
0.0020773888
0.00073954087
-0.00075793521
-0.0010740149
0.0060030149
0.0020233435
-0.0017866707
0.00065857156
-0.0039998421
0.0045511801
0.0066718759
0.0036635145
-0.0026155154
-0.0026930784
0.0039404396
-0.0060431301
-0.0027252315
0.00090118552
-0.0050537092
0.0008521071
-0.0048519492
0.00067377705
0.0012658206
0.0025548582
0.0053011595
0.0013819131
0.0031002924
0.0037629884
0.00023512705
0.0007178007
-0.0027120684
0.0016226754
0.00099385783
)
;

boundaryField
{
    back
    {
        type            empty;
    }
    out
    {
        type            calculated;
        value           nonuniform List<scalar> 
20
(
0.0099975632
0.010005277
0.0099962711
0.0099993852
0.010003693
0.010003689
0.010000808
0.009999166
0.0099962502
0.0099948876
0.010000824
0.0099954603
0.010004546
0.010005093
0.0099947246
0.0099976471
0.010004801
0.010002466
0.010002326
0.0099951219
)
;
    }
    bottom
    {
        type            calculated;
        value           uniform 0;
    }
    in
    {
        type            calculated;
        value           nonuniform List<scalar> 
20
(
-0.01
-0.01
-0.01
-0.01
-0.01
-0.01
-0.01
-0.01
-0.01
-0.01
-0.01
-0.01
-0.01
-0.01
-0.01
-0.01
-0.01
-0.01
-0.01
-0.01
)
;
    }
    top
    {
        type            calculated;
        value           uniform 0;
    }
    wall
    {
        type            calculated;
        value           uniform 0;
    }
    front
    {
        type            empty;
    }
}


// ************************************************************************* //
