/*--------------------------------*- C++ -*----------------------------------*\
| =========                 |                                                 |
| \\      /  F ield         | foam-extend: Open Source CFD                    |
|  \\    /   O peration     | Version:     4.1                                |
|   \\  /    A nd           | Web:         http://www.foam-extend.org         |
|    \\/     M anipulation  |                                                 |
\*---------------------------------------------------------------------------*/
FoamFile
{
    version     2.0;
    format      ascii;
    class       volScalarField;
    location    "1.35";
    object      rAU;
}
// * * * * * * * * * * * * * * * * * * * * * * * * * * * * * * * * * * * * * //

dimensions      [0 0 1 0 0 0 0];

internalField   nonuniform List<scalar> 
4393
(
0.00022764592
0.00022727341
0.00022690861
0.00022653593
0.00022615322
0.00022575909
0.00022535113
0.00022492816
0.00022448932
0.00022403439
0.00022356397
0.00022307954
0.0002225836
0.00022207966
0.00022157208
0.00022106699
0.00022057018
0.00022008864
0.00021963
0.00021920187
0.00021881201
0.00021846812
0.00021817774
0.0002179481
0.00021778588
0.00021769704
0.00021768626
0.00021768626
0.00021775686
0.00021790997
0.00021814376
0.00021845324
0.00021883022
0.00021926365
0.00021974026
0.00022024551
0.00022076455
0.00022128319
0.00022178859
0.00022226974
0.00022271764
0.00022312536
0.0002234878
0.00022380152
0.00022406442
0.00022427548
0.0002244348
0.00022454286
0.00022458504
0.00022451463
0.00022419536
0.00022389098
0.00022357749
0.00022325215
0.00022291328
0.00022255867
0.00022218744
0.00022179916
0.00022139421
0.00022097382
0.00022054028
0.00022009692
0.00021964821
0.00021919944
0.00021875764
0.00021832937
0.00021792226
0.00021754439
0.00021720364
0.00021690788
0.00021666484
0.00021648198
0.00021636634
0.00021632427
0.0002163612
0.00021644898
0.0002164218
0.00021646396
0.0002165899
0.00021680115
0.00021709616
0.00021746979
0.00021791329
0.00021841466
0.00021895963
0.00021953268
0.00022011831
0.00022070193
0.00022127059
0.0002218134
0.00022232165
0.00022278871
0.00022320983
0.00022358178
0.0002239024
0.0002241708
0.00022438848
0.00022454265
0.00022401107
0.00022370354
0.00022340449
0.00022309383
0.00022276884
0.000222428
0.00022206931
0.00022169218
0.00022129661
0.00022088345
0.00022045462
0.00022001313
0.00021956323
0.00021911033
0.00021866075
0.0002182225
0.00021780305
0.00021741076
0.00021705424
0.00021674171
0.00021648126
0.00021628066
0.00021614737
0.00021608836
0.00021610981
0.00021621681
0.00021630785
0.00021618754
0.0002161481
0.00021619657
0.0002163379
0.00021657378
0.00021690165
0.00021731435
0.00021780034
0.00021834471
0.00021893049
0.00021954019
0.00022015702
0.00022076589
0.00022135394
0.00022191081
0.00022242856
0.00022290145
0.00022332547
0.00022369799
0.00022401791
0.00022428532
0.00022448053
0.00022365721
0.00022335502
0.00022305583
0.00022274199
0.00022241102
0.00022206162
0.00022169194
0.00022130163
0.00022089101
0.00022046139
0.00022001528
0.00021955642
0.00021908997
0.00021862237
0.00021816108
0.00021771524
0.00021729343
0.0002169049
0.00021655898
0.0002162644
0.00021602952
0.00021586236
0.00021577051
0.00021576105
0.0002158403
0.00021601333
0.0002161013
0.00021589479
0.00021577089
0.00021574016
0.00021581134
0.00021598965
0.00021627526
0.00021666241
0.00021713955
0.00021769056
0.00021829638
0.000218937
0.00021959306
0.00022024708
0.00022088418
0.00022149239
0.00022206257
0.00022258814
0.00022306458
0.00022348906
0.00022386037
0.0002241775
0.00022442232
0.0002232968
0.00022299871
0.0002226998
0.0002223831
0.00022204631
0.00022168826
0.00022130721
0.00022090299
0.0002204762
0.00022002852
0.00021956298
0.00021908406
0.00021859779
0.00021811172
0.00021763455
0.00021717672
0.00021674801
0.00021635875
0.00021601907
0.00021573821
0.0002155249
0.00021538738
0.00021533345
0.0002153705
0.00021550516
0.00021574287
0.00021583864
0.00021554149
0.00021532915
0.00021521621
0.00021521582
0.00021533729
0.00021558376
0.00021595079
0.00021642633
0.00021699228
0.00021762675
0.0002183065
0.0002190091
0.00021971441
0.00022040543
0.00022106864
0.00022169382
0.00022227375
0.0002228036
0.00022328054
0.00022370325
0.00022407055
0.0002243666
0.00022292063
0.00022262718
0.0002223296
0.000222011
0.00022166918
0.00022130301
0.00022091083
0.00022049256
0.00022004896
0.00021958204
0.00021909527
0.00021859381
0.00021808459
0.00021757633
0.00021707908
0.00021660476
0.00021616458
0.00021577008
0.00021543227
0.00021516095
0.0002149652
0.00021485346
0.00021483384
0.00021491416
0.00021510168
0.0002154026
0.00021552136
0.00021512774
0.00021482131
0.00021462136
0.00021454628
0.00021461034
0.00021482017
0.00021517258
0.0002156544
0.00021624465
0.00021691752
0.00021764572
0.00021840313
0.00021916659
0.00021991688
0.00022063897
0.0002213218
0.00022195774
0.00022254195
0.00022307182
0.00022354622
0.00022396442
0.00022431234
0.00022252919
0.00022224107
0.00022194584
0.00022162634
0.00022128034
0.00022090667
0.00022050363
0.00022007117
0.00021961011
0.00021912266
0.00021861267
0.00021808592
0.00021755025
0.0002170156
0.00021649357
0.00021599779
0.00021554116
0.00021513662
0.00021479615
0.00021453014
0.00021434791
0.00021425808
0.00021426906
0.00021438923
0.00021462682
0.00021498929
0.00021515152
0.00021465411
0.00021424609
0.00021395224
0.00021379742
0.00021380212
0.00021397729
0.00021432099
0.00021481817
0.00021544367
0.00021616645
0.00021695404
0.00021777585
0.00021860532
0.0002194209
0.00022020618
0.00022094947
0.00022164302
0.00022228229
0.00022286512
0.00022339096
0.0002238599
0.00022425929
0.00022212449
0.00022184304
0.00022155136
0.00022123198
0.00022088264
0.00022050205
0.00022008841
0.00021964154
0.00021916224
0.00021865279
0.00021811731
0.0002175621
0.00021699591
0.00021643002
0.00021587777
0.00021535483
0.00021487614
0.00021445628
0.00021410834
0.00021384322
0.00021367034
0.00021359838
0.00021363597
0.00021379218
0.00021407652
0.00021449835
0.00021473066
0.00021412049
0.00021360119
0.00021320402
0.00021296194
0.00021290353
0.00021304539
0.0002133869
0.00021391004
0.00021458373
0.00021536995
0.00021622961
0.00021712678
0.00021803105
0.0002189185
0.00021977154
0.00022057814
0.00022133085
0.00022202574
0.00022266146
0.00022323829
0.0002237574
0.00022420739
0.00022170821
0.00022143429
0.00022114723
0.00022082905
0.0002204773
0.0002200905
0.0002196666
0.00021920521
0.00021870694
0.00021817398
0.00021761058
0.00021702349
0.00021642231
0.00021581972
0.00021523112
0.00021467463
0.00021416767
0.00021372687
0.00021336651
0.00021309785
0.00021293021
0.00021287203
0.000212932
0.00021311996
0.00021344705
0.00021392521
0.0002142617
0.00021352797
0.00021288512
0.00021237209
0.0002120321
0.00021190459
0.00021201381
0.00021236068
0.00021292262
0.00021366021
0.00021452606
0.00021547269
0.00021645773
0.00021744654
0.00021841287
0.00021933828
0.00022021085
0.00022102388
0.00022177449
0.00022246248
0.00022308935
0.0002236575
0.00022415681
0.00022128237
0.00022101786
0.00022073684
0.00022042105
0.00022006792
0.00021967567
0.00021924194
0.00021876597
0.00021824798
0.00021768992
0.00021709597
0.00021647314
0.00021583184
0.00021518625
0.00021455412
0.0002139566
0.0002134143
0.00021294634
0.00021256832
0.00021229168
0.00021212517
0.00021207658
0.0002121544
0.00021236916
0.00021273397
0.00021326416
0.00021374801
0.00021287793
0.00021209625
0.00021145091
0.00021099826
0.00021079261
0.00021086902
0.00021123033
0.00021184701
0.00021266787
0.00021363291
0.000214684
0.00021577115
0.00021685519
0.00021790776
0.00021891005
0.00021985091
0.00022072494
0.00022153084
0.00022226998
0.00022294539
0.00022356091
0.00022410781
0.0002208496
0.0002205951
0.00022032122
0.00022000901
0.00021965559
0.00021925881
0.00021881585
0.00021832539
0.00021778712
0.00021720245
0.00021657528
0.00021591265
0.00021522563
0.00021452996
0.00021384612
0.00021319908
0.00021261354
0.0002121118
0.00021171098
0.00021142226
0.00021125318
0.00021121021
0.00021130115
0.00021153704
0.00021193327
0.00021250945
0.00021319493
0.00021217354
0.00021123423
0.00021043521
0.00020984962
0.00020955253
0.00020959488
0.00020998197
0.00021067374
0.00021160214
0.0002126902
0.00021386633
0.0002150717
0.00021626244
0.00021740865
0.00021849194
0.00021950274
0.0002204377
0.00022129767
0.00022208611
0.00022280788
0.0002234685
0.00022406077
0.00022041085
0.00022016891
0.00021990395
0.00021959683
0.00021924452
0.00021884443
0.00021839316
0.00021788867
0.00021732984
0.00021671727
0.00021605422
0.00021534749
0.00021460853
0.00021385459
0.00021310932
0.00021240255
0.00021176441
0.00021122145
0.00021079244
0.00021048774
0.00021031266
0.00021027138
0.00021037031
0.00021062066
0.00021104024
0.00021165396
0.00021248714
0.00021141933
0.00021029986
0.00020931967
0.00020857334
0.00020816544
0.00020817089
0.00020859858
0.00020939201
0.00021045887
0.00021169919
0.00021302456
0.00021436615
0.00021567567
0.00021692262
0.00021809025
0.00021917165
0.00022016644
0.00022107834
0.00022191334
0.00022267853
0.00022338129
0.00022401615
0.00021997136
0.00021974207
0.00021948708
0.00021918639
0.00021883655
0.00021843444
0.0002179759
0.000217458
0.0002168785
0.00021623685
0.00021553525
0.00021477982
0.00021398202
0.00021316044
0.0002123423
0.00021156369
0.00021086221
0.00021027014
0.00020980823
0.00020948497
0.00020930189
0.00020925946
0.00020936168
0.00020961922
0.0002100523
0.00021069212
0.00021157858
0.00021062339
0.00020929658
0.0002081
0.00020715477
0.00020660762
0.00020657098
0.00020705933
0.00020798993
0.00020923515
0.00021066378
0.00021216672
0.00021366431
0.00021510483
0.0002164588
0.00021771282
0.00021886406
0.00021991623
0.00022087667
0.00022175447
0.00022255925
0.00022330047
0.00022397449
0.00021952982
0.00021931653
0.00021907371
0.0002187814
0.00021843601
0.00021803384
0.00021756991
0.00021704013
0.00021644085
0.00021576992
0.00021502791
0.0002142197
0.00021335614
0.00021245665
0.00021155232
0.00021068728
0.00020990954
0.00020925952
0.00020876023
0.00020841676
0.00020822445
0.00020817818
0.00020827827
0.000208534
0.00020896763
0.00020961762
0.00021053677
0.00020979741
0.00020823135
0.00020677381
0.00020557719
0.00020484861
0.00020476083
0.00020533814
0.00020645443
0.00020793016
0.00020959167
0.000211305
0.00021297977
0.00021456288
0.00021602856
0.00021736903
0.00021858744
0.00021969281
0.00022069696
0.00022161259
0.00022245213
0.00022322731
0.0002239364
0.00021909696
0.00021889913
0.00021866951
0.00021838717
0.00021804802
0.00021764769
0.0002171802
0.00021664007
0.00021602189
0.00021532135
0.00021453674
0.00021367089
0.00021273319
0.000211743
0.00021073523
0.00020976445
0.00020889361
0.00020817512
0.00020763488
0.00020727213
0.00020707246
0.00020702242
0.00020711706
0.00020736285
0.0002077829
0.00020842336
0.00020935272
0.00020895792
0.00020711635
0.00020534243
0.00020382239
0.00020284883
0.00020269414
0.00020340197
0.0002047716
0.00020654677
0.00020849613
0.00021045726
0.00021233084
0.00021406639
0.00021564572
0.00021706991
0.00021835023
0.0002195025
0.00022054384
0.00022149098
0.00022235942
0.00022316318
0.00022390253
0.00021866432
0.00021848594
0.00021827195
0.00021800181
0.00021767139
0.0002172757
0.00021680767
0.00021626027
0.00021562595
0.00021489767
0.00021407058
0.00021314447
0.00021212607
0.0002110331
0.00020990338
0.00020880465
0.00020782168
0.00020702481
0.00020644363
0.00020606724
0.00020586565
0.00020581321
0.00020589807
0.00020612242
0.00020650844
0.00020711029
0.00020801582
0.00020813056
0.00020597201
0.00020381412
0.00020187229
0.00020055645
0.00020030642
0.00020120844
0.00020292756
0.00020509413
0.00020739866
0.00020964892
0.00021174176
0.00021363598
0.00021532673
0.00021682799
0.00021816176
0.00021935208
0.00022042214
0.00022139303
0.00022228337
0.00022310949
0.00022387356
0.00021825472
0.00021809462
0.00021789736
0.00021764149
0.00021732247
0.00021693453
0.00021646943
0.00021591831
0.00021527106
0.00021451717
0.00021364754
0.00021265749
0.00021154952
0.0002103372
0.00020905875
0.00020779794
0.00020667216
0.00020578
0.00020515617
0.00020477348
0.00020457764
0.00020452607
0.00020459942
0.00020479451
0.00020512883
0.00020566255
0.00020650566
0.00020734388
0.00020482788
0.0002022093
0.00019971374
0.0001979043
0.00019750483
0.00019870283
0.00020091057
0.00020359211
0.00020633293
0.00020891561
0.00021124397
0.00021329683
0.00021509058
0.0002166571
0.00021803185
0.00021924846
0.00022033667
0.00022132203
0.0002222262
0.00022306761
0.00022385014
0.00021784749
0.00021770989
0.00021753174
0.00021729242
0.00021698755
0.00021661078
0.00021615262
0.00021560233
0.00021494699
0.00021417204
0.00021326297
0.00021220906
0.00021100677
0.0002096622
0.00020820869
0.00020674765
0.00020544593
0.00020444769
0.0002037944
0.00020343196
0.00020326644
0.00020323043
0.00020329689
0.00020345607
0.00020371335
0.00020413029
0.00020484354
0.0002060342
0.0002037437
0.00020057553
0.00019735142
0.00019481108
0.00019415301
0.00019581567
0.00019871558
0.00020207849
0.00020535043
0.00020830632
0.00021087734
0.0002130787
0.00021495839
0.00021657177
0.00021797037
0.00021919828
0.00022029192
0.00022128103
0.00022218992
0.00022303879
0.00022383292
0.00021750038
0.00021738357
0.00021722589
0.00021700603
0.00021671946
0.00021635922
0.00021591464
0.000215373
0.00021471832
0.00021393132
0.00021299042
0.00021187626
0.00021057652
0.00020908525
0.00020742049
0.00020569794
0.00020416018
0.00020302822
0.00020235211
0.0002020348
0.00020191809
0.0002018997
0.00020195043
0.00020205989
0.0002022121
0.00020246383
0.00020298335
0.00020401742
0.00020278659
0.00019900492
0.00019484805
0.00019120693
0.0001900549
0.00019246323
0.00019635305
0.0002006209
0.00020452878
0.00020788736
0.00021069127
0.00021301563
0.00021495257
0.0002165864
0.00021798649
0.00021920744
0.00022029172
0.00022127254
0.0002221762
0.0002230241
0.00022382243
0.00021723425
0.00021714263
0.00021700936
0.00021681346
0.00021655076
0.00021621375
0.0002157906
0.0002152666
0.00021462257
0.00021383412
0.00021287135
0.00021170348
0.0002103068
0.00020866003
0.0002067505
0.00020469336
0.00020284752
0.00020157089
0.00020091976
0.00020072965
0.00020073429
0.00020078139
0.00020085119
0.00020094708
0.00020100603
0.00020105622
0.00020129342
0.00020202777
0.00020233105
0.00019782444
0.00019244926
0.00018711936
0.00018495208
0.00018856499
0.00019387534
0.00019933964
0.00020398458
0.00020774674
0.00021074472
0.00021314441
0.00021509514
0.00021671394
0.00021808779
0.00021928041
0.00022033881
0.00022129832
0.00022218621
0.0002230243
0.00022381909
0.00021729489
0.0002172313
0.00021712836
0.00021696412
0.00021673477
0.00021643254
0.000216045
0.00021555608
0.00021494413
0.00021418025
0.00021322577
0.00021203494
0.00021056739
0.00020878265
0.00020661397
0.00020412839
0.00020185458
0.00020041216
0.0001998442
0.00019988947
0.00020009347
0.00020023158
0.00020031098
0.00020038913
0.00020031175
0.00020004395
0.00019983837
0.00020006305
0.00020116965
0.00019739924
0.00019065536
0.00018290892
0.00017860532
0.00018415439
0.00019145936
0.00019844538
0.00020388911
0.00020799711
0.00021110407
0.0002135014
0.0002154051
0.00021696394
0.00021827897
0.00021941952
0.00022043438
0.00022135907
0.00022222044
0.00022303977
0.00022382316
0.00021805356
0.00021802474
0.00021796658
0.00021785198
0.00021767717
0.00021743434
0.00021711097
0.00021669024
0.00021614837
0.000215452
0.00021455268
0.00021338424
0.00021187926
0.00020997597
0.0002075367
0.00020447858
0.00020155686
0.00019995741
0.00019962493
0.00020017938
0.00020079993
0.00020115758
0.00020131095
0.00020150062
0.00020142581
0.0002008764
0.00020026374
0.00019981624
0.00020077265
0.0001997561
0.000191288
0.00018001134
0.000170937
0.00017964613
0.00018946919
0.00019826352
0.00020448175
0.00020877472
0.00021183675
0.00021411666
0.00021589437
0.00021734026
0.00021856062
0.00021962425
0.00022057774
0.00022145425
0.0002222786
0.00022307045
0.00022383469
0.00022070469
0.00022075235
0.0002207813
0.00022075978
0.00022068597
0.00022055297
0.0002203495
0.0002200597
0.00021965981
0.00021911503
0.00021837159
0.0002173453
0.00021593354
0.00021405274
0.00021150402
0.00020784402
0.00020397264
0.00020245745
0.00020277262
0.00020447942
0.00020596459
0.00020683118
0.00020720546
0.00020785566
0.00020820968
0.00020725832
0.00020612681
0.00020427139
0.00020492292
0.00020346724
0.00019648724
0.00018117024
0.00016220878
0.00017629483
0.00018868655
0.00019948825
0.000206142
0.00021024035
0.00021299878
0.00021500444
0.00021656255
0.0002178384
0.00021892791
0.0002198906
0.00022076595
0.00022158192
0.00022235954
0.00022311576
0.0002238535
0.00022646903
0.00022660994
0.0002267696
0.00022689411
0.00022698132
0.00022702643
0.00022702226
0.00022695799
0.00022681521
0.00022656418
0.0002261538
0.00022548649
0.00022440015
0.000222729
0.00022022859
0.00021579623
0.00020966307
0.00020835628
0.00020953769
0.00021337527
0.00021635475
0.00021820635
0.00021875457
0.00022020913
0.00022191355
9.2952213e-05
9.5429958e-05
9.7679403e-05
9.986406e-05
0.00010286229
9.4453564e-05
8.619799e-05
0.00010657028
0.00017931983
0.00019342279
0.0002041188
0.00020944761
0.00021252877
0.00021460039
0.00021614743
0.00021739056
0.00021844312
0.00021936975
0.00022021087
0.00022099385
0.00022173872
0.00022246123
0.00022317462
0.00022387916
0.00023930521
0.00023974494
0.00024023601
0.00024071191
0.00024118193
0.00024165025
0.0002421216
0.00024259958
0.00024308277
0.00024356002
0.0002439981
0.00024430406
0.00024425788
0.00024352232
0.00024187422
0.00023793244
0.00022683328
0.00022933805
0.00023536723
0.00024951555
0.00026085661
0.00026954307
0.00012803982
0.00016622728
0.0003205328
0.00046076449
0.00049956686
0.00049956686
0.00049956686
0.00049956686
0.00049956686
0.00045031487
0.00033649611
6.8074281e-05
0.00021296523
0.00021345377
0.00021437273
0.00021548905
0.00021653164
0.00021747675
0.00021833588
0.00021912768
0.00021986902
0.00022057392
0.00022125417
0.00022192002
0.00022258083
0.00022324548
0.00022391102
0.00026440757
0.0002653941
0.00026652356
0.00026769513
0.00026892953
0.00027025135
0.00027169453
0.00027330171
0.00027512539
0.00027723193
0.00027970589
0.0002826416
0.00028613498
0.00029022248
0.00029468927
0.00030157574
0.00027327489
0.00030435085
0.00035541963
0.00037197065
0.0002789315
0.00032419175
0.00049956686
0.00049956686
0.00049956686
0.00049956686
0.00049956686
0.00049956686
0.00049956686
0.00049956686
0.00041264019
0.00041827981
0.00010204116
0.00026658908
0.00023113488
0.00022209156
0.00021927013
0.00021853007
0.00021854985
0.0002188777
0.00021933768
0.00021985701
0.00022040425
0.00022096616
0.00022153818
0.00022212024
0.00022271489
0.00022332637
0.00022394824
0.0003022031
0.00030431018
0.00030640816
0.00030857982
0.0003109
0.00031344168
0.00031629104
0.00031956152
0.00032341265
0.00032808793
0.00033398367
0.00034167863
0.00035175558
0.00036477937
0.00038499297
0.00040256151
0.00025645282
0.0002550369
0.00026527301
0.00049104162
0.00047817258
0.00048811729
0.00047869954
0.00047372267
0.00047746532
0.00045865892
0.00045172059
0.00045351742
0.00044093871
0.00043652499
0.00010692215
0.00010767387
0.00021978932
0.00025236326
0.0002369452
0.00022740656
0.00022311155
0.00022121487
0.0002204454
0.00022024093
0.00022033465
0.00022059461
0.00022095277
0.00022137307
0.00022183642
0.00022233323
0.00022285956
0.00022341509
0.00022398981
0.00028865867
0.0002891879
0.0002894015
0.00028961333
0.0002898239
0.00029006394
0.00029035867
0.00029074432
0.00029127338
0.00029202327
0.00029311564
0.0002941942
0.0002951729
0.0002959331
0.00029333424
0.00010306186
0.00037637483
0.00047111257
0.00047299039
0.00049382646
0.0004861328
0.00048244743
0.00012421547
0.0001212833
0.00010077179
0.0001000554
0.0001006307
0.00010197454
0.00010292885
0.00010452305
0.00020121218
0.00020768236
0.0002180906
0.00023902597
0.0002396286
0.00023075856
0.00022595437
0.00022341343
0.00022210477
0.00022148935
0.00022127701
0.00022130837
0.00022149354
0.00022178067
0.00022213957
0.0002225528
0.00022301084
0.00022350925
0.00022403463
0.00022325772
0.00022309398
0.0002228098
0.00022253402
0.00022227425
0.00022204758
0.00022187
0.00022176487
0.00022176453
0.00022191383
0.00022227753
0.00022210012
0.00022117488
0.00021944057
0.00021677236
0.00021319828
9.5938271e-05
9.9135571e-05
9.9867643e-05
9.9773565e-05
0.0001001489
0.0001001757
0.00021253801
0.00021081086
0.00020892607
0.00020553996
0.00020443175
0.00020387597
0.00020210616
0.00020212561
0.00020330776
0.00020901601
0.00021824193
0.00023218323
0.00023802479
0.00023248005
0.00022785478
0.00022508646
0.000223473
0.00022257611
0.00022212976
0.00022197332
0.00022200902
0.0002221767
0.00022243907
0.00022277308
0.00022316484
0.00022360646
0.00022408155
0.00021924324
0.00021932165
0.00021944553
0.00021957853
0.00021973182
0.00021991754
0.00022014824
0.00022043992
0.00022081181
0.00022128657
0.00022183627
0.00022156294
0.00022081255
0.00021958355
0.00021781483
0.00021501193
0.00021256342
0.00021407394
0.00021591305
0.00021420366
0.00021237334
0.00021120873
0.00021005386
0.00020833176
0.00020729831
0.00020568154
0.00020477598
0.00020420234
0.00020347754
0.00020394751
0.00020593298
0.00021089113
0.00021855289
0.00022811425
0.00023383867
0.00023318091
0.00022901865
0.00022628356
0.00022454569
0.00022348219
0.00022287298
0.00022257263
0.00022248608
0.00022255126
0.00022272765
0.00022298884
0.00022331795
0.00022370448
0.00022412948
0.00021786511
0.00021794285
0.00021806573
0.00021820214
0.00021835498
0.00021853181
0.00021874111
0.0002189939
0.0002193026
0.0002196808
0.00021996907
0.00021948151
0.00021872953
0.00021766235
0.00021624129
0.00021441677
0.00021330125
0.00021414841
0.00021527431
0.00021348002
0.00021189032
0.00021067337
0.00020951859
0.00020830446
0.00020735056
0.00020629245
0.0002056429
0.0002052832
0.00020520989
0.0002060868
0.00020833173
0.00021262242
0.0002187629
0.00022561977
0.00023030597
0.00023231521
0.00022962593
0.00022707941
0.00022534533
0.00022420797
0.00022349916
0.00022309705
0.00022291609
0.00022289713
0.00022299956
0.00022319573
0.00022346705
0.00022380123
0.00022417736
0.00021718893
0.00021730749
0.00021744466
0.00021759325
0.00021775922
0.00021794903
0.00021816881
0.00021842603
0.00021872763
0.00021907894
0.00021920376
0.00021876472
0.00021811836
0.00021723425
0.00021609194
0.00021484221
0.00021422417
0.00021472705
0.00021501505
0.00021339409
0.00021200059
0.00021085134
0.00020979581
0.00020881563
0.00020799674
0.00020726223
0.00020684463
0.00020673082
0.00020702801
0.00020812221
0.00021033577
0.00021399433
0.00021887399
0.00022401391
0.00022786822
0.00023022412
0.00022984562
0.00022755798
0.00022590897
0.00022476646
0.00022401002
0.00022354355
0.00022329447
0.00022320961
0.00022325065
0.00022339032
0.00022360951
0.00022389495
0.00022422427
0.00021689975
0.00021697083
0.00021708465
0.00021721768
0.00021736807
0.00021753936
0.00021773534
0.00021796085
0.00021821974
0.00021851345
0.00021851346
0.00021812792
0.00021760004
0.00021691791
0.00021609431
0.00021530718
0.00021499917
0.0002153879
0.00021497147
0.0002135761
0.00021235474
0.00021131114
0.00021037986
0.00020956107
0.00020888807
0.0002083711
0.00020813138
0.0002082054
0.00020871021
0.00020988692
0.00021195343
0.00021505235
0.00021895387
0.00022294732
0.00022614373
0.00022830866
0.00022930237
0.00022779293
0.00022627706
0.00022517715
0.00022441329
0.00022391377
0.00022361997
0.0002234863
0.00022347825
0.00022357016
0.00022374333
0.00022398417
0.00022426941
0.00021675847
0.00021686926
0.00021699263
0.00021712623
0.00021727407
0.00021743925
0.00021762346
0.00021782855
0.00021805454
0.00021829827
0.0002182393
0.00021789437
0.00021744639
0.0002168999
0.0002162951
0.00021579073
0.00021565224
0.00021595863
0.0002150249
0.00021384055
0.00021278117
0.00021185809
0.00021105117
0.00021036816
0.00020983212
0.00020947572
0.0002093743
0.00020958052
0.00021019578
0.00021137615
0.00021325751
0.00021588437
0.00021904512
0.00022223691
0.00022491221
0.00022686105
0.00022809461
0.00022785006
0.0002264892
0.00022546216
0.0002247202
0.00022421252
0.00022389385
0.00022372665
0.00022368098
0.00022373365
0.00022386703
0.00022406778
0.00022431216
0.00021668549
0.00021675379
0.00021685834
0.00021697979
0.0002171157
0.0002172672
0.00021743446
0.0002176177
0.00021781499
0.00021802087
0.0002179591
0.00021767732
0.00021732513
0.00021691558
0.00021649704
0.00021619407
0.00021617042
0.00021615405
0.00021511809
0.00021412136
0.00021321367
0.00021241487
0.0002117276
0.00021116534
0.00021075095
0.00021052007
0.00021052718
0.00021082495
0.00021149347
0.00021263442
0.00021432582
0.00021656133
0.00021915968
0.00022176763
0.00022402726
0.0002257643
0.00022695319
0.00022750715
0.00022657959
0.00022564326
0.00022494342
0.00022444652
0.00022411915
0.00022393153
0.0002238586
0.00022388001
0.00022397969
0.00022414497
0.00022435204
0.00021663312
0.00021672282
0.00021682787
0.00021694228
0.00021706765
0.00021720497
0.00021735335
0.00021751162
0.00021767643
0.00021784102
0.00021778794
0.00021755317
0.00021727415
0.00021696973
0.00021668757
0.00021652094
0.0002165745
0.00021608385
0.00021523271
0.00021439995
0.00021363222
0.00021295455
0.00021238082
0.00021192844
0.00021162096
0.00021149166
0.0002115835
0.0002119428
0.00021262973
0.00021370943
0.0002152214
0.00021713509
0.00021930152
0.00022147022
0.00022339562
0.00022493742
0.00022605574
0.00022678064
0.0002265784
0.00022574072
0.00022509581
0.0002246234
0.00022430001
0.00022410287
0.00022401167
0.00022400907
0.00022408083
0.00022421522
0.00022438869
0.00021660144
0.00021666655
0.00021675995
0.0002168658
0.00021698192
0.00021710804
0.00021724229
0.00021738247
0.00021752427
0.00021766022
0.00021763938
0.0002174542
0.00021724334
0.00021702783
0.00021685035
0.00021678024
0.00021670194
0.00021606508
0.00021536618
0.00021467585
0.00021403542
0.00021347168
0.00021300371
0.00021265109
0.00021243713
0.00021239144
0.00021254897
0.00021294785
0.00021363168
0.00021464064
0.00021598987
0.00021763928
0.000219469
0.0002212983
0.00022295223
0.00022431906
0.00022535556
0.00022607135
0.00022638104
0.00022577209
0.00022518952
0.00022475101
0.00022444115
0.00022424328
0.00022414142
0.00022412122
0.00022417038
0.0002242783
0.00022442194
0.00021657826
0.0002166492
0.0002167382
0.00021683538
0.00021694041
0.00021705296
0.00021717071
0.000217291
0.00021740919
0.00021751792
0.00021752919
0.00021738541
0.00021723037
0.00021708496
0.0002169854
0.00021694155
0.00021661974
0.00021608818
0.00021551679
0.00021495041
0.00021442476
0.00021396615
0.00021359546
0.00021333284
0.00021320048
0.00021322415
0.00021343237
0.00021385522
0.0002145232
0.00021545952
0.00021666459
0.00021809657
0.00021965977
0.00022122119
0.00022265239
0.00022386461
0.00022481633
0.00022550579
0.00022595731
0.00022575265
0.00022523564
0.00022483697
0.00022454755
0.00022435577
0.00022424951
0.00022421724
0.00022424858
0.00022433419
0.00022445169
0.00021656782
0.00021662665
0.000216708
0.00021679791
0.00021689445
0.00021699665
0.0002171018
0.00021720691
0.00021730723
0.00021739581
0.00021743932
0.00021733352
0.00021722546
0.00021713566
0.00021709419
0.00021694412
0.00021657833
0.00021614586
0.0002156828
0.00021522464
0.00021480189
0.00021443913
0.00021415706
0.00021397527
0.00021391412
0.00021399571
0.00021424307
0.00021467913
0.00021532442
0.00021619065
0.00021726985
0.00021852222
0.00021987141
0.00022121755
0.00022246414
0.00022354049
0.00022440897
0.00022506187
0.00022551295
0.00022566545
0.0002252439
0.00022488839
0.0002246241
0.00022444352
0.00022433788
0.00022429818
0.00022431592
0.00022438305
0.00022447796
0.00021656462
0.00021662212
0.00021669801
0.00021678027
0.00021686758
0.00021695894
0.00021705151
0.00021714229
0.00021722675
0.00021729858
0.00021734935
0.00021729418
0.00021722418
0.00021717745
0.00021710319
0.00021687785
0.00021657921
0.00021623116
0.00021586133
0.00021549814
0.00021516747
0.00021489153
0.00021468978
0.00021458042
0.00021458164
0.00021471202
0.00021498987
0.0002154321
0.00021605174
0.00021685288
0.00021782314
0.00021892638
0.00022010141
0.00022127189
0.00022236389
0.00022332091
0.00022410995
0.0002247206
0.00022515987
0.00022544591
0.00022522266
0.0002249117
0.00022467547
0.00022450978
0.00022440863
0.00022436531
0.00022437307
0.00022442516
0.00022450084
0.00021656983
0.000216621
0.00021669121
0.0002167671
0.00021684685
0.0002169293
0.00021701155
0.00021709075
0.00021716271
0.00021722191
0.00021726131
0.00021725424
0.00021721447
0.00021716573
0.00021704053
0.00021685246
0.00021661303
0.00021633813
0.0002160495
0.00021577013
0.0002155219
0.00021532444
0.00021519534
0.000215151
0.00021520717
0.00021537922
0.00021568133
0.00021612549
0.00021671915
0.00021746143
0.00021833796
0.00021931674
0.00022034837
0.00022137355
0.00022233479
0.00022318674
0.00022390108
0.00022446663
0.00022488625
0.00022517253
0.00022517926
0.00022491271
0.00022470607
0.0002245577
0.00022446392
0.00022442
0.00022442081
0.00022446091
0.00022452048
0.00021658093
0.00021662895
0.00021669431
0.00021676407
0.00021683657
0.00021691071
0.00021698369
0.00021705287
0.00021711457
0.00021716409
0.00021719568
0.00021720269
0.00021717798
0.00021711474
0.00021700806
0.00021685842
0.00021667179
0.00021646114
0.00021624397
0.00021603907
0.00021586487
0.0002157384
0.00021567514
0.0002156894
0.00021579448
0.00021600275
0.00021632484
0.00021676871
0.00021733773
0.00021802779
0.00021882399
0.00021969828
0.00022061053
0.000221514
0.00022236348
0.00022312246
0.00022376701
0.00022428633
0.00022468091
0.00022495953
0.00022509868
0.00022489636
0.00022471982
0.00022459024
0.00022450586
0.00022446365
0.00022445998
0.00022449073
0.00022453704
0.00021659735
0.00021664153
0.00021670252
0.00021676703
0.00021683334
0.00021690039
0.00021696554
0.0002170265
0.00021708009
0.00021712249
0.00021714915
0.00021715508
0.00021713518
0.00021708505
0.0002170021
0.00021688822
0.00021674905
0.00021659546
0.0002164418
0.00021630354
0.00021619615
0.00021613416
0.00021613087
0.00021619838
0.0002163476
0.00021658813
0.00021692751
0.00021737045
0.00021791726
0.00021856181
0.00021928938
0.00022007556
0.00022088743
0.00022168778
0.00022244072
0.00022311686
0.00022369626
0.00022416917
0.00022453492
0.00022479979
0.00022497473
0.00022486736
0.00022472055
0.00022461036
0.00022453659
0.00022449772
0.00022449147
0.00022451503
0.00022455068
0.00021661792
0.00021665923
0.00021671644
0.00021677623
0.00021683697
0.00021689774
0.00021695613
0.00021701019
0.00021705734
0.00021709454
0.00021711838
0.00021712531
0.00021711195
0.00021707579
0.00021701594
0.00021693524
0.00021683901
0.00021673656
0.00021663985
0.00021656169
0.00021651499
0.00021651195
0.00021656369
0.00021668014
0.00021686987
0.00021713994
0.00021749518
0.00021793763
0.0002184653
0.00021907076
0.00021973986
0.00022045131
0.00022117795
0.00022188985
0.0002225584
0.00022316002
0.0002236784
0.0002241052
0.00022443941
0.00022468581
0.00022485324
0.00022482908
0.0002247111
0.00022462031
0.00022455783
0.00022452342
0.00022451598
0.0002245341
0.00022456145
0.0002166414
0.00021668031
0.00021673435
0.00021679012
0.00021684605
0.0002169014
0.00021695402
0.00021700235
0.00021704438
0.00021707786
0.00021710041
0.00021710971
0.00021710386
0.00021708185
0.00021704408
0.00021699408
0.00021693691
0.00021688068
0.0002168355
0.00021681201
0.00021682092
0.00021687227
0.0002169751
0.00021713719
0.00021736489
0.00021766291
0.00021803371
0.00021847705
0.00021898913
0.00021956166
0.00022018118
0.00022082907
0.0002214827
0.0002221179
0.00022271182
0.00022324572
0.00022370657
0.0002240877
0.0002243883
0.00022461239
0.00022476741
0.00022478582
0.00022469521
0.00022462318
0.00022457194
0.00022454238
0.00022453448
0.00022454821
0.00022456926
0.00021666694
0.00021670412
0.00021675557
0.00021680787
0.00021685958
0.00021691016
0.00021695777
0.00021700124
0.00021703912
0.00021706987
0.00021709206
0.00021710448
0.00021710646
0.00021709824
0.00021708126
0.00021705955
0.000217038
0.00021702383
0.00021702567
0.00021705238
0.00021711274
0.00021721483
0.0002173657
0.00021757107
0.00021783517
0.00021816052
0.0002185474
0.00021899363
0.00021949389
0.00022003924
0.00022061688
0.00022121039
0.0002218008
0.0002223685
0.0002228954
0.00022336685
0.00022377284
0.0002241085
0.00022437369
0.00022457218
0.0002247106
0.00022473885
0.00022467387
0.00022461957
0.00022457916
0.00022455459
0.00022454672
0.0002245567
0.00022457332
0.00021669238
0.00021672908
0.00021677863
0.00021682802
0.00021687605
0.00021692242
0.00021696562
0.00021700414
0.00021703157
0.00021705502
0.00021707521
0.0002170935
0.00021711209
0.00021712049
0.00021712279
0.00021712706
0.0002171381
0.00021716243
0.00021720756
0.00021728085
0.00021738938
0.00021753944
0.00021773618
0.0002179834
0.00021828327
0.00021863625
0.00021904061
0.00021949235
0.00021998482
0.00022050852
0.00022105115
0.00022159805
0.00022213322
0.00022264082
0.00022310668
0.00022351977
0.00022387293
0.00022416318
0.00022439137
0.00022456147
0.00022467973
0.00022469241
0.0002246511
0.00022461318
0.00022458268
0.0002245626
0.00022455454
0.00022456013
0.00022457249
0.00021673654
0.00021676706
0.00021681138
0.00021685454
0.00021689528
0.00021693347
0.00021696797
0.00021699793
0.0002170178
0.00021703586
0.00021705427
0.0002170761
0.00021710543
0.00021713368
0.00021716661
0.00021719988
0.00021724032
0.00021729972
0.00021738467
0.00021750128
0.00021765516
0.00021785093
0.00021809198
0.00021838021
0.00021871585
0.00021909736
0.00021952107
0.00021998126
0.00022046997
0.00022097705
0.00022149051
0.00022199708
0.00022248316
0.00022293605
0.00022334501
0.00022370227
0.00022400341
0.0002242475
0.00022443662
0.00022457531
0.00022464731
0.00022464801
0.00022462766
0.00022460379
0.00022458123
0.00022456405
0.00022455488
0.00022455493
0.00022456052
0.00021931081
0.00021929414
0.00021928354
0.00021926991
0.00021925288
0.00021923266
0.0002192084
0.00021918031
0.00021914878
0.00021911474
0.00021907978
0.00021904629
0.00021901754
0.00021899771
0.00021899162
0.00021899182
0.00021900561
0.00021904491
0.00021911578
0.00021922339
0.00021937205
0.00021956486
0.00021980341
0.00022008764
0.00022041566
0.0002207837
0.00022118589
0.00022161439
0.00022205951
0.00022250998
0.00022295349
0.00022337752
0.00022377023
0.0002241215
0.00022442367
0.00022467214
0.00022486542
0.00022500493
0.00022509452
0.00022513982
0.00022512503
0.00022507947
0.00022501772
0.00022494601
0.00022486989
0.00022479437
0.00022472361
0.00022465889
0.00022458783
0.00031943152
0.00022140591
0.00019450575
0.00018766303
0.00019386811
0.00021657959
0.00025645282
0.00022276605
0.00018938044
0.00016009354
0.00041961644
0.00026527301
0.00023657039
0.00023888687
0.00026074267
0.00030732916
0.00038067437
0.00021827036
0.00015680218
0.00012815191
0.00045904037
0.00029721127
0.00025818563
0.00025584064
0.00027392517
0.00031429441
0.00034074496
0.00019985021
0.00014803433
0.00012334133
0.00044877175
0.00031333272
0.00027407105
0.0002681178
0.00028202882
0.00031425171
0.00028936706
0.00018122028
0.0001388265
0.00011778318
0.00043843282
0.00032435366
0.00028519355
0.00028176894
0.00029678493
0.00033181494
0.00024829033
0.00016562627
0.0001310229
0.00011312044
0.00041182054
0.00032043258
0.00028223107
0.00028305279
0.00030581176
0.00037197065
0.00021809141
0.00015370321
0.0001250015
0.00010968668
0.00040611202
0.00033284206
0.000292429
0.00029043781
0.00031243774
0.00035347834
0.00019519863
0.00014420571
0.00012010442
0.00010715602
0.00040610955
0.00033086849
0.00028639621
0.0002789315
0.00029349551
0.00027799049
0.00017526067
0.0001349035
0.00011493883
0.00010405242
0.0003047564
0.00021452024
0.00014142434
0.00011409594
0.0001012279
9.4612345e-05
9.1214768e-05
8.9603725e-05
8.9000173e-05
8.8859915e-05
0.00037736577
0.00031122427
0.00028009419
0.00028676288
0.00034335821
0.00020473648
0.0001464123
0.00012051787
0.00010684593
9.9288936e-05
0.00037456894
0.00032419175
0.00029937717
0.00031097115
0.000319779
0.00018126577
0.00013646442
0.00011501103
0.00010343433
9.6959226e-05
0.00037457448
0.00032018892
0.00029114469
0.00029169032
0.00024753609
0.00016215089
0.00012746464
0.00011006321
0.00010054889
9.5281813e-05
0.00035135623
0.00030089229
0.00029746178
0.00033985952
0.0002093276
0.00014632779
0.00011972398
0.00010580546
9.8069149e-05
9.3789924e-05
0.00032403506
0.00028733139
0.00029648059
0.00032847779
0.00018491658
0.00013667223
0.00011446967
0.00010266425
9.6141079e-05
9.2555462e-05
0.00032403851
0.00030109061
0.000318361
0.0002634989
0.0001654587
0.00012803982
0.0001097162
9.9882079e-05
9.4533146e-05
9.1778925e-05
0.00032392937
0.00030829786
0.00034621533
0.00021282789
0.00014710963
0.00011931393
0.00010504009
9.7238401e-05
9.3007943e-05
9.0847088e-05
0.0003109898
0.00029971019
0.00034139389
0.00018632619
0.00013580127
0.00011327412
0.00010155032
9.518026e-05
9.1800741e-05
9.0116854e-05
0.00031099359
0.00030046781
0.0002767658
0.00016622728
0.0001270113
0.00010848249
9.8759862e-05
9.3551682e-05
9.0895921e-05
8.9721356e-05
0.00032298423
0.00030867155
0.00022405609
0.00014822936
0.00011857128
0.00010401361
9.6288437e-05
9.2190846e-05
9.0169394e-05
8.9301777e-05
0.00033400015
0.00035048305
0.00019173908
0.00013570673
0.00011244348
0.00010073674
9.4505861e-05
9.1246352e-05
8.9693075e-05
8.9035671e-05
0.00030519618
0.0003205328
0.000174031
0.00012868686
0.00010885571
9.8771426e-05
9.3441515e-05
9.071237e-05
8.9474286e-05
8.9022148e-05
0.00030474634
0.00026784296
0.00015894772
0.00012225447
0.00010548825
9.6908031e-05
9.242118e-05
9.0185875e-05
8.9234305e-05
8.8936454e-05
0.00040435531
0.00033352749
0.00029879068
0.00030046645
0.00032342111
0.00023555506
0.00015822834
0.0001266103
0.00011027112
0.0001010658
0.00031155326
0.00022254278
0.00022702451
0.00024608105
0.0002804798
0.00034618899
0.00047051419
0.00030817665
0.00020802053
0.00015879773
0.00037481107
0.0002426002
0.0002202979
0.00022517924
0.00024766154
0.00029370853
0.00038210431
0.00023556474
0.00016617336
0.00013402899
0.00031155739
0.00021952299
0.00022272813
0.00023173882
0.00025141044
0.0002938765
0.00035344917
0.00025808546
0.0001987489
0.00016238269
0.00031283245
0.00021817661
0.00021394175
0.00022715682
0.0002550369
0.00030864096
0.00039958673
0.00026976282
0.00018764783
0.00014750116
0.00033554993
0.00022535963
0.00021184593
0.00022007754
0.00024364293
0.00028970058
0.00037836359
0.00025189936
0.00017570438
0.00013938176
0.00015495488
0.00011782192
0.00010204116
9.4449179e-05
9.0979128e-05
8.9960481e-05
9.0584556e-05
9.2416838e-05
9.5211844e-05
9.8859289e-05
0.0001313499
0.00012141491
0.00011279392
0.0001068528
0.00010315758
0.00010121249
0.00010064929
0.00010120827
0.00010271211
0.00010506803
0.00034940492
0.00018160826
0.00012862019
0.00010786714
9.799311e-05
9.2952213e-05
9.0433054e-05
8.931408e-05
8.8974837e-05
8.8942509e-05
0.00035635278
0.00016591024
0.00012255118
0.00010490291
9.6488541e-05
9.2213023e-05
9.0106518e-05
8.9200646e-05
8.8954326e-05
8.8935396e-05
0.00030273192
0.00015596042
0.00011907717
0.00010350123
9.5994033e-05
9.2142209e-05
9.0232898e-05
8.9407911e-05
8.9181825e-05
8.9160286e-05
0.0002638314
0.00014550013
0.00011513547
0.00010190471
9.5429958e-05
9.2048833e-05
9.0348477e-05
8.9601105e-05
8.937684e-05
8.9289547e-05
0.00023623113
0.00013769328
0.00011188167
0.00010044224
9.4823295e-05
9.1862673e-05
9.0369147e-05
8.9723712e-05
8.9554092e-05
8.950693e-05
0.00021520471
0.00013110243
0.00010899915
9.9029479e-05
9.4121784e-05
9.1525147e-05
9.0223247e-05
8.9684761e-05
8.9578298e-05
8.9546148e-05
0.00019859219
0.00012553807
0.0001064301
9.7679403e-05
9.336849e-05
9.1086753e-05
8.9954834e-05
8.9512752e-05
8.9464142e-05
8.9465488e-05
0.00018504493
0.00012073605
0.0001040998
9.6372931e-05
9.2566877e-05
9.0563092e-05
8.9588477e-05
8.9235457e-05
8.9208244e-05
8.9109321e-05
0.00017362221
0.00011646942
0.00010190908
9.5063339e-05
9.1698632e-05
8.9956791e-05
8.9152956e-05
8.893697e-05
8.9049447e-05
8.9149436e-05
0.00016379926
0.00011266313
9.986406e-05
9.3781473e-05
9.0797622e-05
8.9289226e-05
8.8637184e-05
8.8530199e-05
8.8717486e-05
8.8847278e-05
0.0001550786
0.00010913606
9.7857469e-05
9.2460697e-05
8.9826111e-05
8.8548924e-05
8.8062652e-05
8.8088326e-05
8.8382187e-05
8.8587703e-05
0.00014730502
0.0001059427
9.5981531e-05
9.1198894e-05
8.887552e-05
8.7814144e-05
8.7494095e-05
8.7667598e-05
8.8109298e-05
8.845902e-05
0.00014012009
0.00010286229
9.4047207e-05
8.9829468e-05
8.7797401e-05
8.6946396e-05
8.6792608e-05
8.7108192e-05
8.7683094e-05
8.818091e-05
0.00013341289
9.9957931e-05
9.2165173e-05
8.8492663e-05
8.6760073e-05
8.6142201e-05
8.6189628e-05
8.6680199e-05
8.7382804e-05
8.786133e-05
0.00012704467
9.7171372e-05
9.0296866e-05
8.7159994e-05
8.5744911e-05
8.5391969e-05
8.5695724e-05
8.645657e-05
8.7484315e-05
8.8426455e-05
0.00012088507
9.4453564e-05
8.8404716e-05
8.5796052e-05
8.4722536e-05
8.4664624e-05
8.5257294e-05
8.6296301e-05
8.7560528e-05
8.8604124e-05
0.00011465823
9.1631035e-05
8.636242e-05
8.4320693e-05
8.3677594e-05
8.4018826e-05
8.5025438e-05
8.6499321e-05
8.8230702e-05
8.978537e-05
0.00010820147
8.8747476e-05
8.4346646e-05
8.3006049e-05
8.2965769e-05
8.3872275e-05
8.5447731e-05
8.7493842e-05
8.9797674e-05
9.1941514e-05
0.00010170386
8.619799e-05
8.2883012e-05
8.2423376e-05
8.3177518e-05
8.4842775e-05
8.7198579e-05
9.0054097e-05
9.3151091e-05
9.5901006e-05
9.5390617e-05
8.4270489e-05
8.2282582e-05
8.2913748e-05
8.47838e-05
8.7658107e-05
9.1383922e-05
9.5797804e-05
0.00010065959
0.00010548643
8.8384299e-05
8.2328162e-05
8.2700295e-05
8.5791467e-05
9.0528931e-05
9.6684806e-05
0.00010407449
0.00011213476
0.00011767298
0.00012035075
8.3122196e-05
8.7506293e-05
9.7473212e-05
0.00010470184
0.00010657028
0.00010848837
0.00011088924
0.00011389809
0.00011744023
0.00012117092
7.991895e-05
7.3835521e-05
6.8995634e-05
6.7083248e-05
6.7146812e-05
6.8550801e-05
7.0939874e-05
7.4100504e-05
7.7882004e-05
8.2162641e-05
0.00010305864
7.4904044e-05
6.5874524e-05
6.270231e-05
6.2193566e-05
6.3210703e-05
6.5253757e-05
6.8074281e-05
7.1536643e-05
7.5583954e-05
6.5621295e-05
9.2302961e-05
0.00011332929
0.00013609353
0.00016915225
0.00022050786
0.0002389446
0.00025986024
0.00024575459
9.3617197e-05
9.8521184e-05
0.00010401409
0.0001156535
0.00013471342
0.00016497672
0.00019796347
0.00024305696
0.00030945115
0.0001215722
0.00011752966
0.00011299673
0.00010955326
0.0001070922
0.00010553916
0.00010482967
0.00010489864
0.00010568543
0.00010712198
0.00011638521
0.00011387969
0.00011121208
0.00010925703
0.0001078045
0.0001068735
0.00010646863
0.00010658263
0.00010719939
0.00010825197
0.00011345214
0.00011127727
0.00010964552
0.00010854073
0.00010767387
0.00010713818
0.00010695184
0.00010710693
0.00010756622
0.00010820399
0.00011167416
0.00010920892
0.00010816715
0.00010756395
0.00010704828
0.0001067608
0.00010670595
0.00010686151
0.00010714344
0.00010732928
0.00011057487
0.00010758349
0.00010692215
0.00010664241
0.00010637668
0.00010630479
0.00010641863
0.0001067125
0.00010713835
0.0001075686
0.00010995249
0.00010634553
0.00010595158
0.00010587789
0.00010577502
0.00010584988
0.00010607271
0.00010643704
0.00010687309
0.00010726099
0.00010963554
0.00010531746
0.00010509059
0.00010512693
0.00010510959
0.0001052539
0.00010550285
0.00010584364
0.00010616954
0.00010629619
0.00010953423
0.0001044654
0.00010435202
0.00010444866
0.00010448393
0.00010467236
0.0001049371
0.00010527313
0.00010556749
0.0001056625
0.00010951872
0.00010370717
0.00010374054
0.00010388543
0.0001039757
0.00010421782
0.00010452305
0.00010490065
0.00010523991
0.00010541222
0.00010957288
0.00010306948
0.00010331922
0.00010349579
0.000103624
0.00010389581
0.00010421339
0.00010459454
0.00010491357
0.00010503291
0.00010980636
0.00010254745
0.00010288093
0.00010306462
0.00010321656
0.00010350238
0.00010381543
0.00010417735
0.00010444313
0.00010445476
0.00011012585
0.00010214574
0.00010256963
0.00010275608
0.00010292885
0.00010322733
0.00010354572
0.00010391952
0.000104206
0.00010430063
0.00011055283
0.00010173449
0.0001021931
0.00010245894
0.00010265005
0.00010295669
0.00010327485
0.00010364514
0.00010390613
0.0001039188
0.0001110459
0.00010136946
0.00010185964
0.00010223213
0.00010243605
0.00010274204
0.0001030514
0.00010341005
0.00010364864
0.0001036499
0.0001116148
0.0001010974
0.00010153312
0.00010197454
0.00010222258
0.00010252173
0.00010281971
0.00010316687
0.00010338687
0.00010337439
0.00011224026
0.00010090548
0.00010120158
0.00010168806
0.00010203096
0.00010232469
0.00010261439
0.0001029511
0.00010315197
0.00010311595
0.00011290136
0.00010074439
0.00010089064
0.00010142364
0.00010188297
0.00010218812
0.00010246736
0.0001027903
0.0001029688
0.00010289079
0.00011361826
0.00010064103
0.0001006307
0.00010109079
0.0001016459
0.00010204299
0.00010231146
0.00010262418
0.00010279599
0.0001027265
0.00011437916
0.00010058705
0.00010042105
0.00010081442
0.00010138018
0.00010182773
0.00010211728
0.00010240998
0.0001025537
0.00010245186
0.00011517719
0.00010062802
0.0001003361
0.00010069287
0.00010124545
0.00010167379
0.00010196431
0.00010225845
0.00010239481
0.000102276
0.00011593121
0.00010053377
0.0001000554
0.00010035162
0.00010088329
0.00010140007
0.00010187199
0.00010222878
0.00010234067
0.0001022292
0.00011682309
0.00010063843
0.00010000162
0.00010023977
0.00010073478
0.00010119831
0.00010162331
0.00010194305
0.00010202324
0.00010186409
0.00011766528
0.00010068805
9.9894494e-05
0.00010009609
0.00010058164
0.00010102182
0.00010148137
0.00010183912
0.00010191666
0.00010176604
0.00011853622
0.00010077179
9.9815806e-05
9.9977514e-05
0.00010045057
0.0001008661
0.00010130739
0.0001016923
0.00010179393
0.00010157236
0.00011941247
0.00010084807
9.9717026e-05
9.9837138e-05
0.00010029846
0.00010069201
0.0001011177
0.00010154902
0.00010174226
0.00010160474
0.00012032317
0.00010093666
9.9614473e-05
9.9682871e-05
0.00010012342
0.00010048764
0.00010089155
0.00010129752
0.00010153763
0.00010145488
0.0001212833
0.00010109819
9.959869e-05
9.9625155e-05
0.00010004954
0.00010038713
0.00010076948
0.00010114631
0.00010135321
0.00010127858
0.00012222754
0.00010123639
9.9553593e-05
9.954477e-05
9.99643e-05
0.00010028998
0.00010066736
0.000101035
0.00010123781
0.0001012067
0.000123196
0.00010137032
9.9485227e-05
9.9427144e-05
9.9830023e-05
0.00010013418
0.00010049635
0.0001008431
0.00010102623
0.00010097104
0.00012421547
0.0001015844
9.9516152e-05
9.9418425e-05
9.9806922e-05
0.00010008838
0.00010043121
0.00010075059
0.00010090314
0.00010077616
0.00012520103
0.00010177214
9.9522853e-05
9.9398427e-05
9.9791192e-05
0.0001000723
0.00010042106
0.00010074356
0.00010090811
0.00010083264
0.00012618609
0.00010191707
9.9457333e-05
9.9288298e-05
9.9673884e-05
9.9947533e-05
0.00010029597
0.00010061322
0.00010077417
0.00010067833
0.00012723999
0.00010212663
9.9458724e-05
9.9236881e-05
9.9600496e-05
9.9848751e-05
0.0001001757
0.00010046495
0.00010059993
0.00010046933
0.00012830417
0.00010240736
9.9566317e-05
9.9322281e-05
9.969038e-05
9.9937486e-05
0.00010026659
0.00010055307
0.00010068948
0.0001005768
0.00012927508
0.00010252559
9.9469428e-05
9.9184011e-05
9.9552606e-05
9.9803329e-05
0.00010014195
0.00010043222
0.00010057126
0.00010044083
0.000130373
0.00010280944
9.9559817e-05
9.9231849e-05
9.9587109e-05
9.9821864e-05
0.0001001489
0.00010042434
0.00010055601
0.00010042702
0.00013138725
0.00010300863
9.9565346e-05
9.9209839e-05
9.95748e-05
9.9820236e-05
0.00010016307
0.00010045035
0.00010059666
0.00010049775
0.00013242438
0.00010319985
9.9544159e-05
9.9141467e-05
9.949786e-05
9.9737242e-05
0.00010007884
0.00010035978
0.0001005013
0.00010035522
0.0001335033
0.00010346863
9.9623647e-05
9.9186011e-05
9.9538991e-05
9.9773565e-05
0.00010011337
0.00010038748
0.00010052516
0.00010039943
0.00013450884
0.00010366059
9.9628018e-05
9.9159841e-05
9.951784e-05
9.9758669e-05
0.0001001081
0.00010038695
0.00010053279
0.00010041009
0.00013552904
0.00010391922
9.9726272e-05
9.9239932e-05
9.9608319e-05
9.9856783e-05
0.00010021615
0.00010049903
0.0001006512
0.00010053882
0.00013643099
0.00010406491
9.9716501e-05
9.9216324e-05
9.9602418e-05
9.9867643e-05
0.00010024557
0.00010053877
0.00010068635
0.0001005609
0.00013733032
0.00010427991
9.9820549e-05
9.9322537e-05
9.9717354e-05
9.9903864e-05
0.00010016677
0.00010038503
0.00010051374
0.00010041373
0.00013805504
0.00010440769
9.990762e-05
9.9297646e-05
9.950513e-05
9.9639218e-05
9.9950083e-05
0.00010021945
0.00010040831
0.000100337
0.00013855538
0.00010432416
9.9465355e-05
9.8713032e-05
9.8951967e-05
9.9135571e-05
9.9506979e-05
9.9834994e-05
0.0001000819
0.00010007566
0.00013688265
0.00010299369
9.82654e-05
9.7627054e-05
9.7993041e-05
9.8327859e-05
9.886156e-05
9.93493e-05
9.9757059e-05
9.9899967e-05
0.00013234349
0.00010077501
9.6571787e-05
9.6262321e-05
9.6899567e-05
9.7500536e-05
9.8285967e-05
9.9001075e-05
9.9612197e-05
9.9903399e-05
0.00012227112
9.6738192e-05
9.3705704e-05
9.3954097e-05
9.496217e-05
9.5938271e-05
9.7048836e-05
9.8040989e-05
9.8892487e-05
9.9394194e-05
0.0001048288
3.2862792e-05
3.0876305e-05
2.9824283e-05
2.9654002e-05
3.0315694e-05
3.1762496e-05
3.3907132e-05
3.6655362e-05
3.9958978e-05
5.8234313e-05
6.3595491e-05
6.714053e-05
7.1584136e-05
7.7526803e-05
8.5048664e-05
9.3749141e-05
0.00010306186
0.00011190141
2.4609446e-05
2.9494429e-05
3.3608198e-05
3.7922115e-05
4.255557e-05
4.7549189e-05
5.284917e-05
5.8416085e-05
6.4198473e-05
1.9909148e-05
2.6792255e-05
3.2898587e-05
3.8963528e-05
4.5080768e-05
5.1414421e-05
5.7925735e-05
6.4660866e-05
7.1576362e-05
2.059547e-05
3.1192875e-05
4.1700345e-05
5.2392608e-05
6.3097161e-05
7.3963188e-05
8.4807147e-05
9.5648155e-05
0.00010627848
6.8515395e-05
9.1331698e-05
9.1566219e-05
0.00012314104
5.8616287e-05
4.980132e-05
7.7746704e-05
6.5240932e-05
6.584693e-05
0.00016359072
5.4592914e-05
4.5181654e-05
6.670758e-05
6.8801081e-05
8.0794406e-05
6.3314427e-05
8.0518866e-05
8.5463502e-05
0.00021677236
2.8324609e-05
0.00022683328
0.00021330125
6.3131522e-05
5.8170882e-05
9.5922355e-05
6.8823786e-05
7.8504245e-05
7.0199235e-05
7.0030665e-05
7.7884932e-05
6.9596124e-05
0.00010145432
8.1509092e-05
7.9471982e-05
0.00011531391
6.8229683e-05
5.9334505e-05
8.3060743e-05
7.7866526e-05
7.3077088e-05
7.3114292e-05
7.7302373e-05
8.5578276e-05
0.00022740656
6.8059082e-05
6.8574913e-05
0.00029333424
6.0957178e-05
6.922633e-05
7.4120442e-05
9.6102986e-05
7.6125627e-05
7.2732536e-05
6.3574856e-05
8.0352507e-05
7.4037988e-05
7.777456e-05
5.3346343e-05
4.8906086e-05
5.8501679e-05
6.0042668e-05
5.8719912e-05
5.7762648e-05
0.00010127937
7.8483377e-05
8.099827e-05
6.0245983e-05
5.8275522e-05
8.1277147e-05
9.0605614e-05
6.3730604e-05
7.935688e-05
0.0001133329
6.0921202e-05
5.7918412e-05
7.7354877e-05
0.0001011003
6.7157298e-05
7.6018008e-05
6.7104204e-05
7.9245518e-05
7.0318904e-05
6.9801166e-05
0.00010551733
7.2894878e-05
6.1981122e-05
6.2818049e-05
0.00010691662
8.6375486e-05
7.3188438e-05
7.4227269e-05
6.2655041e-05
6.0589932e-05
9.3568292e-05
0.00010081836
5.9174874e-05
5.6236774e-05
0.00015129166
0.00011876508
8.9804437e-05
2.9685317e-05
5.7566833e-05
5.9423662e-05
5.8237606e-05
6.183048e-05
7.1704863e-05
7.3053893e-05
0.00019948825
8.8240175e-05
0.00022209156
0.00010263346
6.0606954e-05
6.2884913e-05
5.7679785e-05
5.9499696e-05
6.7007566e-05
5.9124382e-05
6.5089882e-05
9.77336e-05
5.4651789e-05
5.9493426e-05
9.9119985e-05
8.2535094e-05
5.0894686e-05
5.8895827e-05
6.064351e-05
6.141687e-05
0.00029468927
0.00021501193
5.7411014e-05
5.8739552e-05
7.434616e-05
5.8274822e-05
6.6802405e-05
5.8549333e-05
6.4283685e-05
6.5457897e-05
8.2331865e-05
8.9396507e-05
3.676619e-05
8.0364947e-05
6.001024e-05
5.476633e-05
5.6393503e-05
6.0614882e-05
6.0366371e-05
5.0718839e-05
5.2572496e-05
6.5356673e-05
7.3330197e-05
3.8276679e-05
5.7343481e-05
5.9637767e-05
0.00010485249
8.6616149e-05
0.00022740656
5.7909781e-05
4.7512629e-05
6.7872971e-05
6.2735449e-05
8.535497e-05
7.9451974e-05
0.00010727184
8.4203692e-05
7.1548157e-05
6.2968848e-05
5.5731122e-05
5.0685179e-05
6.5637212e-05
8.9817262e-05
6.1730568e-05
6.4549386e-05
0.00019145936
6.4605172e-05
7.1433973e-05
6.1877032e-05
6.5108637e-05
0.0002041188
6.0430111e-05
6.2354263e-05
0.00017454969
0.0001197555
0.0002396286
5.5409495e-05
4.949612e-05
5.1694487e-05
4.9897163e-05
7.4377048e-05
6.6879096e-05
9.0367673e-05
5.1705327e-05
5.8216586e-05
0.00021345377
6.2143812e-05
5.2223574e-05
6.7167743e-05
5.6018106e-05
7.386482e-05
6.9563057e-05
6.7442381e-05
6.373105e-05
0.00020684463
0.00020004395
0.00021781483
0.00020017938
0.00021200059
8.9938485e-05
6.0786457e-05
6.5409787e-05
0.00011992253
9.466856e-05
6.2740647e-05
6.7644105e-05
9.5764459e-05
6.2914771e-05
5.816898e-05
8.9603222e-05
0.00038499297
6.5178734e-05
7.7367881e-05
7.1852273e-05
8.7211538e-05
8.2452354e-05
7.3865252e-05
0.0001257601
0.00013508325
0.00010343677
6.2150575e-05
7.258842e-05
6.1553847e-05
6.5309465e-05
5.8345834e-05
5.6199922e-05
6.793008e-05
6.6516388e-05
9.2306149e-05
8.2046273e-05
6.6211363e-05
7.3026555e-05
5.9845022e-05
6.3006371e-05
0.00021200059
0.00020447942
0.00011946049
9.7282518e-05
8.7518052e-05
7.1191334e-05
8.0426466e-05
0.00013718408
6.1778108e-05
6.4496393e-05
5.9991515e-05
6.4070848e-05
5.5689318e-05
5.3892274e-05
0.00020202777
0.00020520989
9.6543593e-05
7.099953e-05
6.0201886e-05
5.6219628e-05
5.2652253e-05
0.00023793244
0.00021330125
7.0104851e-05
7.4575353e-05
6.0277961e-05
6.3234446e-05
5.880672e-05
6.0387859e-05
6.9650465e-05
8.1142645e-05
4.7788331e-05
5.975515e-05
5.5308019e-05
6.9036506e-05
7.8341503e-05
7.6325907e-05
0.00010258651
9.3902522e-05
8.7961454e-05
8.6254426e-05
5.8549901e-05
6.1580284e-05
6.6272513e-05
7.7041806e-05
0.00020031175
0.00020799674
6.3760401e-05
6.6941741e-05
0.00020684463
0.00020004395
6.6567988e-05
5.9470752e-05
4.9782958e-05
4.7954284e-05
0.00019826352
0.00012191026
0.00027065445
5.8078364e-05
6.6495221e-05
6.5989453e-05
5.9776541e-05
7.9974573e-05
7.3596917e-05
5.9330845e-05
5.6204255e-05
7.0668222e-05
5.80262e-05
9.1641103e-05
7.9791354e-05
6.7504485e-05
6.0654048e-05
7.1067897e-05
6.6584871e-05
5.6954124e-05
5.9775876e-05
6.0636526e-05
7.0005742e-05
0.00013203432
9.4314267e-05
8.0021713e-05
6.047158e-05
6.2950627e-05
8.992339e-05
5.7967331e-05
4.732836e-05
5.021245e-05
6.0847406e-05
5.1749284e-05
7.2960597e-05
6.3187292e-05
6.1024921e-05
0.00010024739
9.3745051e-05
6.669947e-05
6.3147227e-05
6.440794e-05
6.3093318e-05
5.3908576e-05
5.9775476e-05
6.3318222e-05
7.403721e-05
6.1131757e-05
6.3739662e-05
5.8832485e-05
6.0936892e-05
7.0134263e-05
5.1077696e-05
8.8465016e-05
7.8418818e-05
0.00011434949
9.4186242e-05
0.00020684463
0.00020004395
6.1215986e-05
6.1623244e-05
6.4684636e-05
7.3595741e-05
5.8338832e-05
6.3989182e-05
4.9007464e-05
5.817672e-05
0.0002060868
0.00020233105
6.1191135e-05
5.9618799e-05
9.7972564e-05
8.7521767e-05
0.00018415439
0.00023802479
9.8245025e-05
8.8653376e-05
0.00019145936
5.3595607e-05
6.0015762e-05
5.591624e-05
6.6299814e-05
0.00020833173
0.00019782444
0.00023075856
8.2815598e-05
8.7960387e-05
5.5163889e-05
5.914121e-05
5.6256427e-05
6.8262972e-05
0.00019244926
0.00021262242
7.9102889e-05
9.5475414e-05
0.00019826352
0.00020835628
0.00021501505
6.7930517e-05
7.3437811e-05
6.9353667e-05
7.4415923e-05
8.1759895e-05
9.1541864e-05
0.00019244926
0.00021089113
6.4314729e-05
6.000664e-05
6.156475e-05
6.3904664e-05
9.8344184e-05
8.4910212e-05
0.00030157574
0.00021441677
8.0246844e-05
8.4970043e-05
6.0207699e-05
4.9968948e-05
6.6147825e-05
6.0583998e-05
0.00010070388
8.4088889e-05
7.3030213e-05
8.3436369e-05
6.0081779e-05
6.101643e-05
5.501879e-05
5.1319371e-05
0.00011317544
0.00015005936
7.0293748e-05
6.7580432e-05
7.0738227e-05
5.1374291e-05
6.5637009e-05
6.4595756e-05
5.708531e-05
4.8837413e-05
6.9471912e-05
5.7541106e-05
9.1019872e-05
7.9332203e-05
7.5070749e-05
7.4017101e-05
7.10451e-05
0.00011662834
7.8646468e-05
7.0302565e-05
0.00022740656
7.6061033e-05
7.2602639e-05
7.939876e-05
6.7631372e-05
7.4247973e-05
0.00023802479
5.5241566e-05
6.7951414e-05
0.00018415439
6.6505477e-05
6.88644e-05
6.4686173e-05
6.8020637e-05
5.7596377e-05
8.4986783e-05
6.5366649e-05
6.3068644e-05
0.00012478279
0.00017526006
5.193687e-05
6.1292326e-05
8.1669041e-05
7.9223958e-05
6.1361347e-05
6.2787952e-05
6.225891e-05
6.9279466e-05
7.0231196e-05
0.00014720633
6.1913958e-05
6.2461068e-05
7.2816482e-05
7.5060373e-05
7.8609831e-05
6.3273001e-05
5.3476367e-05
8.670639e-05
6.0433735e-05
6.2398311e-05
0.00011513094
9.4615424e-05
0.00013240872
0.00020245745
0.00021501505
8.3151232e-05
7.7013911e-05
6.7346579e-05
7.1425976e-05
0.00018711936
0.00021855289
0.00010042452
9.6075361e-05
7.7219843e-05
7.1243583e-05
0.00018856499
0.00023218323
6.2784324e-05
5.8258442e-05
8.5499995e-05
7.3461333e-05
0.00020673082
0.00019983837
7.5339781e-05
7.4713549e-05
6.1316944e-05
5.0363825e-05
6.1310658e-05
6.0847483e-05
6.0853198e-05
6.4301928e-05
6.0365753e-05
6.5889278e-05
8.4193363e-05
8.3502465e-05
0.00010177384
6.8070344e-05
6.3366147e-05
9.0780027e-05
0.00010350453
8.5678114e-05
7.8771399e-05
9.0320816e-05
0.00012663281
0.00010039456
8.3488319e-05
6.2190566e-05
6.4121081e-05
8.8776828e-05
8.2888376e-05
7.8476798e-05
0.00020979581
0.00020115758
0.00020979581
0.00020131095
6.2765801e-05
6.9508032e-05
0.00021085134
0.00020079993
0.00021085134
0.00020115758
0.00020881563
0.00020031098
0.00020881563
0.00020031098
6.5273107e-05
6.158986e-05
5.4804114e-05
6.5843687e-05
0.00020038913
0.00020799674
0.00020079993
0.00021085134
8.0367178e-05
0.00010408851
0.0002041188
8.78895e-05
8.9724876e-05
8.683115e-05
9.0554492e-05
6.0728183e-05
5.0990864e-05
0.00020051995
0.00011159814
0.00012469054
6.1452906e-05
5.8183557e-05
6.5339881e-05
6.7530705e-05
5.1153696e-05
5.971546e-05
0.0001376926
6.3722571e-05
5.4149539e-05
5.692841e-05
5.4715654e-05
8.3693325e-05
5.4865043e-05
6.5994765e-05
7.0231474e-05
4.3993003e-05
6.1435187e-05
5.6332622e-05
6.4932319e-05
6.9379017e-05
7.2677984e-05
7.1954559e-05
0.00019948825
7.7092129e-05
7.4226912e-05
0.00011248735
0.00016409325
5.7510661e-05
6.7102292e-05
7.5408693e-05
7.492708e-05
0.00010017931
6.1339908e-05
7.5869249e-05
7.2292002e-05
0.00029333424
0.00013529276
7.4393186e-05
0.00010392337
0.00021677236
6.5783185e-05
6.8214878e-05
7.2906213e-05
6.0632887e-05
5.3205727e-05
0.00010485675
6.4569063e-05
8.5763632e-05
6.5773579e-05
5.9955456e-05
5.5674476e-05
5.9107601e-05
9.5963446e-05
7.0411954e-05
9.6729281e-05
7.7076793e-05
0.00019826352
0.00012180752
8.5648987e-05
8.755006e-05
0.00023793244
0.00021330125
2.3852255e-05
0.00010714534
7.3828477e-05
8.5073117e-05
6.9790526e-05
0.00022209156
4.0928432e-05
0.00038499297
0.00021781483
7.8645516e-05
6.3682125e-05
3.2650393e-05
0.00018711936
0.00021855289
6.1189708e-05
7.4677394e-05
9.3209496e-05
5.0565091e-05
0.0002052832
0.00019983837
6.481986e-05
2.0103972e-05
0.00021781483
3.0010109e-05
7.6757919e-05
2.137448e-05
9.0819953e-05
7.1905423e-05
9.9010526e-05
8.1715118e-05
0.00038499297
0.00020835628
0.00021472705
0.00017122363
0.00016795194
0.00016421087
4.4682349e-05
9.2698625e-06
0.00020031175
0.00020726223
3.8005203e-05
0.00020447942
0.00021339409
4.0373947e-05
6.0593232e-05
1.5035209e-05
5.1720503e-05
4.8483723e-05
5.4587688e-05
4.7547489e-05
5.1138976e-05
5.9150031e-05
7.269498e-05
5.5439129e-05
4.211533e-05
5.8852255e-05
6.335368e-05
9.9457827e-05
8.2550151e-05
7.0560312e-05
4.8798931e-05
4.5523493e-05
5.7615869e-05
4.935065e-05
5.5308542e-05
5.5249692e-05
5.5595369e-05
4.8936024e-05
5.825574e-05
5.5405635e-05
5.9248129e-05
0.00020966307
0.00021422417
6.59429e-05
5.0976849e-05
5.6230788e-05
5.2568647e-05
5.4532624e-05
5.6418077e-05
0.00020031175
0.00020726223
0.00020004395
0.00020726223
6.0095273e-05
5.5382275e-05
6.0340518e-05
5.1480303e-05
5.8015326e-05
5.2534092e-05
0.00021339409
0.00020277262
4.5544965e-05
6.7218165e-05
5.1859334e-05
5.7349105e-05
0.00020202777
0.00020520989
8.7190551e-05
4.0842675e-05
4.2195259e-05
4.6948152e-05
4.4651107e-05
6.7659052e-05
5.8173867e-05
7.2148005e-05
9.4057209e-05
0.00021339409
0.00020277262
5.052512e-05
4.5703139e-05
0.00020202777
0.00020520989
0.0002060868
0.00020233105
0.00020233105
0.0002060868
0.00019782444
0.00020833173
0.00019782444
0.00020833173
3.2515178e-05
4.1219117e-05
0.00018711936
0.00021089113
5.9048972e-05
4.9875948e-05
5.7039246e-05
5.2248502e-05
4.0804688e-05
4.2754887e-05
0.00019244926
0.00021089113
5.5397816e-05
0.00019983837
0.00020673082
5.4062053e-05
3.5438173e-05
3.2627664e-05
0.00020966307
0.00021472705
6.1265163e-05
5.5385641e-05
0.00018495208
0.00022811425
4.6523526e-05
4.3021453e-05
5.2873819e-05
5.6784312e-05
4.7181719e-05
4.8090743e-05
3.7825889e-05
4.0997838e-05
7.9506032e-05
3.4824967e-05
3.8545336e-05
5.7093189e-05
9.074297e-05
3.402105e-05
3.6266107e-05
3.9724851e-05
3.8689956e-05
0.00018495208
0.00022811425
4.3489485e-05
4.3167782e-05
3.3840604e-05
3.3821524e-05
4.6342427e-05
4.7654658e-05
4.447572e-05
4.7331426e-05
4.1367095e-05
4.2432281e-05
4.0975586e-05
4.315284e-05
3.2725625e-05
4.3359346e-05
4.2410088e-05
4.2778799e-05
2.1006225e-05
3.5897489e-05
3.9519921e-05
3.9323755e-05
4.2900029e-05
4.0954616e-05
5.1753084e-05
3.8014777e-05
4.1391577e-05
3.4711977e-05
3.7225629e-05
5.7731648e-05
4.6843755e-05
5.6294852e-05
4.927651e-05
4.4502603e-05
0.00021345377
3.68316e-05
4.5942225e-05
3.5674904e-05
4.7101368e-05
0.00023075856
3.8254387e-05
3.8171622e-05
5.1029088e-05
4.6273616e-05
0.00019145936
3.3991137e-05
4.3214558e-05
6.406966e-05
5.1390884e-05
0.00020245745
0.00021501505
6.1851746e-05
5.0602767e-05
3.456794e-05
3.8349727e-05
2.8679571e-05
5.5657675e-05
5.5441469e-05
4.6730254e-05
5.0908558e-05
6.5212892e-05
5.5410208e-05
0.00020966307
0.00021472705
5.196417e-05
5.5591549e-05
1.4183496e-05
3.9147721e-05
4.2683142e-05
5.298554e-05
5.592428e-05
5.0410219e-05
5.6154397e-05
5.5300979e-05
5.7532703e-05
0.00020979581
0.00020115758
0.00020881563
0.00020031098
0.00020079993
0.00021085134
0.00020038913
0.00020799674
0.00021200059
0.00020017938
0.00018495208
0.00021855289
0.00018415439
0.00023802479
3.6799888e-05
4.3831072e-05
4.4068711e-05
4.9845926e-05
0.00021441677
0.00023793244
7.6688279e-05
4.9993323e-05
3.3253693e-05
3.6722126e-05
4.0804826e-05
3.553719e-05
3.7089497e-05
4.2425453e-05
6.445776e-05
9.5012798e-05
5.4961746e-05
5.7858057e-05
5.5174084e-05
4.8101861e-05
5.4145523e-05
4.0853414e-05
4.6160459e-05
7.3203879e-05
5.0753046e-05
4.66973e-05
8.0097307e-05
)
;

boundaryField
{
    oversetFaces
    {
        type            overset;
        coupledFringe   false;
        conservativeCorrection false;
        setHoleCellValue false;
        holeCellValue   0;
        value           nonuniform 0();
    }
    back
    {
        type            empty;
    }
    out
    {
        type            zeroGradient;
    }
    bottom
    {
        type            zeroGradient;
    }
    in
    {
        type            zeroGradient;
    }
    top
    {
        type            zeroGradient;
    }
    front
    {
        type            empty;
    }
    wall
    {
        type            zeroGradient;
    }
    cylinder
    {
        type            zeroGradient;
    }
    defaultFaces
    {
        type            zeroGradient;
    }
}


// ************************************************************************* //
