/*--------------------------------*- C++ -*----------------------------------*\
| =========                 |                                                 |
| \\      /  F ield         | foam-extend: Open Source CFD                    |
|  \\    /   O peration     | Version:     4.1                                |
|   \\  /    A nd           | Web:         http://www.foam-extend.org         |
|    \\/     M anipulation  |                                                 |
\*---------------------------------------------------------------------------*/
FoamFile
{
    version     2.0;
    format      ascii;
    class       volScalarField;
    location    "0.04";
    object      rAU;
}
// * * * * * * * * * * * * * * * * * * * * * * * * * * * * * * * * * * * * * //

dimensions      [0 0 1 0 0 0 0];

internalField   nonuniform List<scalar> 
4393
(
4.4622741e-05
4.4617254e-05
4.461221e-05
4.4606888e-05
4.4601283e-05
4.4595336e-05
4.4588963e-05
4.45821e-05
4.4574686e-05
4.4566665e-05
4.4557995e-05
4.4548652e-05
4.453864e-05
4.4527993e-05
4.451678e-05
4.4505143e-05
4.4493229e-05
4.4481253e-05
4.4469481e-05
4.4458201e-05
4.4447727e-05
4.4438379e-05
4.4430468e-05
4.4424276e-05
4.442004e-05
4.4417935e-05
4.4417935e-05
4.4418049e-05
4.4420385e-05
4.4424844e-05
4.4431211e-05
4.4439182e-05
4.4448376e-05
4.4458376e-05
4.4468757e-05
4.4479128e-05
4.4489146e-05
4.449854e-05
4.4507111e-05
4.4514729e-05
4.4521324e-05
4.4526873e-05
4.4531391e-05
4.4534917e-05
4.4537507e-05
4.4539227e-05
4.4540144e-05
4.4539965e-05
4.453827e-05
4.4509557e-05
4.450564e-05
4.450276e-05
4.4499479e-05
4.4495922e-05
4.4491948e-05
4.4487489e-05
4.4482472e-05
4.4476842e-05
4.4470547e-05
4.4463556e-05
4.4455863e-05
4.4447491e-05
4.4438507e-05
4.4429014e-05
4.4419198e-05
4.4409252e-05
4.439944e-05
4.4390072e-05
4.4381475e-05
4.437399e-05
4.4367951e-05
4.4363667e-05
4.4361401e-05
4.4361352e-05
4.4363636e-05
4.4365624e-05
4.4365821e-05
4.4368364e-05
4.4373251e-05
4.4380362e-05
4.4389461e-05
4.4400206e-05
4.4412177e-05
4.4424914e-05
4.443797e-05
4.4450932e-05
4.4463458e-05
4.4475282e-05
4.448622e-05
4.4496155e-05
4.4505033e-05
4.4512846e-05
4.4519618e-05
4.4525394e-05
4.4530232e-05
4.4534179e-05
4.4536866e-05
4.4538114e-05
4.4502573e-05
4.4498896e-05
4.4496061e-05
4.4492767e-05
4.4489141e-05
4.4485033e-05
4.4480376e-05
4.4475095e-05
4.4469135e-05
4.4462447e-05
4.4455008e-05
4.4446822e-05
4.4437934e-05
4.4428433e-05
4.4418457e-05
4.4408234e-05
4.4398003e-05
4.4388076e-05
4.4378815e-05
4.4370588e-05
4.4363769e-05
4.4358712e-05
4.4355731e-05
4.4355078e-05
4.435692e-05
4.4361323e-05
4.4360736e-05
4.4358713e-05
4.435923e-05
4.4362391e-05
4.4368167e-05
4.4376374e-05
4.4386686e-05
4.4398658e-05
4.4411768e-05
4.4425492e-05
4.4439333e-05
4.4452873e-05
4.4465776e-05
4.4477808e-05
4.4488814e-05
4.4498714e-05
4.4507487e-05
4.4515152e-05
4.4521753e-05
4.4527352e-05
4.4532003e-05
4.4535735e-05
4.4538154e-05
4.4499499e-05
4.4496044e-05
4.4493199e-05
4.4489802e-05
4.4485994e-05
4.4481624e-05
4.4476628e-05
4.4470927e-05
4.4464469e-05
4.4457204e-05
4.4449115e-05
4.4440216e-05
4.4430566e-05
4.4420279e-05
4.4409526e-05
4.4398578e-05
4.4387727e-05
4.4377343e-05
4.4367844e-05
4.4359654e-05
4.435319e-05
4.4348841e-05
4.4346937e-05
4.434773e-05
4.4351364e-05
4.4357863e-05
4.4354716e-05
4.4350388e-05
4.4348846e-05
4.4350306e-05
4.4354833e-05
4.4362296e-05
4.4372372e-05
4.438457e-05
4.4398282e-05
4.441289e-05
4.4427793e-05
4.4442491e-05
4.4456577e-05
4.4469768e-05
4.4481874e-05
4.44928e-05
4.4502515e-05
4.4511038e-05
4.4518418e-05
4.4524722e-05
4.4530013e-05
4.4534337e-05
4.4537231e-05
4.4496068e-05
4.4492663e-05
4.4489791e-05
4.4486325e-05
4.4482391e-05
4.447783e-05
4.4472575e-05
4.4466538e-05
4.445966e-05
4.4451887e-05
4.44432e-05
4.4433615e-05
4.4423201e-05
4.4412092e-05
4.4400488e-05
4.4388703e-05
4.4377086e-05
4.4366072e-05
4.4356146e-05
4.4347797e-05
4.4341501e-05
4.433769e-05
4.4336722e-05
4.4338861e-05
4.4344241e-05
4.4352853e-05
4.4347242e-05
4.4340431e-05
4.4336707e-05
4.4336419e-05
4.4339736e-05
4.4346576e-05
4.4356611e-05
4.4369279e-05
4.438385e-05
4.4399591e-05
4.441577e-05
4.44318e-05
4.4447196e-05
4.446163e-05
4.4474886e-05
4.4486859e-05
4.4497518e-05
4.4506893e-05
4.4515044e-05
4.4522052e-05
4.4527998e-05
4.453295e-05
4.453643e-05
4.4492706e-05
4.4489523e-05
4.4486743e-05
4.4483253e-05
4.4479203e-05
4.4474435e-05
4.4468885e-05
4.4462458e-05
4.4455092e-05
4.4446727e-05
4.4437339e-05
4.4426945e-05
4.4415621e-05
4.4403519e-05
4.4390869e-05
4.4378032e-05
4.4365417e-05
4.4353536e-05
4.4342954e-05
4.4334239e-05
4.4327933e-05
4.4324526e-05
4.4324414e-05
4.4327885e-05
4.4335068e-05
4.4345928e-05
4.4338081e-05
4.4328633e-05
4.4322625e-05
4.4320561e-05
4.4322732e-05
4.4329116e-05
4.4339368e-05
4.4352825e-05
4.4368588e-05
4.4385777e-05
4.4403503e-05
4.4421077e-05
4.4437934e-05
4.4453707e-05
4.446816e-05
4.448119e-05
4.4492777e-05
4.4502966e-05
4.4511841e-05
4.4519503e-05
4.4526059e-05
4.4531608e-05
4.4535696e-05
4.4488926e-05
4.4485737e-05
4.4482963e-05
4.4479457e-05
4.4475351e-05
4.4470472e-05
4.4464741e-05
4.4458054e-05
4.4450332e-05
4.4441502e-05
4.4431526e-05
4.442041e-05
4.4408226e-05
4.4395133e-05
4.4381387e-05
4.4367394e-05
4.4353627e-05
4.4340689e-05
4.4329237e-05
4.4319933e-05
4.4313403e-05
4.4310208e-05
4.4310794e-05
4.431549e-05
4.4324437e-05
4.4337581e-05
4.4327698e-05
4.4315267e-05
4.4306705e-05
4.4302699e-05
4.4303701e-05
4.430975e-05
4.4320475e-05
4.4335071e-05
4.4352396e-05
4.4371393e-05
4.4390966e-05
4.4410323e-05
4.4428806e-05
4.4446023e-05
4.4461727e-05
4.447583e-05
4.4488333e-05
4.4499311e-05
4.4508874e-05
4.4517152e-05
4.452428e-05
4.4530386e-05
4.4535041e-05
4.4485422e-05
4.4482557e-05
4.4479994e-05
4.4476557e-05
4.4472424e-05
4.4467417e-05
4.4461462e-05
4.4454441e-05
4.4446263e-05
4.443684e-05
4.4426116e-05
4.4414085e-05
4.4400812e-05
4.4386461e-05
4.4371312e-05
4.4355823e-05
4.4340543e-05
4.4326184e-05
4.4313514e-05
4.4303313e-05
4.4296302e-05
4.4293131e-05
4.429431e-05
4.4300227e-05
4.431104e-05
4.4326692e-05
4.4315224e-05
4.4299549e-05
4.4288224e-05
4.4282166e-05
4.4282033e-05
4.428795e-05
4.4299515e-05
4.4315732e-05
4.433511e-05
4.4356379e-05
4.4378176e-05
4.4399602e-05
4.4419903e-05
4.4438677e-05
4.4455679e-05
4.4470856e-05
4.4484244e-05
4.4495959e-05
4.4506151e-05
4.4514986e-05
4.4522632e-05
4.452925e-05
4.4534441e-05
4.448145e-05
4.4478531e-05
4.4475983e-05
4.447257e-05
4.4468444e-05
4.4463403e-05
4.4457353e-05
4.4450158e-05
4.4441705e-05
4.4431878e-05
4.4420592e-05
4.4407811e-05
4.4393576e-05
4.4378037e-05
4.4361485e-05
4.4344422e-05
4.4327477e-05
4.4311492e-05
4.4297366e-05
4.4286019e-05
4.4278286e-05
4.4274924e-05
4.4276515e-05
4.4283527e-05
4.4296154e-05
4.4314352e-05
4.4301694e-05
4.4282192e-05
4.4267607e-05
4.425915e-05
4.4257767e-05
4.4263686e-05
4.4276471e-05
4.4294859e-05
4.4316844e-05
4.4340911e-05
4.4365338e-05
4.4389135e-05
4.4411441e-05
4.4431872e-05
4.4450203e-05
4.4466437e-05
4.4480664e-05
4.4493053e-05
4.4503801e-05
4.4513118e-05
4.4521207e-05
4.4528262e-05
4.4533915e-05
4.4478046e-05
4.4475605e-05
4.4473409e-05
4.4470186e-05
4.4466151e-05
4.4461098e-05
4.4454934e-05
4.4447505e-05
4.4438673e-05
4.4428292e-05
4.4416243e-05
4.4402452e-05
4.4386928e-05
4.4369807e-05
4.4351388e-05
4.4332225e-05
4.4313045e-05
4.4294862e-05
4.4278737e-05
4.4265761e-05
4.4256905e-05
4.4253051e-05
4.4254862e-05
4.4262929e-05
4.427749e-05
4.4298534e-05
4.4285524e-05
4.4261784e-05
4.4243577e-05
4.4232473e-05
4.4229823e-05
4.4236011e-05
4.4250585e-05
4.4271939e-05
4.4297282e-05
4.4324845e-05
4.435242e-05
4.4378959e-05
4.4403488e-05
4.4425684e-05
4.4445367e-05
4.4462626e-05
4.4477625e-05
4.4490605e-05
4.4501822e-05
4.4511534e-05
4.4519986e-05
4.4527408e-05
4.4533457e-05
4.4474075e-05
4.4471521e-05
4.4469324e-05
4.4466151e-05
4.4462175e-05
4.4457159e-05
4.4450989e-05
4.4443484e-05
4.4434478e-05
4.4423783e-05
4.4411234e-05
4.4396698e-05
4.438013e-05
4.4361613e-05
4.4341428e-05
4.432016e-05
4.4298623e-05
4.4278046e-05
4.425968e-05
4.4244827e-05
4.4234602e-05
4.423004e-05
4.4231877e-05
4.4240866e-05
4.4257296e-05
4.4281199e-05
4.4268602e-05
4.4239677e-05
4.4216975e-05
4.4202558e-05
4.4198365e-05
4.420498e-05
4.4221961e-05
4.4247244e-05
4.4276798e-05
4.4308638e-05
4.4339886e-05
4.4369517e-05
4.4396438e-05
4.4420451e-05
4.4441452e-05
4.4459656e-05
4.4475319e-05
4.4488773e-05
4.450034e-05
4.4510334e-05
4.4519043e-05
4.452673e-05
4.4533083e-05
4.4471005e-05
4.4469108e-05
4.4467426e-05
4.4464596e-05
4.4460873e-05
4.4456018e-05
4.4449914e-05
4.4442356e-05
4.4433141e-05
4.4422029e-05
4.4408792e-05
4.4393224e-05
4.4375203e-05
4.4354752e-05
4.4332122e-05
4.4307943e-05
4.4283138e-05
4.4259251e-05
4.4237773e-05
4.4220278e-05
4.4208038e-05
4.4202267e-05
4.420375e-05
4.4213489e-05
4.4231846e-05
4.4258934e-05
4.4248264e-05
4.4213535e-05
4.4185736e-05
4.4167496e-05
4.4161622e-05
4.4169005e-05
4.4189326e-05
4.4219967e-05
4.4254906e-05
4.4292091e-05
4.4327695e-05
4.4360864e-05
4.4390381e-05
4.4416269e-05
4.4438543e-05
4.4457591e-05
4.4473792e-05
4.4487585e-05
4.449937e-05
4.4509524e-05
4.4518377e-05
4.4526231e-05
4.4532796e-05
4.4467272e-05
4.4465197e-05
4.446348e-05
4.4460714e-05
4.4457086e-05
4.4452329e-05
4.4446301e-05
4.4438771e-05
4.4429499e-05
4.4418198e-05
4.440457e-05
4.4388323e-05
4.4369227e-05
4.4347195e-05
4.4322388e-05
4.4295433e-05
4.4267307e-05
4.4239971e-05
4.4215183e-05
4.4194851e-05
4.4180399e-05
4.4173261e-05
4.4174211e-05
4.4184615e-05
4.4204873e-05
4.4235133e-05
4.4227862e-05
4.4185817e-05
4.4151389e-05
4.4128019e-05
4.4119856e-05
4.4128182e-05
4.4152931e-05
4.4190813e-05
4.4232472e-05
4.4276178e-05
4.4316755e-05
4.4353794e-05
4.4385965e-05
4.4413647e-05
4.4437029e-05
4.4456725e-05
4.4473261e-05
4.4487201e-05
4.449903e-05
4.4509187e-05
4.4518047e-05
4.4525943e-05
4.4532608e-05
4.4464743e-05
4.4463493e-05
4.4462457e-05
4.4460212e-05
4.4457046e-05
4.4452694e-05
4.4447013e-05
4.443974e-05
4.4430588e-05
4.4419193e-05
4.4405156e-05
4.4388052e-05
4.43675e-05
4.4343253e-05
4.4315346e-05
4.428441e-05
4.4251477e-05
4.421919e-05
4.4189674e-05
4.4165294e-05
4.4147607e-05
4.4138307e-05
4.4137993e-05
4.4148599e-05
4.4170575e-05
4.4204164e-05
4.4202961e-05
4.4152672e-05
4.4110642e-05
4.4081118e-05
4.4070235e-05
4.4079848e-05
4.4110578e-05
4.4158537e-05
4.420873e-05
4.4260586e-05
4.4306961e-05
4.4348329e-05
4.4383256e-05
4.4412664e-05
4.4436979e-05
4.4457111e-05
4.4473766e-05
4.448765e-05
4.4499339e-05
4.4509337e-05
4.4518061e-05
4.4525873e-05
4.4532526e-05
4.4461551e-05
4.4460085e-05
4.4458989e-05
4.4456818e-05
4.4453776e-05
4.4449571e-05
4.4444039e-05
4.4436891e-05
4.4427807e-05
4.4416372e-05
4.4402102e-05
4.4384454e-05
4.4362882e-05
4.4336928e-05
4.4306407e-05
4.427185e-05
4.4234147e-05
4.4196903e-05
4.4162611e-05
4.4134192e-05
4.411323e-05
4.4101776e-05
4.4100013e-05
4.4110874e-05
4.4134781e-05
4.417181e-05
4.4179547e-05
4.4118686e-05
4.40663e-05
4.4027897e-05
4.4012921e-05
4.4023904e-05
4.406264e-05
4.4124842e-05
4.4185651e-05
4.4247383e-05
4.4300096e-05
4.4345902e-05
4.4383328e-05
4.4414088e-05
4.4438928e-05
4.4459115e-05
4.4475551e-05
4.4489093e-05
4.4500404e-05
4.4510044e-05
4.4518464e-05
4.4526047e-05
4.4532559e-05
4.4459691e-05
4.4459142e-05
4.4458852e-05
4.4457377e-05
4.4455031e-05
4.4451537e-05
4.4446737e-05
4.4440319e-05
4.4431911e-05
4.4421008e-05
4.4406984e-05
4.4389088e-05
4.436649e-05
4.4338383e-05
4.4304206e-05
4.4264353e-05
4.4219397e-05
4.417467e-05
4.4133225e-05
4.4098825e-05
4.4072991e-05
4.4058281e-05
4.405381e-05
4.4064027e-05
4.4089176e-05
4.412907e-05
4.4150198e-05
4.4077244e-05
4.4013009e-05
4.3963721e-05
4.3943599e-05
4.3955936e-05
4.4005158e-05
4.4087865e-05
4.4161914e-05
4.4235885e-05
4.4295729e-05
4.4346261e-05
4.4386028e-05
4.441783e-05
4.4442822e-05
4.4462702e-05
4.4478597e-05
4.4491519e-05
4.4502219e-05
4.4511305e-05
4.4519255e-05
4.4526467e-05
4.4532712e-05
4.4457478e-05
4.4456757e-05
4.4456434e-05
4.4455072e-05
4.4452896e-05
4.4449613e-05
4.4445042e-05
4.4438855e-05
4.443065e-05
4.4419872e-05
4.4405811e-05
4.4387571e-05
4.4364101e-05
4.4334257e-05
4.4297008e-05
4.4252488e-05
4.4200261e-05
4.4148274e-05
4.4100037e-05
4.4060297e-05
4.4030029e-05
4.4012511e-05
4.4004783e-05
4.4014417e-05
4.4041644e-05
4.4085316e-05
4.4125657e-05
4.4037555e-05
4.3956499e-05
4.3890132e-05
4.3861457e-05
4.3874602e-05
4.3938152e-05
4.4051798e-05
4.4142196e-05
4.4230597e-05
4.4297478e-05
4.4352067e-05
4.4393189e-05
4.4425084e-05
4.4449414e-05
4.4468333e-05
4.4483178e-05
4.4495089e-05
4.4504876e-05
4.4513174e-05
4.4520467e-05
4.452715e-05
4.4532991e-05
4.4456232e-05
4.4456365e-05
4.4456865e-05
4.4456304e-05
4.4455019e-05
4.445275e-05
4.4449344e-05
4.4444482e-05
4.4437742e-05
4.4428504e-05
4.4415918e-05
4.4398826e-05
4.4375733e-05
4.4344813e-05
4.4304063e-05
4.4253056e-05
4.4189319e-05
4.41257e-05
4.4066558e-05
4.4018227e-05
4.3980813e-05
4.3959207e-05
4.3946301e-05
4.3954423e-05
4.3982909e-05
4.4027891e-05
4.4083019e-05
4.3987224e-05
4.3886999e-05
4.3799878e-05
4.3760833e-05
4.3773171e-05
4.3854253e-05
4.4014087e-05
4.4123859e-05
4.4229444e-05
4.4303645e-05
4.4362014e-05
4.4403882e-05
4.4435209e-05
4.445828e-05
4.447573e-05
4.4489115e-05
4.449969e-05
4.4508307e-05
4.451561e-05
4.4522076e-05
4.4528087e-05
4.4533395e-05
4.4456287e-05
4.4456427e-05
4.4457031e-05
4.4456702e-05
4.4455715e-05
4.4453799e-05
4.4450791e-05
4.4446355e-05
4.4440046e-05
4.4431197e-05
4.4418869e-05
4.4401743e-05
4.4378046e-05
4.4345479e-05
4.4301146e-05
4.4244272e-05
4.4168066e-05
4.4093232e-05
4.4024505e-05
4.3970124e-05
4.3927697e-05
4.3904274e-05
4.3884002e-05
4.3889258e-05
4.392005e-05
4.3969527e-05
4.4031884e-05
4.3947394e-05
4.3820273e-05
4.3697104e-05
4.3637569e-05
4.3645158e-05
4.3750613e-05
4.3985512e-05
4.4119027e-05
4.424276e-05
4.4321976e-05
4.438126e-05
4.4421362e-05
4.4450133e-05
4.4470518e-05
4.448549e-05
4.4496721e-05
4.4505477e-05
4.4512584e-05
4.4518644e-05
4.4524095e-05
4.452928e-05
4.4533925e-05
4.4458351e-05
4.4459063e-05
4.4460336e-05
4.4460774e-05
4.4460741e-05
4.4460018e-05
4.4458509e-05
4.4455945e-05
4.4451954e-05
4.4445924e-05
4.4436916e-05
4.4423467e-05
4.4403371e-05
4.4373349e-05
4.4328307e-05
4.4265894e-05
4.4170028e-05
4.4076423e-05
4.3991258e-05
4.3925396e-05
4.3872383e-05
4.3845339e-05
4.3814295e-05
4.3817948e-05
4.3855675e-05
4.3906102e-05
4.3953575e-05
4.3896221e-05
4.3735723e-05
4.3569724e-05
4.3490131e-05
4.348585e-05
4.3614644e-05
4.3963183e-05
4.4120506e-05
4.4262798e-05
4.4346189e-05
4.4405118e-05
4.4442498e-05
4.4467824e-05
4.4484862e-05
4.4496832e-05
4.4505519e-05
4.4512158e-05
4.451753e-05
4.4522172e-05
4.4526465e-05
4.4530702e-05
4.453457e-05
4.4475045e-05
4.447612e-05
4.4477816e-05
4.4478769e-05
4.4479353e-05
4.4479357e-05
4.4478693e-05
4.44771e-05
4.4474195e-05
4.4469328e-05
4.4461471e-05
4.4448964e-05
4.4429206e-05
4.4398274e-05
4.4349304e-05
4.4280501e-05
4.4159528e-05
4.404726e-05
4.3948967e-05
4.3879384e-05
4.3823754e-05
4.3805295e-05
4.375811e-05
4.3754025e-05
4.3793588e-05
4.3847116e-05
4.3890735e-05
4.389337e-05
4.3697563e-05
4.3452801e-05
4.3316894e-05
4.3277704e-05
4.3434372e-05
4.397711e-05
4.4164604e-05
4.431567e-05
4.4394202e-05
4.4444256e-05
4.4473364e-05
4.4491541e-05
4.4502983e-05
4.451057e-05
4.4515877e-05
4.4519884e-05
4.4523193e-05
4.4526199e-05
4.4529177e-05
4.4532342e-05
4.4535325e-05
4.4507492e-05
4.4508681e-05
4.451076e-05
4.4512312e-05
4.4513752e-05
4.4514923e-05
4.4515836e-05
4.4516368e-05
4.4516336e-05
4.4515368e-05
4.4512797e-05
4.4507395e-05
4.4496879e-05
4.4477306e-05
4.4438528e-05
4.4375982e-05
4.4218417e-05
4.4074072e-05
4.3953693e-05
4.3873834e-05
4.3803801e-05
4.3785699e-05
4.3709718e-05
4.3700248e-05
4.3778379e-05
4.3858819e-05
4.3841339e-05
4.3866564e-05
4.3642463e-05
4.3298964e-05
4.3146136e-05
4.3070211e-05
4.3219456e-05
4.4027577e-05
4.4218327e-05
4.4368774e-05
4.4443649e-05
4.448419e-05
4.4505408e-05
4.4516297e-05
4.4522045e-05
4.4525085e-05
4.4526871e-05
4.4528119e-05
4.4529262e-05
4.4530543e-05
4.4532129e-05
4.4534148e-05
4.4536169e-05
4.4555884e-05
4.4557784e-05
4.4560611e-05
4.456298e-05
4.4565412e-05
4.4567794e-05
4.4570195e-05
4.4572556e-05
4.4574762e-05
4.4576501e-05
4.4577119e-05
4.4575267e-05
4.4568057e-05
4.4550565e-05
4.4507683e-05
4.4439198e-05
4.4216094e-05
4.4033374e-05
4.3890469e-05
4.3810971e-05
4.3734732e-05
4.3772145e-05
3.5423512e-05
3.5319474e-05
3.5249861e-05
3.5166708e-05
3.4926964e-05
3.4833736e-05
3.4771634e-05
3.4969939e-05
3.5247604e-05
3.5743477e-05
4.2975818e-05
4.422863e-05
4.4417386e-05
4.450191e-05
4.4539261e-05
4.4548328e-05
4.4550076e-05
4.4547651e-05
4.4544594e-05
4.4541511e-05
4.4538956e-05
4.453702e-05
4.4535764e-05
4.4535187e-05
4.4535292e-05
4.4536096e-05
4.4537089e-05
4.4650797e-05
4.4651844e-05
4.4654371e-05
4.4656736e-05
4.4659398e-05
4.4662286e-05
4.4665548e-05
4.4669269e-05
4.4673574e-05
4.4678549e-05
4.4684226e-05
4.4690518e-05
4.4696568e-05
4.4702881e-05
4.4698403e-05
4.4690206e-05
3.6027316e-05
3.6061338e-05
3.603687e-05
3.6209892e-05
3.6736981e-05
3.9777052e-05
4.8052923e-05
4.9995665e-05
4.9995665e-05
4.9995665e-05
4.9995665e-05
4.9995665e-05
4.9981394e-05
4.9482828e-05
4.9229267e-05
4.9055671e-05
3.4930249e-05
4.4626418e-05
4.4502046e-05
4.4560127e-05
4.4607959e-05
4.4598115e-05
4.4588314e-05
4.4575795e-05
4.4565618e-05
4.4557209e-05
4.4550725e-05
4.4545813e-05
4.4542267e-05
4.4539885e-05
4.453853e-05
4.4538114e-05
4.4538057e-05
4.609434e-05
4.6102655e-05
4.6114051e-05
4.6125674e-05
4.6138667e-05
4.6153221e-05
4.6170083e-05
4.6190097e-05
4.621451e-05
4.6245091e-05
4.6284503e-05
4.6336905e-05
4.6408951e-05
4.6512812e-05
4.6664884e-05
3.5716119e-05
4.8511368e-05
4.9995665e-05
4.9995665e-05
4.9995665e-05
4.9995665e-05
4.9995665e-05
4.9995665e-05
4.9995665e-05
4.9995665e-05
4.9995665e-05
4.9995665e-05
4.9995665e-05
4.9995665e-05
4.9995665e-05
4.9995665e-05
4.9995665e-05
4.7255648e-05
3.098448e-05
4.5063904e-05
4.4849426e-05
4.4746372e-05
4.4680715e-05
4.4638421e-05
4.4608922e-05
4.458849e-05
4.4573603e-05
4.4562714e-05
4.4554669e-05
4.4548792e-05
4.4544606e-05
4.4541801e-05
4.4540169e-05
4.4539051e-05
4.4668036e-05
4.4669111e-05
4.4671663e-05
4.4674081e-05
4.4676814e-05
4.4679799e-05
4.4683184e-05
4.4687061e-05
4.4691558e-05
4.4696773e-05
4.4702748e-05
4.4709418e-05
4.4715963e-05
4.4722985e-05
4.471969e-05
4.4713501e-05
3.6057639e-05
3.6091937e-05
3.6069421e-05
3.6241585e-05
3.6771943e-05
3.980523e-05
4.8059744e-05
4.9995665e-05
4.9995665e-05
4.9995665e-05
4.9995665e-05
4.9995665e-05
4.9978905e-05
4.9485448e-05
4.9234308e-05
4.9066887e-05
3.4914505e-05
4.4502481e-05
4.4962081e-05
4.4812204e-05
4.4725958e-05
4.4673875e-05
4.4636333e-05
4.4609677e-05
4.4590298e-05
4.4575869e-05
4.4565017e-05
4.4556824e-05
4.4550682e-05
4.4546169e-05
4.4542999e-05
4.454098e-05
4.453946e-05
4.4572371e-05
4.4574329e-05
4.4577212e-05
4.4579662e-05
4.4582193e-05
4.45847e-05
4.4587255e-05
4.45898e-05
4.4592228e-05
4.4594234e-05
4.4595171e-05
4.45937e-05
4.4586943e-05
4.4569982e-05
4.4527691e-05
4.4460138e-05
4.4235861e-05
4.4052716e-05
4.3909628e-05
4.3829087e-05
4.3752539e-05
4.378838e-05
3.5444539e-05
3.5338305e-05
3.5266934e-05
3.5181652e-05
3.494265e-05
3.4847237e-05
3.4782516e-05
3.4980146e-05
3.5259858e-05
3.5727807e-05
4.287607e-05
4.4076819e-05
4.4557642e-05
4.460932e-05
4.4624377e-05
4.4611207e-05
4.459667e-05
4.458322e-05
4.4572051e-05
4.4563088e-05
4.4555979e-05
4.4550437e-05
4.45462e-05
4.4543085e-05
4.4540961e-05
4.4539751e-05
4.4538879e-05
4.4520768e-05
4.4522029e-05
4.4524189e-05
4.4525848e-05
4.4527416e-05
4.4528742e-05
4.4529843e-05
4.45306e-05
4.4530838e-05
4.4530196e-05
4.4528019e-05
4.4523094e-05
4.4513156e-05
4.4494278e-05
4.4456266e-05
4.4394589e-05
4.4236472e-05
4.4092166e-05
4.3972142e-05
4.3892459e-05
4.3823064e-05
4.3805311e-05
4.3729752e-05
4.3721206e-05
4.3798968e-05
4.3879607e-05
4.3863963e-05
4.3879106e-05
4.3640704e-05
4.3290962e-05
4.3125423e-05
4.3030666e-05
4.3119918e-05
4.3952367e-05
4.4342987e-05
4.4464802e-05
4.4524079e-05
4.45439e-05
4.455076e-05
4.4551116e-05
4.4549159e-05
4.4546449e-05
4.4543755e-05
4.4541421e-05
4.4539593e-05
4.4538343e-05
4.4537708e-05
4.453773e-05
4.4537914e-05
4.4479192e-05
4.4480334e-05
4.4482103e-05
4.448315e-05
4.4483846e-05
4.4483984e-05
4.4483479e-05
4.4482071e-05
4.4479383e-05
4.4474769e-05
4.4467204e-05
4.4455036e-05
4.4435667e-05
4.4405174e-05
4.435666e-05
4.4288398e-05
4.4167313e-05
4.4055146e-05
4.3956985e-05
4.3887398e-05
4.3831971e-05
4.3813465e-05
4.3766277e-05
4.3762726e-05
4.3802774e-05
4.3857575e-05
4.3903489e-05
4.388596e-05
4.3686852e-05
4.3437861e-05
4.3294208e-05
4.3243589e-05
4.3367424e-05
4.3921122e-05
4.4218835e-05
4.4368254e-05
4.4450301e-05
4.4490843e-05
4.4512222e-05
4.4522889e-05
4.4528278e-05
4.4530885e-05
4.4532129e-05
4.4532765e-05
4.4533225e-05
4.4533774e-05
4.4534588e-05
4.4535807e-05
4.4537005e-05
4.4458066e-05
4.4458841e-05
4.4460185e-05
4.4460715e-05
4.4460791e-05
4.4460197e-05
4.4458837e-05
4.4456448e-05
4.4452657e-05
4.4446856e-05
4.4438105e-05
4.4424943e-05
4.4405156e-05
4.4375452e-05
4.433069e-05
4.4268514e-05
4.4172474e-05
4.4078811e-05
4.3993612e-05
4.3927686e-05
4.387476e-05
4.3847751e-05
4.3816839e-05
4.3820824e-05
4.3858795e-05
4.3910069e-05
4.3959252e-05
4.3880622e-05
4.3716377e-05
4.3545675e-05
4.3459608e-05
4.3449249e-05
4.3566832e-05
4.3935382e-05
4.4161202e-05
4.4305625e-05
4.439355e-05
4.4445764e-05
4.4477422e-05
4.4496563e-05
4.4508449e-05
4.4515986e-05
4.4520969e-05
4.4524464e-05
4.4527141e-05
4.4529435e-05
4.4531649e-05
4.4534013e-05
4.4536169e-05
4.4453766e-05
4.4453976e-05
4.4454654e-05
4.4454418e-05
4.4453538e-05
4.4451747e-05
4.4448882e-05
4.444461e-05
4.4438487e-05
4.4429847e-05
4.4417753e-05
4.4400882e-05
4.437746e-05
4.4345177e-05
4.4301111e-05
4.424448e-05
4.4168291e-05
4.4093505e-05
4.402481e-05
4.3970451e-05
4.3928149e-05
4.3904875e-05
4.3884939e-05
4.3890857e-05
4.3922537e-05
4.3973462e-05
4.4037944e-05
4.3932338e-05
4.3802457e-05
4.367607e-05
4.3612505e-05
4.3616606e-05
4.3716956e-05
4.3965341e-05
4.4139314e-05
4.4269495e-05
4.4355861e-05
4.4412942e-05
4.4450366e-05
4.4475054e-05
4.4491627e-05
4.4502998e-05
4.4511052e-05
4.4516998e-05
4.4521635e-05
4.4525504e-05
4.4528994e-05
4.4532406e-05
4.4535429e-05
4.4452596e-05
4.4452795e-05
4.4453368e-05
4.4452898e-05
4.4451718e-05
4.4449571e-05
4.4446304e-05
4.4441598e-05
4.4435032e-05
4.4425986e-05
4.4413609e-05
4.4396736e-05
4.4373869e-05
4.4343167e-05
4.4302605e-05
4.4251749e-05
4.4188029e-05
4.4124449e-05
4.4065345e-05
4.4017068e-05
4.3979789e-05
4.3958364e-05
4.3945775e-05
4.3954426e-05
4.3983668e-05
4.4029908e-05
4.4077609e-05
4.3970387e-05
4.3867986e-05
4.377868e-05
4.3737654e-05
4.3749585e-05
4.3831342e-05
4.4003349e-05
4.4138814e-05
4.4250784e-05
4.433106e-05
4.4388595e-05
4.4428857e-05
4.4457167e-05
4.4477222e-05
4.4491663e-05
4.4502298e-05
4.4510369e-05
4.4516739e-05
4.4522018e-05
4.4526656e-05
4.4531006e-05
4.4534796e-05
4.4453202e-05
4.4452559e-05
4.4452318e-05
4.4451053e-05
4.4448988e-05
4.4445831e-05
4.4441402e-05
4.4435375e-05
4.4427347e-05
4.4416765e-05
4.4402917e-05
4.4384905e-05
4.4361673e-05
4.4332068e-05
4.4295046e-05
4.4250731e-05
4.4198637e-05
4.4146793e-05
4.4098708e-05
4.4059157e-05
4.4029168e-05
4.4012026e-05
4.4004851e-05
4.4015281e-05
4.4043565e-05
4.4088703e-05
4.4112589e-05
4.4022869e-05
4.394013e-05
4.3872165e-05
4.3842246e-05
4.3855489e-05
4.3920667e-05
4.4043232e-05
4.4150193e-05
4.4244975e-05
4.4317607e-05
4.437292e-05
4.4413682e-05
4.444375e-05
4.4465943e-05
4.4482512e-05
4.4495078e-05
4.4504828e-05
4.4512619e-05
4.4519083e-05
4.4524698e-05
4.4529847e-05
4.4534282e-05
4.4454716e-05
4.445424e-05
4.4454029e-05
4.4452648e-05
4.4450408e-05
4.4447036e-05
4.4442371e-05
4.4436103e-05
4.442786e-05
4.4417134e-05
4.4403301e-05
4.4385604e-05
4.4363211e-05
4.4335306e-05
4.430132e-05
4.4261641e-05
4.4216823e-05
4.4172247e-05
4.413097e-05
4.4096779e-05
4.407123e-05
4.40569e-05
4.4052962e-05
4.4063929e-05
4.4090099e-05
4.4131413e-05
4.4136744e-05
4.4062644e-05
4.3997375e-05
4.3947348e-05
4.3927102e-05
4.3940648e-05
4.3992647e-05
4.4082595e-05
4.4167841e-05
4.4247265e-05
4.4311775e-05
4.4363429e-05
4.4403272e-05
4.4433881e-05
4.445728e-05
4.4475283e-05
4.4489274e-05
4.450033e-05
4.4509265e-05
4.4516703e-05
4.4523128e-05
4.4528935e-05
4.453389e-05
4.4456131e-05
4.4454751e-05
4.4453743e-05
4.4451675e-05
4.4448746e-05
4.4444668e-05
4.4439277e-05
4.4432285e-05
4.4423372e-05
4.4412122e-05
4.4398051e-05
4.4380614e-05
4.4359261e-05
4.4333531e-05
4.4303232e-05
4.4268892e-05
4.4231392e-05
4.4194369e-05
4.4160326e-05
4.4132209e-05
4.4111635e-05
4.4100675e-05
4.4099561e-05
4.4111266e-05
4.4136248e-05
4.4174656e-05
4.4167309e-05
4.4105525e-05
4.4052356e-05
4.4013493e-05
4.399866e-05
4.4010918e-05
4.4052334e-05
4.4120136e-05
4.4188833e-05
4.4255346e-05
4.4312102e-05
4.4359441e-05
4.43974e-05
4.442757e-05
4.4451336e-05
4.44701e-05
4.4484996e-05
4.4496964e-05
4.4506743e-05
4.4514921e-05
4.4521971e-05
4.4528283e-05
4.4533624e-05
4.4458749e-05
4.4457577e-05
4.4456625e-05
4.4454478e-05
4.445142e-05
4.4447189e-05
4.4441641e-05
4.4434515e-05
4.4425521e-05
4.4414297e-05
4.4400442e-05
4.438353e-05
4.4363177e-05
4.4339134e-05
4.4311433e-05
4.4280705e-05
4.4247981e-05
4.4215925e-05
4.4186672e-05
4.4162611e-05
4.4145324e-05
4.4136529e-05
4.413687e-05
4.4148321e-05
4.4171376e-05
4.4206337e-05
4.4191068e-05
4.4140241e-05
4.4097874e-05
4.4068372e-05
4.4058098e-05
4.406926e-05
4.4102649e-05
4.4155092e-05
4.4211008e-05
4.4266808e-05
4.4316468e-05
4.4359357e-05
4.439494e-05
4.4424075e-05
4.4447645e-05
4.446668e-05
4.448208e-05
4.4494635e-05
4.4504999e-05
4.451371e-05
4.4521212e-05
4.4527882e-05
4.453348e-05
4.44609e-05
4.4458916e-05
4.4457293e-05
4.4454632e-05
4.4451118e-05
4.4446488e-05
4.4440598e-05
4.4433219e-05
4.442411e-05
4.4412986e-05
4.4399547e-05
4.4383499e-05
4.4364613e-05
4.4342798e-05
4.4318216e-05
4.4291494e-05
4.4263612e-05
4.4236546e-05
4.4212066e-05
4.4192099e-05
4.4178091e-05
4.4171498e-05
4.4173124e-05
4.4184364e-05
4.4205646e-05
4.4237155e-05
4.4216775e-05
4.4174341e-05
4.4139735e-05
4.4116537e-05
4.4109078e-05
4.4118887e-05
4.414602e-05
4.4187509e-05
4.4233517e-05
4.4280569e-05
4.4323942e-05
4.4362515e-05
4.4395469e-05
4.4423153e-05
4.4446076e-05
4.4464962e-05
4.44805e-05
4.4493338e-05
4.4504035e-05
4.451307e-05
4.4520852e-05
4.4527732e-05
4.4533457e-05
4.4464171e-05
4.4462357e-05
4.4460761e-05
4.4458032e-05
4.4454418e-05
4.4449684e-05
4.4443712e-05
4.4436297e-05
4.4427236e-05
4.4416291e-05
4.4403231e-05
4.4387851e-05
4.4370029e-05
4.4349787e-05
4.4327376e-05
4.430343e-05
4.4278876e-05
4.4255269e-05
4.4234113e-05
4.4217e-05
4.420522e-05
4.420001e-05
4.4202183e-05
4.4212765e-05
4.4232144e-05
4.4260457e-05
4.4237819e-05
4.4202954e-05
4.4175226e-05
4.4157378e-05
4.4152351e-05
4.4161194e-05
4.4183648e-05
4.4217218e-05
4.4255506e-05
4.4295444e-05
4.433335e-05
4.4367915e-05
4.4398206e-05
4.442423e-05
4.4446224e-05
4.4464667e-05
4.448007e-05
4.4492947e-05
4.4503767e-05
4.4512948e-05
4.4520856e-05
4.4527812e-05
4.4533544e-05
4.4466924e-05
4.4464465e-05
4.4462364e-05
4.4459299e-05
4.4455437e-05
4.4450546e-05
4.444451e-05
4.4437151e-05
4.4428302e-05
4.4417776e-05
4.4405406e-05
4.4391063e-05
4.4374697e-05
4.4356394e-05
4.4336437e-05
4.4315412e-05
4.429414e-05
4.4273859e-05
4.425583e-05
4.4241371e-05
4.4231611e-05
4.4227605e-05
4.4230106e-05
4.4239887e-05
4.4257255e-05
4.4282258e-05
4.4258772e-05
4.4229818e-05
4.4207292e-05
4.4193343e-05
4.4190012e-05
4.4197986e-05
4.4216851e-05
4.4244561e-05
4.4276803e-05
4.4310967e-05
4.4344174e-05
4.4375097e-05
4.4402789e-05
4.4427044e-05
4.4447912e-05
4.4465682e-05
4.4480718e-05
4.449342e-05
4.4504171e-05
4.4513328e-05
4.4521214e-05
4.4528115e-05
4.4533737e-05
4.4470528e-05
4.4468174e-05
4.4466068e-05
4.4462947e-05
4.4459022e-05
4.4454089e-05
4.4448055e-05
4.4440766e-05
4.4432085e-05
4.4421866e-05
4.440999e-05
4.4396384e-05
4.4381058e-05
4.4364148e-05
4.4345956e-05
4.432704e-05
4.4308131e-05
4.4290252e-05
4.4274476e-05
4.4261906e-05
4.4253528e-05
4.4250239e-05
4.4252718e-05
4.4261571e-05
4.427705e-05
4.4299147e-05
4.4276405e-05
4.4252783e-05
4.4234875e-05
4.4224321e-05
4.4222543e-05
4.4229986e-05
4.4246205e-05
4.4269569e-05
4.4297074e-05
4.4326564e-05
4.4355773e-05
4.438345e-05
4.4408691e-05
4.4431168e-05
4.4450804e-05
4.4467749e-05
4.4482251e-05
4.4494611e-05
4.4505139e-05
4.4514135e-05
4.4521874e-05
4.4528612e-05
4.4534024e-05
4.4473669e-05
4.4470848e-05
4.4468399e-05
4.4465093e-05
4.4461081e-05
4.4456162e-05
4.4450243e-05
4.4443189e-05
4.4434886e-05
4.442522e-05
4.4414107e-05
4.440151e-05
4.438747e-05
4.4372142e-05
4.4355817e-05
4.4339e-05
4.4322326e-05
4.4306645e-05
4.4292865e-05
4.4281914e-05
4.4274643e-05
4.4271819e-05
4.4274037e-05
4.4281778e-05
4.4295242e-05
4.4314389e-05
4.4293113e-05
4.4273806e-05
4.4259584e-05
4.4251711e-05
4.425118e-05
4.4258256e-05
4.4272492e-05
4.4292584e-05
4.4316364e-05
4.4342064e-05
4.4367886e-05
4.4392697e-05
4.4415665e-05
4.4436401e-05
4.445475e-05
4.4470765e-05
4.4484602e-05
4.4496483e-05
4.4506653e-05
4.4515358e-05
4.4522834e-05
4.4529299e-05
4.4534402e-05
4.4477353e-05
4.4474578e-05
4.4472108e-05
4.4468774e-05
4.4464751e-05
4.4459863e-05
4.4454034e-05
4.444715e-05
4.4439118e-05
4.4429852e-05
4.4419296e-05
4.4407445e-05
4.4394366e-05
4.4380224e-05
4.4365302e-05
4.435006e-05
4.4335056e-05
4.4321005e-05
4.4308687e-05
4.4298887e-05
4.429234e-05
4.4289705e-05
4.4291503e-05
4.4298127e-05
4.4309741e-05
4.4325889e-05
4.430733e-05
4.4291931e-05
4.4281026e-05
4.4275569e-05
4.4276252e-05
4.4283218e-05
4.4296049e-05
4.4313702e-05
4.4334567e-05
4.4357203e-05
4.4380172e-05
4.4402476e-05
4.4423366e-05
4.4442435e-05
4.4459487e-05
4.4474507e-05
4.4487585e-05
4.4498881e-05
4.4508587e-05
4.4516902e-05
4.4524023e-05
4.4530134e-05
4.4534855e-05
4.448064e-05
4.4477551e-05
4.4474877e-05
4.4471477e-05
4.4467483e-05
4.4462722e-05
4.4457119e-05
4.4450566e-05
4.4442988e-05
4.4434312e-05
4.44245e-05
4.4413559e-05
4.4401564e-05
4.4388674e-05
4.4375148e-05
4.4361396e-05
4.4347896e-05
4.4335256e-05
4.432414e-05
4.431522e-05
4.4309129e-05
4.4306436e-05
4.4307597e-05
4.4312946e-05
4.4322626e-05
4.4335535e-05
4.4320314e-05
4.4308215e-05
4.430011e-05
4.4296716e-05
4.4298502e-05
4.4305515e-05
4.4317363e-05
4.4333196e-05
4.435178e-05
4.4371939e-05
4.4392511e-05
4.4412632e-05
4.4431637e-05
4.4449134e-05
4.4464906e-05
4.4478898e-05
4.4491153e-05
4.4501784e-05
4.4510938e-05
4.4518776e-05
4.4525457e-05
4.4531131e-05
4.4535387e-05
4.4484194e-05
4.4481104e-05
4.4478419e-05
4.4475032e-05
4.4471091e-05
4.4466439e-05
4.4461011e-05
4.4454717e-05
4.444749e-05
4.4439275e-05
4.4430048e-05
4.4419826e-05
4.4408688e-05
4.4396787e-05
4.4384355e-05
4.4371759e-05
4.4359409e-05
4.4347826e-05
4.4337578e-05
4.4329242e-05
4.4323367e-05
4.4320449e-05
4.432089e-05
4.4324983e-05
4.4332858e-05
4.4343286e-05
4.4331334e-05
4.4322263e-05
4.4316738e-05
4.431528e-05
4.4318192e-05
4.432545e-05
4.4336688e-05
4.4351203e-05
4.4368025e-05
4.4386191e-05
4.4404756e-05
4.4422979e-05
4.4440284e-05
4.4456303e-05
4.4470823e-05
4.4483768e-05
4.449515e-05
4.4505048e-05
4.4513577e-05
4.4520865e-05
4.4527042e-05
4.4532227e-05
4.4535981e-05
4.448738e-05
4.4484074e-05
4.4481302e-05
4.447794e-05
4.4474116e-05
4.446967e-05
4.4464535e-05
4.4458627e-05
4.4451885e-05
4.4444257e-05
4.4435725e-05
4.4426306e-05
4.441607e-05
4.4405153e-05
4.4393758e-05
4.4382202e-05
4.4370837e-05
4.4360104e-05
4.4350493e-05
4.4342501e-05
4.4336607e-05
4.4333251e-05
4.4332795e-05
4.4335508e-05
4.4341524e-05
4.4350076e-05
4.4341001e-05
4.4334607e-05
4.4331389e-05
4.4331708e-05
4.4335733e-05
4.4343378e-05
4.4354295e-05
4.4367882e-05
4.4383358e-05
4.4399926e-05
4.4416813e-05
4.443339e-05
4.4449164e-05
4.4463806e-05
4.4477119e-05
4.448902e-05
4.4499505e-05
4.4508632e-05
4.4516488e-05
4.4523179e-05
4.4528806e-05
4.4533454e-05
4.4536659e-05
4.4490636e-05
4.4487275e-05
4.4484527e-05
4.4481231e-05
4.447753e-05
4.4473271e-05
4.4468394e-05
4.4462819e-05
4.4456493e-05
4.4449369e-05
4.4441431e-05
4.4432693e-05
4.4423216e-05
4.4413117e-05
4.4402568e-05
4.4391844e-05
4.4381239e-05
4.4371129e-05
4.4361935e-05
4.4354087e-05
4.4348009e-05
4.4344093e-05
4.4342673e-05
4.4344003e-05
4.4348228e-05
4.4355152e-05
4.4349066e-05
4.4345186e-05
4.4344164e-05
4.4346221e-05
4.435142e-05
4.435962e-05
4.4370477e-05
4.438347e-05
4.4397947e-05
4.4413247e-05
4.4428732e-05
4.4443877e-05
4.4458268e-05
4.4471621e-05
4.4483762e-05
4.4494615e-05
4.4504173e-05
4.4512479e-05
4.4519605e-05
4.4525639e-05
4.4530662e-05
4.4534736e-05
4.453741e-05
4.4493561e-05
4.4489983e-05
4.4487246e-05
4.4484054e-05
4.4480534e-05
4.4476536e-05
4.4471995e-05
4.4466835e-05
4.4461003e-05
4.4454451e-05
4.4447156e-05
4.4439125e-05
4.4430402e-05
4.4421079e-05
4.4411296e-05
4.4401282e-05
4.4391282e-05
4.4381612e-05
4.4372635e-05
4.4364725e-05
4.4358262e-05
4.4353604e-05
4.4351069e-05
4.435091e-05
4.4353296e-05
4.435829e-05
4.4355599e-05
4.4354056e-05
4.4355111e-05
4.4358868e-05
4.436529e-05
4.4374182e-05
4.4385197e-05
4.4397862e-05
4.4411623e-05
4.4425923e-05
4.4440237e-05
4.4454131e-05
4.4467266e-05
4.447941e-05
4.4490422e-05
4.450024e-05
4.4508863e-05
4.4516332e-05
4.4522711e-05
4.452808e-05
4.4532508e-05
4.4536037e-05
4.4538284e-05
4.4500325e-05
4.4496506e-05
4.4493724e-05
4.4490546e-05
4.4487094e-05
4.448323e-05
4.4478885e-05
4.4473988e-05
4.4468484e-05
4.4462322e-05
4.4455473e-05
4.444793e-05
4.443972e-05
4.4430909e-05
4.4421602e-05
4.441199e-05
4.4402266e-05
4.4392699e-05
4.4383602e-05
4.4375307e-05
4.4368157e-05
4.4362493e-05
4.4358625e-05
4.435682e-05
4.4357276e-05
4.4360109e-05
4.4361043e-05
4.4361749e-05
4.4364845e-05
4.4370325e-05
4.4378059e-05
4.4387795e-05
4.4399171e-05
4.4411744e-05
4.4425027e-05
4.4438549e-05
4.445188e-05
4.4464668e-05
4.4476648e-05
4.4487641e-05
4.4497544e-05
4.4506322e-05
4.4513982e-05
4.452057e-05
4.4526147e-05
4.4530787e-05
4.453455e-05
4.4536994e-05
4.4538157e-05
4.4613272e-05
4.4607884e-05
4.4602941e-05
4.459772e-05
4.459222e-05
4.4586381e-05
4.4580119e-05
4.4573373e-05
4.4566081e-05
4.4558189e-05
4.4549654e-05
4.4540455e-05
4.4530596e-05
4.4520113e-05
4.4509076e-05
4.4497629e-05
4.4485923e-05
4.4474173e-05
4.4462651e-05
4.4451648e-05
4.4441481e-05
4.4432475e-05
4.4424943e-05
4.4419173e-05
4.4415401e-05
4.4413803e-05
4.4413803e-05
4.4414466e-05
4.4417388e-05
4.4422456e-05
4.4429443e-05
4.4438025e-05
4.4447802e-05
4.4458333e-05
4.4469174e-05
4.4479915e-05
4.4490205e-05
4.4499772e-05
4.450842e-05
4.4516031e-05
4.4522549e-05
4.4527969e-05
4.4532324e-05
4.4535669e-05
4.4538076e-05
4.4539623e-05
4.454039e-05
4.4540007e-05
4.453827e-05
4.4184712e-05
3.9464393e-05
3.7685117e-05
3.6729323e-05
3.626581e-05
3.6027316e-05
3.592762e-05
3.5871146e-05
3.5847067e-05
3.5807878e-05
4.1896111e-05
3.7667954e-05
3.6475649e-05
3.603687e-05
3.5961014e-05
3.5918821e-05
3.5938338e-05
3.592459e-05
3.5925371e-05
3.5879304e-05
4.1612308e-05
3.7489435e-05
3.638594e-05
3.5984664e-05
3.5928965e-05
3.5890736e-05
3.591396e-05
3.5900332e-05
3.5902643e-05
3.5858809e-05
4.1342161e-05
3.7315116e-05
3.6290909e-05
3.5920839e-05
3.5882092e-05
3.5846625e-05
3.5873056e-05
3.5859048e-05
3.5861008e-05
3.5813354e-05
4.1089061e-05
3.7158146e-05
3.6209892e-05
3.5868437e-05
3.5845565e-05
3.5812728e-05
3.5842909e-05
3.582985e-05
3.5834522e-05
3.5792708e-05
4.0845261e-05
3.7004941e-05
3.6126541e-05
3.5809563e-05
3.5800537e-05
3.5769484e-05
3.5802611e-05
3.57888e-05
3.5792392e-05
3.5741389e-05
4.0616265e-05
3.6868158e-05
3.6058375e-05
3.5764913e-05
3.5769873e-05
3.5741548e-05
3.5779383e-05
3.5768156e-05
3.5776811e-05
3.5737554e-05
4.0397819e-05
3.6736981e-05
3.5989758e-05
3.5714603e-05
3.5729524e-05
3.5700468e-05
3.5739287e-05
3.5726324e-05
3.5734318e-05
3.5690833e-05
3.7634731e-05
3.5228195e-05
3.5199385e-05
3.5056945e-05
3.518147e-05
3.5167018e-05
3.5244368e-05
3.5264485e-05
3.5294624e-05
3.5300995e-05
3.9980294e-05
3.6491777e-05
3.5862779e-05
3.5620821e-05
3.5656272e-05
3.5628714e-05
3.5673054e-05
3.5661289e-05
3.5671604e-05
3.5631061e-05
3.9777052e-05
3.6367561e-05
3.5790283e-05
3.5559557e-05
3.5602129e-05
3.5573516e-05
3.561915e-05
3.560676e-05
3.561655e-05
3.5573185e-05
3.9578482e-05
3.6253879e-05
3.5730954e-05
3.5513992e-05
3.5566715e-05
3.5540264e-05
3.5590458e-05
3.5581217e-05
3.5594719e-05
3.5557231e-05
3.9388761e-05
3.6149782e-05
3.5679994e-05
3.5474405e-05
3.553488e-05
3.5507972e-05
3.5559668e-05
3.5550387e-05
3.5564468e-05
3.5530235e-05
3.9201651e-05
3.6043597e-05
3.562224e-05
3.5424747e-05
3.549094e-05
3.5462183e-05
3.5513662e-05
3.5501967e-05
3.55114e-05
3.5462582e-05
3.9014534e-05
3.5937813e-05
3.5564263e-05
3.5375798e-05
3.5450192e-05
3.5423512e-05
3.5480146e-05
3.5474404e-05
3.549188e-05
3.5463537e-05
3.8832917e-05
3.5841129e-05
3.5516205e-05
3.5336369e-05
3.5418103e-05
3.5391853e-05
3.5450546e-05
3.5445868e-05
3.5463339e-05
3.543723e-05
3.8654827e-05
3.57459e-05
3.5466803e-05
3.529326e-05
3.5380641e-05
3.5353518e-05
3.5412544e-05
3.5406667e-05
3.5419624e-05
3.5381e-05
3.8477278e-05
3.5650667e-05
3.5416184e-05
3.5249366e-05
3.5344182e-05
3.5319474e-05
3.5383449e-05
3.5384082e-05
3.540498e-05
3.5386869e-05
3.8304609e-05
3.5563372e-05
3.5373902e-05
3.5213633e-05
3.5315189e-05
3.5291717e-05
3.5357941e-05
3.5360757e-05
3.5382139e-05
3.5365275e-05
3.8135982e-05
3.5478786e-05
3.5331836e-05
3.5176268e-05
3.5283039e-05
3.5259779e-05
3.5326632e-05
3.5329838e-05
3.5347997e-05
3.5321358e-05
3.7968752e-05
3.5394595e-05
3.5288258e-05
3.5137199e-05
3.5249861e-05
3.5228846e-05
3.5299116e-05
3.5307944e-05
3.5331242e-05
3.5321786e-05
3.7803625e-05
3.5313602e-05
3.5246596e-05
3.509921e-05
3.5216837e-05
3.5197459e-05
3.5269748e-05
3.5282274e-05
3.5306716e-05
3.5300722e-05
4.0181662e-05
3.6604293e-05
3.5915663e-05
3.5657512e-05
3.5683244e-05
3.5655646e-05
3.5697887e-05
3.5685788e-05
3.5694387e-05
3.5648381e-05
4.3320632e-05
3.8608789e-05
3.6981144e-05
3.6326206e-05
3.6123003e-05
3.6034861e-05
3.602109e-05
3.5997915e-05
3.5988375e-05
3.5945319e-05
4.2206383e-05
3.787056e-05
3.658271e-05
3.6101093e-05
3.6001943e-05
3.595414e-05
3.5969223e-05
3.5955612e-05
3.5956406e-05
3.5915321e-05
4.3765958e-05
3.894856e-05
3.72408e-05
3.6482261e-05
3.6192612e-05
3.6053835e-05
3.6009567e-05
3.5974696e-05
3.5961078e-05
3.5923441e-05
4.291114e-05
3.8329022e-05
3.681575e-05
3.6223156e-05
3.6061338e-05
3.5992826e-05
3.5993059e-05
3.597575e-05
3.5971538e-05
3.5932325e-05
4.2540326e-05
3.8085816e-05
3.6691287e-05
3.6159448e-05
3.6033009e-05
3.5977714e-05
3.5986959e-05
3.5971452e-05
3.596743e-05
3.5915516e-05
3.5426316e-05
3.5749407e-05
3.5208442e-05
3.4914505e-05
3.4784329e-05
3.4847736e-05
3.5058751e-05
3.5387166e-05
3.5800961e-05
3.6278084e-05
3.504496e-05
3.5419484e-05
3.5368082e-05
3.5443153e-05
3.5489522e-05
3.5616402e-05
3.5789039e-05
3.6021345e-05
3.6300428e-05
3.6622587e-05
3.7476774e-05
3.5161782e-05
3.5174051e-05
3.5036922e-05
3.5166708e-05
3.5154812e-05
3.523321e-05
3.5256305e-05
3.528594e-05
3.5290021e-05
3.7313976e-05
3.5080643e-05
3.5125693e-05
3.4990016e-05
3.512264e-05
3.5113267e-05
3.519282e-05
3.5220574e-05
3.5252514e-05
3.5262874e-05
3.7152126e-05
3.5007091e-05
3.5087585e-05
3.4956824e-05
3.5094857e-05
3.5091178e-05
3.5173949e-05
3.5208834e-05
3.5244065e-05
3.5258416e-05
3.6992225e-05
3.4937319e-05
3.5052526e-05
3.4926964e-05
3.5070023e-05
3.5072853e-05
3.5159011e-05
3.5202835e-05
3.5243143e-05
3.5269357e-05
3.6834221e-05
3.4870019e-05
3.5017877e-05
3.4897275e-05
3.5044179e-05
3.5053563e-05
3.5142079e-05
3.5194472e-05
3.523826e-05
3.5275767e-05
3.6675164e-05
3.4801479e-05
3.497918e-05
3.4863644e-05
3.5013653e-05
3.503046e-05
3.5121222e-05
3.518253e-05
3.5229667e-05
3.5277083e-05
3.6516048e-05
3.4735938e-05
3.4942688e-05
3.4833736e-05
3.4986776e-05
3.5012271e-05
3.5105107e-05
3.5175372e-05
3.5225703e-05
3.5279797e-05
3.6358304e-05
3.467463e-05
3.4909186e-05
3.4808166e-05
3.4963797e-05
3.4999127e-05
3.5093723e-05
3.5172722e-05
3.5224226e-05
3.5278475e-05
3.6200617e-05
3.4615446e-05
3.4876121e-05
3.4785556e-05
3.4944765e-05
3.499364e-05
3.5093516e-05
3.5187429e-05
3.5249995e-05
3.5328254e-05
3.6045583e-05
3.4563656e-05
3.4849272e-05
3.4771634e-05
3.493386e-05
3.4997336e-05
3.5101226e-05
3.5207456e-05
3.5275721e-05
3.5357129e-05
3.5890644e-05
3.4515025e-05
3.4823484e-05
3.4762904e-05
3.4929694e-05
3.5012429e-05
3.5124235e-05
3.524831e-05
3.5329833e-05
3.543055e-05
3.5742656e-05
3.4482263e-05
3.481363e-05
3.4775132e-05
3.4946993e-05
3.5051475e-05
3.5171868e-05
3.5313694e-05
3.54068e-05
3.5516115e-05
3.5596466e-05
3.4453911e-05
3.4803614e-05
3.479178e-05
3.4969939e-05
3.5100831e-05
3.5234702e-05
3.539989e-05
3.551355e-05
3.5648042e-05
3.545474e-05
3.44415e-05
3.4809373e-05
3.4833245e-05
3.5021696e-05
3.5184955e-05
3.5337741e-05
3.5528739e-05
3.5663865e-05
3.5810618e-05
3.5319392e-05
3.4449385e-05
3.4835172e-05
3.4905752e-05
3.5110339e-05
3.531373e-05
3.5495047e-05
3.5679305e-05
3.5764043e-05
3.5857391e-05
3.5193654e-05
3.4485525e-05
3.4889419e-05
3.5019526e-05
3.5247604e-05
3.5445024e-05
3.5558633e-05
3.5712006e-05
3.5811226e-05
3.5922854e-05
3.507565e-05
3.4554733e-05
3.4980318e-05
3.5147884e-05
3.5310865e-05
3.548145e-05
3.5597631e-05
3.5747075e-05
3.5848178e-05
3.5940274e-05
3.4969371e-05
3.4682959e-05
3.5092504e-05
3.5249221e-05
3.5374464e-05
3.5552576e-05
3.5682183e-05
3.5841041e-05
3.5968326e-05
3.6095973e-05
3.4902813e-05
3.4833104e-05
3.5142016e-05
3.5313309e-05
3.5427532e-05
3.5601714e-05
3.5743477e-05
3.5911713e-05
3.606764e-05
3.6227364e-05
3.4928279e-05
3.5088282e-05
3.5217936e-05
3.5384495e-05
3.5483552e-05
3.5644309e-05
3.5798107e-05
3.5980072e-05
3.6166293e-05
3.6359043e-05
3.4994994e-05
3.5393794e-05
3.5356907e-05
3.5449793e-05
3.5509602e-05
3.5648373e-05
3.5829483e-05
3.6065804e-05
3.6339841e-05
3.6639017e-05
3.5351731e-05
3.5714997e-05
3.520067e-05
3.4930249e-05
3.4818415e-05
3.4897575e-05
3.5122232e-05
3.546233e-05
3.5884289e-05
3.6360343e-05
3.629332e-05
3.2250834e-05
3.0496752e-05
2.98265e-05
2.9719831e-05
2.9951959e-05
3.0399429e-05
3.098962e-05
3.1674989e-05
3.2426579e-05
3.6365664e-05
3.2308216e-05
3.0539109e-05
2.9856301e-05
2.9739135e-05
2.9962169e-05
3.0401565e-05
3.098448e-05
3.166318e-05
3.2408816e-05
1.9903822e-05
2.3524364e-05
2.620163e-05
2.8438277e-05
3.0360661e-05
3.2059633e-05
3.355736e-05
3.4897858e-05
3.6092399e-05
2.0411514e-05
2.2698983e-05
2.4267773e-05
2.5666426e-05
2.6995947e-05
2.8283544e-05
2.9522862e-05
3.0719137e-05
3.1868274e-05
3.4961026e-05
3.5107566e-05
3.522833e-05
3.5382657e-05
3.5472947e-05
3.5624698e-05
3.5772845e-05
3.595367e-05
3.6149305e-05
3.6370333e-05
3.4935536e-05
3.4858646e-05
3.5150865e-05
3.5314112e-05
3.5422429e-05
3.558961e-05
3.5727807e-05
3.5896732e-05
3.6064612e-05
3.6254439e-05
3.4990694e-05
3.4713743e-05
3.5110936e-05
3.5252225e-05
3.5372953e-05
3.5545453e-05
3.567276e-05
3.5833169e-05
3.5973427e-05
3.6130591e-05
3.5089319e-05
3.457835e-05
3.5007678e-05
3.5163666e-05
3.5312018e-05
3.5478471e-05
3.5593409e-05
3.5745376e-05
3.5860635e-05
3.5982769e-05
3.5202288e-05
3.450349e-05
3.4909547e-05
3.5042152e-05
3.5259858e-05
3.5446002e-05
3.5558854e-05
3.5715669e-05
3.5830082e-05
3.5972389e-05
3.5324788e-05
3.4463677e-05
3.48505e-05
3.4923249e-05
3.5127186e-05
3.5329839e-05
3.5507442e-05
3.5689504e-05
3.5787395e-05
3.5911539e-05
3.545818e-05
3.4453521e-05
3.48216e-05
3.4847451e-05
3.5034691e-05
3.5197201e-05
3.5350337e-05
3.5545885e-05
3.5696637e-05
3.5870016e-05
3.5598879e-05
3.4464569e-05
3.4813771e-05
3.4803747e-05
3.4980146e-05
3.5110129e-05
3.5243892e-05
3.5413291e-05
3.5541924e-05
3.5706154e-05
3.5744799e-05
3.4492353e-05
3.4822677e-05
3.4785921e-05
3.4955635e-05
3.5059191e-05
3.517928e-05
3.5325317e-05
3.5433479e-05
3.5572691e-05
3.5893088e-05
3.4525214e-05
3.4832256e-05
3.4773455e-05
3.493787e-05
3.5019751e-05
3.5131146e-05
3.5259441e-05
3.5355952e-05
3.5486295e-05
3.6048695e-05
3.4574347e-05
3.485829e-05
3.4782516e-05
3.4942233e-05
3.5005002e-05
3.510849e-05
3.5219099e-05
3.5302586e-05
3.5413982e-05
3.620462e-05
3.4626907e-05
3.4885745e-05
3.4797154e-05
3.4953799e-05
3.5002105e-05
3.5101554e-05
3.5199882e-05
3.5277561e-05
3.5385487e-05
3.6363277e-05
3.4686954e-05
3.4919582e-05
3.4820647e-05
3.4973687e-05
3.5008588e-05
3.5102761e-05
3.5186254e-05
3.5252807e-05
3.5336753e-05
3.6522022e-05
3.4749197e-05
3.4953978e-05
3.4847237e-05
3.4997743e-05
3.502299e-05
3.5115489e-05
3.5190451e-05
3.5255932e-05
3.5340101e-05
3.6682075e-05
3.4815592e-05
3.4991294e-05
3.4878049e-05
3.5025556e-05
3.5042236e-05
3.5132637e-05
3.5198674e-05
3.526078e-05
3.5338118e-05
3.684202e-05
3.4884893e-05
3.5030673e-05
3.4912388e-05
3.5056789e-05
3.506609e-05
3.5154167e-05
3.5211268e-05
3.5269754e-05
3.5336978e-05
3.7000897e-05
3.495289e-05
3.5065914e-05
3.494265e-05
3.5083159e-05
3.5085899e-05
3.5171472e-05
3.5219841e-05
3.5274323e-05
3.532965e-05
3.7161714e-05
3.502339e-05
3.5101578e-05
3.4973087e-05
3.5108567e-05
3.5104809e-05
3.5186904e-05
3.5226312e-05
3.5275457e-05
3.5318802e-05
3.7324529e-05
3.5097716e-05
3.5140355e-05
3.5006916e-05
3.5136987e-05
3.5127583e-05
3.5206409e-05
3.5238675e-05
3.5284307e-05
3.5323459e-05
3.7488338e-05
3.5179644e-05
3.5189359e-05
3.5054411e-05
3.5181652e-05
3.5169738e-05
3.5247348e-05
3.5274932e-05
3.5318119e-05
3.535076e-05
3.7647335e-05
3.5246924e-05
3.5215482e-05
3.507521e-05
3.5197233e-05
3.5182821e-05
3.5259382e-05
3.5283945e-05
3.5327411e-05
3.5361796e-05
3.7817274e-05
3.5333164e-05
3.5263388e-05
3.5118095e-05
3.5233248e-05
3.5213936e-05
3.5285437e-05
3.5302438e-05
3.5340261e-05
3.5362336e-05
3.7983471e-05
3.5415003e-05
3.5305756e-05
3.5156721e-05
3.5266934e-05
3.5245992e-05
3.5315455e-05
3.5328657e-05
3.5365093e-05
3.5383215e-05
3.8151797e-05
3.5500038e-05
3.5349992e-05
3.5196324e-05
3.5300639e-05
3.5277418e-05
3.5343399e-05
3.5350855e-05
3.5381883e-05
3.5382464e-05
3.8321582e-05
3.5585498e-05
3.5392716e-05
3.5234202e-05
3.5333277e-05
3.5309781e-05
3.5375021e-05
3.5381865e-05
3.5415627e-05
3.5425293e-05
3.8495502e-05
3.5673783e-05
3.5435804e-05
3.5270636e-05
3.5363014e-05
3.5338305e-05
3.5401343e-05
3.540607e-05
3.5439378e-05
3.5448005e-05
3.8674362e-05
3.5770058e-05
3.5487259e-05
3.5315232e-05
3.5400209e-05
3.5373113e-05
3.5431232e-05
3.5429434e-05
3.5454689e-05
3.5442531e-05
3.8853786e-05
3.5866349e-05
3.5537499e-05
3.5359028e-05
3.5438374e-05
3.541212e-05
3.5469863e-05
3.5469141e-05
3.5498603e-05
3.5498456e-05
3.9036775e-05
3.596414e-05
3.5586443e-05
3.5399186e-05
3.5471221e-05
3.5444539e-05
3.5500243e-05
3.5498422e-05
3.5527768e-05
3.5525248e-05
3.9225299e-05
3.6071027e-05
3.5645265e-05
3.5448792e-05
3.5512627e-05
3.548385e-05
3.5534399e-05
3.5526553e-05
3.5547652e-05
3.5524354e-05
3.9413868e-05
3.6178364e-05
3.5703891e-05
3.5499103e-05
3.5557203e-05
3.5530222e-05
3.558093e-05
3.5575347e-05
3.5600728e-05
3.5591447e-05
3.9605106e-05
3.6283692e-05
3.5755818e-05
3.5539466e-05
3.5589843e-05
3.5563331e-05
3.5612578e-05
3.5607015e-05
3.5631723e-05
3.5619066e-05
3.980523e-05
3.6398637e-05
3.5816127e-05
3.558579e-05
3.5626028e-05
3.5597346e-05
3.5642066e-05
3.5633313e-05
3.5654152e-05
3.5635303e-05
4.0010036e-05
3.6524107e-05
3.5889568e-05
3.564773e-05
3.5680821e-05
3.565316e-05
3.5696592e-05
3.5688396e-05
3.5709602e-05
3.5693304e-05
4.0213019e-05
3.6637962e-05
3.5943497e-05
3.5685236e-05
3.5708623e-05
3.5680906e-05
3.5722268e-05
3.571365e-05
3.5732893e-05
3.5710665e-05
4.0430799e-05
3.6771943e-05
3.6018509e-05
3.5742917e-05
3.5755444e-05
3.5726225e-05
3.5764174e-05
3.5754634e-05
3.5773139e-05
3.5753296e-05
4.065094e-05
3.6904478e-05
3.6088096e-05
3.5793857e-05
3.5796359e-05
3.57678e-05
3.5804741e-05
3.5796789e-05
3.5815642e-05
3.5799478e-05
4.0881726e-05
3.7042685e-05
3.6157252e-05
3.5839118e-05
3.5827547e-05
3.5796181e-05
3.582839e-05
3.5817726e-05
3.58312e-05
3.5802819e-05
4.1127444e-05
3.719739e-05
3.6241585e-05
3.589851e-05
3.5872955e-05
3.583968e-05
3.5868859e-05
3.5858719e-05
3.5872794e-05
3.5852907e-05
4.1382652e-05
3.7356082e-05
3.632384e-05
3.5951729e-05
3.5910216e-05
3.5874283e-05
3.5899799e-05
3.5888744e-05
3.5900078e-05
3.5874328e-05
4.1655016e-05
3.7532218e-05
3.6420154e-05
3.6016349e-05
3.5957766e-05
3.5919015e-05
3.5941379e-05
3.5930682e-05
3.5942259e-05
3.5919926e-05
4.1941132e-05
3.7712672e-05
3.6511248e-05
3.6069421e-05
3.5990543e-05
3.5947758e-05
3.5966481e-05
3.5955598e-05
3.5965469e-05
3.5940441e-05
4.2253803e-05
3.7917239e-05
3.6619616e-05
3.6134316e-05
3.6031924e-05
3.5983399e-05
3.5997698e-05
3.5986844e-05
3.5996513e-05
3.5976034e-05
4.2590316e-05
3.813458e-05
3.6729541e-05
3.6193295e-05
3.6063324e-05
3.6007116e-05
3.6015557e-05
3.6002634e-05
3.6007106e-05
3.5975075e-05
4.2963975e-05
3.8380093e-05
3.6855467e-05
3.6257647e-05
3.6091937e-05
3.6022284e-05
3.6021647e-05
3.6006717e-05
3.6010621e-05
3.5990602e-05
4.3376642e-05
3.8662356e-05
3.7022319e-05
3.6361242e-05
3.6153649e-05
3.606398e-05
3.6049164e-05
3.602807e-05
3.6026196e-05
3.6001641e-05
4.3825626e-05
3.900473e-05
3.7284285e-05
3.6518902e-05
3.6224269e-05
3.6083393e-05
3.6037744e-05
3.6004541e-05
3.5998046e-05
3.5978138e-05
4.4249052e-05
3.9524167e-05
3.7733424e-05
3.6769597e-05
3.6299685e-05
3.6057639e-05
3.5955567e-05
3.5899728e-05
3.5881686e-05
3.5859143e-05
4.7223907e-05
3.50608e-05
3.5368985e-05
3.5018926e-05
3.4823295e-05
3.4949977e-05
3.5276355e-05
3.5716119e-05
3.6204512e-05
3.6732466e-05
2.5158444e-05
2.6683611e-05
2.7002203e-05
2.7545855e-05
2.8248725e-05
2.9052543e-05
2.9922891e-05
3.0837289e-05
3.1775189e-05
2.5293163e-05
2.6810341e-05
2.7111047e-05
2.7641932e-05
2.8335767e-05
2.9132659e-05
2.9997616e-05
3.0908118e-05
3.1843909e-05
2.0517396e-05
2.2788882e-05
2.4344463e-05
2.5732644e-05
2.7054288e-05
2.8335488e-05
2.9569885e-05
3.0763035e-05
3.1911555e-05
1.9999148e-05
2.3602227e-05
2.6266056e-05
2.8491718e-05
3.0406141e-05
3.2098765e-05
3.3592658e-05
3.4933015e-05
3.6133609e-05
3.2464907e-05
3.2521711e-05
3.6015628e-05
3.6154154e-05
2.723463e-05
2.7199584e-05
3.43757e-05
3.0235151e-05
3.0194476e-05
3.580678e-05
2.6041955e-05
2.6005724e-05
3.023693e-05
3.0309414e-05
3.3061463e-05
3.1115696e-05
3.1112918e-05
3.3315943e-05
4.6664884e-05
1.9906422e-05
4.4218417e-05
4.4236472e-05
2.8893291e-05
2.8862592e-05
3.4273246e-05
3.186916e-05
3.1844166e-05
3.0354208e-05
3.0594261e-05
3.1527652e-05
3.1584326e-05
3.4539342e-05
3.4595543e-05
3.2614816e-05
3.7544855e-05
2.9690819e-05
2.9626603e-05
3.3029604e-05
3.3068736e-05
3.1414961e-05
3.1346117e-05
3.2725679e-05
3.281069e-05
4.460932e-05
3.0925911e-05
3.0889551e-05
4.6664884e-05
2.9974656e-05
2.9982487e-05
3.3171072e-05
3.3256557e-05
3.1891528e-05
3.1879566e-05
3.0852048e-05
3.0947742e-05
3.230011e-05
3.2308724e-05
2.6315094e-05
2.6388522e-05
2.8679588e-05
2.8737175e-05
2.8563472e-05
2.8505078e-05
3.5653907e-05
3.3006898e-05
3.3016721e-05
2.8611753e-05
2.8551155e-05
3.3372735e-05
3.3450586e-05
3.09269e-05
3.0992509e-05
3.7392601e-05
2.8480173e-05
2.8393835e-05
3.3718773e-05
3.3656049e-05
3.1316394e-05
3.1280383e-05
3.1491998e-05
3.155087e-05
3.1303426e-05
3.129164e-05
3.4260323e-05
3.4245842e-05
2.9500106e-05
2.9555117e-05
3.5135567e-05
3.5056428e-05
3.1590928e-05
3.1523636e-05
2.9240723e-05
2.9293113e-05
3.52273e-05
3.5167543e-05
2.8433443e-05
2.8489822e-05
3.9489029e-05
3.621932e-05
3.6290633e-05
2.0305809e-05
2.8658499e-05
2.8697625e-05
2.8812602e-05
2.8750496e-05
3.1425994e-05
3.1359297e-05
4.4560127e-05
3.4797081e-05
4.4812204e-05
3.48473e-05
2.9384981e-05
2.9335588e-05
2.8425932e-05
2.84771e-05
2.969014e-05
2.9716508e-05
3.2569106e-05
3.2570625e-05
2.8204843e-05
2.8151315e-05
3.4902151e-05
3.4951296e-05
2.6287348e-05
2.8905688e-05
2.8957232e-05
2.6904836e-05
4.4507683e-05
4.4527691e-05
2.8373127e-05
2.8423813e-05
2.9994408e-05
2.9305887e-05
2.9349335e-05
2.9979415e-05
3.0098999e-05
3.014154e-05
3.3483527e-05
3.3438794e-05
2.4009194e-05
3.065882e-05
3.0665658e-05
2.7833578e-05
2.7772379e-05
2.9050654e-05
2.910325e-05
2.6820532e-05
2.6863198e-05
3.0683734e-05
3.0764934e-05
2.401082e-05
2.8433589e-05
2.8474238e-05
3.5779151e-05
3.602922e-05
4.4464802e-05
2.6775549e-05
2.6719422e-05
2.9713488e-05
2.978453e-05
3.3007003e-05
3.3070753e-05
3.4933161e-05
3.4990041e-05
3.0636861e-05
3.0673378e-05
2.7117984e-05
2.7064292e-05
3.2078281e-05
3.2077193e-05
2.9728665e-05
2.9679546e-05
4.4164604e-05
3.0492423e-05
3.0534049e-05
2.9376214e-05
2.9449865e-05
4.4849426e-05
2.9233474e-05
2.928918e-05
4.1765691e-05
3.5903035e-05
4.4218835e-05
2.6706848e-05
2.6611194e-05
2.6465161e-05
2.6412703e-05
3.1074417e-05
3.1046825e-05
3.6328779e-05
2.774482e-05
2.7690916e-05
4.4849426e-05
2.8164247e-05
2.8223009e-05
2.9303524e-05
2.9271514e-05
3.1121053e-05
3.1082777e-05
3.0248376e-05
3.0294998e-05
4.4037944e-05
4.4031884e-05
4.4527691e-05
4.3925396e-05
4.3927686e-05
3.5685763e-05
2.9733531e-05
2.9684045e-05
3.6325358e-05
3.638532e-05
2.9924327e-05
2.9860824e-05
3.6450992e-05
2.8869092e-05
2.8803816e-05
3.5753594e-05
4.4507683e-05
3.0799194e-05
3.0889089e-05
3.2319389e-05
3.2392441e-05
3.2203386e-05
3.2184038e-05
3.7219863e-05
3.7955095e-05
3.7979529e-05
3.0145435e-05
3.0218337e-05
2.9871907e-05
2.9835892e-05
2.8328268e-05
2.827829e-05
3.1381716e-05
3.1339002e-05
3.4157556e-05
3.409121e-05
3.0928111e-05
3.0882482e-05
2.9495931e-05
2.9479689e-05
4.3927686e-05
4.3925396e-05
3.778026e-05
3.457722e-05
3.4634874e-05
3.1903378e-05
3.19736e-05
3.8783936e-05
2.9365715e-05
2.9413341e-05
2.9575507e-05
2.9537475e-05
2.7867411e-05
2.7903322e-05
4.3947394e-05
4.3932338e-05
3.2037915e-05
2.9838396e-05
2.978179e-05
2.7310568e-05
2.7379114e-05
4.4375982e-05
4.4394589e-05
3.1670568e-05
3.1655152e-05
2.9140728e-05
2.9172783e-05
2.8607624e-05
2.8642565e-05
3.1840451e-05
3.1887312e-05
2.6991433e-05
2.7027343e-05
2.894278e-05
2.9009604e-05
3.2134803e-05
3.2063149e-05
3.5454562e-05
3.5376404e-05
3.3607845e-05
3.3529379e-05
2.8723688e-05
2.8788174e-05
3.1235876e-05
3.1242551e-05
4.3855675e-05
4.3858795e-05
3.0098304e-05
3.0054423e-05
4.4037944e-05
4.4031884e-05
2.9676815e-05
2.9723567e-05
2.5909684e-05
2.5857572e-05
4.450191e-05
3.9401719e-05
3.9362217e-05
2.8948046e-05
2.9498262e-05
2.9039572e-05
2.9558556e-05
3.2050218e-05
3.1978394e-05
2.8266326e-05
2.8258333e-05
2.9540123e-05
2.9535816e-05
3.3422941e-05
3.3479708e-05
2.9684229e-05
2.9747009e-05
3.0786276e-05
3.0777222e-05
2.8327352e-05
2.8356272e-05
2.9809784e-05
2.9742978e-05
3.7403449e-05
3.3578657e-05
3.3640311e-05
2.9381025e-05
2.9423641e-05
3.7228066e-05
3.0003931e-05
2.594968e-05
2.5956697e-05
2.7684161e-05
2.7676318e-05
3.0036782e-05
2.9186328e-05
2.9161339e-05
3.5198223e-05
3.5120204e-05
3.0210255e-05
3.0229594e-05
2.9661863e-05
2.9611854e-05
2.7796495e-05
2.7883678e-05
3.0667628e-05
3.0605334e-05
2.9239053e-05
2.9289675e-05
2.8601678e-05
2.8644382e-05
2.8591157e-05
2.8517314e-05
3.3102294e-05
3.3164138e-05
3.5355794e-05
3.5412063e-05
4.3973462e-05
4.3969527e-05
2.9220813e-05
2.9156577e-05
3.0595504e-05
3.0529641e-05
2.9260878e-05
2.920847e-05
2.6922073e-05
2.6975543e-05
4.3716377e-05
4.3735723e-05
2.9135872e-05
2.9088158e-05
3.4984542e-05
3.5036453e-05
4.397711e-05
4.3921122e-05
3.4745775e-05
3.4670896e-05
4.4218327e-05
2.8111604e-05
2.8050234e-05
2.8843252e-05
2.8900563e-05
4.3545675e-05
4.3569724e-05
4.4342987e-05
3.3450891e-05
3.3537699e-05
2.8058348e-05
2.809547e-05
2.899983e-05
2.90763e-05
4.3490131e-05
4.3459608e-05
3.3728014e-05
3.3788921e-05
4.4368774e-05
4.404726e-05
4.4055146e-05
3.0905909e-05
3.0965633e-05
3.1298651e-05
3.1361959e-05
3.3502064e-05
3.3435602e-05
4.3490131e-05
4.3459608e-05
2.9594651e-05
2.9562264e-05
2.9450346e-05
2.9486778e-05
3.4506885e-05
3.4425453e-05
4.4375982e-05
4.4394589e-05
3.32378e-05
3.3178402e-05
2.7428871e-05
2.7423377e-05
2.9620052e-05
2.9677445e-05
3.4150289e-05
3.421066e-05
3.273039e-05
3.2690464e-05
2.8942453e-05
2.9006064e-05
2.6951479e-05
2.686096e-05
3.9216594e-05
3.8091436e-05
3.058636e-05
3.0526389e-05
2.8561059e-05
2.8448587e-05
2.99456e-05
2.9884733e-05
2.684025e-05
2.6835675e-05
2.9334611e-05
2.9309499e-05
3.3059145e-05
3.2629219e-05
3.2600329e-05
3.2152785e-05
3.212564e-05
3.8726574e-05
3.1647463e-05
3.170744e-05
4.460932e-05
3.3018023e-05
3.212953e-05
3.2192292e-05
3.0991304e-05
3.1030635e-05
4.4218835e-05
2.8838094e-05
2.8897412e-05
4.4164604e-05
3.0809077e-05
3.0772472e-05
3.0508527e-05
3.0540303e-05
3.140071e-05
3.1400566e-05
2.9949201e-05
2.9888338e-05
3.9483201e-05
3.9437042e-05
2.7746042e-05
2.7752833e-05
3.3211075e-05
3.3238379e-05
3.1565183e-05
2.9395222e-05
2.9358227e-05
3.1138416e-05
3.1165905e-05
3.4215741e-05
2.91654e-05
2.9226263e-05
3.2088889e-05
3.2112274e-05
3.4289654e-05
2.8442735e-05
2.8469738e-05
3.236702e-05
2.934179e-05
2.9368516e-05
3.6534071e-05
3.658944e-05
3.8131738e-05
4.3948967e-05
4.3956985e-05
3.2809795e-05
3.2737055e-05
3.0902883e-05
3.084619e-05
4.3614644e-05
4.3566832e-05
3.7287082e-05
3.6333455e-05
3.1635319e-05
3.1544896e-05
4.397711e-05
4.3921122e-05
2.9034734e-05
2.9090391e-05
3.2783733e-05
3.270286e-05
4.3932338e-05
4.3947394e-05
3.2097996e-05
3.2125972e-05
2.7600915e-05
2.7614846e-05
2.9248432e-05
2.9186846e-05
2.9459369e-05
2.9403909e-05
2.9390065e-05
2.9321113e-05
3.3325857e-05
3.3390916e-05
3.0162134e-05
3.0023686e-05
3.1828118e-05
3.1829472e-05
3.4926001e-05
3.4841795e-05
3.3743254e-05
3.6846632e-05
3.6621909e-05
3.4589603e-05
3.4506459e-05
2.9212871e-05
2.9295561e-05
3.6081332e-05
3.3181258e-05
3.311867e-05
4.3847751e-05
4.3845339e-05
4.3816839e-05
4.3814295e-05
2.9945524e-05
2.9877771e-05
4.387476e-05
4.3872383e-05
4.3847751e-05
4.3845339e-05
4.3816839e-05
4.3814295e-05
4.3820824e-05
4.3817948e-05
2.9419542e-05
2.934115e-05
2.8549097e-05
2.8480566e-05
4.3817948e-05
4.3820824e-05
4.3872383e-05
4.387476e-05
3.3814959e-05
3.4441297e-05
4.4560127e-05
3.4100096e-05
3.4164397e-05
3.4228658e-05
3.4291196e-05
2.7604809e-05
2.7567716e-05
3.3692269e-05
3.9536714e-05
3.8117213e-05
2.8806216e-05
2.8730361e-05
3.0251258e-05
3.0316234e-05
2.7449976e-05
2.7486859e-05
4.0119813e-05
2.8373813e-05
2.8336624e-05
2.7345906e-05
2.7425707e-05
3.3758023e-05
2.556371e-05
3.0832605e-05
3.082218e-05
2.7194714e-05
2.87233e-05
2.8717443e-05
3.0179533e-05
3.021259e-05
3.1689758e-05
3.1673621e-05
4.450191e-05
3.1849532e-05
3.191573e-05
3.8041405e-05
3.799273e-05
2.9205471e-05
2.9239674e-05
3.2091344e-05
3.2076417e-05
3.2778031e-05
3.2220987e-05
3.1928366e-05
3.1914936e-05
4.4698403e-05
3.9813402e-05
3.4557745e-05
3.5104743e-05
4.471969e-05
3.0142662e-05
3.02058e-05
2.9692983e-05
2.9765247e-05
2.8252707e-05
3.5208415e-05
2.8288051e-05
3.5138253e-05
2.9677456e-05
2.9718953e-05
2.8294239e-05
2.8317899e-05
3.2216237e-05
3.2265433e-05
3.3632061e-05
3.3684677e-05
4.4368774e-05
3.584197e-05
3.5865751e-05
3.5355158e-05
4.4375982e-05
4.4394589e-05
1.7898102e-05
3.3648994e-05
3.260085e-05
3.2625974e-05
3.3140554e-05
4.460932e-05
2.4856412e-05
4.4698403e-05
4.471969e-05
3.1001721e-05
3.107117e-05
2.0407098e-05
4.348585e-05
4.3449249e-05
3.0044642e-05
3.0133456e-05
2.9052566e-05
2.7879536e-05
4.3932338e-05
4.3947394e-05
2.5574857e-05
2.57425e-05
4.4527691e-05
1.7052729e-05
3.1990693e-05
1.8217288e-05
3.3568449e-05
3.3569791e-05
3.4156633e-05
3.4156046e-05
4.4507683e-05
4.404726e-05
4.4055146e-05
4.1023077e-05
4.1977718e-05
4.0706306e-05
1.5798683e-05
1.594981e-05
4.3969527e-05
4.3973462e-05
2.4478613e-05
4.3925396e-05
4.3927686e-05
2.6370036e-05
2.6378707e-05
1.17179e-05
2.6450123e-05
2.6494362e-05
2.6707269e-05
2.6761246e-05
2.7563912e-05
2.7654325e-05
2.8253848e-05
2.8321054e-05
2.5907988e-05
2.5759508e-05
3.0808222e-05
3.6779972e-05
3.1823925e-05
3.1810452e-05
2.4968618e-05
2.6273153e-05
2.6364924e-05
2.6665499e-05
2.6676335e-05
2.7802392e-05
2.7873155e-05
2.6875596e-05
2.681053e-05
2.8114763e-05
2.8044213e-05
4.4159528e-05
4.4167313e-05
2.8412767e-05
2.8306696e-05
2.7595029e-05
2.751995e-05
2.7550836e-05
2.7629763e-05
4.392005e-05
4.3922537e-05
4.3969527e-05
4.3973462e-05
2.8116561e-05
2.8185206e-05
2.7798105e-05
2.770178e-05
2.7610853e-05
2.751714e-05
4.3993612e-05
4.3991258e-05
2.8592111e-05
2.8483403e-05
2.7430057e-05
2.751839e-05
4.3947394e-05
4.3932338e-05
3.4709841e-05
2.408732e-05
2.4129012e-05
2.4746401e-05
2.48183e-05
2.9387062e-05
2.9437933e-05
3.3742341e-05
3.3607606e-05
4.3993612e-05
4.3991258e-05
2.5877518e-05
2.5912081e-05
4.3820273e-05
4.3802457e-05
4.3545675e-05
4.3569724e-05
4.3735723e-05
4.3716377e-05
4.3490131e-05
4.3459608e-05
4.3569724e-05
4.3545675e-05
2.2015521e-05
2.1725758e-05
4.348585e-05
4.3449249e-05
2.7481353e-05
2.7390863e-05
2.7528346e-05
2.7442392e-05
2.3679909e-05
2.3612642e-05
4.348585e-05
4.3449249e-05
2.7815944e-05
4.4031884e-05
4.4037944e-05
2.7746898e-05
2.1319648e-05
2.1287084e-05
4.404726e-05
4.4055146e-05
2.8244371e-05
2.831198e-05
4.3614644e-05
4.3566832e-05
2.4912369e-05
2.4847829e-05
2.7480014e-05
2.7563282e-05
2.5972254e-05
2.5941692e-05
2.2854324e-05
2.2786941e-05
3.2010426e-05
2.2035885e-05
2.2084136e-05
3.0080712e-05
3.0389357e-05
2.1534073e-05
2.1564236e-05
2.3422648e-05
2.3409762e-05
4.3963183e-05
4.3935382e-05
2.4695445e-05
2.4642372e-05
2.104995e-05
2.1019887e-05
2.5701128e-05
2.5641567e-05
2.5157788e-05
2.5091168e-05
2.3927455e-05
2.3896518e-05
2.4462172e-05
2.4406361e-05
2.220694e-05
2.2241399e-05
2.3837408e-05
2.3907313e-05
1.6587094e-05
2.2305447e-05
2.2336568e-05
2.3459977e-05
2.3492087e-05
2.505705e-05
2.509523e-05
2.2920288e-05
2.2977129e-05
2.1594221e-05
2.1662356e-05
2.2306092e-05
2.6396283e-05
2.6486448e-05
2.5227003e-05
2.513882e-05
4.4812204e-05
2.3275703e-05
2.3363662e-05
2.33393e-05
2.3374326e-05
4.4464802e-05
2.2584408e-05
2.2534103e-05
2.5785849e-05
2.5819241e-05
4.4368774e-05
2.2444495e-05
2.248955e-05
2.8432599e-05
2.8334082e-05
4.3948967e-05
4.3956985e-05
2.8047355e-05
2.794899e-05
2.2096759e-05
2.2150258e-05
2.1795602e-05
2.7820996e-05
2.7891743e-05
2.6145376e-05
2.6169778e-05
2.8391332e-05
2.8458094e-05
4.4159528e-05
4.4167313e-05
2.7563748e-05
2.763397e-05
1.640053e-05
2.3317284e-05
2.3381921e-05
2.7564617e-05
2.7637774e-05
2.7377685e-05
2.7452234e-05
2.7975927e-05
2.7908168e-05
4.3816839e-05
4.3814295e-05
4.3890857e-05
4.3889258e-05
4.3845339e-05
4.3847751e-05
4.392005e-05
4.3922537e-05
4.387476e-05
4.3872383e-05
4.3614644e-05
4.3566832e-05
4.4164604e-05
4.4218835e-05
2.3003183e-05
2.305819e-05
2.5091536e-05
2.5176683e-05
4.4394589e-05
4.4375982e-05
2.7018943e-05
2.7151788e-05
2.1573639e-05
2.1515978e-05
2.2807226e-05
2.2762504e-05
2.3006221e-05
2.3091595e-05
3.0704848e-05
3.0653626e-05
3.0546386e-05
3.0687776e-05
2.785999e-05
2.6270581e-05
2.6334593e-05
2.4571028e-05
2.450645e-05
2.9488581e-05
2.6344957e-05
2.5575339e-05
3.3300873e-05
)
;

boundaryField
{
    oversetFaces
    {
        type            overset;
        coupledFringe   false;
        conservativeCorrection false;
        setHoleCellValue false;
        holeCellValue   0;
        value           nonuniform 0();
    }
    back
    {
        type            empty;
    }
    out
    {
        type            zeroGradient;
    }
    bottom
    {
        type            zeroGradient;
    }
    in
    {
        type            zeroGradient;
    }
    top
    {
        type            zeroGradient;
    }
    front
    {
        type            empty;
    }
    wall
    {
        type            zeroGradient;
    }
    cylinder
    {
        type            zeroGradient;
    }
}


// ************************************************************************* //
