/*--------------------------------*- C++ -*----------------------------------*\
| =========                 |                                                 |
| \\      /  F ield         | foam-extend: Open Source CFD                    |
|  \\    /   O peration     | Version:     4.1                                |
|   \\  /    A nd           | Web:         http://www.foam-extend.org         |
|    \\/     M anipulation  |                                                 |
\*---------------------------------------------------------------------------*/
FoamFile
{
    version     2.0;
    format      ascii;
    class       volScalarField;
    location    "1.7";
    object      rAU;
}
// * * * * * * * * * * * * * * * * * * * * * * * * * * * * * * * * * * * * * //

dimensions      [0 0 1 0 0 0 0];

internalField   nonuniform List<scalar> 
4393
(
0.00022764417
0.00022727036
0.00022690431
0.00022653042
0.00022614657
0.00022575134
0.00022534235
0.00022491841
0.00022447867
0.00022402294
0.00022355181
0.00022306679
0.00022257038
0.00022206612
0.00022155838
0.00022105331
0.00022055671
0.00022007556
0.00021961751
0.00021919013
0.00021880116
0.00021845828
0.00021816899
0.00021794048
0.00021777939
0.00021769166
0.00021768193
0.00021768193
0.0002177535
0.00021790748
0.00021814203
0.00021845217
0.00021882969
0.00021926355
0.00021974049
0.00022024598
0.00022076518
0.00022128392
0.00022178936
0.00022227049
0.00022271835
0.00022312599
0.00022348834
0.00022380197
0.00022406476
0.00022427573
0.00022443495
0.00022454294
0.00022458507
0.00022451175
0.00022419126
0.0002238857
0.00022357109
0.00022324466
0.00022290478
0.0002225492
0.00022217708
0.00022178799
0.00022138232
0.00022096132
0.00022052728
0.00022008357
0.00021963467
0.00021918589
0.00021874426
0.00021831636
0.00021790982
0.0002175327
0.00021719284
0.00021689811
0.00021665619
0.00021647449
0.00021636002
0.00021631909
0.00021635709
0.00021644377
0.00021641669
0.0002164599
0.00021658679
0.0002167989
0.00021709465
0.00021746892
0.00021791293
0.00021841471
0.00021895998
0.00021953326
0.00022011903
0.00022070272
0.0002212714
0.00022181419
0.00022232237
0.00022278935
0.00022321038
0.00022358222
0.00022390273
0.00022417102
0.00022438861
0.00022454271
0.00022400637
0.0002236977
0.00022339757
0.00022308587
0.00022275989
0.00022241812
0.00022205856
0.00022168063
0.00022128434
0.00022087056
0.00022044122
0.00021999936
0.00021954924
0.00021909629
0.00021864686
0.00021820896
0.00021779007
0.00021739853
0.00021704295
0.00021673151
0.00021647225
0.00021627292
0.0002161409
0.00021608312
0.00021610574
0.00021621381
0.00021630059
0.0002161815
0.00021614322
0.00021619278
0.00021633509
0.00021657182
0.00021690042
0.00021731374
0.00021780022
0.00021834496
0.00021893102
0.00021954091
0.00022015785
0.00022076677
0.00022135482
0.00022191164
0.00022242932
0.00022290211
0.00022332601
0.00022369841
0.0002240182
0.0002242855
0.00022448062
0.00022365102
0.00022334774
0.00022304752
0.00022273269
0.00022240078
0.0002220505
0.00022167999
0.00022128894
0.00022087765
0.00022044749
0.00022000093
0.00021954179
0.00021907522
0.00021860769
0.00021814668
0.00021770135
0.00021728027
0.00021689269
0.00021654792
0.00021625463
0.00021602115
0.00021585541
0.00021576496
0.00021575685
0.00021583732
0.00021601143
0.00021609297
0.00021588782
0.00021576522
0.00021573571
0.00021580799
0.00021598729
0.00021627373
0.00021666158
0.00021713929
0.00021769075
0.0002182969
0.00021893775
0.00021959395
0.00022024804
0.00022088515
0.00022149333
0.00022206344
0.00022258891
0.00022306523
0.00022348958
0.00022386074
0.00022417774
0.00022442243
0.00022328912
0.00022299
0.0002226901
0.00022237245
0.00022203476
0.00022167586
0.00022129403
0.00022088911
0.0002204617
0.00022001351
0.0002195476
0.00021906846
0.00021858215
0.00021809627
0.00021761951
0.00021716233
0.00021673455
0.00021634645
0.00021600813
0.00021572879
0.00021551709
0.00021538119
0.00021532883
0.00021536734
0.0002155033
0.00021574212
0.00021582923
0.00021553358
0.0002153227
0.00021521113
0.00021521198
0.00021533455
0.00021558197
0.00021594979
0.00021642597
0.00021699243
0.00021762728
0.00021830729
0.00021901007
0.00021971547
0.00022040652
0.0002210697
0.00022169481
0.00022227463
0.00022280436
0.00022328115
0.00022370369
0.00022407085
0.00022436675
0.00022291143
0.00022261699
0.00022231846
0.00022199895
0.00022165626
0.00022128928
0.00022089635
0.00022047741
0.00022003323
0.00021956585
0.00021907875
0.00021857713
0.00021806796
0.00021755997
0.00021706325
0.00021658974
0.00021615068
0.00021575755
0.00021542135
0.00021515181
0.00021495791
0.00021484803
0.00021483017
0.00021491208
0.00021510099
0.00021540306
0.00021551084
0.00021511889
0.00021481409
0.00021461567
0.00021454198
0.00021460727
0.00021481817
0.00021517145
0.000215654
0.00021624481
0.0002169181
0.0002176466
0.00021840421
0.00021916777
0.00021991809
0.00022064016
0.00022132291
0.00022195874
0.00022254282
0.00022307252
0.00022354674
0.00022396476
0.00022431252
0.00022251842
0.00022222935
0.00022193321
0.00022161283
0.000221266
0.00022089155
0.00022048779
0.00022005468
0.00021959307
0.00021910519
0.00021859492
0.00021806806
0.00021753248
0.00021699819
0.00021647681
0.000215982
0.00021552667
0.00021512374
0.00021478515
0.0002145212
0.00021434111
0.0002142534
0.00021426636
0.0002143883
0.00021462738
0.00021499104
0.00021513982
0.0002146443
0.00021423812
0.00021394598
0.00021379271
0.00021379878
0.00021397513
0.0002143198
0.00021481777
0.00021544387
0.00021616711
0.00021695503
0.00021777705
0.00021860664
0.00021942226
0.00022020752
0.00022095072
0.00022164415
0.00022228327
0.00022286593
0.00022339156
0.0002238603
0.00022425949
0.0002221121
0.00022182975
0.00022153719
0.00022121697
0.00022086682
0.00022048549
0.00022007115
0.00021962365
0.00021914382
0.00021863395
0.0002180982
0.00021754292
0.00021697688
0.00021641141
0.00021585991
0.00021533808
0.00021486089
0.0002144429
0.00021409715
0.00021383441
0.00021366401
0.00021359448
0.0002136343
0.00021379247
0.00021407843
0.00021450151
0.00021471776
0.00021410972
0.00021359249
0.00021319724
0.00021295688
0.00021289999
0.00021304313
0.0002133857
0.00021390969
0.00021458403
0.00021537074
0.00021623075
0.00021712814
0.00021803253
0.00021892001
0.00021977302
0.00022057954
0.00022133212
0.00022202684
0.00022266237
0.00022323897
0.00022375786
0.00022420763
0.00022169416
0.00022141938
0.00022113148
0.00022081249
0.00022045996
0.00022007243
0.00021964785
0.00021918585
0.00021868705
0.00021815368
0.00021759003
0.00021700287
0.00021640186
0.00021579975
0.00021521197
0.00021465673
0.00021415149
0.00021371284
0.000213355
0.00021308912
0.00021292434
0.00021286893
0.00021293145
0.00021312159
0.00021345044
0.00021392989
0.00021424754
0.00021351623
0.00021287571
0.00021236482
0.00021202676
0.00021190091
0.00021201153
0.00021235954
0.00021292238
0.00021366066
0.00021452702
0.00021547401
0.00021645927
0.00021744819
0.00021841456
0.00021933992
0.0002202124
0.00022102528
0.00022177571
0.0002224635
0.00022309012
0.00022365802
0.00022415708
0.00022126662
0.00022100129
0.00022071946
0.00022040289
0.000220049
0.00021965604
0.00021922164
0.00021874505
0.00021822654
0.00021766807
0.00021707385
0.00021645095
0.00021580982
0.00021516473
0.00021453349
0.00021393735
0.00021339697
0.00021293146
0.00021255636
0.00021228294
0.00021211975
0.00021207437
0.00021215509
0.00021237228
0.000212739
0.00021327054
0.00021373254
0.00021286522
0.00021208618
0.00021144323
0.00021099271
0.00021078888
0.00021086681
0.00021122933
0.00021184696
0.00021266853
0.00021363409
0.00021468553
0.0002157729
0.00021685704
0.00021790963
0.00021891187
0.00021985262
0.00022072649
0.00022153219
0.0002222711
0.00022294624
0.00022356148
0.00022410811
0.00022083211
0.00022057682
0.00022030217
0.00021998921
0.00021963505
0.00021923757
0.00021879394
0.00021830288
0.00021776406
0.00021717897
0.00021655149
0.00021588877
0.00021520189
0.00021450671
0.00021382378
0.00021317822
0.00021259481
0.00021209588
0.00021169842
0.00021141345
0.00021124824
0.00021120897
0.00021130322
0.00021154185
0.00021194015
0.00021251773
0.0002131781
0.00021215987
0.00021122354
0.0002104272
0.00020984396
0.00020954886
0.00020959283
0.0002099812
0.00021067395
0.00021160308
0.00021269165
0.00021386812
0.00021507369
0.00021626452
0.00021741072
0.00021849394
0.00021950461
0.00022043939
0.00022129915
0.00022208734
0.00022280881
0.00022346913
0.0002240611
0.00022039159
0.00022014892
0.00021988322
0.00021957537
0.00021922235
0.00021882157
0.00021836964
0.00021786453
0.00021730514
0.00021669211
0.00021602872
0.00021532183
0.00021458296
0.00021382946
0.0002130851
0.00021237987
0.00021174408
0.00021120429
0.00021077918
0.00021047886
0.0002103083
0.00021027134
0.00021037407
0.00021062749
0.00021104931
0.00021166446
0.0002124846
0.00021140478
0.00021028864
0.00020931144
0.00020856769
0.00020816194
0.00020816912
0.00020859814
0.00020939257
0.00021046015
0.00021170095
0.00021302664
0.0002143684
0.00021567798
0.00021692491
0.00021809245
0.00021917369
0.00022016829
0.00022107994
0.00022191468
0.00022267954
0.00022338199
0.00022401651
0.00021995029
0.0002197203
0.00021946461
0.00021916322
0.00021881269
0.00021840989
0.00021795069
0.00021743214
0.00021685205
0.00021620989
0.00021550787
0.00021475219
0.00021395438
0.00021313313
0.00021231582
0.00021153877
0.0002108398
0.00021025132
0.00020979392
0.0002094758
0.00020929803
0.00020926065
0.00020936724
0.00020962822
0.00021006371
0.00021070495
0.00021159198
0.00021060795
0.00020928492
0.00020809168
0.00020714927
0.00020660444
0.00020656961
0.00020705934
0.00020799093
0.00020923684
0.00021066592
0.00021216913
0.00021366685
0.00021510739
0.00021646131
0.00021771521
0.00021886627
0.00021991822
0.00022087841
0.00022175591
0.00022256034
0.00022330122
0.00022397489
0.00021950689
0.00021929294
0.00021904945
0.00021875647
0.0002184104
0.00021800755
0.00021754294
0.0002170125
0.00021641259
0.00021574107
0.00021499856
0.00021418998
0.00021332627
0.00021242694
0.00021152329
0.00021065974
0.00020988466
0.00020923868
0.00020874466
0.00020840723
0.00020822121
0.00020818088
0.00020828604
0.00020854563
0.00020898181
0.00020963318
0.00021055273
0.00020978115
0.00020821937
0.00020676554
0.00020557202
0.00020484591
0.00020476002
0.00020533872
0.00020645597
0.00020793234
0.00020959424
0.00021130778
0.00021298262
0.00021456572
0.00021603129
0.00021737162
0.00021858982
0.00021969495
0.00022069883
0.00022161414
0.00022245331
0.00022322812
0.00022393683
0.00021907216
0.00021887371
0.00021864346
0.00021836047
0.00021802066
0.00021761965
0.00021715147
0.00021661066
0.0002159918
0.00021529059
0.00021450536
0.00021363899
0.00021270094
0.00021171068
0.00021070331
0.00020973382
0.00020886571
0.00020815174
0.00020761768
0.00020726212
0.00020706994
0.00020702694
0.00020712749
0.0002073776
0.00020780032
0.00020844203
0.00020937153
0.00020894096
0.00020710422
0.00020533442
0.00020381774
0.00020284681
0.00020269406
0.00020340327
0.00020477379
0.00020654951
0.00020849917
0.00021046043
0.00021233403
0.0002140695
0.00021564869
0.00021707269
0.00021835278
0.00021950479
0.00022054583
0.00022149263
0.00022236067
0.00022316405
0.00022390299
0.00021863761
0.00021845866
0.00021824407
0.00021797331
0.00021764224
0.00021724587
0.00021677715
0.00021622904
0.00021559398
0.00021486495
0.00021403711
0.0002131103
0.00021209132
0.00021099795
0.00020986823
0.0002087704
0.00020779009
0.00020699829
0.00020642441
0.00020605666
0.00020586404
0.00020581999
0.00020591175
0.00020614093
0.00020652966
0.00020713249
0.00020803778
0.00020811305
0.00020595994
0.0002038066
0.0002018684
0.00020055531
0.00020030727
0.0002012106
0.00020293052
0.00020509751
0.00020740223
0.00020965251
0.00021174529
0.00021363937
0.00021532993
0.00021683096
0.00021816447
0.0002193545
0.00022042424
0.00022139477
0.0002222847
0.00022311041
0.00022387404
0.0002182261
0.00021806548
0.00021786767
0.00021761121
0.00021729155
0.00021690295
0.00021643715
0.00021588529
0.00021523725
0.00021448252
0.00021361199
0.00021262103
0.00021151218
0.00021029905
0.00020902
0.0002077594
0.00020663596
0.0002057494
0.0002051343
0.00020476207
0.00020457704
0.00020453555
0.00020461707
0.00020481756
0.00020515448
0.00020568876
0.00020653111
0.00020732603
0.00020481614
0.00020220255
0.00019971087
0.0001979043
0.00019750681
0.00019870604
0.0002009144
0.0002035962
0.00020633706
0.00020891964
0.00021124783
0.00021330048
0.00021509399
0.00021666025
0.00021803471
0.000219251
0.00022033887
0.00022132387
0.0002222276
0.00022306858
0.00022385065
0.00021781707
0.000217679
0.00021750034
0.00021726045
0.00021695498
0.00021657755
0.0002161187
0.00021556765
0.00021491147
0.0002141356
0.00021322549
0.00021217043
0.00021096693
0.0002096211
0.00020816621
0.00020670431
0.00020540422
0.00020441215
0.00020376952
0.00020341996
0.00020326757
0.00020324378
0.00020331998
0.00020348516
0.00020374466
0.00020416134
0.00020487309
0.00020603984
0.00020373274
0.00020056991
0.0001973499
0.00019481248
0.00019415636
0.00019582011
0.00019872042
0.00020208336
0.00020535513
0.00020831079
0.00021088154
0.00021308261
0.000214962
0.00021657507
0.00021797336
0.00021920094
0.00022029422
0.00022128294
0.00022219138
0.00022303981
0.00022383345
0.00021746816
0.00021735094
0.00021719279
0.00021697241
0.00021668527
0.00021632441
0.00021587915
0.00021533675
0.00021468122
0.00021389323
0.00021295116
0.0002118356
0.00021053429
0.00020904121
0.00020737403
0.00020564892
0.00020411129
0.00020298586
0.00020232298
0.00020202175
0.00020192087
0.00020191731
0.00020197977
0.00020209588
0.00020224956
0.00020249974
0.0002030169
0.00020404769
0.00020277681
0.0001990009
0.00019484826
0.00019121004
0.00019005985
0.00019246909
0.00019635899
0.00020062658
0.00020453408
0.00020789225
0.00021069577
0.00021301976
0.00021495635
0.00021658985
0.0002179896
0.00021921019
0.0002202941
0.00022127452
0.00022217772
0.00022302515
0.00022382299
0.00021720051
0.00021710853
0.00021697484
0.00021677847
0.00021651526
0.00021617767
0.00021575388
0.00021522914
0.00021458426
0.00021379479
0.00021283075
0.00021166125
0.00021026264
0.00020861355
0.00020670049
0.00020463834
0.00020278999
0.00020151997
0.00020088589
0.00020071664
0.00020074033
0.00020080566
0.00020088995
0.00020099327
0.00020105223
0.00020109839
0.00020133205
0.00020206198
0.00020232321
0.00019782261
0.00019245163
0.00018712448
0.00018495887
0.0001885725
0.00019388249
0.00019934614
0.00020399043
0.000207752
0.00021074947
0.00021314873
0.00021509907
0.00021671749
0.00021809098
0.00021928324
0.00022034125
0.00022130036
0.00022218777
0.00022302538
0.00022381967
0.00021725963
0.00021719576
0.00021709254
0.00021692799
0.00021669828
0.00021639565
0.00021600762
0.00021551811
0.00021490544
0.00021414066
0.00021318498
0.00021199247
0.00021052277
0.00020873538
0.0002065621
0.00020406798
0.0002017868
0.00020035007
0.00019980481
0.00019987847
0.0002001047
0.00020026511
0.00020036267
0.00020044892
0.00020036908
0.00020009254
0.00019988235
0.00020010156
0.00020118317
0.0001974005
0.00019066054
0.00018291631
0.00017861407
0.00018416374
0.00019146779
0.00019845268
0.00020389544
0.00020800267
0.00021110901
0.00021350585
0.00021540911
0.00021696756
0.00021828223
0.00021942241
0.00022043688
0.00022136115
0.00022222204
0.00022304088
0.00022382376
0.00021801696
0.0002179881
0.00021792997
0.00021781538
0.00021764055
0.00021739765
0.00021707412
0.00021665312
0.00021611085
0.0002154139
0.00021451367
0.00021334371
0.00021183646
0.00020993044
0.00020748599
0.00020441469
0.00020147721
0.00019988105
0.00019958015
0.00020017685
0.0002008211
0.00020120578
0.00020138344
0.00020158179
0.00020150137
0.00020093306
0.00020031531
0.00019986115
0.00020080794
0.00019976174
0.00019129662
0.00018002095
0.00017094747
0.00017965742
0.0001894789
0.00019827151
0.00020448843
0.00020878046
0.00021184179
0.00021412116
0.00021589842
0.00021734392
0.00021856391
0.00021962716
0.00022058026
0.00022145636
0.00022228023
0.00022307158
0.0002238353
0.00022066369
0.00022071185
0.00022074168
0.00022072109
0.00022064824
0.00022051613
0.0002203135
0.00022002441
0.00021962513
0.00021908083
0.00021833763
0.00021731096
0.00021589785
0.0002140155
0.00021146337
0.00020778556
0.00020388286
0.00020236521
0.00020272393
0.00020450362
0.00020600867
0.00020690952
0.00020732153
0.00020797671
0.00020832149
0.00020732391
0.00020618935
0.00020432519
0.00020496019
0.00020348402
0.00019649971
0.00018118187
0.00016222028
0.00017630806
0.00018869719
0.00019949655
0.00020614877
0.00021024609
0.0002130038
0.00021500892
0.00021656659
0.00021784205
0.00021893119
0.00021989351
0.00022076849
0.00022158405
0.00022236118
0.00022311691
0.00022385411
0.00022642276
0.00022656592
0.0002267286
0.00022685623
0.00022694658
0.00022699474
0.00022699355
0.00022693216
0.00022679222
0.00022654407
0.00022613663
0.00022547203
0.0002243874
0.00022271794
0.00022021932
0.00021576558
0.00020956501
0.00020824556
0.0002094842
0.00021348389
0.00021646232
0.0002183526
0.00021896559
0.0002204049
0.00022210379
9.3007816e-05
9.5433499e-05
9.7691765e-05
9.9882304e-05
0.0001028826
9.4463784e-05
8.6204459e-05
0.00010657313
0.00017933314
0.00019343313
0.00020412668
0.00020945407
0.00021253429
0.00021460525
0.0002161518
0.00021739452
0.00021844671
0.000219373
0.00022021376
0.00022099637
0.00022174084
0.00022246287
0.00022317577
0.00022387978
0.0002392447
0.00023969232
0.00024019325
0.00024067942
0.00024115992
0.00024163886
0.00024212104
0.00024261022
0.00024310521
0.00024359528
0.00024404769
0.0002443697
0.00024434054
0.00024362401
0.00024200354
0.00023807191
0.00022682128
0.00022935326
0.00023549124
0.00025020848
0.00026144332
0.00027023538
0.00012828123
0.00016688462
0.00032276555
0.00046160127
0.00049956686
0.00049956686
0.00049956686
0.00049956686
0.00049956686
0.00045031229
0.00033649806
6.8075222e-05
0.00021297343
0.00021346057
0.00021437851
0.00021549415
0.00021653623
0.00021748093
0.0002183397
0.00021913118
0.00021987219
0.00022057677
0.00022125666
0.00022192213
0.00022258246
0.00022324663
0.00022391164
0.00026426626
0.00026527468
0.00026642829
0.00026762469
0.00026888446
0.00027023218
0.00027170198
0.00027333687
0.00027518999
0.00027732885
0.00027983985
0.00028282039
0.00028637171
0.0002905456
0.00029517719
0.00030233458
0.00027345557
0.00030500536
0.00035659339
0.000372556
0.00027819754
0.00031963978
0.00049956686
0.00049956686
0.00049956686
0.00049956686
0.00049956686
0.00049956686
0.00049956686
0.00049956686
0.00041263421
0.00041826982
0.00010203831
0.00026658968
0.00023113959
0.0002220967
0.00021927502
0.00021853462
0.00021855408
0.00021888162
0.00021934132
0.00021986037
0.00022040733
0.00022096894
0.00022154062
0.00022212231
0.0002227165
0.00022332752
0.00022394886
0.00030195062
0.00030409298
0.00030622305
0.00030842549
0.00031077482
0.00031334384
0.00031621852
0.00031951216
0.00032338417
0.00032807818
0.0003339904
0.00034169667
0.0003517301
0.0003647455
0.00038492147
0.00040158523
0.00025699812
0.00025320401
0.00026334811
0.00048921855
0.00047848217
0.00048856113
0.00047869856
0.00047372166
0.00047746536
0.0004586581
0.00045171934
0.00045351625
0.0004409362
0.00043652067
0.00010691844
0.00010767092
0.00021977694
0.00025235708
0.00023694798
0.00022741037
0.00022311556
0.00022121883
0.00022044921
0.00022024455
0.00022033807
0.00022059781
0.00022095572
0.00022137575
0.0002218388
0.00022233525
0.00022286114
0.00022341621
0.00022399042
0.00028856762
0.0002890859
0.00028927578
0.00028946225
0.00028964739
0.00028986316
0.00029013556
0.00029050146
0.00029101381
0.00029175022
0.00029283283
0.00029387842
0.00029481728
0.00029557487
0.00029293243
0.00010292876
0.00037622865
0.00047082572
0.00047253037
0.00049383688
0.00048613826
0.00048245084
0.00012421002
0.0001212793
0.00010077017
0.00010005423
0.00010062911
0.00010197294
0.00010292737
0.00010452174
0.00020120919
0.00020767851
0.00021808342
0.00023901632
0.00023962985
0.00023076118
0.00022595755
0.00022341679
0.00022210815
0.00022149265
0.00022128019
0.00022131139
0.00022149635
0.00022178324
0.00022214186
0.00022255476
0.00022301238
0.00022351035
0.00022403522
0.00022327598
0.00022310811
0.00022281965
0.00022254083
0.00022227947
0.00022205269
0.00022187649
0.0002217742
0.00022177814
0.00022193319
0.00022230431
0.00022209481
0.00022116348
0.00021941715
0.00021672894
0.00021314693
9.5859388e-05
9.9101899e-05
9.986915e-05
9.9773973e-05
0.00010014972
0.00010017648
0.00021254001
0.00021081382
0.00020892998
0.00020554396
0.00020443552
0.00020387916
0.0002021082
0.00020212643
0.0002033069
0.00020901314
0.00021823667
0.00023217592
0.00023802136
0.00023248178
0.00022785724
0.00022508926
0.00022347595
0.00022257909
0.00022213268
0.00022197613
0.00022201167
0.00022217914
0.00022244126
0.00022277497
0.00022316633
0.00022360753
0.00022408214
0.00021926591
0.00021934578
0.00021947214
0.00021960749
0.00021976307
0.00021995101
0.0002201839
0.00022047779
0.00022085201
0.00022132936
0.00022186428
0.00022156927
0.00022081383
0.00021957785
0.00021780394
0.00021498989
0.00021250706
0.00021402927
0.0002158795
0.00021421468
0.00021238162
0.00021121581
0.00021005917
0.00020833733
0.00020730352
0.00020568608
0.00020477992
0.00020420552
0.00020347971
0.00020394851
0.00020593253
0.00021088884
0.00021854866
0.00022810834
0.00023383187
0.00023318194
0.00022902049
0.00022628586
0.00022454823
0.00022348484
0.00022287564
0.00022257523
0.00022248856
0.00022255358
0.00022272974
0.00022299065
0.00022331939
0.00022370551
0.00022413004
0.00021788893
0.00021796851
0.00021809386
0.00021823263
0.00021838768
0.00021856655
0.00021877779
0.00021903248
0.00021934314
0.00021972348
0.00021997969
0.00021948765
0.00021872953
0.00021765517
0.00021622786
0.00021439223
0.00021326135
0.00021411292
0.00021527055
0.00021349522
0.00021190192
0.00021068277
0.00020952616
0.00020831115
0.00020735635
0.00020629738
0.00020564703
0.00020528644
0.0002052121
0.00020608785
0.00020833142
0.00021262052
0.00021875938
0.00022561487
0.00023030026
0.00023231276
0.00022962726
0.00022708126
0.0002253475
0.0002242103
0.00022350156
0.00022309943
0.0002229184
0.0002228993
0.00022300154
0.00022319745
0.00022346842
0.00022380222
0.0002241779
0.00021721063
0.0002173316
0.00021747134
0.00021762239
0.00021779071
0.00021798272
0.00021820459
0.00021846384
0.00021876748
0.00021912092
0.00021921524
0.00021877213
0.00021812057
0.00021723054
0.00021608169
0.00021482243
0.00021419555
0.00021469917
0.00021503901
0.0002134116
0.00021201408
0.00021086213
0.00020980461
0.00020882308
0.000208003
0.00020726744
0.00020684886
0.00020673406
0.00020703018
0.00020812322
0.00021033548
0.00021399265
0.00021887094
0.00022400972
0.00022786329
0.00023021886
0.00022984653
0.00022755945
0.00022591079
0.00022476849
0.00022401216
0.00022354572
0.0002232966
0.00022321164
0.00022325251
0.00022339195
0.00022361082
0.0002238959
0.00022422479
0.00021692137
0.00021699447
0.00021711048
0.00021724566
0.0002173981
0.00021757133
0.00021776915
0.00021799644
0.00021825709
0.0002185526
0.00021852353
0.00021813406
0.00021760155
0.00021691439
0.00021608508
0.00021529091
0.0002149774
0.00021536565
0.00021499581
0.00021359471
0.0002123693
0.00021132277
0.00021038931
0.0002095689
0.00020889454
0.00020837638
0.00020813559
0.00020820854
0.00020871227
0.00020988785
0.00021195317
0.00021505086
0.00021895121
0.00022294368
0.00022613941
0.00022830399
0.00022930045
0.00022779405
0.00022627857
0.0002251789
0.00022441519
0.00022391573
0.00022362192
0.00022348818
0.00022347998
0.00022357169
0.00022374456
0.00022398507
0.00022426991
0.00021677873
0.00021689175
0.00021701731
0.00021715302
0.00021730289
0.00021746999
0.000217656
0.00021786278
0.00021809041
0.0002183357
0.00021824934
0.00021790067
0.00021744846
0.00021689739
0.0002162875
0.00021577768
0.0002156352
0.00021596298
0.0002150486
0.00021385929
0.00021279609
0.00021187009
0.00021106092
0.00021037614
0.00020983864
0.00020948097
0.0002093784
0.00020958352
0.00021019771
0.00021137699
0.00021325725
0.00021588301
0.00021904275
0.00022223369
0.00022490837
0.00022685685
0.00022809026
0.0002278509
0.00022649042
0.00022546366
0.00022472187
0.00022421427
0.00022389562
0.00022372836
0.00022368259
0.00022373508
0.00022386818
0.00022406863
0.00022431263
0.00021670545
0.0002167756
0.00021688202
0.00021700531
0.00021714299
0.00021729616
0.00021746502
0.00021764975
0.00021784848
0.00021805572
0.00021796846
0.00021768329
0.00021732737
0.00021691381
0.00021649096
0.00021618373
0.00021615699
0.00021618167
0.00021514075
0.00021413973
0.00021322853
0.00021242692
0.0002117374
0.00021117333
0.00021075742
0.00021052522
0.00021053116
0.00021082782
0.00021149528
0.0002126352
0.00021432558
0.00021656011
0.00021915755
0.00022176475
0.00022402382
0.0002257605
0.00022694921
0.00022750558
0.00022658057
0.00022564452
0.00022494486
0.00022444807
0.00022412074
0.00022393309
0.00022386007
0.00022388133
0.00022398076
0.00022414576
0.00022435248
0.0002166522
0.00021674375
0.00021685058
0.00021696672
0.00021709374
0.0002172326
0.00021738243
0.00021754204
0.00021770808
0.00021787379
0.00021779707
0.00021755917
0.00021727677
0.00021696879
0.00021668296
0.00021651287
0.00021656386
0.00021610931
0.0002152541
0.00021441763
0.00021364674
0.00021296642
0.00021239051
0.00021193632
0.00021162731
0.00021149667
0.00021158732
0.00021194553
0.00021263142
0.00021371013
0.00021522116
0.00021713395
0.00021929958
0.00022146761
0.0002233925
0.00022493396
0.0002260521
0.00022677695
0.00022657915
0.00022574176
0.00022509704
0.00022462476
0.00022430142
0.00022410428
0.00022401301
0.00022401028
0.00022408182
0.00022421596
0.0002243891
0.00021662008
0.00021668678
0.00021678176
0.00021688913
0.0002170067
0.00021713419
0.00021726971
0.00021741107
0.00021755392
0.0002176908
0.00021764828
0.00021746026
0.00021724638
0.00021702773
0.0002168471
0.00021677411
0.00021670998
0.00021608852
0.00021538623
0.00021469269
0.0002140494
0.00021348321
0.00021301316
0.00021265876
0.00021244329
0.00021239628
0.00021255263
0.00021295044
0.00021363326
0.00021464128
0.00021598964
0.00021763823
0.00021946722
0.00022129592
0.00022294938
0.00022431589
0.0002253522
0.00022606794
0.00022637974
0.00022577293
0.00022519056
0.00022475218
0.0002244424
0.00022424454
0.00022414263
0.00022412233
0.00022417129
0.00022427898
0.00022442232
0.00021659629
0.00021666873
0.00021675917
0.00021685773
0.00021696408
0.00021707784
0.0002171967
0.000217318
0.00021743707
0.00021754654
0.00021753803
0.00021739167
0.00021723391
0.00021708574
0.00021698344
0.0002169516
0.00021664406
0.00021610976
0.00021553548
0.0002149663
0.00021443809
0.00021397722
0.00021360456
0.00021334024
0.0002132064
0.00021322877
0.00021343584
0.00021385764
0.00021452466
0.00021546009
0.00021666435
0.00021809558
0.00021965812
0.00022121899
0.00022264977
0.00022386169
0.00022481324
0.00022550263
0.00022595419
0.00022575329
0.00022523649
0.00022483797
0.00022454863
0.00022435688
0.00022425059
0.00022421823
0.0002242494
0.00022433481
0.00022445204
0.00021658542
0.00021664557
0.00021672821
0.00021681934
0.00021691703
0.0002170203
0.00021712641
0.00021723237
0.00021733341
0.00021742256
0.00021744916
0.00021734005
0.00021722955
0.0002171373
0.00021709344
0.00021696832
0.00021660054
0.00021616572
0.00021570015
0.00021523953
0.00021481448
0.00021444965
0.00021416574
0.00021398233
0.00021391976
0.0002140001
0.00021424634
0.00021468139
0.00021532576
0.00021619115
0.00021726958
0.00021852127
0.00021986986
0.00022121551
0.00022246172
0.00022353779
0.00022440611
0.00022505895
0.00022551005
0.00022566438
0.00022524457
0.00022488922
0.00022462502
0.00022444449
0.00022433883
0.00022429907
0.00022431666
0.00022438361
0.00022447828
0.00021658178
0.00021664047
0.00021671751
0.00021680086
0.00021688918
0.00021698146
0.00021707485
0.00021716633
0.00021725136
0.0002173236
0.00021736695
0.00021730105
0.00021722886
0.00021717993
0.0002171143
0.00021689992
0.00021659951
0.0002162494
0.00021587738
0.00021551201
0.00021517927
0.00021490143
0.00021469796
0.00021458709
0.00021458695
0.00021471613
0.00021499291
0.00021543418
0.00021605294
0.00021685329
0.00021782284
0.00021892546
0.00022009995
0.00022126998
0.00022236163
0.0002233184
0.00022410729
0.00022471789
0.00022515718
0.00022544331
0.00022522317
0.00022491236
0.00022467624
0.0002245106
0.00022440946
0.00022436609
0.00022437372
0.00022442566
0.00022450113
0.00021658663
0.00021663887
0.00021671009
0.00021678693
0.00021686754
0.00021695077
0.00021703371
0.00021711346
0.00021718585
0.00021724534
0.00021728483
0.00021726903
0.00021722802
0.00021717791
0.00021706199
0.00021687262
0.00021663159
0.00021635486
0.00021606429
0.00021578298
0.00021553288
0.00021533368
0.00021520299
0.00021515722
0.00021521212
0.00021538303
0.00021568412
0.00021612736
0.00021672021
0.00021746175
0.00021833763
0.00021931583
0.00022034697
0.00022137174
0.00022233268
0.00022318441
0.00022389862
0.00022446412
0.00022488376
0.00022517012
0.00022517961
0.00022491321
0.00022470669
0.00022455838
0.00022446462
0.00022442067
0.00022442138
0.00022446135
0.00022452073
0.00021659742
0.00021664638
0.00021671262
0.0002167832
0.00021685644
0.00021693123
0.00021700475
0.00021707436
0.00021713636
0.00021718603
0.00021721759
0.00021722439
0.00021719925
0.00021713533
0.0002170277
0.00021687685
0.00021668875
0.00021647645
0.00021625755
0.0002160509
0.00021587501
0.00021574694
0.00021568222
0.00021569515
0.00021579903
0.00021600623
0.00021632735
0.00021677037
0.00021733862
0.000218028
0.0002188236
0.00021969737
0.00022060917
0.00022151229
0.00022236149
0.00022312029
0.00022376472
0.000224284
0.00022467861
0.00022495731
0.00022509781
0.00022489671
0.00022472029
0.00022459078
0.00022450643
0.00022446421
0.00022446047
0.00022449111
0.00022453726
0.00021661359
0.00021665859
0.00021672034
0.00021678555
0.00021685247
0.00021692004
0.00021698561
0.00021704687
0.00021710064
0.00021714306
0.0002171696
0.00021717522
0.00021715482
0.00021710397
0.00021702008
0.00021690505
0.00021676453
0.00021660944
0.00021645421
0.00021631436
0.00021620544
0.00021614199
0.00021613735
0.00021620363
0.00021635173
0.00021659126
0.00021692974
0.00021737188
0.00021791797
0.00021856189
0.00021928892
0.00022007462
0.0002208861
0.00022168614
0.00022243884
0.00022311481
0.00022369413
0.00022416702
0.0002245328
0.00022479775
0.00022497282
0.00022486756
0.00022472087
0.00022461076
0.00022453704
0.00022449818
0.00022449187
0.00022451535
0.00022455087
0.00021663396
0.00021667599
0.00021673384
0.00021679421
0.00021685545
0.00021691661
0.0002169753
0.00021702954
0.00021707674
0.00021711386
0.00021713748
0.00021714402
0.00021713009
0.00021709318
0.0002170324
0.00021695059
0.0002168531
0.00021674928
0.00021665113
0.00021657152
0.00021652342
0.00021651904
0.00021656955
0.00021668486
0.00021687355
0.00021714268
0.00021749709
0.00021793881
0.00021846583
0.00021907071
0.00021973931
0.00022045035
0.00022117664
0.00022188827
0.00022255662
0.0002231581
0.00022367641
0.00022410321
0.00022443746
0.00022468394
0.0002248515
0.00022482913
0.00022471127
0.00022462058
0.00022455816
0.00022452377
0.0002245163
0.00022453436
0.00022456161
0.00021665732
0.00021669683
0.00021675141
0.00021680764
0.00021686395
0.00021691957
0.00021697237
0.00021702077
0.00021706275
0.00021709604
0.00021711826
0.0002171271
0.00021712062
0.00021709783
0.00021705914
0.00021700806
0.00021694969
0.00021689218
0.00021684568
0.00021682087
0.00021682849
0.00021687862
0.00021698031
0.00021714135
0.0002173681
0.00021766527
0.0002180353
0.00021847796
0.00021898944
0.00021956146
0.00022018054
0.00022082806
0.00022148139
0.00022211635
0.00022271011
0.00022324391
0.00022370472
0.00022408585
0.00022438651
0.00022461069
0.00022476583
0.00022478572
0.00022469524
0.00022462331
0.00022457215
0.00022454263
0.00022453472
0.00022454841
0.00022456939
0.00021668279
0.00021672047
0.00021677235
0.000216825
0.00021687697
0.00021692772
0.0002169754
0.00021701882
0.00021705653
0.000217087
0.00021710878
0.00021712065
0.00021712195
0.00021711293
0.000217095
0.00021707224
0.00021704955
0.00021703418
0.00021703479
0.00021706029
0.00021711946
0.00021722043
0.00021737025
0.00021757466
0.00021783789
0.00021816245
0.00021854864
0.00021899426
0.00021949398
0.00022003888
0.00022061613
0.00022120932
0.00022179947
0.00022236699
0.00022289376
0.00022336513
0.00022377111
0.00022410679
0.00022437204
0.00022457063
0.00022470918
0.00022473861
0.00022467376
0.00022461957
0.00022457924
0.00022455473
0.00022454687
0.00022455684
0.00022457341
0.00021670823
0.00021674533
0.00021679521
0.00021684485
0.00021689302
0.00021693946
0.00021698261
0.00021702001
0.00021704695
0.00021706981
0.00021708929
0.00021710679
0.00021712448
0.00021713395
0.00021713531
0.00021713854
0.00021714847
0.00021717167
0.00021721565
0.0002172878
0.00021739524
0.00021754427
0.00021774006
0.0002179864
0.00021828548
0.00021863775
0.00021904149
0.00021949268
0.00021998468
0.00022050798
0.00022105027
0.0002215969
0.00022213187
0.00022263932
0.00022310509
0.00022351814
0.0002238713
0.0002241616
0.00022438987
0.00022456008
0.00022467847
0.00022469203
0.00022465085
0.00022461305
0.00022458264
0.00022456264
0.00022455461
0.00022456022
0.00022457256
0.00021675243
0.00021678343
0.00021682791
0.00021687113
0.00021691182
0.00021694986
0.0002169841
0.00021701273
0.0002170319
0.00021704916
0.00021706667
0.00021708753
0.00021711582
0.00021714503
0.00021717693
0.00021721022
0.00021724958
0.00021730789
0.00021739175
0.00021750731
0.00021766017
0.000217855
0.00021809518
0.00021838261
0.00021871754
0.00021909841
0.00021952157
0.00021998128
0.00022046958
0.00022097632
0.0002214895
0.00022199585
0.00022248178
0.00022293456
0.00022334347
0.00022370071
0.00022400189
0.00022424604
0.00022443526
0.00022457406
0.00022464634
0.00022464749
0.00022462727
0.00022460352
0.00022458107
0.00022456398
0.00022455487
0.00022455496
0.00022456056
0.00021932741
0.00021931116
0.00021930061
0.00021928694
0.00021926976
0.00021924927
0.00021922464
0.00021919605
0.00021916392
0.00021912917
0.00021909341
0.00021905902
0.00021902929
0.00021900843
0.00021900126
0.00021900146
0.00021901416
0.00021905236
0.00021912215
0.00021922873
0.00021937642
0.00021956833
0.00021980605
0.00022008954
0.0002204169
0.00022078437
0.00022118605
0.00022161412
0.00022205888
0.00022250905
0.00022295233
0.0002233762
0.00022376879
0.00022412
0.00022442215
0.00022467065
0.00022486398
0.00022500358
0.00022509328
0.00022513871
0.00022512421
0.00022507879
0.00022501719
0.00022494561
0.00022486961
0.0002247942
0.00022472352
0.00022465886
0.00022458783
0.00031729269
0.0002199004
0.00019315436
0.00018632897
0.00019245675
0.00021484668
0.00025699812
0.00022286812
0.00018930193
0.00015982296
0.00041784734
0.00026334811
0.00023432438
0.00023637204
0.00025779244
0.00030362582
0.00038134571
0.00022058427
0.00015770493
0.00012852915
0.00045429124
0.00029538959
0.00025618685
0.00025380101
0.00027202373
0.0003130556
0.00034784725
0.00020204145
0.00014886272
0.00012369528
0.0004512693
0.00031358654
0.00027277508
0.00026659384
0.00028047139
0.00031301456
0.00029531626
0.00018305191
0.00013956117
0.00011810158
0.00044451382
0.00032536624
0.00028466132
0.00027970628
0.00029330727
0.00032579352
0.00025253789
0.00016703295
0.00013161501
0.00011337846
0.00041444219
0.00031995797
0.0002812613
0.00028215896
0.00030521852
0.000372556
0.00022059519
0.00015463579
0.00012544148
0.00010989507
0.00040547029
0.00033049308
0.00029027304
0.00028913804
0.0003123144
0.00036211405
0.00019725731
0.00014503326
0.00012050698
0.00010735219
0.00040546781
0.00032985798
0.00028540883
0.00027819754
0.00029366761
0.00028298538
0.00017698832
0.0001356608
0.00011530249
0.00010422315
0.00030588445
0.00021596908
0.00014194851
0.00011436654
0.00010138042
9.4699355e-05
9.1262271e-05
8.9626642e-05
8.900786e-05
8.8858811e-05
0.00037867254
0.00031066603
0.00027907985
0.00028623193
0.00034359121
0.00020646403
0.00014704398
0.00012082671
0.00010700005
9.9353627e-05
0.00037124388
0.00031963978
0.00029440351
0.00030811149
0.00032474986
0.00018263141
0.00013702121
0.00011528004
0.00010355973
9.7002996e-05
0.00037124953
0.0003188338
0.00029077743
0.00029329851
0.00025055479
0.00016336399
0.0001280092
0.00011031664
0.00010065716
9.5310785e-05
0.00035239267
0.00030300681
0.00029859104
0.00033995677
0.00021100895
0.00014703995
0.00012005942
0.0001059604
9.8126629e-05
9.3791986e-05
0.00032702041
0.00028919468
0.00029643839
0.0003303237
0.00018589313
0.00013705521
0.00011463928
0.00010273189
9.615202e-05
9.2534079e-05
0.00032702383
0.00030145784
0.00031575978
0.00026607175
0.00016606904
0.00012828123
0.0001098178
9.9912939e-05
9.4523687e-05
9.1746301e-05
0.00032780721
0.00031024812
0.00034296395
0.0002145219
0.00014769414
0.00011955251
0.00010513714
9.7265647e-05
9.2997474e-05
9.0816648e-05
0.0003136999
0.00029982382
0.00034038835
0.0001872918
0.00013614815
0.00011343402
0.00010162086
9.5200443e-05
9.1791408e-05
9.0091568e-05
0.00031370367
0.00030263975
0.00028011
0.00016688462
0.00012729976
0.0001086271
9.8828033e-05
9.3574548e-05
9.0891319e-05
8.970128e-05
0.00032419997
0.00030713712
0.00022540831
0.00014883494
0.00011885316
0.00010415218
9.6352875e-05
9.2213017e-05
9.0166744e-05
8.9285315e-05
0.00033733793
0.00035122575
0.00019241654
0.00013595839
0.0001125751
0.00010080747
9.4539271e-05
9.1255892e-05
8.968763e-05
8.9021865e-05
0.00030768967
0.00032276555
0.00017443263
0.00012885507
0.00010894779
9.8823187e-05
9.3467615e-05
9.0721304e-05
8.9471927e-05
8.9013184e-05
0.00030587441
0.00026893512
0.0001594671
0.00012250253
0.00010562497
9.698558e-05
9.2463211e-05
9.0205447e-05
8.9239651e-05
8.8933571e-05
0.00040837181
0.00033718927
0.00030075828
0.00029823116
0.00031707757
0.00023858626
0.00015931443
0.00012711487
0.00011051822
0.00010117456
0.00031013871
0.00022121475
0.00022579174
0.00024471156
0.00027881362
0.00034376716
0.0004667396
0.00031165882
0.00020983275
0.00015965678
0.00037266164
0.00024050492
0.00021825489
0.00022286216
0.00024473237
0.00028949993
0.00037669573
0.00023789703
0.00016722827
0.00013447945
0.00031014286
0.00021834868
0.00022131746
0.000230066
0.00024939841
0.0002911535
0.00035329467
0.00025959063
0.00019938578
0.00016234467
0.0003110445
0.00021668199
0.00021260933
0.00022569701
0.00025320401
0.00030598853
0.00039578481
0.0002722961
0.00018906814
0.00014817071
0.00033334502
0.00022350525
0.00021017913
0.00021829163
0.00024148542
0.00028681031
0.0003737808
0.00025413788
0.0001769075
0.00013992059
0.00015493635
0.00011781528
0.00010203831
9.4447952e-05
9.0978743e-05
8.9960585e-05
9.0584966e-05
9.2417444e-05
9.5212589e-05
9.8860132e-05
0.00013133897
0.00012140687
0.00011278879
0.00010684968
0.00010315576
0.0001012115
0.00010064885
0.00010120821
0.00010271232
0.00010506847
0.0003493701
0.00018226939
0.00012893711
0.00010804049
9.8092131e-05
9.3007816e-05
9.0461783e-05
8.9326016e-05
8.8976523e-05
8.8938654e-05
0.00035731667
0.00016623149
0.00012267981
0.00010496877
9.6522508e-05
9.2228563e-05
9.0110758e-05
8.9198002e-05
8.8947733e-05
8.8927222e-05
0.00030385842
0.00015622499
0.00011917167
0.00010353735
9.6004307e-05
9.2140296e-05
9.0225039e-05
8.9397354e-05
8.9170428e-05
8.9149574e-05
0.00026457752
0.0001457028
0.00011521013
0.00010193075
9.5433499e-05
9.2042069e-05
9.0337202e-05
8.9588292e-05
8.9364117e-05
8.9278148e-05
0.00023674326
0.00013784524
0.00011193859
0.00010046148
9.482447e-05
9.1855425e-05
9.0358219e-05
8.9711605e-05
8.9542267e-05
8.949656e-05
0.0002155655
0.00013121808
0.0001090433
9.9044525e-05
9.4122554e-05
9.1519106e-05
9.0214133e-05
8.9674579e-05
8.956831e-05
8.9537427e-05
0.00019885138
0.00012562688
0.00010646488
9.7691765e-05
9.3369639e-05
9.1082399e-05
8.9947892e-05
8.9504789e-05
8.9456214e-05
8.9458545e-05
0.00018523386
0.00012080479
0.00010412758
9.638346e-05
9.2568634e-05
9.05604e-05
8.9583604e-05
8.922962e-05
8.9202338e-05
8.9104185e-05
0.00017376125
0.00011652293
0.0001019315
9.5072514e-05
9.1700968e-05
8.9955528e-05
8.914985e-05
8.8932956e-05
8.9045265e-05
8.9145817e-05
0.00016390224
0.00011270497
9.9882304e-05
9.3789563e-05
9.0800397e-05
8.9289091e-05
8.8635495e-05
8.8527667e-05
8.8714708e-05
8.8844875e-05
0.00015515505
0.00010916887
9.7872435e-05
9.2467898e-05
8.9829201e-05
8.8549668e-05
8.8062097e-05
8.8087012e-05
8.8380604e-05
8.8586343e-05
0.00014736178
0.00010596849
9.5993892e-05
9.1205332e-05
8.8878794e-05
8.7815533e-05
8.7494402e-05
8.7667232e-05
8.8108674e-05
8.8458603e-05
0.00014016205
0.0001028826
9.4057514e-05
8.9835289e-05
8.7800807e-05
8.69483e-05
8.6793616e-05
8.7108605e-05
8.7683225e-05
8.8181058e-05
0.00013344373
9.997398e-05
9.2173866e-05
8.8497982e-05
8.6763564e-05
8.6144506e-05
8.6191203e-05
8.6681273e-05
8.7383647e-05
8.786223e-05
0.00012706713
9.7184118e-05
9.0304298e-05
8.716491e-05
8.5748457e-05
8.5394587e-05
8.5697746e-05
8.6458159e-05
8.7485681e-05
8.8427829e-05
0.00012090127
9.4463784e-05
8.8411193e-05
8.5800683e-05
8.4726154e-05
8.4667525e-05
8.5259705e-05
8.629833e-05
8.7562353e-05
8.8605933e-05
0.00011466981
9.1639369e-05
8.6368222e-05
8.4325174e-05
8.3681342e-05
8.4022027e-05
8.5028233e-05
8.6501762e-05
8.8232899e-05
8.9787401e-05
0.00010820976
8.87545e-05
8.4352083e-05
8.3010599e-05
8.2969812e-05
8.3875911e-05
8.5451035e-05
8.7496829e-05
8.9800427e-05
9.1944076e-05
0.00010171021
8.6204459e-05
8.2888547e-05
8.2428307e-05
8.3182079e-05
8.4847017e-05
8.7202528e-05
9.0057731e-05
9.3154482e-05
9.5904211e-05
9.5396199e-05
8.4276977e-05
8.2288575e-05
8.2919376e-05
8.4789207e-05
8.7663302e-05
9.1388874e-05
9.5802422e-05
0.00010066383
0.00010549014
8.8390157e-05
8.2335337e-05
8.2707474e-05
8.5798709e-05
9.0536335e-05
9.6692328e-05
0.00010408202
0.00011214208
0.00011768025
0.00012035821
8.3130246e-05
8.7516841e-05
9.7480965e-05
0.0001047052
0.00010657313
0.00010849102
0.0001108919
0.0001139008
0.00011744304
0.00012117388
7.9926743e-05
7.3837899e-05
6.8996802e-05
6.708411e-05
6.7147584e-05
6.8551548e-05
7.0940614e-05
7.4101239e-05
7.7882727e-05
8.2163342e-05
0.00010306658
7.4908392e-05
6.5877438e-05
6.2704469e-05
6.219526e-05
6.3212077e-05
6.5254892e-05
6.8075222e-05
7.153742e-05
7.5584581e-05
6.491743e-05
9.1371706e-05
0.00011219075
0.00013473147
0.00016741685
0.00021906136
0.00023769448
0.0002581255
0.00024626257
9.2784036e-05
9.7623438e-05
0.00010308666
0.00011464236
0.00013355327
0.00016356828
0.00019666988
0.00024141861
0.00030710965
0.00012156384
0.00011752233
0.00011299109
0.00010954916
0.00010708929
0.00010553712
0.00010482828
0.0001048977
0.00010568485
0.00010712167
0.00011637841
0.00011387355
0.00011120704
0.00010925306
0.00010780142
0.00010687113
0.00010646683
0.0001065813
0.00010719849
0.00010825154
0.00011344644
0.00011127202
0.00010964106
0.00010853708
0.00010767092
0.0001071358
0.00010694995
0.00010710547
0.00010756519
0.00010820345
0.0001116692
0.00010920425
0.00010816309
0.00010756056
0.00010704547
0.00010675848
0.00010670407
0.00010686006
0.00010714243
0.0001073288
0.00011057043
0.00010757928
0.00010691844
0.00010663927
0.00010637403
0.00010630259
0.00010641683
0.00010671109
0.00010713735
0.00010756808
0.00010994844
0.00010634171
0.0001059482
0.000105875
0.00010577257
0.00010584782
0.00010607103
0.00010643574
0.00010687221
0.00010726061
0.0001096318
0.00010531396
0.00010508752
0.00010512429
0.00010510734
0.00010525202
0.00010550132
0.00010584248
0.0001061688
0.00010629593
0.00010953073
0.00010446218
0.0001043492
0.00010444623
0.00010448185
0.00010467062
0.00010493569
0.00010527206
0.0001055668
0.00010566222
0.00010951522
0.00010370403
0.00010373793
0.00010388318
0.00010397378
0.00010421621
0.00010452174
0.00010489966
0.0001052393
0.00010541201
0.00010956956
0.00010306657
0.00010331681
0.00010349371
0.00010362223
0.00010389433
0.00010421219
0.00010459365
0.00010491302
0.00010503269
0.00010980317
0.00010254473
0.00010287869
0.0001030627
0.00010321493
0.00010350103
0.00010381434
0.00010417656
0.00010444266
0.00010445461
0.00011012277
0.0001021432
0.00010256755
0.00010275431
0.00010292737
0.00010322612
0.00010354477
0.00010391885
0.00010420564
0.00010430059
0.00011054983
0.0001017319
0.00010219099
0.00010245732
0.00010264872
0.00010295562
0.00010327403
0.00010364461
0.00010390589
0.00010391885
0.00011104296
0.00010136704
0.0001018577
0.00010223066
0.00010243486
0.00010274111
0.00010305073
0.00010340966
0.00010364855
0.00010365009
0.00011161191
0.00010109512
0.00010153104
0.00010197294
0.00010222153
0.00010252094
0.00010281918
0.00010316662
0.00010338691
0.00010337469
0.00011223741
0.00010090333
0.00010119968
0.00010168662
0.00010203005
0.00010232404
0.00010261399
0.00010295098
0.00010315214
0.00010311638
0.00011289853
0.00010074235
0.0001008889
0.00010142198
0.00010188184
0.00010218759
0.00010246709
0.00010279031
0.00010296909
0.00010289132
0.00011361545
0.00010063911
0.00010062911
0.0001010893
0.00010164492
0.00010204257
0.00010231129
0.0001026243
0.00010279638
0.00010272714
0.00011437635
0.00010058522
0.00010041962
0.00010081311
0.00010137894
0.00010182705
0.00010211721
0.00010241019
0.00010255419
0.00010245257
0.00011517435
0.00010062627
0.0001003348
0.00010069171
0.0001012444
0.00010167323
0.00010196431
0.00010225872
0.00010239535
0.00010227678
0.00011592832
0.00010053208
0.00010005423
0.00010035062
0.00010088242
0.00010139929
0.00010187172
0.00010222907
0.00010234122
0.00010222995
0.00011682013
0.00010063679
0.00010000057
0.00010023892
0.00010073408
0.00010119772
0.00010162312
0.00010194333
0.00010202377
0.00010186483
0.00011766221
0.00010068643
9.9893539e-05
0.00010009538
0.00010058109
0.00010102141
0.00010148109
0.0001018392
0.00010191713
0.00010176669
0.000118533
0.00010077017
9.9814932e-05
9.9976919e-05
0.00010045017
0.00010086585
0.0001013073
0.00010169244
0.00010179434
0.00010157296
0.00011940905
0.00010084642
9.9716215e-05
9.9836648e-05
0.00010029819
0.00010069191
0.00010111778
0.00010154927
0.0001017426
0.00010160514
0.00012031948
0.00010093495
9.9613701e-05
9.9682466e-05
0.00010012327
0.00010048768
0.00010089179
0.00010129795
0.00010153823
0.00010145535
0.0001212793
0.00010109638
9.9597933e-05
9.9624816e-05
0.00010004948
0.0001003873
0.00010076987
0.00010114691
0.00010135399
0.000101279
0.00012222314
0.00010123444
9.9552822e-05
9.9544472e-05
9.9964317e-05
0.00010029025
0.00010066788
0.00010103575
0.00010123876
0.00010120779
0.00012319112
0.00010136817
9.9484409e-05
9.942686e-05
9.9830089e-05
0.00010013452
0.00010049696
0.00010084396
0.00010102728
0.00010097219
0.00012421002
0.00010158201
9.9515253e-05
9.9418127e-05
9.9807013e-05
0.00010008877
0.00010043191
0.00010075155
0.00010090431
0.00010077748
0.00012519491
0.00010176945
9.952184e-05
9.939809e-05
9.9791288e-05
0.00010007274
0.00010042182
0.00010074462
0.0001009094
0.00010083411
0.00012617919
0.00010191403
9.9456166e-05
9.9287891e-05
9.9673954e-05
9.994797e-05
0.00010029676
0.00010061433
0.00010077551
0.0001006798
0.00012723217
0.00010212316
9.945736e-05
9.9236369e-05
9.960051e-05
9.9849161e-05
0.00010017648
0.00010046607
0.0001006013
0.00010047085
0.00012829529
0.00010240341
9.9564718e-05
9.9321642e-05
9.9690324e-05
9.9937863e-05
0.00010026738
0.00010055422
0.00010069088
0.00010057835
0.00012926497
0.00010252107
9.9467559e-05
9.9183225e-05
9.955247e-05
9.9803669e-05
0.00010014275
0.00010043342
0.00010057273
0.0001004425
0.00013036146
0.00010280426
9.9557638e-05
9.9230903e-05
9.9586894e-05
9.9822178e-05
0.00010014972
0.00010042559
0.00010055756
0.00010042874
0.00013137404
0.00010300268
9.9562816e-05
9.9208722e-05
9.9574513e-05
9.9820543e-05
0.00010016395
0.00010045172
0.00010059837
0.00010049969
0.00013240918
0.00010319301
9.9541231e-05
9.914017e-05
9.9497514e-05
9.9737571e-05
0.00010007982
0.00010036132
0.00010050323
0.00010035742
0.00013348571
0.00010346073
9.962027e-05
9.9184538e-05
9.9538624e-05
9.9773973e-05
0.00010011453
0.00010038927
0.0001005274
0.00010040198
0.00013448836
0.00010365143
9.9624137e-05
9.9158206e-05
9.9517504e-05
9.9759232e-05
0.00010010953
0.00010038911
0.00010053548
0.00010041313
0.00013550499
0.00010390855
9.9721856e-05
9.9238209e-05
9.9608148e-05
9.9857668e-05
0.00010021804
0.00010050175
0.0001006545
0.0001005341
0.00013640248
0.00010405242
9.9711577e-05
9.9214694e-05
9.960266e-05
9.986915e-05
0.00010024824
0.00010054239
0.00010068032
0.00010054598
0.00013729601
0.0001042652
9.9815428e-05
9.9321546e-05
9.9706747e-05
9.9883358e-05
0.00010014666
0.00010036552
0.00010049495
0.00010039574
0.00013801294
0.00010439215
9.9895828e-05
9.9276529e-05
9.9478636e-05
9.9613079e-05
9.992468e-05
0.00010019506
0.00010038507
0.00010031485
0.00013847262
0.00010427669
9.9427489e-05
9.8677814e-05
9.8917373e-05
9.9101899e-05
9.9474735e-05
9.9804569e-05
0.0001000535
0.00010004921
0.00013676413
0.00010293183
9.8214828e-05
9.7579707e-05
9.7946957e-05
9.8283868e-05
9.8820361e-05
9.9311394e-05
9.9722611e-05
9.9868736e-05
0.00013217274
0.00010068863
9.6499717e-05
9.6195254e-05
9.6835846e-05
9.7441694e-05
9.8232763e-05
9.8953901e-05
9.957088e-05
9.9867202e-05
0.00012202682
9.6607295e-05
9.359483e-05
9.3853817e-05
9.48718e-05
9.5859388e-05
9.698132e-05
9.7984272e-05
9.8845363e-05
9.9355221e-05
0.00010397934
3.2754808e-05
3.0772659e-05
2.9730763e-05
2.9572025e-05
3.0246445e-05
3.1706567e-05
3.3865035e-05
3.6627283e-05
3.9941487e-05
5.7914552e-05
6.3295615e-05
6.6870321e-05
7.1343815e-05
7.7316128e-05
8.4867017e-05
9.3598606e-05
0.00010292876
0.00011175389
2.4560239e-05
2.9455932e-05
3.3579544e-05
3.790328e-05
4.2546462e-05
4.7548734e-05
5.2855476e-05
5.8426714e-05
6.4210829e-05
1.988383e-05
2.6774201e-05
3.288813e-05
3.8960618e-05
4.5085412e-05
5.1425959e-05
5.7943145e-05
6.4682869e-05
7.1601601e-05
2.0576314e-05
3.1182301e-05
4.1700279e-05
5.2403916e-05
6.3119976e-05
7.3996203e-05
8.4848129e-05
9.5694237e-05
0.0001063265
6.8517437e-05
9.1325604e-05
9.1582707e-05
0.00012314007
5.861531e-05
4.9805409e-05
7.7749859e-05
6.5240543e-05
6.5843841e-05
0.00016336484
5.4592166e-05
4.5185999e-05
6.6724601e-05
6.8801189e-05
8.0796057e-05
6.3317386e-05
8.0514014e-05
8.5462115e-05
0.00021672894
2.8331435e-05
0.00022682128
0.00021326135
6.313067e-05
5.8177959e-05
9.5920526e-05
6.8821041e-05
7.8473884e-05
7.0201454e-05
7.0030056e-05
7.7919693e-05
6.9597293e-05
0.00010148838
8.1502441e-05
7.9488879e-05
0.00011531539
6.8228807e-05
5.9336041e-05
8.3045411e-05
7.786698e-05
7.3077444e-05
7.3137847e-05
7.731439e-05
8.5577441e-05
0.00022741037
6.8058171e-05
6.8564825e-05
0.00029293243
6.0959213e-05
6.922317e-05
7.4126143e-05
9.6100164e-05
7.6123176e-05
7.2730692e-05
6.3580923e-05
8.0350442e-05
7.4032121e-05
7.7771813e-05
5.3377556e-05
4.8905644e-05
5.8507488e-05
6.004294e-05
5.8720071e-05
5.7761487e-05
0.0001012784
7.8470212e-05
8.0995428e-05
6.0246138e-05
5.8287581e-05
8.1289788e-05
9.0604925e-05
6.3735196e-05
7.9354973e-05
0.00011333344
6.0921087e-05
5.793079e-05
7.7353768e-05
0.00010119448
6.7161797e-05
7.6017629e-05
6.7104665e-05
7.9244121e-05
7.0316693e-05
6.9787153e-05
0.00010551437
7.2897564e-05
6.197701e-05
6.2818082e-05
0.00010691449
8.6381385e-05
7.3188683e-05
7.4245504e-05
6.26589e-05
6.0589431e-05
9.3567537e-05
0.00010091415
5.918339e-05
5.623598e-05
0.00015128748
0.00011876186
8.9808601e-05
2.9687585e-05
5.7561796e-05
5.9423653e-05
5.8236969e-05
6.1844939e-05
7.1704949e-05
7.3066759e-05
0.00019949655
8.8248852e-05
0.0002220967
0.0001026321
6.0606106e-05
6.2886509e-05
5.7690404e-05
5.9499928e-05
6.6985942e-05
5.9121594e-05
6.5093403e-05
9.7728476e-05
5.4650345e-05
5.9508108e-05
9.9073569e-05
8.2523773e-05
5.0886418e-05
5.8893196e-05
6.0643694e-05
6.1373547e-05
0.00029517719
0.00021498989
5.7418721e-05
5.8739774e-05
7.434405e-05
5.8278476e-05
6.6801495e-05
5.8553808e-05
6.427633e-05
6.5457917e-05
8.2339212e-05
8.9463215e-05
3.6770432e-05
8.0362474e-05
6.0014365e-05
5.4766101e-05
5.6399041e-05
6.0613639e-05
6.0366278e-05
5.0722138e-05
5.2572783e-05
6.5361743e-05
7.3329534e-05
3.8280755e-05
5.735273e-05
5.9637824e-05
0.00010485148
8.6620355e-05
0.00022741037
5.7908475e-05
4.751714e-05
6.7907163e-05
6.2735041e-05
8.5405531e-05
7.9451138e-05
0.00010733868
8.4200832e-05
7.153536e-05
6.2964762e-05
5.5730709e-05
5.069066e-05
6.5641026e-05
8.9813628e-05
6.1729313e-05
6.4551519e-05
0.00019146779
6.4610479e-05
7.1433114e-05
6.1889655e-05
6.5108576e-05
0.00020412668
6.0431176e-05
6.2354523e-05
0.00017454878
0.00011975009
0.00023962985
5.5408896e-05
4.9504992e-05
5.1694567e-05
4.9907521e-05
7.4375971e-05
6.6883274e-05
9.037106e-05
5.1703175e-05
5.8229827e-05
0.00021346057
6.2167313e-05
5.2219564e-05
6.716773e-05
5.6015967e-05
7.3864366e-05
6.9576035e-05
6.74434e-05
6.3729971e-05
0.00020684886
0.00020009254
0.00021780394
0.00020017685
0.00021201408
8.9940703e-05
6.0785113e-05
6.5415958e-05
0.00011978779
9.4646009e-05
6.2739674e-05
6.7666684e-05
9.5767195e-05
6.29145e-05
5.8177169e-05
8.9605756e-05
0.00038492147
6.5186662e-05
7.7366645e-05
7.1859576e-05
8.720997e-05
8.2451496e-05
7.3873925e-05
0.00012575608
0.00013507944
0.00010344072
6.2157811e-05
7.2587459e-05
6.1552647e-05
6.530229e-05
5.8346102e-05
5.6201613e-05
6.7927972e-05
6.6473366e-05
9.2306332e-05
8.2044679e-05
6.6209381e-05
7.304023e-05
5.9842435e-05
6.2986196e-05
0.00021201408
0.00020450362
0.00011946135
9.7341828e-05
8.7508344e-05
7.1195034e-05
8.0425478e-05
0.00013718252
6.1790923e-05
6.4496413e-05
5.9990207e-05
6.4062674e-05
5.5679668e-05
5.3891548e-05
0.00020206198
0.0002052121
9.6407146e-05
7.0998527e-05
6.0208001e-05
5.6238589e-05
5.2651837e-05
0.00023807191
0.00021326135
7.0101914e-05
7.4550493e-05
6.0288332e-05
6.3234287e-05
5.8819635e-05
6.0387548e-05
6.9654593e-05
8.1141123e-05
4.7792595e-05
5.9753963e-05
5.5313046e-05
6.9034834e-05
7.8341641e-05
7.6347433e-05
0.00010258642
9.3896202e-05
8.7961298e-05
8.627977e-05
5.8561489e-05
6.1580308e-05
6.6274318e-05
7.7038138e-05
0.00020036908
0.000208003
6.3759515e-05
6.6946689e-05
0.00020684886
0.00020009254
6.656732e-05
5.9467952e-05
4.9782885e-05
4.796463e-05
0.00019827151
0.00012192689
0.00026998027
5.8087526e-05
6.6530546e-05
6.59887e-05
5.9774926e-05
7.9973913e-05
7.3609859e-05
5.9329036e-05
5.6210581e-05
7.0664577e-05
5.8029218e-05
9.1706774e-05
7.9792687e-05
6.7538867e-05
6.06528e-05
7.1065567e-05
6.659036e-05
5.6964722e-05
5.977574e-05
6.0634538e-05
7.0080633e-05
0.00013203335
9.4398904e-05
8.0014839e-05
6.0468996e-05
6.2950826e-05
8.9927704e-05
5.7970989e-05
4.7334276e-05
5.0210527e-05
6.08447e-05
5.1752494e-05
7.2959674e-05
6.3187589e-05
6.1038906e-05
0.00010024737
9.3758808e-05
6.6675384e-05
6.3144688e-05
6.440832e-05
6.3104774e-05
5.3917768e-05
5.9774816e-05
6.3314651e-05
7.4078846e-05
6.11442e-05
6.3739625e-05
5.884638e-05
6.0937125e-05
7.0131757e-05
5.1080704e-05
8.8546102e-05
7.8414043e-05
0.00011454883
9.4178756e-05
0.00020684886
0.00020009254
6.121607e-05
6.1627002e-05
6.4682998e-05
7.3672237e-05
5.8337206e-05
6.400107e-05
4.9013125e-05
5.8175934e-05
0.00020608785
0.00020232321
6.1191159e-05
5.9613144e-05
9.7984047e-05
8.7516364e-05
0.00018416374
0.00023802136
9.8244161e-05
8.8649999e-05
0.00019146779
5.3594004e-05
6.0044516e-05
5.5921204e-05
6.6298802e-05
0.00020833142
0.00019782261
0.00023076118
8.2832138e-05
8.7960453e-05
5.5172539e-05
5.914125e-05
5.6261685e-05
6.826173e-05
0.00019245163
0.00021262052
7.9106318e-05
9.547373e-05
0.00019827151
0.00020824556
0.00021503901
6.7940961e-05
7.3437249e-05
6.9363331e-05
7.4415955e-05
8.1758782e-05
9.1614444e-05
0.00019245163
0.00021088884
6.4314966e-05
6.0000327e-05
6.1572159e-05
6.3904918e-05
9.8343372e-05
8.4917849e-05
0.00030233458
0.00021439223
8.0245808e-05
8.5001025e-05
6.0204376e-05
4.9971907e-05
6.6170995e-05
6.0582575e-05
0.00010080772
8.4080719e-05
7.3026156e-05
8.3423256e-05
6.0089128e-05
6.101669e-05
5.5018538e-05
5.1328749e-05
0.00011318129
0.00015005082
7.0293864e-05
6.7595601e-05
7.073543e-05
5.1378231e-05
6.5637394e-05
6.4608667e-05
5.7082183e-05
4.8840262e-05
6.9470167e-05
5.7546089e-05
9.1018203e-05
7.9333079e-05
7.5056073e-05
7.401574e-05
7.1007848e-05
0.00011663272
7.8688694e-05
7.0300652e-05
0.00022741037
7.606788e-05
7.2606754e-05
7.9398758e-05
6.7640498e-05
7.424697e-05
0.00023802136
5.5246605e-05
6.7949941e-05
0.00018416374
6.6505679e-05
6.8840974e-05
6.4673036e-05
6.8020769e-05
5.7599249e-05
8.4984137e-05
6.5366985e-05
6.3065342e-05
0.00012478
0.00017524405
5.1939783e-05
6.128973e-05
8.1655663e-05
7.9220789e-05
6.1366797e-05
6.2788137e-05
6.2270375e-05
6.9269998e-05
7.0230861e-05
0.00014698394
6.1930752e-05
6.2461375e-05
7.2796304e-05
7.5060335e-05
7.8619583e-05
6.3268345e-05
5.34722e-05
8.6703385e-05
6.0429976e-05
6.2398121e-05
0.0001151056
9.4603171e-05
0.00013241229
0.00020236521
0.00021503901
8.3151421e-05
7.7025121e-05
6.7345416e-05
7.143862e-05
0.00018712448
0.00021854866
0.00010042759
9.6076267e-05
7.7219379e-05
7.125011e-05
0.0001885725
0.00023217592
6.2786124e-05
5.8258648e-05
8.5499455e-05
7.3458507e-05
0.00020673406
0.00019988235
7.5333294e-05
7.4713e-05
6.1313427e-05
5.0366272e-05
6.1310745e-05
6.0846125e-05
6.0852348e-05
6.4311876e-05
6.0365264e-05
6.5958299e-05
8.4205683e-05
8.3502714e-05
0.00010158768
6.8030277e-05
6.3367167e-05
9.0771434e-05
0.00010350313
8.5684805e-05
7.8773721e-05
9.0325615e-05
0.00012662945
0.00010039337
8.3494225e-05
6.2206763e-05
6.4121102e-05
8.8779338e-05
8.288908e-05
7.846693e-05
0.00020980461
0.00020120578
0.00020980461
0.00020138344
6.2764832e-05
6.9544122e-05
0.00021086213
0.0002008211
0.00021086213
0.00020120578
0.00020882308
0.00020036267
0.00020882308
0.00020036267
6.5272909e-05
6.1601794e-05
5.4802945e-05
6.590382e-05
0.00020044892
0.000208003
0.0002008211
0.00021086213
8.0370032e-05
0.00010408442
0.00020412668
8.7906008e-05
8.9725204e-05
8.6829192e-05
9.0555059e-05
6.0726714e-05
5.0995901e-05
0.00020093596
0.00011160329
0.00012468955
6.1453104e-05
5.8193329e-05
6.534612e-05
6.7531095e-05
5.1159207e-05
5.9714579e-05
0.00013770041
6.3721627e-05
5.4154685e-05
5.6959162e-05
5.4715888e-05
8.3722132e-05
5.4829579e-05
6.5991563e-05
7.0226634e-05
4.3992352e-05
6.1432658e-05
5.6329589e-05
6.4944644e-05
6.9378479e-05
7.2676152e-05
7.1940483e-05
0.00019949655
7.7110598e-05
7.4226909e-05
0.00011250099
0.00016434917
5.7514907e-05
6.710115e-05
7.5406662e-05
7.4921871e-05
0.00010017372
6.1341179e-05
7.5866898e-05
7.228885e-05
0.00029293243
0.00013529336
7.4395994e-05
0.00010392255
0.00021672894
6.5798723e-05
6.8214966e-05
7.301789e-05
6.0630814e-05
5.3210673e-05
0.00010485537
6.4567715e-05
8.5767814e-05
6.5770925e-05
5.9953411e-05
5.5677863e-05
5.9107014e-05
9.6123406e-05
7.0415844e-05
9.6759976e-05
7.7071358e-05
0.00019827151
0.00012180179
8.5653371e-05
8.7553016e-05
0.00023807191
0.00021326135
2.3848854e-05
0.00010713878
7.3832044e-05
8.5070716e-05
6.9793412e-05
0.0002220967
4.093943e-05
0.00038492147
0.00021780394
7.8718819e-05
6.3675945e-05
3.2640709e-05
0.00018712448
0.00021854866
6.1196308e-05
7.467577e-05
9.3080685e-05
5.0579224e-05
0.00020528644
0.00019988235
6.445789e-05
2.0046769e-05
0.00021780394
2.9996157e-05
7.6758246e-05
2.1375707e-05
9.0818658e-05
7.1907601e-05
9.9008384e-05
8.1721638e-05
0.00038492147
0.00020824556
0.00021469917
0.00017121931
0.00016795303
0.00016421432
4.4303574e-05
9.245449e-06
0.00020036908
0.00020726744
3.7998339e-05
0.00020450362
0.0002134116
4.0376497e-05
6.0590674e-05
1.5024617e-05
5.1718197e-05
4.8485117e-05
5.4592044e-05
4.7545914e-05
5.1143579e-05
5.9149677e-05
7.2755805e-05
5.5435897e-05
4.2117784e-05
5.8849916e-05
6.3355697e-05
9.9461918e-05
8.2547968e-05
7.0564751e-05
4.8763838e-05
4.5527787e-05
5.761447e-05
4.9356097e-05
5.5307986e-05
5.5257778e-05
5.559559e-05
4.8937287e-05
5.8317316e-05
5.5405235e-05
5.9300338e-05
0.00020956501
0.00021419555
6.5941498e-05
5.0980059e-05
5.623104e-05
5.2572657e-05
5.4547984e-05
5.6418356e-05
0.00020036908
0.00020726744
0.00020009254
0.00020726744
6.0156498e-05
5.5382198e-05
6.0340084e-05
5.1485626e-05
5.8015208e-05
5.2541025e-05
0.0002134116
0.00020272393
4.5547241e-05
6.7217388e-05
5.1863698e-05
5.7349133e-05
0.00020206198
0.0002052121
8.7196225e-05
4.0832473e-05
4.2195314e-05
4.6970995e-05
4.4651241e-05
6.7697525e-05
5.817397e-05
7.2151632e-05
9.4056827e-05
0.0002134116
0.00020272393
5.0518215e-05
4.5703084e-05
0.00020206198
0.0002052121
0.00020608785
0.00020232321
0.00020232321
0.00020608785
0.00019782261
0.00020833142
0.00019782261
0.00020833142
3.2515073e-05
4.1215279e-05
0.00018712448
0.00021088884
5.9048457e-05
4.9877399e-05
5.7039384e-05
5.225464e-05
4.0804679e-05
4.2768707e-05
0.00019245163
0.00021088884
5.5398341e-05
0.00019988235
0.00020673406
5.4080845e-05
3.5438407e-05
3.2625044e-05
0.00020956501
0.00021469917
6.1324809e-05
5.5385223e-05
0.00018495887
0.00022810834
4.6523682e-05
4.3023351e-05
5.2882783e-05
5.6784578e-05
4.7180496e-05
4.8082232e-05
3.782557e-05
4.1012923e-05
7.9506336e-05
3.4828454e-05
3.8545245e-05
5.7097197e-05
9.0585144e-05
3.4025017e-05
3.6266345e-05
3.9724337e-05
3.8677304e-05
0.00018495887
0.00022810834
4.3489247e-05
4.3163773e-05
3.3840557e-05
3.3827281e-05
4.6342302e-05
4.766181e-05
4.4475097e-05
4.7350254e-05
4.136684e-05
4.2436299e-05
4.097407e-05
4.3145994e-05
3.2727807e-05
4.3357618e-05
4.2424128e-05
4.2778903e-05
2.1004138e-05
3.5903055e-05
3.9519914e-05
3.933019e-05
4.2899486e-05
4.0954465e-05
5.1751879e-05
3.802186e-05
4.1391127e-05
3.4718624e-05
3.7225417e-05
5.7617478e-05
4.6847976e-05
5.6293902e-05
4.9276023e-05
4.4509969e-05
0.00021346057
3.6835268e-05
4.594123e-05
3.5676371e-05
4.7099431e-05
0.00023076118
3.8254588e-05
3.8171081e-05
5.1042848e-05
4.6276504e-05
0.00019146779
3.399317e-05
4.3213541e-05
6.4068851e-05
5.1393753e-05
0.00020236521
0.00021503901
6.1851074e-05
5.0606426e-05
3.4568663e-05
3.8349652e-05
2.8680523e-05
5.5671715e-05
5.544162e-05
4.6726916e-05
5.0908377e-05
6.527545e-05
5.5402321e-05
0.00020956501
0.00021469917
5.1953703e-05
5.5592035e-05
1.4182942e-05
3.9154883e-05
4.2682702e-05
5.2986344e-05
5.5924397e-05
5.0408763e-05
5.6154682e-05
5.5301488e-05
5.7587051e-05
0.00020980461
0.00020120578
0.00020882308
0.00020036267
0.0002008211
0.00021086213
0.00020044892
0.000208003
0.00021201408
0.00020017685
0.00018495887
0.00021854866
0.00018416374
0.00023802136
3.680422e-05
4.3830477e-05
4.4076203e-05
4.9845425e-05
0.00021439223
0.00023807191
7.6544754e-05
5.0000252e-05
3.325303e-05
3.6729816e-05
4.0804762e-05
3.5537773e-05
3.7092268e-05
4.2424964e-05
6.4450868e-05
9.5097042e-05
5.4961667e-05
5.7859808e-05
5.5173711e-05
4.810908e-05
5.4144985e-05
4.0850198e-05
4.617743e-05
7.3200572e-05
5.0752478e-05
4.6698736e-05
8.0097456e-05
)
;

boundaryField
{
    oversetFaces
    {
        type            overset;
        coupledFringe   false;
        conservativeCorrection false;
        setHoleCellValue false;
        holeCellValue   0;
        value           nonuniform 0();
    }
    back
    {
        type            empty;
    }
    out
    {
        type            zeroGradient;
    }
    bottom
    {
        type            zeroGradient;
    }
    in
    {
        type            zeroGradient;
    }
    top
    {
        type            zeroGradient;
    }
    front
    {
        type            empty;
    }
    wall
    {
        type            zeroGradient;
    }
    cylinder
    {
        type            zeroGradient;
    }
    defaultFaces
    {
        type            zeroGradient;
    }
}


// ************************************************************************* //
