/*--------------------------------*- C++ -*----------------------------------*\
| =========                 |                                                 |
| \\      /  F ield         | foam-extend: Open Source CFD                    |
|  \\    /   O peration     | Version:     4.1                                |
|   \\  /    A nd           | Web:         http://www.foam-extend.org         |
|    \\/     M anipulation  |                                                 |
\*---------------------------------------------------------------------------*/
FoamFile
{
    version     2.0;
    format      ascii;
    class       volScalarField;
    location    "0.08";
    object      rAU;
}
// * * * * * * * * * * * * * * * * * * * * * * * * * * * * * * * * * * * * * //

dimensions      [0 0 1 0 0 0 0];

internalField   nonuniform List<scalar> 
4393
(
4.4622596e-05
4.4617123e-05
4.4612092e-05
4.4606781e-05
4.4601186e-05
4.4595249e-05
4.4588884e-05
4.4582029e-05
4.4574621e-05
4.4566606e-05
4.4557941e-05
4.4548603e-05
4.4538594e-05
4.4527951e-05
4.451674e-05
4.4505106e-05
4.4493194e-05
4.4481219e-05
4.4469449e-05
4.445817e-05
4.4447697e-05
4.443835e-05
4.443044e-05
4.4424249e-05
4.4420014e-05
4.4417909e-05
4.4417909e-05
4.4418024e-05
4.4420362e-05
4.4424821e-05
4.443119e-05
4.4439162e-05
4.4448358e-05
4.4458359e-05
4.4468742e-05
4.4479114e-05
4.4489134e-05
4.449853e-05
4.4507102e-05
4.4514722e-05
4.4521318e-05
4.4526868e-05
4.4531387e-05
4.4534914e-05
4.4537505e-05
4.4539225e-05
4.4540143e-05
4.4539965e-05
4.453827e-05
4.4509428e-05
4.4505524e-05
4.4502655e-05
4.4499385e-05
4.4495837e-05
4.4491871e-05
4.4487419e-05
4.4482409e-05
4.4476785e-05
4.4470495e-05
4.4463508e-05
4.4455818e-05
4.444745e-05
4.4438469e-05
4.4428978e-05
4.4419164e-05
4.4409219e-05
4.4399408e-05
4.4390042e-05
4.4381446e-05
4.4373961e-05
4.4367923e-05
4.436364e-05
4.4361375e-05
4.4361327e-05
4.4363612e-05
4.4365597e-05
4.4365795e-05
4.436834e-05
4.4373227e-05
4.4380339e-05
4.438944e-05
4.4400186e-05
4.4412158e-05
4.4424898e-05
4.4437955e-05
4.4450918e-05
4.4463446e-05
4.4475272e-05
4.4486211e-05
4.4496148e-05
4.4505027e-05
4.4512841e-05
4.4519614e-05
4.4525391e-05
4.453023e-05
4.4534178e-05
4.4536865e-05
4.4538114e-05
4.4502465e-05
4.4498799e-05
4.4495973e-05
4.4492687e-05
4.4489069e-05
4.4484968e-05
4.4480317e-05
4.4475041e-05
4.4469085e-05
4.4462401e-05
4.4454966e-05
4.4446783e-05
4.4437897e-05
4.4428399e-05
4.4418424e-05
4.4408202e-05
4.4397972e-05
4.4388047e-05
4.4378786e-05
4.437056e-05
4.4363741e-05
4.4358685e-05
4.4355705e-05
4.4355052e-05
4.4356895e-05
4.4361299e-05
4.4360709e-05
4.4358687e-05
4.4359204e-05
4.4362366e-05
4.4368143e-05
4.4376351e-05
4.4386665e-05
4.4398638e-05
4.4411749e-05
4.4425475e-05
4.4439317e-05
4.4452859e-05
4.4465765e-05
4.4477798e-05
4.4488805e-05
4.4498707e-05
4.4507481e-05
4.4515147e-05
4.452175e-05
4.452735e-05
4.4532002e-05
4.4535734e-05
4.4538153e-05
4.4499405e-05
4.4495958e-05
4.4493122e-05
4.4489732e-05
4.4485932e-05
4.4481567e-05
4.4476576e-05
4.447088e-05
4.4464425e-05
4.4457164e-05
4.4449078e-05
4.4440181e-05
4.4430532e-05
4.4420247e-05
4.4409495e-05
4.4398548e-05
4.4387698e-05
4.4377315e-05
4.4367816e-05
4.4359626e-05
4.4353163e-05
4.4348815e-05
4.4346911e-05
4.4347704e-05
4.4351339e-05
4.4357839e-05
4.4354687e-05
4.435036e-05
4.4348818e-05
4.4350279e-05
4.4354807e-05
4.4362271e-05
4.4372348e-05
4.4384548e-05
4.4398261e-05
4.4412871e-05
4.4427775e-05
4.4442475e-05
4.4456564e-05
4.4469756e-05
4.4481864e-05
4.4492792e-05
4.4502508e-05
4.4511032e-05
4.4518414e-05
4.4524719e-05
4.4530011e-05
4.4534336e-05
4.4537231e-05
4.4495989e-05
4.4492592e-05
4.4489727e-05
4.4486268e-05
4.448234e-05
4.4477784e-05
4.4472532e-05
4.4466499e-05
4.4459623e-05
4.4451853e-05
4.4443168e-05
4.4433584e-05
4.4423171e-05
4.4412063e-05
4.4400459e-05
4.4388676e-05
4.4377058e-05
4.4366044e-05
4.4356118e-05
4.434777e-05
4.4341475e-05
4.4337664e-05
4.4336696e-05
4.4338836e-05
4.4344217e-05
4.4352829e-05
4.4347212e-05
4.4340401e-05
4.4336678e-05
4.4336391e-05
4.4339708e-05
4.4346548e-05
4.4356585e-05
4.4369255e-05
4.4383827e-05
4.4399569e-05
4.4415751e-05
4.4431783e-05
4.444718e-05
4.4461616e-05
4.4474874e-05
4.4486849e-05
4.449751e-05
4.4506886e-05
4.4515039e-05
4.4522049e-05
4.4527996e-05
4.4532949e-05
4.4536429e-05
4.4492639e-05
4.4489463e-05
4.4486689e-05
4.4483204e-05
4.447916e-05
4.4474396e-05
4.4468848e-05
4.4462425e-05
4.445506e-05
4.4446697e-05
4.4437311e-05
4.4426918e-05
4.4415594e-05
4.4403492e-05
4.4390842e-05
4.4378005e-05
4.436539e-05
4.435351e-05
4.4342927e-05
4.4334212e-05
4.4327906e-05
4.4324499e-05
4.4324388e-05
4.4327859e-05
4.4335044e-05
4.4345904e-05
4.4338049e-05
4.43286e-05
4.4322593e-05
4.432053e-05
4.4322702e-05
4.4329086e-05
4.433934e-05
4.4352798e-05
4.4368562e-05
4.4385753e-05
4.4403481e-05
4.4421058e-05
4.4437916e-05
4.4453692e-05
4.4468147e-05
4.448118e-05
4.4492768e-05
4.4502959e-05
4.4511835e-05
4.4519499e-05
4.4526056e-05
4.4531606e-05
4.4535695e-05
4.4488875e-05
4.4485692e-05
4.4482924e-05
4.4479422e-05
4.447532e-05
4.4470443e-05
4.4464715e-05
4.4458029e-05
4.4450308e-05
4.4441479e-05
4.4431503e-05
4.4420387e-05
4.4408203e-05
4.439511e-05
4.4381363e-05
4.4367369e-05
4.4353602e-05
4.4340663e-05
4.432921e-05
4.4319906e-05
4.4313376e-05
4.4310181e-05
4.4310768e-05
4.4315465e-05
4.4324411e-05
4.4337557e-05
4.4327663e-05
4.4315233e-05
4.4306671e-05
4.4302666e-05
4.4303668e-05
4.4309718e-05
4.4320444e-05
4.4335041e-05
4.4352368e-05
4.4371367e-05
4.4390942e-05
4.4410301e-05
4.4428786e-05
4.4446006e-05
4.4461713e-05
4.4475818e-05
4.4488323e-05
4.4499303e-05
4.4508867e-05
4.4517148e-05
4.4524277e-05
4.4530384e-05
4.453504e-05
4.4485384e-05
4.4482522e-05
4.4479963e-05
4.4476529e-05
4.4472399e-05
4.4467395e-05
4.4461441e-05
4.4454421e-05
4.4446244e-05
4.443682e-05
4.4426097e-05
4.4414065e-05
4.4400791e-05
4.4386439e-05
4.437129e-05
4.4355799e-05
4.4340518e-05
4.4326159e-05
4.4313488e-05
4.4303286e-05
4.4296275e-05
4.4293104e-05
4.4294283e-05
4.43002e-05
4.4311014e-05
4.4326667e-05
4.4315187e-05
4.4299513e-05
4.4288188e-05
4.4282129e-05
4.4281997e-05
4.4287915e-05
4.4299481e-05
4.4315699e-05
4.4335079e-05
4.4356351e-05
4.437815e-05
4.4399578e-05
4.4419882e-05
4.4438658e-05
4.4455663e-05
4.4470842e-05
4.4484232e-05
4.449595e-05
4.4506144e-05
4.4514981e-05
4.4522628e-05
4.4529248e-05
4.453444e-05
4.4481428e-05
4.4478514e-05
4.4475968e-05
4.4472558e-05
4.4468433e-05
4.4463392e-05
4.4457343e-05
4.4450148e-05
4.4441694e-05
4.4431865e-05
4.4420578e-05
4.4407796e-05
4.4393558e-05
4.4378018e-05
4.4361465e-05
4.43444e-05
4.4327453e-05
4.4311467e-05
4.429734e-05
4.4285992e-05
4.4278259e-05
4.4274897e-05
4.4276487e-05
4.42835e-05
4.4296127e-05
4.4314326e-05
4.4301655e-05
4.4282153e-05
4.4267567e-05
4.4259111e-05
4.4257728e-05
4.4263648e-05
4.4276433e-05
4.4294823e-05
4.431681e-05
4.4340879e-05
4.4365308e-05
4.4389108e-05
4.4411417e-05
4.4431851e-05
4.4450186e-05
4.4466422e-05
4.4480651e-05
4.4493043e-05
4.4503793e-05
4.4513112e-05
4.4521203e-05
4.452826e-05
4.4533914e-05
4.4478035e-05
4.4475596e-05
4.4473401e-05
4.4470179e-05
4.4466145e-05
4.4461093e-05
4.4454929e-05
4.4447499e-05
4.4438666e-05
4.4428283e-05
4.4416232e-05
4.4402439e-05
4.4386913e-05
4.4369789e-05
4.4351368e-05
4.4332204e-05
4.4313022e-05
4.4294837e-05
4.427871e-05
4.4265734e-05
4.4256877e-05
4.4253022e-05
4.4254833e-05
4.42629e-05
4.4277462e-05
4.4298507e-05
4.4285482e-05
4.4261742e-05
4.4243534e-05
4.423243e-05
4.4229781e-05
4.4235969e-05
4.4250544e-05
4.42719e-05
4.4297245e-05
4.432481e-05
4.4352387e-05
4.437893e-05
4.4403462e-05
4.4425661e-05
4.4445347e-05
4.4462609e-05
4.4477611e-05
4.4490594e-05
4.4501813e-05
4.4511527e-05
4.4519982e-05
4.4527405e-05
4.4533456e-05
4.4474083e-05
4.4471531e-05
4.4469334e-05
4.4466162e-05
4.4462185e-05
4.4457167e-05
4.4450995e-05
4.4443488e-05
4.4434478e-05
4.4423781e-05
4.4411228e-05
4.439669e-05
4.4380118e-05
4.4361598e-05
4.434141e-05
4.4320139e-05
4.42986e-05
4.4278021e-05
4.4259653e-05
4.4244798e-05
4.4234572e-05
4.423001e-05
4.4231847e-05
4.4240836e-05
4.4257266e-05
4.4281171e-05
4.4268557e-05
4.4239632e-05
4.421693e-05
4.4202512e-05
4.4198318e-05
4.4204934e-05
4.4221915e-05
4.42472e-05
4.4276756e-05
4.4308599e-05
4.433985e-05
4.4369485e-05
4.439641e-05
4.4420426e-05
4.4441431e-05
4.4459638e-05
4.4475304e-05
4.4488761e-05
4.450033e-05
4.4510327e-05
4.4519038e-05
4.4526727e-05
4.4533082e-05
4.4471021e-05
4.4469123e-05
4.446744e-05
4.4464609e-05
4.4460885e-05
4.4456029e-05
4.4449923e-05
4.4442363e-05
4.4433144e-05
4.442203e-05
4.4408789e-05
4.4393217e-05
4.4375193e-05
4.4354738e-05
4.4332104e-05
4.4307922e-05
4.4283114e-05
4.4259225e-05
4.4237745e-05
4.4220248e-05
4.4208007e-05
4.4202235e-05
4.4203718e-05
4.4213457e-05
4.4231815e-05
4.4258904e-05
4.4248216e-05
4.4213486e-05
4.4185687e-05
4.4167446e-05
4.4161571e-05
4.4168955e-05
4.4189276e-05
4.4219919e-05
4.425486e-05
4.4292048e-05
4.4327656e-05
4.4360829e-05
4.439035e-05
4.4416242e-05
4.443852e-05
4.4457572e-05
4.4473776e-05
4.4487572e-05
4.449936e-05
4.4509516e-05
4.4518372e-05
4.4526228e-05
4.4532794e-05
4.4467309e-05
4.4465235e-05
4.4463517e-05
4.4460748e-05
4.4457118e-05
4.4452357e-05
4.4446324e-05
4.4438789e-05
4.4429512e-05
4.4418206e-05
4.4404573e-05
4.438832e-05
4.436922e-05
4.4347183e-05
4.4322372e-05
4.4295413e-05
4.4267283e-05
4.4239945e-05
4.4215154e-05
4.419482e-05
4.4180366e-05
4.4173227e-05
4.4174177e-05
4.4184581e-05
4.4204839e-05
4.42351e-05
4.4227812e-05
4.4185765e-05
4.4151336e-05
4.4127965e-05
4.4119801e-05
4.4128126e-05
4.4152876e-05
4.4190759e-05
4.4232421e-05
4.4276131e-05
4.4316713e-05
4.4353756e-05
4.4385931e-05
4.4413618e-05
4.4437004e-05
4.4456704e-05
4.4473243e-05
4.4487187e-05
4.4499019e-05
4.4509179e-05
4.4518042e-05
4.4525939e-05
4.4532606e-05
4.4464786e-05
4.4463532e-05
4.4462493e-05
4.4460245e-05
4.4457077e-05
4.4452722e-05
4.4447037e-05
4.443976e-05
4.4430602e-05
4.4419203e-05
4.440516e-05
4.4388051e-05
4.4367494e-05
4.4343241e-05
4.431533e-05
4.4284389e-05
4.4251452e-05
4.4219162e-05
4.4189643e-05
4.4165261e-05
4.4147572e-05
4.4138271e-05
4.4137956e-05
4.4148563e-05
4.4170539e-05
4.4204129e-05
4.4202907e-05
4.4152616e-05
4.4110585e-05
4.4081059e-05
4.4070174e-05
4.4079787e-05
4.4110518e-05
4.4158478e-05
4.4208675e-05
4.4260535e-05
4.4306914e-05
4.4348287e-05
4.438322e-05
4.4412632e-05
4.4436952e-05
4.4457089e-05
4.4473747e-05
4.4487634e-05
4.4499327e-05
4.4509328e-05
4.4518055e-05
4.4525869e-05
4.4532524e-05
4.4461617e-05
4.4460152e-05
4.4459053e-05
4.4456878e-05
4.445383e-05
4.4449619e-05
4.4444079e-05
4.4436925e-05
4.4427833e-05
4.441639e-05
4.4402113e-05
4.4384458e-05
4.4362878e-05
4.4336918e-05
4.4306391e-05
4.427183e-05
4.4234122e-05
4.4196874e-05
4.4162579e-05
4.4134157e-05
4.4113193e-05
4.4101737e-05
4.4099974e-05
4.4110835e-05
4.4134742e-05
4.4171772e-05
4.4179489e-05
4.4118627e-05
4.4066238e-05
4.4027833e-05
4.4012855e-05
4.4023836e-05
4.4062573e-05
4.4124777e-05
4.4185589e-05
4.4247327e-05
4.4300045e-05
4.4345856e-05
4.4383288e-05
4.4414054e-05
4.4438899e-05
4.4459091e-05
4.4475532e-05
4.4489077e-05
4.4500391e-05
4.4510034e-05
4.4518457e-05
4.4526043e-05
4.4532557e-05
4.4459759e-05
4.4459204e-05
4.4458908e-05
4.4457429e-05
4.4455078e-05
4.445158e-05
4.4446774e-05
4.444035e-05
4.4431936e-05
4.4421025e-05
4.4406995e-05
4.4389091e-05
4.4366487e-05
4.4338373e-05
4.430419e-05
4.4264331e-05
4.421937e-05
4.4174639e-05
4.413319e-05
4.4098788e-05
4.4072951e-05
4.405824e-05
4.4053767e-05
4.4063984e-05
4.4089133e-05
4.4129028e-05
4.4150137e-05
4.407718e-05
4.4012943e-05
4.3963652e-05
4.3943527e-05
4.3955862e-05
4.4005083e-05
4.4087792e-05
4.4161846e-05
4.4235823e-05
4.4295673e-05
4.4346212e-05
4.4385986e-05
4.4417794e-05
4.4442792e-05
4.4462677e-05
4.4478576e-05
4.4491502e-05
4.4502205e-05
4.4511295e-05
4.4519248e-05
4.4526463e-05
4.453271e-05
4.4457575e-05
4.4456855e-05
4.4456528e-05
4.445516e-05
4.4452976e-05
4.4449683e-05
4.4445102e-05
4.4438905e-05
4.4430689e-05
4.4419901e-05
4.440583e-05
4.438758e-05
4.4364102e-05
4.4334249e-05
4.4296992e-05
4.4252465e-05
4.4200233e-05
4.4148241e-05
4.41e-05
4.4060257e-05
4.4029987e-05
4.4012467e-05
4.4004738e-05
4.4014371e-05
4.4041598e-05
4.4085271e-05
4.4125593e-05
4.4037488e-05
4.3956428e-05
4.3890057e-05
4.3861378e-05
4.387452e-05
4.3938069e-05
4.4051717e-05
4.414212e-05
4.4230528e-05
4.4297417e-05
4.4352014e-05
4.4393143e-05
4.4425045e-05
4.4449382e-05
4.4468306e-05
4.4483156e-05
4.4495072e-05
4.4504863e-05
4.4513163e-05
4.4520459e-05
4.4527146e-05
4.4532989e-05
4.4456323e-05
4.4456449e-05
4.4456939e-05
4.4456373e-05
4.4455083e-05
4.4452807e-05
4.4449395e-05
4.4444524e-05
4.4437775e-05
4.4428529e-05
4.4415935e-05
4.4398833e-05
4.4375732e-05
4.4344804e-05
4.4304046e-05
4.4253032e-05
4.4189288e-05
4.4125665e-05
4.4066518e-05
4.4018184e-05
4.3980767e-05
4.3959159e-05
4.3946252e-05
4.3954373e-05
4.3982859e-05
4.4027842e-05
4.4082961e-05
4.3987153e-05
4.3886924e-05
4.3799798e-05
4.3760747e-05
4.377308e-05
4.3854161e-05
4.4013997e-05
4.4123775e-05
4.4229369e-05
4.4303579e-05
4.4361957e-05
4.4403833e-05
4.4435168e-05
4.4458246e-05
4.4475702e-05
4.4489092e-05
4.4499672e-05
4.4508293e-05
4.4515599e-05
4.4522068e-05
4.4528082e-05
4.4533393e-05
4.4456415e-05
4.4456562e-05
4.4457159e-05
4.4456824e-05
4.4455826e-05
4.4453897e-05
4.4450875e-05
4.4446424e-05
4.4440101e-05
4.4431238e-05
4.4418897e-05
4.4401758e-05
4.4378049e-05
4.4345472e-05
4.4301129e-05
4.4244246e-05
4.4168033e-05
4.4093194e-05
4.4024462e-05
4.3970078e-05
4.3927648e-05
4.3904223e-05
4.3883949e-05
4.3889204e-05
4.3919997e-05
4.3969474e-05
4.4031832e-05
4.3947319e-05
4.3820194e-05
4.3697017e-05
4.3637476e-05
4.3645058e-05
4.3750509e-05
4.3985409e-05
4.4118933e-05
4.4242677e-05
4.4321905e-05
4.4381199e-05
4.4421311e-05
4.445009e-05
4.4470483e-05
4.4485461e-05
4.4496697e-05
4.4505458e-05
4.4512569e-05
4.4518633e-05
4.4524087e-05
4.4529275e-05
4.4533922e-05
4.4458462e-05
4.4459169e-05
4.446043e-05
4.4460863e-05
4.4460823e-05
4.4460092e-05
4.4458572e-05
4.4455999e-05
4.4451998e-05
4.4445957e-05
4.4436938e-05
4.4423478e-05
4.4403371e-05
4.437334e-05
4.4328289e-05
4.4265866e-05
4.4169993e-05
4.4076382e-05
4.3991213e-05
4.3925348e-05
4.3872332e-05
4.3845285e-05
4.381424e-05
4.3817891e-05
4.3855618e-05
4.3906045e-05
4.3953519e-05
4.3896144e-05
4.373564e-05
4.3569632e-05
4.349003e-05
4.3485739e-05
4.3614526e-05
4.3963066e-05
4.4120401e-05
4.4262708e-05
4.4346113e-05
4.4405054e-05
4.4442445e-05
4.4467781e-05
4.4484826e-05
4.4496802e-05
4.4505495e-05
4.4512139e-05
4.4517515e-05
4.4522161e-05
4.4526457e-05
4.4530697e-05
4.4534568e-05
4.4475218e-05
4.447631e-05
4.4477998e-05
4.4478944e-05
4.4479512e-05
4.4479498e-05
4.4478815e-05
4.4477201e-05
4.4474276e-05
4.446939e-05
4.4461515e-05
4.4448991e-05
4.4429218e-05
4.4398272e-05
4.4349289e-05
4.4280475e-05
4.4159493e-05
4.4047219e-05
4.3948921e-05
4.3879334e-05
4.3823702e-05
4.380524e-05
4.3758052e-05
4.3753965e-05
4.3793528e-05
4.3847057e-05
4.3890676e-05
4.3893292e-05
4.3697479e-05
4.3452707e-05
4.3316788e-05
4.3277583e-05
4.3434237e-05
4.3976975e-05
4.4164485e-05
4.4315571e-05
4.4394121e-05
4.444419e-05
4.4473309e-05
4.4491496e-05
4.4502946e-05
4.451054e-05
4.4515853e-05
4.4519864e-05
4.4523178e-05
4.4526187e-05
4.4529168e-05
4.4532337e-05
4.4535322e-05
4.4507642e-05
4.4508837e-05
4.4510897e-05
4.4512444e-05
4.4513871e-05
4.4515029e-05
4.4515928e-05
4.4516446e-05
4.45164e-05
4.4515418e-05
4.4512833e-05
4.4507418e-05
4.449689e-05
4.4477305e-05
4.4438516e-05
4.4375957e-05
4.4218384e-05
4.4074034e-05
4.3953652e-05
4.3873788e-05
4.3803753e-05
4.3785647e-05
4.3709663e-05
4.3700193e-05
4.3778323e-05
4.3858763e-05
4.3841281e-05
4.3866496e-05
4.3642382e-05
4.3298871e-05
4.3146028e-05
4.3070081e-05
4.3219302e-05
4.4027419e-05
4.4218194e-05
4.4368668e-05
4.4443565e-05
4.4484123e-05
4.4505353e-05
4.4516252e-05
4.4522007e-05
4.4525055e-05
4.4526846e-05
4.4528099e-05
4.4529246e-05
4.4530531e-05
4.453212e-05
4.4534143e-05
4.4536167e-05
4.4556122e-05
4.4558068e-05
4.4560885e-05
4.4563247e-05
4.4565656e-05
4.4568012e-05
4.4570384e-05
4.4572715e-05
4.4574893e-05
4.4576606e-05
4.4577199e-05
4.4575326e-05
4.4568096e-05
4.4550586e-05
4.4507687e-05
4.4439182e-05
4.4216067e-05
4.4033343e-05
4.3890435e-05
4.3810932e-05
4.3734692e-05
4.3772102e-05
3.5423407e-05
3.5319366e-05
3.5249751e-05
3.5166594e-05
3.4926847e-05
3.483361e-05
3.4771496e-05
3.4969779e-05
3.524741e-05
3.5743387e-05
4.2975639e-05
4.4228438e-05
4.4417233e-05
4.4501796e-05
4.4539176e-05
4.454826e-05
4.4550022e-05
4.4547606e-05
4.4544558e-05
4.454148e-05
4.4538932e-05
4.4537e-05
4.4535749e-05
4.4535175e-05
4.4535284e-05
4.4536091e-05
4.4537087e-05
4.4651004e-05
4.4652099e-05
4.4654596e-05
4.4656946e-05
4.4659585e-05
4.4662452e-05
4.4665692e-05
4.4669392e-05
4.4673676e-05
4.4678633e-05
4.4684293e-05
4.4690569e-05
4.4696605e-05
4.4702904e-05
4.4698413e-05
4.4690195e-05
3.6027248e-05
3.6061245e-05
3.6036801e-05
3.6209856e-05
3.6736997e-05
3.9777118e-05
4.805294e-05
4.9995665e-05
4.9995665e-05
4.9995665e-05
4.9995665e-05
4.9995665e-05
4.9981394e-05
4.9482815e-05
4.9229246e-05
4.9055632e-05
3.4930169e-05
4.4626182e-05
4.4501878e-05
4.4560013e-05
4.4607876e-05
4.459805e-05
4.4588261e-05
4.4575752e-05
4.4565582e-05
4.455718e-05
4.45507e-05
4.4545793e-05
4.4542252e-05
4.4539873e-05
4.4538521e-05
4.4538109e-05
4.4538054e-05
4.6098603e-05
4.6106516e-05
4.611734e-05
4.6128442e-05
4.614095e-05
4.615508e-05
4.617158e-05
4.6191289e-05
4.6215451e-05
4.6245828e-05
4.6285078e-05
4.6337351e-05
4.6409297e-05
4.6513082e-05
4.66651e-05
3.571668e-05
4.851145e-05
4.9995665e-05
4.9995665e-05
4.9995665e-05
4.9995665e-05
4.9995665e-05
4.9995665e-05
4.9995665e-05
4.9995665e-05
4.9995665e-05
4.9995665e-05
4.9995665e-05
4.9995665e-05
4.9995665e-05
4.9995665e-05
4.9995665e-05
4.7255652e-05
3.0984526e-05
4.5063929e-05
4.4849436e-05
4.4746378e-05
4.4680656e-05
4.4638372e-05
4.4608881e-05
4.4588456e-05
4.4573575e-05
4.4562691e-05
4.455465e-05
4.4548777e-05
4.4544594e-05
4.4541792e-05
4.4540164e-05
4.4539049e-05
4.4668402e-05
4.4669516e-05
4.4672033e-05
4.4674432e-05
4.4677138e-05
4.4680099e-05
4.4683459e-05
4.4687312e-05
4.4691788e-05
4.4696982e-05
4.470294e-05
4.4709595e-05
4.4716126e-05
4.4723136e-05
4.4719832e-05
4.471363e-05
3.6057904e-05
3.6092151e-05
3.606967e-05
3.6241871e-05
3.6772308e-05
3.9805555e-05
4.8059822e-05
4.9995665e-05
4.9995665e-05
4.9995665e-05
4.9995665e-05
4.9995665e-05
4.997889e-05
4.9485472e-05
4.9234341e-05
4.9066928e-05
3.491459e-05
4.4502674e-05
4.4962237e-05
4.4812314e-05
4.4726044e-05
4.4673881e-05
4.4636337e-05
4.460968e-05
4.45903e-05
4.457587e-05
4.4565017e-05
4.4556825e-05
4.4550683e-05
4.454617e-05
4.4542999e-05
4.454098e-05
4.453946e-05
4.4572767e-05
4.4574764e-05
4.4577632e-05
4.458007e-05
4.4582575e-05
4.4585052e-05
4.4587573e-05
4.4590086e-05
4.4592484e-05
4.4594462e-05
4.4595374e-05
4.4593882e-05
4.4587106e-05
4.4570128e-05
4.4527823e-05
4.4460255e-05
4.4235971e-05
4.4052829e-05
4.3909745e-05
4.38292e-05
4.3752655e-05
4.3788489e-05
3.5444709e-05
3.5338471e-05
3.5267102e-05
3.5181817e-05
3.494284e-05
3.4847429e-05
3.4782714e-05
3.4980342e-05
3.5260054e-05
3.5727923e-05
4.2876241e-05
4.4076956e-05
4.4557769e-05
4.4609424e-05
4.4624463e-05
4.4611276e-05
4.4596726e-05
4.4583266e-05
4.4572088e-05
4.4563119e-05
4.4556003e-05
4.4550457e-05
4.4546215e-05
4.4543097e-05
4.454097e-05
4.4539756e-05
4.4538881e-05
4.4521075e-05
4.4522337e-05
4.4524472e-05
4.4526119e-05
4.452767e-05
4.4528981e-05
4.4530064e-05
4.4530804e-05
4.4531026e-05
4.4530368e-05
4.4528176e-05
4.4523238e-05
4.4513289e-05
4.4494401e-05
4.445638e-05
4.4394694e-05
4.4236573e-05
4.4092267e-05
4.3972244e-05
4.3892557e-05
4.3823162e-05
4.3805404e-05
4.3729843e-05
4.3721295e-05
4.3799046e-05
4.3879678e-05
4.3864042e-05
4.3879189e-05
4.3640794e-05
4.3291071e-05
4.3125536e-05
4.3030788e-05
4.3120052e-05
4.3952484e-05
4.4343098e-05
4.4464896e-05
4.4524157e-05
4.4543964e-05
4.4550813e-05
4.455116e-05
4.4549196e-05
4.4546479e-05
4.454378e-05
4.4541441e-05
4.4539609e-05
4.4538354e-05
4.4537716e-05
4.4537736e-05
4.4537917e-05
4.4479519e-05
4.4480673e-05
4.4482429e-05
4.4483465e-05
4.4484141e-05
4.4484258e-05
4.4483729e-05
4.4482298e-05
4.4479588e-05
4.4474953e-05
4.446737e-05
4.4455185e-05
4.4435801e-05
4.4405295e-05
4.4356771e-05
4.4288499e-05
4.4167409e-05
4.405524e-05
4.3957078e-05
4.3887488e-05
4.383206e-05
4.3813549e-05
4.3766358e-05
4.3762803e-05
4.3802845e-05
4.3857642e-05
4.3903556e-05
4.3886029e-05
4.3686929e-05
4.3437952e-05
4.3294307e-05
4.3243696e-05
4.3367538e-05
4.3921225e-05
4.4218933e-05
4.436834e-05
4.4450375e-05
4.4490905e-05
4.4512273e-05
4.4522933e-05
4.4528314e-05
4.4530915e-05
4.4532153e-05
4.4532784e-05
4.453324e-05
4.4533786e-05
4.4534596e-05
4.4535812e-05
4.4537007e-05
4.4458321e-05
4.4459087e-05
4.4460414e-05
4.4460935e-05
4.4461e-05
4.4460395e-05
4.4459023e-05
4.4456621e-05
4.4452818e-05
4.4447004e-05
4.4438243e-05
4.442507e-05
4.4405274e-05
4.4375561e-05
4.4330791e-05
4.4268609e-05
4.4172564e-05
4.4078899e-05
4.3993697e-05
4.3927769e-05
4.3874842e-05
4.3847829e-05
4.3816913e-05
4.3820895e-05
4.3858862e-05
4.3910131e-05
4.3959315e-05
4.388069e-05
4.3716451e-05
4.3545758e-05
4.3459697e-05
4.3449344e-05
4.356693e-05
4.3935473e-05
4.4161289e-05
4.4305702e-05
4.4393617e-05
4.4445822e-05
4.4477471e-05
4.4496605e-05
4.4508483e-05
4.4516015e-05
4.4520992e-05
4.4524482e-05
4.4527155e-05
4.4529446e-05
4.4531656e-05
4.4534018e-05
4.4536172e-05
4.4454033e-05
4.4454245e-05
4.4454913e-05
4.4454668e-05
4.4453773e-05
4.4451967e-05
4.4449085e-05
4.4444797e-05
4.4438657e-05
4.4430002e-05
4.4417894e-05
4.4401011e-05
4.4377577e-05
4.4345284e-05
4.430121e-05
4.4244572e-05
4.4168378e-05
4.4093589e-05
4.4024891e-05
4.397053e-05
4.3928225e-05
4.3904948e-05
4.3885009e-05
4.3890923e-05
4.3922598e-05
4.397352e-05
4.4038e-05
4.3932399e-05
4.3802525e-05
4.3676145e-05
4.3612585e-05
4.3616691e-05
4.3717042e-05
4.3965423e-05
4.4139392e-05
4.4269565e-05
4.4355923e-05
4.4412996e-05
4.4450413e-05
4.4475093e-05
4.449166e-05
4.4503025e-05
4.4511074e-05
4.4517016e-05
4.4521649e-05
4.4525514e-05
4.4529002e-05
4.453241e-05
4.4535431e-05
4.4452814e-05
4.4453003e-05
4.4453562e-05
4.4453085e-05
4.4451896e-05
4.444974e-05
4.4446464e-05
4.4441749e-05
4.4435173e-05
4.4426117e-05
4.4413731e-05
4.439685e-05
4.4373975e-05
4.4343265e-05
4.4302697e-05
4.4251835e-05
4.4188111e-05
4.4124528e-05
4.4065422e-05
4.4017142e-05
4.397986e-05
4.3958432e-05
4.394584e-05
4.3954488e-05
4.3983727e-05
4.4029963e-05
4.4077663e-05
4.3970446e-05
4.3868049e-05
4.3778748e-05
4.3737727e-05
4.3749661e-05
4.3831418e-05
4.4003422e-05
4.4138884e-05
4.4250847e-05
4.4331117e-05
4.4388645e-05
4.44289e-05
4.4457204e-05
4.4477253e-05
4.4491689e-05
4.4502319e-05
4.4510386e-05
4.4516752e-05
4.4522028e-05
4.4526664e-05
4.453101e-05
4.4534798e-05
4.4453419e-05
4.4452775e-05
4.4452526e-05
4.4451253e-05
4.4449177e-05
4.4446009e-05
4.4441568e-05
4.4435528e-05
4.4427489e-05
4.4416895e-05
4.4403037e-05
4.4385015e-05
4.4361775e-05
4.4332162e-05
4.4295134e-05
4.4250814e-05
4.4198715e-05
4.4146868e-05
4.409878e-05
4.4059226e-05
4.4029235e-05
4.4012089e-05
4.4004912e-05
4.4015338e-05
4.4043619e-05
4.4088754e-05
4.4112638e-05
4.4022922e-05
4.3940187e-05
4.3872226e-05
4.3842311e-05
4.3855557e-05
4.3920735e-05
4.4043297e-05
4.4150256e-05
4.4245033e-05
4.4317659e-05
4.4372966e-05
4.4413723e-05
4.4443785e-05
4.4465972e-05
4.4482537e-05
4.4495099e-05
4.4504845e-05
4.4512632e-05
4.4519092e-05
4.4524705e-05
4.4529851e-05
4.4534284e-05
4.4454894e-05
4.4454409e-05
4.4454189e-05
4.4452802e-05
4.4450556e-05
4.4447177e-05
4.4442505e-05
4.443623e-05
4.4427979e-05
4.4417246e-05
4.4403406e-05
4.4385702e-05
4.4363303e-05
4.4335392e-05
4.4301401e-05
4.4261718e-05
4.4216896e-05
4.4172317e-05
4.4131037e-05
4.4096843e-05
4.4071292e-05
4.405696e-05
4.4053019e-05
4.4063983e-05
4.409015e-05
4.4131461e-05
4.413679e-05
4.4062693e-05
4.3997427e-05
4.3947405e-05
4.3927161e-05
4.3940709e-05
4.3992708e-05
4.4082654e-05
4.4167897e-05
4.4247317e-05
4.4311823e-05
4.4363471e-05
4.440331e-05
4.4433914e-05
4.4457308e-05
4.4475306e-05
4.4489293e-05
4.4500346e-05
4.4509277e-05
4.4516712e-05
4.4523135e-05
4.4528939e-05
4.4533892e-05
4.4456299e-05
4.4454918e-05
4.4453905e-05
4.4451831e-05
4.4448894e-05
4.4444809e-05
4.4439408e-05
4.4432408e-05
4.4423487e-05
4.4412229e-05
4.439815e-05
4.4380707e-05
4.4359348e-05
4.4333612e-05
4.4303307e-05
4.4268963e-05
4.423146e-05
4.4194434e-05
4.4160388e-05
4.4132269e-05
4.4111692e-05
4.410073e-05
4.4099613e-05
4.4111315e-05
4.4136295e-05
4.41747e-05
4.4167351e-05
4.410557e-05
4.4052404e-05
4.4013544e-05
4.3998712e-05
4.4010972e-05
4.4052389e-05
4.4120189e-05
4.4188884e-05
4.4255393e-05
4.4312145e-05
4.435948e-05
4.4397434e-05
4.4427599e-05
4.4451362e-05
4.4470121e-05
4.4485014e-05
4.4496978e-05
4.4506754e-05
4.451493e-05
4.4521978e-05
4.4528287e-05
4.4533626e-05
4.4458885e-05
4.4457707e-05
4.4456749e-05
4.4454598e-05
4.4451536e-05
4.4447301e-05
4.4441748e-05
4.4434617e-05
4.4425618e-05
4.4414389e-05
4.4400528e-05
4.4383611e-05
4.4363254e-05
4.4339206e-05
4.4311502e-05
4.428077e-05
4.4248043e-05
4.4215985e-05
4.418673e-05
4.4162667e-05
4.4145377e-05
4.4136581e-05
4.4136919e-05
4.4148368e-05
4.417142e-05
4.4206378e-05
4.4191106e-05
4.4140282e-05
4.4097918e-05
4.4068418e-05
4.4058146e-05
4.4069308e-05
4.4102698e-05
4.415514e-05
4.4211053e-05
4.4266851e-05
4.4316508e-05
4.4359392e-05
4.4394972e-05
4.4424103e-05
4.4447669e-05
4.44667e-05
4.4482096e-05
4.4494649e-05
4.4505009e-05
4.4513718e-05
4.4521218e-05
4.4527886e-05
4.4533482e-05
4.4461021e-05
4.4459038e-05
4.4457411e-05
4.4454747e-05
4.4451229e-05
4.4446593e-05
4.4440699e-05
4.4433314e-05
4.44242e-05
4.4413071e-05
4.4399626e-05
4.4383574e-05
4.4364683e-05
4.4342865e-05
4.4318279e-05
4.4291554e-05
4.4263669e-05
4.4236601e-05
4.4212118e-05
4.419215e-05
4.417814e-05
4.4171545e-05
4.4173169e-05
4.4184407e-05
4.4205686e-05
4.4237192e-05
4.421681e-05
4.4174378e-05
4.4139775e-05
4.4116578e-05
4.4109121e-05
4.4118931e-05
4.4146063e-05
4.4187552e-05
4.4233558e-05
4.4280607e-05
4.4323978e-05
4.4362547e-05
4.4395498e-05
4.4423178e-05
4.4446098e-05
4.446498e-05
4.4480516e-05
4.4493351e-05
4.4504045e-05
4.4513078e-05
4.4520858e-05
4.4527736e-05
4.4533458e-05
4.4464263e-05
4.4462447e-05
4.4460849e-05
4.4458118e-05
4.4454503e-05
4.4449767e-05
4.4443792e-05
4.4436375e-05
4.4427311e-05
4.4416362e-05
4.4403299e-05
4.4387916e-05
4.4370091e-05
4.4349846e-05
4.4327433e-05
4.4303484e-05
4.4278928e-05
4.425532e-05
4.4234162e-05
4.4217046e-05
4.4205265e-05
4.4200054e-05
4.4202224e-05
4.4212804e-05
4.4232181e-05
4.4260492e-05
4.4237851e-05
4.4202987e-05
4.4175262e-05
4.4157416e-05
4.415239e-05
4.4161233e-05
4.4183688e-05
4.4217257e-05
4.4255543e-05
4.4295479e-05
4.4333382e-05
4.4367944e-05
4.4398232e-05
4.4424253e-05
4.4446244e-05
4.4464684e-05
4.4480084e-05
4.4492959e-05
4.4503776e-05
4.4512955e-05
4.452086e-05
4.4527815e-05
4.4533545e-05
4.4467e-05
4.4464544e-05
4.4462442e-05
4.4459376e-05
4.4455513e-05
4.4450619e-05
4.4444581e-05
4.443722e-05
4.4428368e-05
4.4417839e-05
4.4405467e-05
4.439112e-05
4.4374752e-05
4.4356447e-05
4.4336487e-05
4.4315461e-05
4.4294187e-05
4.4273905e-05
4.4255874e-05
4.4241413e-05
4.4231652e-05
4.4227644e-05
4.4230143e-05
4.4239923e-05
4.4257289e-05
4.428229e-05
4.42588e-05
4.4229848e-05
4.4207324e-05
4.4193377e-05
4.4190047e-05
4.4198022e-05
4.4216886e-05
4.4244596e-05
4.4276836e-05
4.4310999e-05
4.4344203e-05
4.4375123e-05
4.4402813e-05
4.4427065e-05
4.444793e-05
4.4465697e-05
4.4480731e-05
4.449343e-05
4.4504179e-05
4.4513334e-05
4.4521218e-05
4.4528118e-05
4.4533738e-05
4.4470578e-05
4.4468225e-05
4.446612e-05
4.4463e-05
4.4459076e-05
4.4454143e-05
4.4448109e-05
4.4440819e-05
4.4432137e-05
4.4421917e-05
4.441004e-05
4.4396432e-05
4.4381105e-05
4.4364193e-05
4.4346e-05
4.4327082e-05
4.4308172e-05
4.4290292e-05
4.4274515e-05
4.4261945e-05
4.4253565e-05
4.4250274e-05
4.4252753e-05
4.4261604e-05
4.4277081e-05
4.4299176e-05
4.4276431e-05
4.4252811e-05
4.4234904e-05
4.4224352e-05
4.4222575e-05
4.4230018e-05
4.4246237e-05
4.42696e-05
4.4297104e-05
4.4326592e-05
4.4355799e-05
4.4383474e-05
4.4408713e-05
4.4431187e-05
4.445082e-05
4.4467763e-05
4.4482263e-05
4.4494621e-05
4.4505147e-05
4.451414e-05
4.4521878e-05
4.4528614e-05
4.4534025e-05
4.4473702e-05
4.4470886e-05
4.4468439e-05
4.4465135e-05
4.4461124e-05
4.4456205e-05
4.4450287e-05
4.4443232e-05
4.4434929e-05
4.4425262e-05
4.4414148e-05
4.440155e-05
4.438751e-05
4.4372181e-05
4.4355855e-05
4.4339037e-05
4.4322363e-05
4.4306681e-05
4.42929e-05
4.4281949e-05
4.4274677e-05
4.4271852e-05
4.4274068e-05
4.4281808e-05
4.429527e-05
4.4314416e-05
4.4293137e-05
4.4273831e-05
4.4259611e-05
4.4251739e-05
4.4251209e-05
4.4258284e-05
4.4272521e-05
4.4292612e-05
4.4316391e-05
4.4342089e-05
4.4367909e-05
4.4392719e-05
4.4415684e-05
4.4436418e-05
4.4454765e-05
4.4470778e-05
4.4484612e-05
4.4496492e-05
4.450666e-05
4.4515363e-05
4.4522838e-05
4.4529301e-05
4.4534403e-05
4.4477363e-05
4.4474592e-05
4.4472126e-05
4.4468795e-05
4.4464775e-05
4.4459889e-05
4.4454063e-05
4.444718e-05
4.4439149e-05
4.4429883e-05
4.4419328e-05
4.4407478e-05
4.4394398e-05
4.4380256e-05
4.4365334e-05
4.4350092e-05
4.4335087e-05
4.4321037e-05
4.4308718e-05
4.4298918e-05
4.429237e-05
4.4289735e-05
4.4291531e-05
4.4298154e-05
4.4309767e-05
4.4325911e-05
4.4307351e-05
4.4291954e-05
4.428105e-05
4.4275594e-05
4.4276278e-05
4.4283244e-05
4.4296075e-05
4.4313727e-05
4.4334591e-05
4.4357226e-05
4.4380193e-05
4.4402496e-05
4.4423383e-05
4.4442451e-05
4.4459501e-05
4.4474519e-05
4.4487595e-05
4.4498889e-05
4.4508593e-05
4.4516907e-05
4.4524026e-05
4.4530136e-05
4.4534856e-05
4.4480634e-05
4.4477551e-05
4.4474881e-05
4.4471486e-05
4.4467496e-05
4.4462738e-05
4.4457137e-05
4.4450587e-05
4.444301e-05
4.4434335e-05
4.4424524e-05
4.4413584e-05
4.4401589e-05
4.43887e-05
4.4375175e-05
4.4361423e-05
4.4347923e-05
4.4335283e-05
4.4324167e-05
4.4315247e-05
4.4309155e-05
4.4306462e-05
4.4307623e-05
4.4312971e-05
4.432265e-05
4.4335554e-05
4.4320335e-05
4.4308236e-05
4.4300133e-05
4.4296739e-05
4.4298526e-05
4.4305539e-05
4.4317387e-05
4.4333219e-05
4.4351802e-05
4.437196e-05
4.439253e-05
4.4412649e-05
4.4431653e-05
4.4449148e-05
4.4464918e-05
4.4478908e-05
4.4491162e-05
4.4501791e-05
4.4510943e-05
4.451878e-05
4.452546e-05
4.4531133e-05
4.4535388e-05
4.4484166e-05
4.4481083e-05
4.4478404e-05
4.4475023e-05
4.4471087e-05
4.446644e-05
4.4461016e-05
4.4454725e-05
4.4447501e-05
4.4439289e-05
4.4430063e-05
4.4419844e-05
4.4408707e-05
4.4396806e-05
4.4384376e-05
4.437178e-05
4.4359432e-05
4.4347849e-05
4.4337601e-05
4.4329265e-05
4.432339e-05
4.4320472e-05
4.4320914e-05
4.4325006e-05
4.433288e-05
4.4343303e-05
4.4331352e-05
4.4322283e-05
4.4316759e-05
4.4315302e-05
4.4318214e-05
4.4325471e-05
4.4336709e-05
4.4351223e-05
4.4368045e-05
4.438621e-05
4.4404773e-05
4.4422994e-05
4.4440298e-05
4.4456315e-05
4.4470834e-05
4.4483777e-05
4.4495157e-05
4.4505054e-05
4.4513581e-05
4.4520868e-05
4.4527044e-05
4.4532229e-05
4.4535982e-05
4.4487335e-05
4.4484039e-05
4.4481274e-05
4.4477919e-05
4.44741e-05
4.4469659e-05
4.446453e-05
4.4458625e-05
4.4451887e-05
4.4444263e-05
4.4435733e-05
4.4426316e-05
4.4416082e-05
4.4405167e-05
4.4393773e-05
4.4382219e-05
4.4370855e-05
4.4360123e-05
4.4350513e-05
4.4342521e-05
4.4336627e-05
4.4333271e-05
4.4332816e-05
4.4335529e-05
4.4341544e-05
4.4350093e-05
4.4341019e-05
4.4334626e-05
4.4331409e-05
4.4331727e-05
4.4335753e-05
4.4343398e-05
4.4354314e-05
4.4367901e-05
4.4383376e-05
4.4399943e-05
4.4416828e-05
4.4433404e-05
4.4449176e-05
4.4463817e-05
4.4477129e-05
4.4489028e-05
4.4499512e-05
4.4508637e-05
4.4516492e-05
4.4523182e-05
4.4528808e-05
4.4533455e-05
4.453666e-05
4.4490573e-05
4.4487222e-05
4.4484482e-05
4.4481195e-05
4.44775e-05
4.4473248e-05
4.4468376e-05
4.4462806e-05
4.4456485e-05
4.4449366e-05
4.4441431e-05
4.4432696e-05
4.4423222e-05
4.4413125e-05
4.4402579e-05
4.4391856e-05
4.4381253e-05
4.4371144e-05
4.4361952e-05
4.4354105e-05
4.4348027e-05
4.4344111e-05
4.4342692e-05
4.4344022e-05
4.4348247e-05
4.4355169e-05
4.4349083e-05
4.4345204e-05
4.4344182e-05
4.434624e-05
4.4351439e-05
4.4359638e-05
4.4370495e-05
4.4383487e-05
4.4397963e-05
4.4413261e-05
4.4428746e-05
4.444389e-05
4.4458279e-05
4.4471631e-05
4.4483771e-05
4.4494622e-05
4.4504179e-05
4.4512483e-05
4.4519608e-05
4.4525642e-05
4.4530664e-05
4.4534737e-05
4.453741e-05
4.4493481e-05
4.4489915e-05
4.4487188e-05
4.4484005e-05
4.4480493e-05
4.4476502e-05
4.4471968e-05
4.4466814e-05
4.4460987e-05
4.445444e-05
4.4447149e-05
4.4439122e-05
4.4430402e-05
4.4421082e-05
4.4411301e-05
4.4401291e-05
4.4391292e-05
4.4381623e-05
4.4372648e-05
4.436474e-05
4.4358277e-05
4.435362e-05
4.4351085e-05
4.4350928e-05
4.4353314e-05
4.4358307e-05
4.4355615e-05
4.4354073e-05
4.4355128e-05
4.4358885e-05
4.4365307e-05
4.4374198e-05
4.4385213e-05
4.4397878e-05
4.4411638e-05
4.4425936e-05
4.4440249e-05
4.4454142e-05
4.4467276e-05
4.4479419e-05
4.4490429e-05
4.4500246e-05
4.4508868e-05
4.4516336e-05
4.4522714e-05
4.4528082e-05
4.4532509e-05
4.4536038e-05
4.4538285e-05
4.4500222e-05
4.4496416e-05
4.4493646e-05
4.4490479e-05
4.4487037e-05
4.4483182e-05
4.4478845e-05
4.4473955e-05
4.4468458e-05
4.4462302e-05
4.4455458e-05
4.4447919e-05
4.4439713e-05
4.4430906e-05
4.4421603e-05
4.4411993e-05
4.4402273e-05
4.4392707e-05
4.4383612e-05
4.4375319e-05
4.4368171e-05
4.4362507e-05
4.435864e-05
4.4356836e-05
4.4357293e-05
4.4360126e-05
4.4361059e-05
4.4361765e-05
4.4364862e-05
4.4370341e-05
4.4378075e-05
4.438781e-05
4.4399186e-05
4.4411758e-05
4.442504e-05
4.4438561e-05
4.445189e-05
4.4464678e-05
4.4476656e-05
4.4487648e-05
4.4497551e-05
4.4506327e-05
4.4513986e-05
4.4520573e-05
4.452615e-05
4.4530789e-05
4.4534551e-05
4.4536994e-05
4.4538157e-05
4.4613154e-05
4.4607781e-05
4.460285e-05
4.4597641e-05
4.4592152e-05
4.4586323e-05
4.458007e-05
4.4573332e-05
4.4566048e-05
4.4558162e-05
4.4549633e-05
4.4540439e-05
4.4530585e-05
4.4520106e-05
4.4509073e-05
4.449763e-05
4.4485926e-05
4.4474179e-05
4.4462659e-05
4.4451658e-05
4.4441493e-05
4.4432488e-05
4.4424957e-05
4.4419188e-05
4.4415417e-05
4.4413819e-05
4.4413819e-05
4.4414482e-05
4.4417404e-05
4.4422472e-05
4.4429459e-05
4.443804e-05
4.4447816e-05
4.4458346e-05
4.4469186e-05
4.4479925e-05
4.4490215e-05
4.449978e-05
4.4508427e-05
4.4516037e-05
4.4522554e-05
4.4527973e-05
4.4532327e-05
4.4535671e-05
4.4538078e-05
4.4539624e-05
4.4540391e-05
4.4540007e-05
4.453827e-05
4.4185096e-05
3.9464613e-05
3.7685213e-05
3.6729336e-05
3.6265769e-05
3.6027248e-05
3.5927538e-05
3.5871059e-05
3.5846976e-05
3.5807785e-05
4.1896307e-05
3.7668041e-05
3.6475634e-05
3.6036801e-05
3.5960918e-05
3.5918718e-05
3.5938233e-05
3.5924486e-05
3.5925267e-05
3.5879198e-05
4.1612483e-05
3.7489506e-05
3.6385917e-05
3.5984592e-05
3.5928868e-05
3.5890634e-05
3.5913856e-05
3.5900229e-05
3.5902539e-05
3.5858704e-05
4.1342317e-05
3.7315174e-05
3.6290879e-05
3.5920764e-05
3.5881996e-05
3.5846523e-05
3.5872953e-05
3.5858945e-05
3.5860904e-05
3.5813248e-05
4.10892e-05
3.7158191e-05
3.6209856e-05
3.586836e-05
3.5845468e-05
3.5812626e-05
3.5842806e-05
3.5829748e-05
3.5834419e-05
3.5792602e-05
4.0845385e-05
3.7004975e-05
3.6126499e-05
3.5809484e-05
3.580044e-05
3.5769382e-05
3.5802509e-05
3.5788698e-05
3.5792289e-05
3.5741283e-05
4.0616375e-05
3.6868182e-05
3.6058328e-05
3.5764832e-05
3.5769775e-05
3.5741447e-05
3.5779281e-05
3.5768054e-05
3.5776708e-05
3.5737447e-05
4.0397917e-05
3.6736997e-05
3.5989706e-05
3.5714519e-05
3.5729426e-05
3.5700367e-05
3.5739185e-05
3.5726222e-05
3.5734215e-05
3.5690727e-05
3.7634722e-05
3.5228132e-05
3.5199289e-05
3.5056836e-05
3.5181357e-05
3.5166904e-05
3.5244255e-05
3.5264371e-05
3.5294508e-05
3.5300875e-05
3.998037e-05
3.6491777e-05
3.5862719e-05
3.5620734e-05
3.5656173e-05
3.5628612e-05
3.5672951e-05
3.5661186e-05
3.5671501e-05
3.5630953e-05
3.9777118e-05
3.6367554e-05
3.5790219e-05
3.5559468e-05
3.5602029e-05
3.5573413e-05
3.5619048e-05
3.5606657e-05
3.5616446e-05
3.5573077e-05
3.9578539e-05
3.6253866e-05
3.5730887e-05
3.5513902e-05
3.5566614e-05
3.5540161e-05
3.5590354e-05
3.5581114e-05
3.5594614e-05
3.5557122e-05
3.9388811e-05
3.6149763e-05
3.5679924e-05
3.5474312e-05
3.5534778e-05
3.5507869e-05
3.5559564e-05
3.5550283e-05
3.5564363e-05
3.5530125e-05
3.9201692e-05
3.6043572e-05
3.5622167e-05
3.5424653e-05
3.5490837e-05
3.5462079e-05
3.5513558e-05
3.5501862e-05
3.5511293e-05
3.5462472e-05
3.9014569e-05
3.5937784e-05
3.5564187e-05
3.5375702e-05
3.5450088e-05
3.5423407e-05
3.5480041e-05
3.5474298e-05
3.5491773e-05
3.5463426e-05
3.8832945e-05
3.5841094e-05
3.5516127e-05
3.5336272e-05
3.5417999e-05
3.5391747e-05
3.545044e-05
3.5445761e-05
3.5463231e-05
3.5437118e-05
3.8654849e-05
3.5745861e-05
3.5466722e-05
3.5293161e-05
3.5380535e-05
3.5353411e-05
3.5412437e-05
3.540656e-05
3.5419515e-05
3.5380887e-05
3.8477294e-05
3.5650624e-05
3.54161e-05
3.5249265e-05
3.5344075e-05
3.5319366e-05
3.5383341e-05
3.5383974e-05
3.540487e-05
3.5386756e-05
3.8304619e-05
3.5563325e-05
3.5373816e-05
3.5213531e-05
3.5315081e-05
3.5291608e-05
3.5357832e-05
3.5360647e-05
3.5382029e-05
3.536516e-05
3.8135987e-05
3.5478735e-05
3.5331747e-05
3.5176164e-05
3.528293e-05
3.5259669e-05
3.5326522e-05
3.5329727e-05
3.5347886e-05
3.5321242e-05
3.7968752e-05
3.539454e-05
3.5288167e-05
3.5137094e-05
3.5249751e-05
3.5228735e-05
3.5299005e-05
3.5307832e-05
3.5331129e-05
3.5321669e-05
3.780362e-05
3.5313543e-05
3.5246502e-05
3.5099103e-05
3.5216725e-05
3.5197347e-05
3.5269636e-05
3.5282161e-05
3.5306602e-05
3.5300603e-05
4.0181748e-05
3.6604301e-05
3.5915607e-05
3.5657427e-05
3.5683146e-05
3.5655544e-05
3.5697785e-05
3.5685685e-05
3.5694284e-05
3.5648273e-05
4.3320942e-05
3.8608959e-05
3.6981177e-05
3.6326161e-05
3.6122916e-05
3.603476e-05
3.6020985e-05
3.5997813e-05
3.5988274e-05
3.5945217e-05
4.2206603e-05
3.7870664e-05
3.6582704e-05
3.6101028e-05
3.6001847e-05
3.5954035e-05
3.5969116e-05
3.5955508e-05
3.5956302e-05
3.5915216e-05
4.3766301e-05
3.8948751e-05
3.7240854e-05
3.6482235e-05
3.619254e-05
3.6053745e-05
3.6009471e-05
3.5974599e-05
3.5960981e-05
3.5923343e-05
4.2911418e-05
3.8329168e-05
3.6815768e-05
3.6223101e-05
3.6061245e-05
3.5992722e-05
3.5992952e-05
3.5975646e-05
3.5971434e-05
3.5932221e-05
4.2540574e-05
3.808594e-05
3.6691292e-05
3.6159386e-05
3.6032914e-05
3.5977609e-05
3.5986852e-05
3.5971347e-05
3.5967326e-05
3.5915411e-05
3.5426784e-05
3.5749648e-05
3.5208588e-05
3.491459e-05
3.4784381e-05
3.4847766e-05
3.5058768e-05
3.5387174e-05
3.5800961e-05
3.6278081e-05
3.5045341e-05
3.5419744e-05
3.5368272e-05
3.5443287e-05
3.5489622e-05
3.5616475e-05
3.5789094e-05
3.6021386e-05
3.6300461e-05
3.6622613e-05
3.747676e-05
3.5161715e-05
3.5173952e-05
3.5036811e-05
3.5166594e-05
3.5154696e-05
3.5233095e-05
3.5256189e-05
3.5285823e-05
3.52899e-05
3.7313957e-05
3.5080573e-05
3.5125591e-05
3.4989903e-05
3.5122524e-05
3.511315e-05
3.5192703e-05
3.5220456e-05
3.5252395e-05
3.5262751e-05
3.7152103e-05
3.5007018e-05
3.5087481e-05
3.4956709e-05
3.5094739e-05
3.5091058e-05
3.517383e-05
3.5208714e-05
3.5243944e-05
3.5258292e-05
3.6992197e-05
3.4937242e-05
3.5052419e-05
3.4926847e-05
3.5069903e-05
3.5072731e-05
3.515889e-05
3.5202713e-05
3.524302e-05
3.526923e-05
3.6834189e-05
3.4869938e-05
3.5017767e-05
3.4897155e-05
3.5044057e-05
3.5053439e-05
3.5141956e-05
3.5194347e-05
3.5238134e-05
3.5275637e-05
3.6675127e-05
3.4801393e-05
3.4979067e-05
3.4863521e-05
3.5013527e-05
3.5030333e-05
3.5121096e-05
3.5182402e-05
3.5229539e-05
3.5276951e-05
3.6516005e-05
3.4735848e-05
3.4942571e-05
3.483361e-05
3.4986647e-05
3.5012141e-05
3.5104977e-05
3.5175241e-05
3.5225572e-05
3.5279661e-05
3.6358256e-05
3.4674536e-05
3.4909065e-05
3.4808036e-05
3.4963665e-05
3.4998994e-05
3.509359e-05
3.5172587e-05
3.522409e-05
3.5278335e-05
3.6200564e-05
3.4615347e-05
3.4875996e-05
3.4785422e-05
3.4944629e-05
3.4993502e-05
3.5093378e-05
3.518729e-05
3.5249855e-05
3.532811e-05
3.6045524e-05
3.4563552e-05
3.4849141e-05
3.4771496e-05
3.4933719e-05
3.4997193e-05
3.5101083e-05
3.5207312e-05
3.5275575e-05
3.5356979e-05
3.5890579e-05
3.4514915e-05
3.4823348e-05
3.476276e-05
3.4929547e-05
3.501228e-05
3.5124086e-05
3.524816e-05
3.5329682e-05
3.5430395e-05
3.5742584e-05
3.4482146e-05
3.4813488e-05
3.4774983e-05
3.494684e-05
3.5051321e-05
3.5171713e-05
3.5313538e-05
3.5406643e-05
3.5515954e-05
3.5596386e-05
3.4453787e-05
3.4803464e-05
3.4791624e-05
3.4969779e-05
3.5100669e-05
3.5234539e-05
3.5399726e-05
3.5513384e-05
3.5647873e-05
3.5454651e-05
3.4441368e-05
3.4809215e-05
3.483308e-05
3.5021527e-05
3.5184783e-05
3.5337568e-05
3.5528565e-05
3.566369e-05
3.581048e-05
3.5319293e-05
3.4449243e-05
3.4835004e-05
3.4905577e-05
3.5110159e-05
3.5313548e-05
3.5494864e-05
3.5679163e-05
3.576394e-05
3.5857288e-05
3.5193544e-05
3.4485371e-05
3.4889238e-05
3.5019337e-05
3.524741e-05
3.5444872e-05
3.5558524e-05
3.5711903e-05
3.5811126e-05
3.5922755e-05
3.5075524e-05
3.4554564e-05
3.4980119e-05
3.5147721e-05
3.5310742e-05
3.5481337e-05
3.5597524e-05
3.5746976e-05
3.5848082e-05
3.5940179e-05
3.4969226e-05
3.468277e-05
3.5092329e-05
3.524909e-05
3.5374342e-05
3.5552467e-05
3.5682082e-05
3.5840949e-05
3.5968238e-05
3.6095887e-05
3.4902641e-05
3.4832932e-05
3.5141868e-05
3.5313181e-05
3.5427415e-05
3.5601613e-05
3.5743387e-05
3.5911632e-05
3.6067564e-05
3.622729e-05
3.4928107e-05
3.5088124e-05
3.5217784e-05
3.5384371e-05
3.5483447e-05
3.5644223e-05
3.5798034e-05
3.5980009e-05
3.6166236e-05
3.6358988e-05
3.4994784e-05
3.539362e-05
3.5356754e-05
3.5449681e-05
3.550952e-05
3.5648315e-05
3.5829442e-05
3.6065774e-05
3.6339816e-05
3.6638995e-05
3.5351468e-05
3.5714799e-05
3.5200533e-05
3.4930169e-05
3.4818373e-05
3.4897559e-05
3.5122232e-05
3.5462339e-05
3.5884303e-05
3.6360358e-05
3.6292961e-05
3.2250604e-05
3.0496596e-05
2.9826388e-05
2.9719748e-05
2.9951896e-05
3.0399381e-05
3.0989582e-05
3.167496e-05
3.2426554e-05
3.6365936e-05
3.2308429e-05
3.0539274e-05
2.9856427e-05
2.9739232e-05
2.9962245e-05
3.0401625e-05
3.0984526e-05
3.1663216e-05
3.2408845e-05
1.9904161e-05
2.3524532e-05
2.6201696e-05
2.8438279e-05
3.0360627e-05
3.2059578e-05
3.3557293e-05
3.4897785e-05
3.6092321e-05
2.0411935e-05
2.2699215e-05
2.4267906e-05
2.5666499e-05
2.699598e-05
2.8283552e-05
2.9522852e-05
3.0719114e-05
3.1868244e-05
3.4961357e-05
3.5107832e-05
3.5228538e-05
3.538282e-05
3.5473084e-05
3.5624809e-05
3.5772938e-05
3.5953748e-05
3.6149374e-05
3.6370395e-05
3.4935868e-05
3.4858941e-05
3.5151073e-05
3.5314288e-05
3.5422584e-05
3.5589741e-05
3.5727923e-05
3.5896833e-05
3.6064703e-05
3.6254523e-05
3.4990993e-05
3.4714027e-05
3.511114e-05
3.5252407e-05
3.5373116e-05
3.5545596e-05
3.567289e-05
3.5833285e-05
3.5973534e-05
3.613069e-05
3.5089597e-05
3.4578646e-05
3.5007933e-05
3.5163883e-05
3.5312186e-05
3.5478621e-05
3.5593549e-05
3.5745501e-05
3.5860753e-05
3.5982879e-05
3.5202552e-05
3.4503774e-05
3.4909783e-05
3.5042391e-05
3.5260054e-05
3.5446157e-05
3.5558999e-05
3.5715801e-05
3.5830207e-05
3.5972505e-05
3.5325041e-05
3.4463952e-05
3.4850724e-05
3.4923475e-05
3.5127401e-05
3.5330048e-05
3.5507616e-05
3.568964e-05
3.5787526e-05
3.5911662e-05
3.5458425e-05
3.445379e-05
3.4821814e-05
3.4847669e-05
3.5034895e-05
3.51974e-05
3.5350531e-05
3.5546071e-05
3.569682e-05
3.5870165e-05
3.5599119e-05
3.4464833e-05
3.4813978e-05
3.4803958e-05
3.4980342e-05
3.511032e-05
3.5244077e-05
3.5413468e-05
3.5542099e-05
3.5706322e-05
3.5745035e-05
3.4492614e-05
3.4822879e-05
3.4786126e-05
3.4955824e-05
3.5059376e-05
3.5179458e-05
3.5325488e-05
3.5433647e-05
3.5572854e-05
3.5893322e-05
3.4525472e-05
3.4832454e-05
3.4773657e-05
3.4938054e-05
3.501993e-05
3.5131318e-05
3.5259607e-05
3.5356114e-05
3.5486451e-05
3.6048927e-05
3.4574604e-05
3.4858485e-05
3.4782714e-05
3.4942412e-05
3.5005177e-05
3.5108657e-05
3.521926e-05
3.5302743e-05
3.5414134e-05
3.620485e-05
3.4627163e-05
3.4885938e-05
3.4797349e-05
3.4953974e-05
3.5002276e-05
3.5101718e-05
3.5200038e-05
3.5277713e-05
3.5385634e-05
3.6363507e-05
3.468721e-05
3.4919773e-05
3.482084e-05
3.497386e-05
3.5008757e-05
3.510292e-05
3.5186407e-05
3.5252957e-05
3.5336898e-05
3.6522252e-05
3.4749452e-05
3.4954168e-05
3.4847429e-05
3.4997913e-05
3.5023156e-05
3.5115646e-05
3.5190601e-05
3.5256078e-05
3.5340242e-05
3.6682306e-05
3.4815848e-05
3.4991484e-05
3.487824e-05
3.5025725e-05
3.5042401e-05
3.5132791e-05
3.5198822e-05
3.5260923e-05
3.5338255e-05
3.6842253e-05
3.4885151e-05
3.5030863e-05
3.4912579e-05
3.5056955e-05
3.5066253e-05
3.5154319e-05
3.5211414e-05
3.5269894e-05
3.5337113e-05
3.7001132e-05
3.495315e-05
3.5066105e-05
3.494284e-05
3.5083325e-05
3.5086061e-05
3.5171623e-05
3.5219986e-05
3.5274461e-05
3.5329783e-05
3.7161952e-05
3.5023652e-05
3.510177e-05
3.4973278e-05
3.5108732e-05
3.510497e-05
3.5187053e-05
3.5226455e-05
3.5275594e-05
3.5318934e-05
3.732477e-05
3.5097981e-05
3.5140549e-05
3.5007107e-05
3.5137152e-05
3.5127744e-05
3.5206558e-05
3.5238817e-05
3.5284444e-05
3.532359e-05
3.7488583e-05
3.5179912e-05
3.5189554e-05
3.5054603e-05
3.5181817e-05
3.51699e-05
3.5247497e-05
3.5275075e-05
3.5318255e-05
3.5350892e-05
3.7647584e-05
3.5247195e-05
3.521568e-05
3.5075403e-05
3.5197399e-05
3.5182983e-05
3.525953e-05
3.5284088e-05
3.5327547e-05
3.5361927e-05
3.7817528e-05
3.5333439e-05
3.5263589e-05
3.5118289e-05
3.5233415e-05
3.5214099e-05
3.5285586e-05
3.5302581e-05
3.5340397e-05
3.5362467e-05
3.7983729e-05
3.5415282e-05
3.5305959e-05
3.5156917e-05
3.5267102e-05
3.5246156e-05
3.5315605e-05
3.5328801e-05
3.536523e-05
3.5383346e-05
3.815206e-05
3.5500321e-05
3.5350199e-05
3.5196522e-05
3.5300809e-05
3.5277583e-05
3.5343549e-05
3.5351e-05
3.5382021e-05
3.5382598e-05
3.8321851e-05
3.5585787e-05
3.5392926e-05
3.5234402e-05
3.5333448e-05
3.5309947e-05
3.5375172e-05
3.538201e-05
3.5415765e-05
3.5425427e-05
3.8495776e-05
3.5674076e-05
3.5436018e-05
3.5270838e-05
3.5363186e-05
3.5338471e-05
3.5401495e-05
3.5406216e-05
3.5439516e-05
3.5448138e-05
3.8674642e-05
3.5770356e-05
3.5487477e-05
3.5315435e-05
3.5400383e-05
3.5373281e-05
3.5431385e-05
3.5429582e-05
3.5454829e-05
3.5442667e-05
3.8854073e-05
3.5866653e-05
3.5537721e-05
3.5359233e-05
3.5438549e-05
3.5412289e-05
3.5470017e-05
3.5469289e-05
3.5498742e-05
3.5498591e-05
3.9037068e-05
3.596445e-05
3.5586669e-05
3.5399394e-05
3.5471398e-05
3.5444709e-05
3.5500397e-05
3.549857e-05
3.5527907e-05
3.5525382e-05
3.9225599e-05
3.6071344e-05
3.5645495e-05
3.5449001e-05
3.5512805e-05
3.548402e-05
3.5534554e-05
3.5526702e-05
3.5547793e-05
3.5524491e-05
3.9414176e-05
3.6178687e-05
3.5704125e-05
3.5499315e-05
3.5557382e-05
3.5530393e-05
3.5581085e-05
3.5575495e-05
3.5600867e-05
3.5591582e-05
3.9605423e-05
3.6284022e-05
3.5756057e-05
3.5539681e-05
3.5590023e-05
3.5563503e-05
3.5612733e-05
3.5607163e-05
3.5631862e-05
3.5619201e-05
3.9805555e-05
3.6398975e-05
3.5816371e-05
3.5586006e-05
3.562621e-05
3.5597519e-05
3.5642222e-05
3.5633461e-05
3.5654292e-05
3.5635438e-05
4.0010371e-05
3.6524454e-05
3.5889818e-05
3.5647949e-05
3.5681004e-05
3.5653333e-05
3.5696748e-05
3.5688544e-05
3.5709741e-05
3.5693438e-05
4.0213364e-05
3.6638317e-05
3.5943753e-05
3.5685458e-05
3.5708807e-05
3.5681079e-05
3.5722424e-05
3.5713799e-05
3.5733031e-05
3.5710799e-05
4.0431156e-05
3.6772308e-05
3.6018772e-05
3.5743142e-05
3.575563e-05
3.5726399e-05
3.5764329e-05
3.5754782e-05
3.5773277e-05
3.575343e-05
4.0651309e-05
3.6904854e-05
3.6088365e-05
3.5794085e-05
3.5796546e-05
3.5767974e-05
3.5804896e-05
3.5796937e-05
3.5815779e-05
3.5799611e-05
4.0882108e-05
3.7043073e-05
3.6157529e-05
3.5839349e-05
3.5827736e-05
3.5796355e-05
3.5828546e-05
3.5817874e-05
3.5831338e-05
3.5802952e-05
4.1127841e-05
3.7197791e-05
3.6241871e-05
3.5898745e-05
3.5873145e-05
3.5839855e-05
3.5869015e-05
3.5858866e-05
3.5872931e-05
3.585304e-05
4.1383066e-05
3.7356497e-05
3.6324135e-05
3.5951968e-05
3.5910407e-05
3.5874458e-05
3.5899954e-05
3.5888891e-05
3.5900215e-05
3.5874461e-05
4.1655448e-05
3.753265e-05
3.6420459e-05
3.6016592e-05
3.595796e-05
3.591919e-05
3.5941535e-05
3.593083e-05
3.5942396e-05
3.5920058e-05
4.1941583e-05
3.7713121e-05
3.6511565e-05
3.606967e-05
3.5990739e-05
3.5947934e-05
3.5966638e-05
3.5955746e-05
3.5965607e-05
3.5940574e-05
4.2254275e-05
3.7917706e-05
3.6619947e-05
3.6134572e-05
3.6032124e-05
3.5983577e-05
3.5997855e-05
3.5986993e-05
3.5996651e-05
3.5976169e-05
4.259081e-05
3.8135068e-05
3.6729887e-05
3.619356e-05
3.6063529e-05
3.6007297e-05
3.6015717e-05
3.6002785e-05
3.6007247e-05
3.5975212e-05
4.2964492e-05
3.8380605e-05
3.6855833e-05
3.6257925e-05
3.6092151e-05
3.6022471e-05
3.6021813e-05
3.6006873e-05
3.6010766e-05
3.5990742e-05
4.3377179e-05
3.866289e-05
3.7022705e-05
3.6361537e-05
3.6153878e-05
3.6064179e-05
3.604934e-05
3.6028234e-05
3.6026348e-05
3.6001787e-05
4.382618e-05
3.9005292e-05
3.728471e-05
3.6519235e-05
3.6224531e-05
3.6083617e-05
3.603794e-05
3.6004721e-05
3.599821e-05
3.5978293e-05
4.4249607e-05
3.952475e-05
3.7733902e-05
3.6769986e-05
3.6299999e-05
3.6057904e-05
3.5955794e-05
3.589993e-05
3.5881867e-05
3.585931e-05
4.7223214e-05
3.5061596e-05
3.5370133e-05
3.5019851e-05
3.4824076e-05
3.4950665e-05
3.5276971e-05
3.571668e-05
3.6205029e-05
3.6732945e-05
2.5159112e-05
2.6684009e-05
2.7002483e-05
2.7546073e-05
2.8248897e-05
2.9052679e-05
2.9923002e-05
3.0837381e-05
3.1775267e-05
2.5294147e-05
2.6811192e-05
2.7111795e-05
2.7642607e-05
2.833638e-05
2.913322e-05
2.9998133e-05
3.0908598e-05
3.1844356e-05
2.0518234e-05
2.2789578e-05
2.4345058e-05
2.5733161e-05
2.7054747e-05
2.8335898e-05
2.9570256e-05
3.0763373e-05
3.1911864e-05
1.9999945e-05
2.3602869e-05
2.6266582e-05
2.8492151e-05
3.0406506e-05
3.2099074e-05
3.3592923e-05
3.4933242e-05
3.6133804e-05
3.2464747e-05
3.252185e-05
3.6015976e-05
3.6154302e-05
2.7234787e-05
2.7199421e-05
3.4375547e-05
3.0235303e-05
3.0194344e-05
3.5806821e-05
2.6042117e-05
2.6005554e-05
3.0236792e-05
3.0309567e-05
3.3061415e-05
3.111553e-05
3.1113066e-05
3.3315989e-05
4.66651e-05
1.9906858e-05
4.4218384e-05
4.4236573e-05
2.8893432e-05
2.8862447e-05
3.427331e-05
3.1869341e-05
3.1844058e-05
3.035416e-05
3.0594316e-05
3.152753e-05
3.1584482e-05
3.453926e-05
3.4595721e-05
3.2615176e-05
3.7544956e-05
2.9690965e-05
2.9626451e-05
3.3029487e-05
3.3068886e-05
3.1415115e-05
3.1345986e-05
3.2725538e-05
3.2810835e-05
4.4609424e-05
3.0926062e-05
3.0889422e-05
4.66651e-05
2.9974513e-05
2.9982619e-05
3.3170899e-05
3.3256724e-05
3.1891671e-05
3.1879433e-05
3.0851873e-05
3.0947915e-05
3.2299978e-05
3.2308864e-05
2.6314964e-05
2.6388691e-05
2.867945e-05
2.873733e-05
2.8563628e-05
2.8504942e-05
3.565394e-05
3.3006771e-05
3.301686e-05
2.8611909e-05
2.8551015e-05
3.3372597e-05
3.3450729e-05
3.092673e-05
3.0992673e-05
3.7392574e-05
2.8480329e-05
2.8393691e-05
3.3718959e-05
3.3655966e-05
3.1316275e-05
3.1280492e-05
3.1491846e-05
3.1551014e-05
3.1303574e-05
3.129151e-05
3.4260504e-05
3.4245636e-05
2.9499972e-05
2.955527e-05
3.5135706e-05
3.505629e-05
3.159108e-05
3.1523508e-05
2.9240593e-05
2.9293271e-05
3.5227436e-05
3.5167433e-05
2.8433314e-05
2.8489985e-05
3.9489117e-05
3.621945e-05
3.6290495e-05
2.0306185e-05
2.8658361e-05
2.8697777e-05
2.8812765e-05
2.8750368e-05
3.1426147e-05
3.135917e-05
4.4560013e-05
3.4796947e-05
4.4812314e-05
3.4847432e-05
2.9385139e-05
2.9335459e-05
2.8425792e-05
2.8477256e-05
2.9690024e-05
2.9716689e-05
3.2568902e-05
3.2570806e-05
2.8205012e-05
2.8151191e-05
3.4902072e-05
3.4951478e-05
2.6287697e-05
2.8905551e-05
2.8957385e-05
2.6905043e-05
4.4507687e-05
4.4527823e-05
2.8372989e-05
2.8423969e-05
2.9994566e-05
2.9305735e-05
2.934948e-05
2.9979242e-05
3.0098865e-05
3.0141689e-05
3.3483667e-05
3.3438667e-05
2.4009654e-05
3.0658992e-05
3.0665473e-05
2.7833738e-05
2.7772246e-05
2.9050521e-05
2.9103405e-05
2.6820391e-05
2.6863354e-05
3.0683588e-05
3.0765081e-05
2.4011285e-05
2.8433448e-05
2.8474391e-05
3.5779217e-05
3.6029042e-05
4.4464896e-05
2.6775714e-05
2.671925e-05
2.9713362e-05
2.9784693e-05
3.3006885e-05
3.3070903e-05
3.4933085e-05
3.4990223e-05
3.0636754e-05
3.0673557e-05
2.7118132e-05
2.7064144e-05
3.2078102e-05
3.2077351e-05
2.9728825e-05
2.9679419e-05
4.4164485e-05
3.049228e-05
3.0534188e-05
2.9376072e-05
2.9450017e-05
4.4849436e-05
2.9233337e-05
2.9289334e-05
4.1765708e-05
3.5903177e-05
4.4218933e-05
2.6707009e-05
2.6611038e-05
2.6465318e-05
2.641256e-05
3.1074552e-05
3.1046683e-05
3.6328622e-05
2.7744997e-05
2.7690798e-05
4.4849436e-05
2.8164141e-05
2.82232e-05
2.9303667e-05
2.9271354e-05
3.1121193e-05
3.108264e-05
3.0248252e-05
3.0295158e-05
4.4038e-05
4.4031832e-05
4.4527823e-05
4.3925348e-05
4.3927769e-05
3.568565e-05
2.9733696e-05
2.9683922e-05
3.6325281e-05
3.6385484e-05
2.992449e-05
2.9860699e-05
3.6450876e-05
2.8869241e-05
2.8803671e-05
3.5753471e-05
4.4507687e-05
3.0799033e-05
3.0889253e-05
3.2319229e-05
3.2392599e-05
3.2203513e-05
3.2183904e-05
3.7219965e-05
3.7955214e-05
3.7979407e-05
3.0145278e-05
3.0218494e-05
2.9872067e-05
2.9835767e-05
2.8328422e-05
2.8278151e-05
3.1381884e-05
3.1338889e-05
3.4157688e-05
3.4091079e-05
3.0928276e-05
3.0882365e-05
2.9496092e-05
2.9479562e-05
4.3927769e-05
4.3925348e-05
3.7780231e-05
3.4577101e-05
3.4635005e-05
3.1903235e-05
3.1973745e-05
3.8783969e-05
2.9365575e-05
2.941349e-05
2.9575673e-05
2.953735e-05
2.7867279e-05
2.7903483e-05
4.3947319e-05
4.3932399e-05
3.2037957e-05
2.9838554e-05
2.9781629e-05
2.7310438e-05
2.737928e-05
4.4375957e-05
4.4394694e-05
3.1670721e-05
3.1655032e-05
2.9140588e-05
2.9172929e-05
2.8607484e-05
2.8642717e-05
3.1840302e-05
3.1887455e-05
2.6991257e-05
2.7027507e-05
2.8942608e-05
2.9009769e-05
3.2134951e-05
3.2063017e-05
3.5454694e-05
3.5376277e-05
3.3607985e-05
3.3529252e-05
2.8723546e-05
2.8788328e-05
3.123573e-05
3.1242684e-05
4.3855618e-05
4.3858862e-05
3.0098462e-05
3.0054296e-05
4.4038e-05
4.4031832e-05
2.96767e-05
2.9723741e-05
2.5909841e-05
2.5857428e-05
4.4501796e-05
3.9401937e-05
3.9362207e-05
2.8947891e-05
2.9498142e-05
2.9039732e-05
2.9558725e-05
3.2050361e-05
3.1978254e-05
2.8266465e-05
2.8258191e-05
2.9540273e-05
2.9535654e-05
3.3422828e-05
3.347986e-05
2.9684107e-05
2.9747175e-05
3.078641e-05
3.0777087e-05
2.832721e-05
2.8356418e-05
2.9809956e-05
2.974286e-05
3.7403644e-05
3.357855e-05
3.3640467e-05
2.9380887e-05
2.9423792e-05
3.7227852e-05
3.0003782e-05
2.5949537e-05
2.5956838e-05
2.7684315e-05
2.7676159e-05
3.0036927e-05
2.9186472e-05
2.91612e-05
3.5198356e-05
3.5120078e-05
3.021013e-05
3.0229757e-05
2.9662017e-05
2.9611717e-05
2.7796343e-05
2.7883834e-05
3.0667804e-05
3.0605225e-05
2.9238912e-05
2.9289826e-05
2.8601537e-05
2.8644532e-05
2.8591343e-05
2.8517115e-05
3.310218e-05
3.316429e-05
3.5355684e-05
3.5412201e-05
4.397352e-05
4.3969474e-05
2.922097e-05
2.9156444e-05
3.059567e-05
3.0529523e-05
2.9261048e-05
2.9208349e-05
2.6921908e-05
2.6975703e-05
4.3716451e-05
4.373564e-05
2.9136024e-05
2.9088021e-05
3.4984447e-05
3.503661e-05
4.3976975e-05
4.3921225e-05
3.4745909e-05
3.4670765e-05
4.4218194e-05
2.8111777e-05
2.8050112e-05
2.8843089e-05
2.8900721e-05
4.3545758e-05
4.3569632e-05
4.4343098e-05
3.3450756e-05
3.3537841e-05
2.8058205e-05
2.8095615e-05
2.899966e-05
2.9076467e-05
4.349003e-05
4.3459697e-05
3.3727863e-05
3.3789067e-05
4.4368668e-05
4.4047219e-05
4.405524e-05
3.0905768e-05
3.0965777e-05
3.1298509e-05
3.1362103e-05
3.3502216e-05
3.343549e-05
4.349003e-05
4.3459697e-05
2.9594798e-05
2.9562124e-05
2.9450208e-05
2.9486929e-05
3.4507032e-05
3.4425306e-05
4.4375957e-05
4.4394694e-05
3.3237948e-05
3.3178285e-05
2.7429024e-05
2.7423209e-05
2.961993e-05
2.9677612e-05
3.4150181e-05
3.421081e-05
3.2730563e-05
3.2690361e-05
2.8942317e-05
2.9006221e-05
2.6951637e-05
2.6860812e-05
3.9216427e-05
3.8091599e-05
3.0586508e-05
3.0526251e-05
2.8561258e-05
2.8448384e-05
2.9945754e-05
2.9884598e-05
2.6840406e-05
2.6835511e-05
2.9334758e-05
2.9309341e-05
3.3059287e-05
3.2629364e-05
3.2600205e-05
3.2152931e-05
3.2125515e-05
3.8726672e-05
3.1647348e-05
3.1707604e-05
4.4609424e-05
3.3017876e-05
3.2129394e-05
3.2192434e-05
3.0991161e-05
3.1030775e-05
4.4218933e-05
2.8837922e-05
2.8897577e-05
4.4164485e-05
3.0809229e-05
3.0772343e-05
3.0508391e-05
3.0540448e-05
3.1400454e-05
3.1400806e-05
2.9949353e-05
2.9888203e-05
3.9483361e-05
3.9436992e-05
2.7745881e-05
2.7752988e-05
3.3210955e-05
3.3238522e-05
3.1565633e-05
2.9395376e-05
2.9358091e-05
3.1138285e-05
3.1166051e-05
3.4215767e-05
2.9165263e-05
2.922642e-05
3.2088759e-05
3.2112415e-05
3.4289998e-05
2.844262e-05
2.846993e-05
3.2367116e-05
2.9341653e-05
2.9368666e-05
3.6533998e-05
3.6589606e-05
3.8131899e-05
4.3948921e-05
4.3957078e-05
3.2809936e-05
3.2736922e-05
3.0903041e-05
3.0846066e-05
4.3614526e-05
4.356693e-05
3.7287037e-05
3.6333417e-05
3.1635466e-05
3.1544758e-05
4.3976975e-05
4.3921225e-05
2.9034605e-05
2.9090551e-05
3.2783872e-05
3.2702715e-05
4.3932399e-05
4.3947319e-05
3.2097869e-05
3.2126117e-05
2.760106e-05
2.7614683e-05
2.9248586e-05
2.9186712e-05
2.945953e-05
2.9403781e-05
2.9390224e-05
2.9320985e-05
3.3325735e-05
3.339106e-05
3.0162234e-05
3.0024034e-05
3.1827923e-05
3.182964e-05
3.4926142e-05
3.4841658e-05
3.3743157e-05
3.6846432e-05
3.6622097e-05
3.458976e-05
3.45063e-05
2.921273e-05
2.9295717e-05
3.6081188e-05
3.3181396e-05
3.3118542e-05
4.3847829e-05
4.3845285e-05
4.3816913e-05
4.381424e-05
2.994569e-05
2.9877649e-05
4.3874842e-05
4.3872332e-05
4.3847829e-05
4.3845285e-05
4.3816913e-05
4.381424e-05
4.3820895e-05
4.3817891e-05
2.9419694e-05
2.9341007e-05
2.8549272e-05
2.8480448e-05
4.3817891e-05
4.3820895e-05
4.3872332e-05
4.3874842e-05
3.3814841e-05
3.4441424e-05
4.4560013e-05
3.4099974e-05
3.4164536e-05
3.4228536e-05
3.4291333e-05
2.7604965e-05
2.7567552e-05
3.3692236e-05
3.9536526e-05
3.8117229e-05
2.8806372e-05
2.873022e-05
3.0251122e-05
3.0316387e-05
2.7449815e-05
2.7487016e-05
4.0119764e-05
2.8373969e-05
2.8336462e-05
2.7345769e-05
2.7425873e-05
3.3758298e-05
2.5563907e-05
3.0832762e-05
3.0822059e-05
2.7195219e-05
2.8723441e-05
2.8717299e-05
3.0179393e-05
3.021273e-05
3.1689901e-05
3.1673492e-05
4.4501796e-05
3.1849407e-05
3.1915883e-05
3.804158e-05
3.7992675e-05
2.9205315e-05
2.9239823e-05
3.2091486e-05
3.207629e-05
3.2778214e-05
3.2220779e-05
3.1928506e-05
3.1914805e-05
4.4698413e-05
3.9813406e-05
3.4557531e-05
3.5104831e-05
4.4719832e-05
3.0142524e-05
3.0205952e-05
2.9692869e-05
2.9765423e-05
2.8252539e-05
3.5208533e-05
2.828821e-05
3.5138138e-05
2.9677338e-05
2.9719123e-05
2.8294097e-05
2.8318049e-05
3.2216147e-05
3.2265636e-05
3.3631949e-05
3.3684836e-05
4.4368668e-05
3.5842133e-05
3.5865572e-05
3.535504e-05
4.4375957e-05
4.4394694e-05
1.7898419e-05
3.3649178e-05
3.2600707e-05
3.2626107e-05
3.3140376e-05
4.4609424e-05
2.4856901e-05
4.4698413e-05
4.4719832e-05
3.1001625e-05
3.1071358e-05
2.0407342e-05
4.3485739e-05
4.3449344e-05
3.0044477e-05
3.0133622e-05
2.9052648e-05
2.7880014e-05
4.3932399e-05
4.3947319e-05
2.5575785e-05
2.5743768e-05
4.4527823e-05
1.7052883e-05
3.1990674e-05
1.8217749e-05
3.3568543e-05
3.3569684e-05
3.4156769e-05
3.4155899e-05
4.4507687e-05
4.4047219e-05
4.405524e-05
4.1023152e-05
4.1977734e-05
4.0706322e-05
1.5799575e-05
1.5950982e-05
4.3969474e-05
4.397352e-05
2.4479039e-05
4.3925348e-05
4.3927769e-05
2.6369769e-05
2.6378963e-05
1.1718034e-05
2.6449988e-05
2.6494525e-05
2.6707151e-05
2.6761429e-05
2.7563745e-05
2.7654491e-05
2.8253727e-05
2.8321236e-05
2.59078e-05
2.5759684e-05
3.080824e-05
3.6779847e-05
3.1824046e-05
3.1810323e-05
2.496881e-05
2.627297e-05
2.6365104e-05
2.6665358e-05
2.6676468e-05
2.7802255e-05
2.7873312e-05
2.687577e-05
2.6810405e-05
2.8114924e-05
2.8044082e-05
4.4159493e-05
4.4167409e-05
2.8412938e-05
2.8306528e-05
2.7595186e-05
2.7519807e-05
2.7550694e-05
2.7629923e-05
4.3919997e-05
4.3922598e-05
4.3969474e-05
4.397352e-05
2.8116428e-05
2.8185365e-05
2.7798278e-05
2.7701608e-05
2.7611012e-05
2.7516986e-05
4.3993697e-05
4.3991213e-05
2.8591835e-05
2.8483648e-05
2.7429907e-05
2.7518544e-05
4.3947319e-05
4.3932399e-05
3.4709852e-05
2.4087179e-05
2.4129164e-05
2.4746266e-05
2.4818467e-05
2.9386942e-05
2.9438111e-05
3.3742146e-05
3.360782e-05
4.3993697e-05
4.3991213e-05
2.587739e-05
2.5912257e-05
4.3820194e-05
4.3802525e-05
4.3545758e-05
4.3569632e-05
4.373564e-05
4.3716451e-05
4.349003e-05
4.3459697e-05
4.3569632e-05
4.3545758e-05
2.2015362e-05
2.1725888e-05
4.3485739e-05
4.3449344e-05
2.7481517e-05
2.7390696e-05
2.75285e-05
2.7442243e-05
2.3680074e-05
2.3612509e-05
4.3485739e-05
4.3449344e-05
2.7816094e-05
4.4031832e-05
4.4038e-05
2.7746757e-05
2.1319797e-05
2.1286941e-05
4.4047219e-05
4.405524e-05
2.8244242e-05
2.8312143e-05
4.3614526e-05
4.356693e-05
2.4912525e-05
2.4847682e-05
2.7479868e-05
2.7563438e-05
2.5972413e-05
2.5941557e-05
2.2854491e-05
2.2786811e-05
3.2010425e-05
2.2035738e-05
2.2084282e-05
3.0081165e-05
3.0389481e-05
2.1533931e-05
2.1564384e-05
2.34228e-05
2.3409622e-05
4.3963066e-05
4.3935473e-05
2.4695601e-05
2.4642233e-05
2.1050104e-05
2.1019751e-05
2.5701287e-05
2.5641431e-05
2.5157954e-05
2.5091037e-05
2.3927614e-05
2.3896382e-05
2.4462353e-05
2.4406241e-05
2.2206756e-05
2.2241567e-05
2.3837267e-05
2.3907476e-05
1.6587423e-05
2.2305301e-05
2.2336712e-05
2.3459831e-05
2.3492231e-05
2.5056874e-05
2.5095393e-05
2.292014e-05
2.2977279e-05
2.1594076e-05
2.1662507e-05
2.2306193e-05
2.6396115e-05
2.6486616e-05
2.5227161e-05
2.5138666e-05
4.4812314e-05
2.3275525e-05
2.3363838e-05
2.3339113e-05
2.3374498e-05
4.4464896e-05
2.258457e-05
2.2533967e-05
2.5785714e-05
2.5819409e-05
4.4368668e-05
2.2444316e-05
2.248972e-05
2.8432752e-05
2.8333934e-05
4.3948921e-05
4.3957078e-05
2.8047515e-05
2.7948838e-05
2.2096613e-05
2.2150407e-05
2.1796101e-05
2.782086e-05
2.78919e-05
2.6145235e-05
2.6169924e-05
2.8391203e-05
2.8458258e-05
4.4159493e-05
4.4167409e-05
2.7563607e-05
2.7634123e-05
1.640107e-05
2.3317134e-05
2.3382074e-05
2.7564475e-05
2.7637932e-05
2.7377538e-05
2.7452388e-05
2.7976078e-05
2.790803e-05
4.3816913e-05
4.381424e-05
4.3890923e-05
4.3889204e-05
4.3845285e-05
4.3847829e-05
4.3919997e-05
4.3922598e-05
4.3874842e-05
4.3872332e-05
4.3614526e-05
4.356693e-05
4.4164485e-05
4.4218933e-05
2.3003022e-05
2.3058346e-05
2.5091379e-05
2.5176844e-05
4.4394694e-05
4.4375957e-05
2.7018959e-05
2.7152166e-05
2.1573806e-05
2.1515854e-05
2.2807374e-05
2.2762346e-05
2.3006065e-05
2.3091749e-05
3.0705028e-05
3.0653496e-05
3.0546174e-05
3.0687599e-05
2.7859992e-05
2.6270427e-05
2.6334748e-05
2.4571194e-05
2.4506319e-05
2.9488717e-05
2.6345001e-05
2.5575302e-05
3.3300875e-05
)
;

boundaryField
{
    oversetFaces
    {
        type            overset;
        coupledFringe   false;
        conservativeCorrection false;
        setHoleCellValue false;
        holeCellValue   0;
        value           nonuniform 0();
    }
    back
    {
        type            empty;
    }
    out
    {
        type            zeroGradient;
    }
    bottom
    {
        type            zeroGradient;
    }
    in
    {
        type            zeroGradient;
    }
    top
    {
        type            zeroGradient;
    }
    front
    {
        type            empty;
    }
    wall
    {
        type            zeroGradient;
    }
    cylinder
    {
        type            zeroGradient;
    }
}


// ************************************************************************* //
