/*--------------------------------*- C++ -*----------------------------------*\
| =========                 |                                                 |
| \\      /  F ield         | foam-extend: Open Source CFD                    |
|  \\    /   O peration     | Version:     4.1                                |
|   \\  /    A nd           | Web:         http://www.foam-extend.org         |
|    \\/     M anipulation  |                                                 |
\*---------------------------------------------------------------------------*/
FoamFile
{
    version     2.0;
    format      ascii;
    class       volScalarField;
    location    "0.8";
    object      p;
}
// * * * * * * * * * * * * * * * * * * * * * * * * * * * * * * * * * * * * * //

dimensions      [0 2 -2 0 0 0 0];

internalField   nonuniform List<scalar> 
4242
(
-0.60050452
-0.58301273
-0.56555199
-0.54383891
-0.51955527
-0.49187601
-0.46073941
-0.42621025
-0.38857643
-0.34842747
-0.3066637
-0.26443904
-0.22312419
-0.18443305
-0.14983339
-0.11640407
-0.7096682
-0.6874069
-0.66853315
-0.64553759
-0.62010175
-0.59144825
-0.55969716
-0.52490409
-0.48724931
-0.44706968
-0.40487822
-0.36136402
-0.31740543
-0.27423793
-0.23341902
-0.19480764
-0.88042979
-0.85298239
-0.83210477
-0.80586865
-0.77679301
-0.7439816
-0.70758503
-0.6676171
-0.62427647
-0.57792783
-0.52910886
-0.47851657
-0.42697411
-0.37544986
-0.32517447
-0.27805195
-1.0841376
-1.0516042
-1.028241
-0.99725213
-0.96297935
-0.92409186
-0.88075266
-0.83290867
-0.78077668
-0.7247828
-0.66559131
-0.60409861
-0.54138917
-0.47864464
-0.41707038
-0.3590324
-1.2378504
-1.2013035
-1.1764951
-1.141913
-1.1041606
-1.0610459
-1.0128344
-0.95938939
-0.90092489
-0.83787969
-0.77097488
-0.70121098
-0.62983202
-0.55823241
-0.48772419
-0.41952072
-1.3173961
-1.2780708
-1.2529286
-1.2165007
-1.1772969
-1.1322883
-1.081921
-1.0259945
-0.96471292
-0.89849975
-0.82807794
-0.75446457
-0.67893755
-0.60297215
-0.52806968
-0.45638028
-1.3232954
-1.2830002
-1.2585655
-1.2222146
-1.1833368
-1.1386404
-1.0886324
-1.0331154
-0.97227903
-0.90653236
-0.83658016
-0.76341631
-0.6882887
-0.61264604
-0.53788566
-0.46633765
-1.2582828
-1.2190943
-1.1960937
-1.161664
-1.124621
-1.0822037
-1.0347706
-0.98220127
-0.92468401
-0.86262917
-0.7967177
-0.72789154
-0.65731112
-0.58631016
-0.5160579
-0.44880051
-1.1280312
-1.0921387
-1.0712313
-1.0405096
-1.0068867
-0.96872812
-0.92612806
-0.87905144
-0.82769638
-0.77246832
-0.71400343
-0.65315777
-0.59096599
-0.52862817
-0.46719621
-0.40864555
-0.94196047
-0.91150839
-0.89320968
-0.86782735
-0.83931526
-0.80732452
-0.77177497
-0.73266025
-0.69017784
-0.64469624
-0.59675436
-0.54704667
-0.49637934
-0.44566905
-0.39572593
-0.34812454
-0.70825712
-0.68569288
-0.67106627
-0.65249431
-0.63108103
-0.60734733
-0.58123634
-0.55269245
-0.5218583
-0.48901097
-0.45451707
-0.41879644
-0.38225503
-0.3452333
-0.30776533
-0.26967834
-0.49973388
-0.4859159
-0.47526031
-0.46379223
-0.44945809
-0.43274055
-0.41419275
-0.39404514
-0.37252568
-0.34995234
-0.32666616
-0.30294264
-0.27890719
-0.25450822
-0.22947311
-0.2013582
-0.16584907
-0.15393217
-0.14395824
-0.13205809
-0.1187777
-0.10413654
-0.088284714
-0.071478001
-0.054080669
-0.03656165
-0.019475121
-0.0034372458
0.010827578
0.022487346
0.031657079
0.041113336
0.057440125
0.065195527
0.072203945
0.080085509
0.088625597
0.097707721
0.10713008
0.11659576
0.12570487
0.13396008
0.14079548
0.14561834
0.14780962
0.14670381
0.14202734
0.13548869
0.26673034
0.27080588
0.27458824
0.27857349
0.28260227
0.28646655
0.28987943
0.29246623
0.29376722
0.2932585
0.29039683
0.28466645
0.27556995
0.26264257
0.24609896
0.22855111
0.43286719
0.43429859
0.43544879
0.43628541
0.43662188
0.43619098
0.43464621
0.43155993
0.42643336
0.41872697
0.40791183
0.39350689
0.37505158
0.35217795
0.32545636
0.29808724
0.53887774
0.53888853
0.5384826
0.53744435
0.53553165
0.53243103
0.52775374
0.52103951
0.51177418
0.49942795
0.48350788
0.46358126
0.43924622
0.41035683
0.37840563
0.34843167
-0.88322282
-0.85573873
-0.83482625
-0.80854841
-0.77941698
-0.74653495
-0.7100484
-0.66996933
-0.62649718
-0.5800022
-0.53103349
-0.4803035
-0.42865076
-0.37708535
-0.32698202
-0.28020495
0.56280307
0.56229536
0.56127149
0.55955778
0.55691998
0.55306365
0.54763248
0.54021138
0.53033913
0.51753545
0.50134422
0.48138504
0.4574029
0.42936064
0.39772693
0.36410883
0.56390479
0.56338321
0.5623288
0.56056609
0.55785777
0.55390701
0.54835709
0.54079609
0.53077113
0.51781639
0.50149464
0.48144465
0.45743327
0.42948207
0.39822751
0.36549894
0.53953771
0.53953093
0.53909696
0.5380187
0.53605125
0.53287885
0.52811155
0.52129004
0.51190479
0.49943602
0.48340593
0.46339834
0.43903288
0.41023186
0.37864066
0.34925887
0.43189828
0.4333398
0.43450243
0.43534925
0.43569094
0.43525768
0.43370063
0.43059048
0.42542849
0.41767975
0.40682562
0.39238053
0.37379926
0.35056398
0.32361192
0.29816735
0.26522196
0.26933385
0.27315819
0.27719248
0.28127755
0.28520505
0.28868775
0.2913506
0.2927337
0.2923164
0.28956606
0.28395684
0.27484431
0.26146943
0.24467001
0.23094175
0.057009052
0.064803013
0.07184939
0.079780892
0.088384025
0.09754426
0.10706231
0.1166441
0.12589272
0.13431529
0.14135473
0.14642071
0.14884879
0.14791548
0.14353521
0.13715541
-0.16499811
-0.1530634
-0.14308475
-0.13117225
-0.11787618
-0.10321591
-0.087341516
-0.070508996
-0.053084011
-0.035538513
-0.018431014
-0.0023879022
0.011825585
0.02327928
0.032002663
0.041147841
-0.5032123
-0.48933666
-0.47863707
-0.46712069
-0.45272655
-0.4359344
-0.41729425
-0.39703231
-0.37537215
-0.35262772
-0.32913558
-0.30516291
-0.28081017
-0.25596435
-0.23005972
-0.20134415
-0.7121435
-0.68951003
-0.67483201
-0.65619132
-0.63469768
-0.61086798
-0.5846427
-0.55596488
-0.524978
-0.49196381
-0.45729901
-0.42142059
-0.38475924
-0.34771135
-0.31037536
-0.27342863
-0.94613854
-0.91561132
-0.89725765
-0.87179784
-0.84319662
-0.81109746
-0.7754184
-0.73615256
-0.69349999
-0.64783694
-0.59971641
-0.54985196
-0.49906772
-0.44830123
-0.39828597
-0.35082955
-1.1322831
-1.0963161
-1.0753544
-1.0445532
-1.0108394
-0.97256791
-0.92983169
-0.88259498
-0.83105917
-0.77563923
-0.71698807
-0.65598358
-0.59368224
-0.53130757
-0.46984532
-0.41160149
-1.2624307
-1.2231727
-1.2001199
-1.1656129
-1.1284802
-1.0859498
-1.0383784
-0.98564443
-0.92793956
-0.86568398
-0.79957561
-0.73057742
-0.65986853
-0.58878418
-0.51839302
-0.45121541
-1.3272423
-1.2868842
-1.2624009
-1.2259784
-1.1870151
-1.1422099
-1.0920668
-1.0363873
-0.97536428
-0.90941684
-0.83926698
-0.76593025
-0.69067267
-0.61493063
-0.54002674
-0.46858599
-1.3211063
-1.2817253
-1.2565389
-1.2200473
-1.1807641
-1.1356543
-1.0851597
-1.0290789
-0.96761926
-0.90121405
-0.83060355
-0.75682697
-0.68117808
-0.60511235
-0.530105
-0.45852855
-1.2413071
-1.2047111
-1.1798635
-1.1452262
-1.1074019
-1.0641955
-1.0158672
-0.96227961
-0.90364961
-0.84042577
-0.77334681
-0.70343631
-0.63195271
-0.5602774
-0.48975625
-0.42170201
-1.0872982
-1.0547222
-1.0313226
-1.0002857
-0.96594884
-0.92697922
-0.88353486
-0.83556147
-0.78327823
-0.72712018
-0.6677686
-0.60614242
-0.54334136
-0.48055626
-0.41907874
-0.36128179
-0.71198674
-0.68969869
-0.67079648
-0.64777111
-0.62229455
-0.59359008
-0.56177385
-0.52689865
-0.48914274
-0.44884312
-0.40651625
-0.36286021
-0.31877562
-0.27555999
-0.23484571
-0.19606072
-0.60226033
-0.58476152
-0.56729086
-0.54557347
-0.52127743
-0.49357644
-0.46240276
-0.42781487
-0.39009528
-0.34983243
-0.30793463
-0.26558173
-0.22419691
-0.18556933
-0.15122098
-0.11818395
-0.056871343
-0.053805603
-0.050066917
-0.047282754
-0.0470904
-0.050036136
-0.055851413
-0.064108448
-0.0742548
-0.085461692
-0.0966358
-0.10653726
-0.1139208
-0.11773597
-0.11765942
-0.11310345
-0.083475274
-0.081604544
-0.080848719
-0.080566796
-0.079674836
-0.07861354
-0.078817908
-0.081162131
-0.085166744
-0.089669265
-0.093834647
-0.096859208
-0.097844343
-0.096085998
-0.091563096
-0.08461478
-0.099742608
-0.097960995
-0.096700604
-0.095600955
-0.094971085
-0.095052975
-0.095006396
-0.093563268
-0.090785415
-0.088361734
-0.087087169
-0.084865806
-0.079884399
-0.071462506
-0.060041948
-0.04640295
-0.11060084
-0.1092684
-0.10823634
-0.10743411
-0.10689237
-0.10673486
-0.10733151
-0.10943029
-0.11349938
-0.11762271
-0.11655702
-0.10742662
-0.089536012
-0.065869403
-0.04052818
-0.016041736
-0.081407753
-0.081395491
-0.081823341
-0.082795028
-0.084377299
-0.086640574
-0.089641914
-0.093396977
-0.097768492
-0.10237734
-0.10472696
-0.098792364
-0.080625369
-0.051052259
-0.016786921
0.016790553
-0.019860057
-0.020658635
-0.02205474
-0.024111651
-0.02690459
-0.030470932
-0.034762522
-0.039652805
-0.045091408
-0.051095233
-0.056318424
-0.054834687
-0.040889341
-0.015401167
0.016483319
0.048068903
-0.026198462
-0.026955821
-0.028244031
-0.030126359
-0.032673532
-0.035925378
-0.039850267
-0.044368158
-0.049529109
-0.055458751
-0.060647968
-0.058467224
-0.043874785
-0.018655206
0.010530236
0.041411789
-0.087362279
-0.087242383
-0.087553192
-0.088409958
-0.089877783
-0.092024121
-0.094902743
-0.098527984
-0.10276925
-0.1072633
-0.10944827
-0.10289757
-0.083136335
-0.053520914
-0.019340078
0.015813156
-0.11611743
-0.11468699
-0.1135862
-0.11273603
-0.1121543
-0.11195968
-0.11252248
-0.1146002
-0.11862476
-0.12253492
-0.12112931
-0.11157944
-0.0922935
-0.067726054
-0.041346764
-0.014562627
-0.10384755
-0.10198549
-0.10067558
-0.099544718
-0.098899758
-0.098995
-0.09899182
-0.097588743
-0.094840552
-0.092412983
-0.090976884
-0.088396541
-0.082819382
-0.073614803
-0.061337365
-0.046626153
-0.086369127
-0.084449168
-0.083677319
-0.08341976
-0.082572065
-0.081562586
-0.081831889
-0.084248899
-0.088293649
-0.092778551
-0.096850089
-0.099690983
-0.10039905
-0.098280763
-0.09344126
-0.085371129
-0.059112767
-0.056013537
-0.05225939
-0.049491626
-0.04934282
-0.052350549
-0.058236113
-0.066563577
-0.076771493
-0.088019078
-0.099197989
-0.10905229
-0.11632409
-0.11998349
-0.11988262
-0.11477246
-0.28617123
-0.35462461
-0.33487272
-0.31692454
-0.29584631
-0.27231009
-0.24668467
-0.21925851
-0.19058362
-0.16141565
-0.13261676
-0.10522609
-0.080678206
-0.059473652
-0.037024186
-0.28774776
-0.35593672
-0.33623248
-0.31826782
-0.29716572
-0.27359736
-0.24792723
-0.22043937
-0.19168608
-0.16242798
-0.13354301
-0.10608508
-0.081455249
-0.059973942
-0.037869418
-0.16382405
-0.22917196
-0.22946031
-0.22229483
-0.21880569
-0.21657578
-0.21404157
-0.21090795
-0.20709176
-0.20240946
-0.19655204
-0.18907774
-0.17955754
-0.1678909
-0.14744304
-0.16150314
-0.22645405
-0.22669796
-0.2195258
-0.21602839
-0.21379793
-0.21127849
-0.20818049
-0.20442805
-0.19984847
-0.19414731
-0.18690509
-0.17766161
-0.16651593
-0.1502092
-0.20138163
-0.20336537
-0.17640864
-0.17423902
-0.01741608
-0.036868132
0.10294884
-0.034936673
-0.074483802
0.0057099293
0.0069967771
0.018335217
0.017967333
-0.02341123
-0.030001282
4.3943895e-05
0.061997725
-0.062942252
0.011039444
-0.088219422
-0.02491949
-0.11533758
-0.081081028
-0.083048444
-0.088334883
0.064658564
0.020201117
0.024771776
0.039886838
0.0040467728
-0.020840859
-0.084184611
-0.04259892
-0.14690711
0.0053987938
-0.016219993
-0.040635588
-0.061093135
0.052615172
-0.032538296
0.0012604923
0.048749639
-0.038945074
-0.027223957
0.037602647
0.00083904949
0.017679259
-0.14345305
0.017301663
0.13045216
-0.013161106
0.035441899
0.014319696
0.013824048
-0.18637195
0.22910791
0.065072392
-0.032611625
-0.17179475
-0.052926541
-0.034633278
0.0075865657
0.024153012
-0.020637861
-0.017788637
0.014020634
0.012919892
-0.024146019
-0.20159201
-0.020573571
0.0042667051
-0.012708673
-0.038378518
-0.014117109
0.010193653
-0.073436954
0.015004328
-0.000958028
-0.0012540767
0.020742073
-0.037054303
0.010361352
-0.0028570669
-0.0038085824
-0.016970177
-0.14920708
-0.15602061
-0.017464665
-0.030495408
-0.045835233
0.022823565
-0.00015177038
-0.16723141
-0.00121164
-0.026304703
0.0028757725
0.14586816
-0.050510693
0.042151899
0.052743052
7.1635988e-05
0.11611508
-0.182627
0.058000963
-0.00095248923
-0.028843656
0.0036473867
0.0010014094
-0.027716715
-0.06835615
-0.037757036
-0.00082407548
-0.038287498
-0.15191154
-0.2031006
0.075502711
-0.040847958
0.033356756
-0.091799662
-0.0024820029
0.087545603
0.00091720447
-0.00055837697
0.079066006
0.073680461
-0.041003163
0.049114261
-0.039172157
-0.12276517
0.035927102
-0.016023452
-0.15459537
-0.044514117
0.065788475
-0.047507793
0.035230174
0.00031458529
0.00067535931
0.0030820998
-0.050383018
0.1206338
-6.4203451e-05
-0.18717143
-0.024892601
0.040852005
-0.030031623
-0.077750899
-0.023947646
-0.00024458848
-0.00012889283
-0.023323987
-0.040423513
-0.0089246588
0.011544617
0.010698837
-0.019183283
0.0096911898
0.086341239
-0.001745335
0.035686454
-0.16289311
-0.017047714
-0.0030185075
0.00098052987
-0.3750058
-0.37523006
0.04601819
0.067695362
-0.013164857
-0.00040442583
-0.0093659734
0.010493658
-0.08395396
-0.00018147595
-0.079589139
0.13716064
0.013277142
0.0010800623
-0.016874529
0.045168944
-0.0080017299
-0.00035241975
-0.021906394
-0.018111048
0.014132238
-0.076779591
-0.060435503
0.010634111
0.016081252
0.019474147
0.043135402
0.00035179063
0.012308429
-0.033651331
-0.0012742282
0.002401971
-0.094208967
0.065577955
-0.019972516
0.026328643
0.001557602
0.0067715966
0.0077368257
0.15358967
0.013650299
0.011722598
-0.11298312
-0.0088092274
0.068815594
0.025326787
0.057045854
-0.0031339857
0.085493168
0.00084703421
-0.019433867
-0.013136307
-0.010151341
0.0052529603
-0.0010802665
0.00064292015
-0.0012361237
0.036481514
0.050092764
0.033345621
-0.033541803
-0.042033668
-0.0054423974
-0.00062297113
-0.029434474
0.078429264
0.070854467
-0.00053812853
-0.049880053
0.03314137
0.076750546
0.10270854
-0.0015670717
-0.058621383
-0.10394904
0.0083745084
-0.005317776
0.039940486
-0.030448439
-0.0012633153
0.005706643
0.00080567171
0.015146244
-0.059222362
0.097883457
-0.018142595
-0.057204244
0.025188403
0.0026018965
-0.062321935
0.014978679
0.14265792
0.00087738512
0.00068665146
-0.070285874
0.00050532825
0.05917301
0.011561205
-0.0011241915
-0.026837904
-0.03405244
0.00010329732
-0.0011156892
-0.0017954485
-0.020486807
-0.0088045306
0.005482914
-0.040960486
0.0017094365
-0.026645469
-0.00010134204
-0.022530523
-0.0095923764
0.061256455
-0.09037298
-0.0029655254
0.089130262
0.070925563
-0.0098579958
0.0035009379
-0.013451628
-0.0019333739
0.0059703847
-0.13544464
0.035813392
-0.089786373
0.0024089789
-0.014297948
0.013344296
-0.0076543118
0.013556318
0.048760568
-0.13217411
0.00029600295
0.090352771
-0.041691112
0.007708687
0.041440828
0.012835599
-0.039328439
0.0055165552
-0.10159767
-0.070780533
0.10493503
0.14179483
-0.044673599
0.011614205
-0.0071848299
-0.024120856
0.047186236
-0.10847372
-0.035427248
0.0019472335
-0.039977173
-0.012309077
-9.0744928e-05
0.0080520294
0.0047295235
0.17242459
-0.038997243
-0.11443961
0.055289172
0.00026983953
-0.00094712517
0.0062797176
-0.019411414
-0.11879065
0.0026477413
0.0021512613
-0.00010155614
0.22726954
-0.01575222
-0.015523549
0.033188915
-0.044156152
-0.10603874
-0.025715457
0.0016250265
-0.0018188771
0.004705002
-0.14335806
-0.045252565
0.0027466545
0.078882807
-4.1097617e-05
0.0030011459
-0.13883535
0.0053729364
-0.070947558
0.00065428705
0.0011538746
-0.20321924
0.027875872
0.009884687
-0.024532684
-0.14030868
-0.039858582
-0.0020649289
-0.10966714
0.021836064
0.015340741
0.029202865
0.00046291225
-0.18527721
0.11355845
0.051896868
0.010552691
-0.13975507
0.0018090516
0.063380963
-0.13702328
-0.16380766
0.15048627
-0.0057068378
0.0082698391
0.016635899
0.025933819
-0.057565206
-0.16030842
0.010181791
-0.05090754
0.065975158
0.051865168
-0.023514799
-0.056865913
-0.013610404
-0.031759088
4.1767799e-05
0.0066677733
-0.21453663
0.00033841469
0.014610069
-0.2106739
0.0011539778
0.0097978095
-0.027148845
-0.0058503834
0.026176433
0.2087593
-0.041267628
0.00044142268
-0.066775359
0.005795772
-0.10882312
0.032659137
-0.056065981
-0.020471654
-0.006204185
0.026793535
0.00034510601
-0.014249814
0.026628716
-0.0010068969
-0.012143104
-0.011242001
0.009946702
0.011415371
-0.00012702014
-0.030042725
0.0014512924
-0.043320706
-0.0031462469
-0.020171828
0.021543723
0.069108476
0.10649933
-0.11407782
0.00074898667
0.056423858
0.0038299776
0.012933286
0.011118234
-0.037144752
-0.039307245
0.055523324
0.005830794
0.0030598285
-0.10640875
-0.10386951
-0.02005911
-0.15720121
-0.090506616
-0.029255912
0.0030890789
-0.11631967
-0.043196768
0.00025363991
0.00019822506
-0.02159592
0.03322532
0.00040287066
-0.082002567
-0.1135821
0.00053614114
-0.059453165
0.0061289388
-0.04097061
-0.0099853434
0.00040780433
0.012758681
0.014154133
0.078028232
0.011111292
-0.030925445
0.0083943711
0.027479721
0.022753859
0.044763195
0.058568738
-0.03818611
0.018441336
-0.0011566849
0.09640656
-0.01028437
-0.0074885085
-0.037004873
-0.0017665932
-0.00037141653
0.23535781
-0.0032789274
-0.036308891
-0.1013395
-0.050723495
0.00011173238
-0.075961327
-0.15818346
0.0019886835
0.03818016
0.02080729
-0.185419
0.033852232
0.000258457
-0.059674737
-0.032491738
-0.15452735
-0.038561779
-0.0078778086
0.016471298
0.00087823855
-0.016128967
0.019549917
-0.010433216
0.10078161
0.01042588
0.0091248153
-0.053419449
-0.35979036
-0.027579364
0.00032469001
0.054609611
0.0013781474
-0.0027029302
-0.040908475
-0.021944203
-0.10171819
-0.35989616
-0.0043309746
0.023596976
-0.0039836678
0.028809329
-0.0019541486
-0.029561551
0.016136018
-0.0052972628
-0.18178117
-0.017936841
-0.10893922
0.011306127
-0.14931402
0.069565515
0.011914469
-0.1617371
0.066320944
0.0085317535
-0.20884523
0.063530875
0.01535637
0.015707257
0.026001183
0.023085227
-0.33230012
-0.054700212
-0.12064685
0.00086054678
-0.11743231
0.064362453
0.029702672
0.029486004
0.015337159
-0.047777439
-0.028646722
0.0031904413
-0.00023003177
0.060418083
-0.098361066
-0.035344209
0.0059182168
-0.33368794
0.10342939
-0.12647914
-0.051491463
-0.009806239
-0.15206542
-0.093834322
-0.0019684281
-0.21809037
-0.045752057
-0.017230591
0.023919569
0.025611232
-0.028674547
-0.10170335
-0.13994108
0.064748258
0.099668866
0.093675679
0.016276942
-0.0038801899
0.028367364
0.057042745
0.10544786
0.043236704
0.14257948
0.0013451517
0.021957645
0.043411066
0.0014814661
-0.023723976
0.0016199701
0.036486093
0.070187814
0.018187035
-0.21450906
0.023025643
-0.009111558
0.23495097
0.033091676
-0.00046262112
0.2247661
0.06602865
-0.033151559
-0.035241732
0.055257308
0.22334337
-0.088497328
-0.017065761
0.052398689
-0.0046445707
0.13022448
0.05289977
0.057480342
-0.039175763
1.8330853e-05
0.069112986
0.058634853
0.23403772
0.015355132
0.0013475946
0.023259374
-0.056266224
-0.06047989
-0.040144727
-0.18539253
0.23315638
-0.029627066
-0.00070791426
-0.026834861
0.107639
0.086873496
-0.10410313
-0.096839229
0.0067549563
0.052808772
-0.11930024
-0.18145493
-0.052985036
-0.084659521
0.01188546
0.011231786
-0.0099126442
-0.02567482
-0.010699637
0.00789136
-0.024794216
-0.074222687
0.035938505
-0.03609034
-0.01136228
-0.11641342
0.1913508
-0.084430218
0.012265609
-0.00051451117
0.0084081742
0.0235746
-0.030116853
0.21997071
-0.026384273
0.00045029007
0.037946651
-0.00054254204
-0.17843007
-0.0012839639
-0.049449984
0.0016258828
-0.026663906
0.0063856766
-0.12013029
0.098216081
-0.12252627
-0.00015144973
0.019146415
-0.077995402
0.075905638
-0.0020397233
0.10462166
-0.027017079
0.27884555
-0.014417696
-0.019843975
-0.17537103
0.1671841
-0.12998916
0.00049383978
0.0010677649
0.0029652636
0.0005798604
-0.16893157
0.029210426
0.023533183
0.0087171434
-0.31092328
0.0019553601
0.031114577
-0.00093495323
-0.31060874
0.013769157
0.0012018035
-0.086928627
2.1354202e-05
0.0044943124
0.059739635
-0.045745194
-0.23231549
0.017599103
-0.020613739
7.2956315e-05
-0.00088353292
-0.036574371
-0.052031954
0.024708944
-0.011154057
0.031061635
-0.020371091
0.095549714
-0.23010003
-0.010313634
-0.025791406
-0.22584576
0.026722986
0.060534296
0.00013216674
-0.045100845
-0.0011111873
0.05490194
0.045982178
-0.059565208
0.010776637
0.00052107636
-0.032133315
0.02033389
0.079040348
0.023972518
-0.015884956
0.062833664
0.0023462249
-0.2251017
0.039512866
-0.009100899
-0.069131406
-0.0060806329
-0.016931168
-0.039321281
-0.0018244981
-0.029111021
-0.044865297
0.0094642561
-0.00031264943
-0.083462479
-0.038328894
-0.034762891
-0.033534318
-0.014487167
-0.15018974
-0.089360501
-0.087395536
0.026772753
-0.083943918
0.10899103
0.0063274232
0.017341734
-0.037862991
0.019155091
-0.13293054
0.0055488048
-0.07231343
-0.14765114
-0.04229449
-0.010069962
-0.07779674
-0.03205328
-0.017317432
0.00051867218
-0.037055736
0.052399252
-0.0092638012
0.0018646488
0.024453626
0.05501686
-0.048100163
0.10406656
-0.063487491
0.3298556
0.043098368
-0.064584058
-0.021502167
0.00031584472
0.02301045
0.072643693
-0.035053347
0.0014796125
-0.00066157692
0.0085091528
0.027537795
-0.0099916572
0.0013180194
-0.0036200449
-0.00022108079
0.10072061
-0.0008331574
0.047466615
0.070434394
0.060137643
0.055075185
0.044619615
0.021685648
0.00060853386
0.026206002
-0.038695611
-0.016500442
-3.1282791e-06
0.00049629186
0.1068019
-0.051166705
-0.1048413
0.013323728
0.062470876
-0.01728307
0.068254002
0.029223083
-0.032490058
0.13125075
0.0011081155
-0.0093174839
-0.015867832
0.00012925111
-9.5044851e-05
-0.0098417782
0.0048008879
0.23140793
-0.0083616046
-0.018955882
0.04029811
0.0022229816
0.0040957383
0.0011908899
-0.00096675077
0.064387351
-0.029952203
-0.023859838
-0.0031935241
0.031018277
0.007959262
0.014497558
-0.013287831
-0.00038559242
-5.3170824e-05
0.018277537
0.050839081
0.028423483
-0.04943619
0.00028847823
0.0020112053
-0.082203149
0.018588246
-0.006237196
-0.018996756
0.21494345
-0.0459656
0.21360972
-0.11255506
-0.052894923
0.0059178653
-0.026211698
0.026805687
0.0010759405
0.083675222
0.0027179142
0.052652279
-0.0097699753
-0.049408694
-0.065111314
-0.21336931
0.017002929
-0.00091431525
-0.024330507
0.061323333
-0.041195148
0.0722051
-0.039756008
-0.013803679
0.050204006
0.02223043
-0.00081880365
0.010393169
-0.0092285575
-0.21001345
0.0043632888
0.32382787
-0.16096563
-0.048879631
0.0059774023
0.18632097
0.024602046
-0.2315929
-0.035881136
0.0013117079
-0.020318779
-0.041208661
-0.19937328
-0.01791368
0.023650799
-0.19636292
-0.03899303
0.040881142
0.0051142717
-0.0080626973
-0.016259641
0.00074682399
0.0018851906
5.3520369e-05
0.024707145
0.0049457261
-0.0018651894
-0.020908866
0.070062
0.043384869
0.10705722
0.05701907
-0.10790265
-0.15723354
-0.0033419444
-0.060483627
0.0076134864
-0.20385502
-0.088928683
-0.036943403
-0.030705371
-0.063311218
0.060493658
-0.038339764
0.00060737618
-0.04052662
-0.0085951168
0.061665818
-0.017703732
0.0052063458
0.0040763369
-0.20883828
-0.031436517
0.0029115004
0.00073961139
-0.00092789545
0.031003883
0.016418825
0.29080767
0.0030359075
0.00076221262
-0.0040286249
-0.01302085
-0.19522959
-0.10972678
-0.052528366
-0.060719209
-0.050415921
0.1014708
0.1674783
-0.18258173
8.5423041e-05
0.073745527
-0.21603984
-0.018360685
0.022785056
-0.15627977
-0.17073318
0.034568097
0.0014743077
0.025640159
-0.00047538025
-0.015281714
-0.060545177
0.058641211
0.12922098
-0.15483267
0.0049820516
0.14538832
-0.0047520169
0.024717137
-0.010533561
0.088273409
-0.014282962
-0.012830486
0.0056257302
0.00065496685
-0.0098375693
-0.11728824
0.26545888
-0.13030308
-0.12151282
-0.0044694476
-0.11000997
0.16734903
-0.10531826
0.058787936
-0.049871026
-0.091746303
0.0016415993
0.010124705
0.013180137
-0.055271947
0.0072095754
-0.15137656
0.026094185
0.04673885
0.1196561
-0.070161123
-0.078404562
0.059945854
-0.020155638
0.0025665948
-0.0061063509
-0.22163958
-0.13464032
-0.024661035
-0.021990062
-0.044074013
0.0020557295
0.025153329
0.071260751
0.027603792
-0.14711048
0.0013467487
-0.085566817
-0.0074754098
0.0041337753
0.1229687
0.068499425
0.0004346989
0.059478846
-0.025310353
0.072606466
0.0096386832
-0.018191268
0.035045589
0.1610267
-0.39385212
0.052944501
-0.0030186415
-0.11427064
0.0004378925
-0.39379191
-0.001457169
0.041164093
-0.074319424
0.00016442126
0.031783104
-0.016039388
0.017281849
-0.16223253
-0.23480924
-0.0059941833
-0.0018390864
0.0036907829
-0.0088431376
0.102167
-0.12519698
-0.10915939
0.069187223
0.00195032
-0.14193056
0.0039564051
0.032511471
0.041363698
-0.12234746
0.0076375173
0.0084448111
-0.032273872
-0.016137944
-0.077526714
-0.00014597458
0.0023441784
-0.19144632
0.0097138877
0.0062889349
-0.03329546
-0.010537193
-0.26876795
-0.0074380441
0.20060857
-0.2658241
0.097684859
-0.12203538
-0.0025880847
0.07251434
-0.0043635637
-0.030235114
-0.3594199
-0.04197151
0.26455691
0.0022527145
-0.18752948
-0.11217614
0.028137145
-0.3587717
0.026254978
-0.0050098261
0.11240617
0.0073142487
0.016681605
-0.001989016
0.081728546
-0.035040633
8.4373459e-05
-0.0073480423
-0.14386707
6.4621072e-05
0.016074811
-0.041536434
-0.030106007
0.0025576464
0.00054817775
0.035358566
0.33208288
-0.0042644591
0.081360728
-0.066559804
0.051164659
0.019595457
0.020156438
0.20578776
-0.003979673
0.069228249
0.088722522
-0.059445996
0.073044027
-0.17862126
-0.039486875
-2.0039311e-05
0.018229088
-0.00811206
0.00022318886
-0.022104156
0.0094295978
0.013422882
-0.096164101
0.2904223
-0.10082181
0.054950422
-0.17493451
0.04663463
0.034733213
-0.048300208
0.13238676
0.061039166
0.025917148
0.03546221
-0.0093196965
-0.0021858681
0.015401776
-0.019979035
-0.0086606022
-0.30895208
-0.30790205
-0.0029941949
-0.021697475
-0.0076652038
0.0012796512
-0.039804112
-0.0034074463
-0.0055465306
-0.11821726
-0.00043927406
-0.03756671
-0.052095236
-9.3001212e-05
-0.036970693
0.028550108
-0.026168763
0.0017618241
0.01833797
-0.3840469
0.075389609
0.0014927764
-0.045603081
0.066242855
-0.062671679
-0.38386581
-0.0016191291
0.0038102962
-0.080581887
0.036267477
-0.0081186484
-0.31278113
-8.8727679e-05
0.10370212
-0.040965287
0.0025721948
-0.00039713797
-0.019029052
-0.31014625
0.070419351
0.0016777528
-0.094316084
-3.3816356e-05
-0.041820644
-0.15791327
0.048720353
0.059122237
-0.0026449111
0.037299402
-0.0045685238
-0.085935075
-0.15418351
0.0075277536
-0.015399395
-0.035511673
-0.067951474
-0.0022647048
0.31004414
-0.00094644738
0.16791585
0.0093926821
0.18895924
-0.090381718
-0.08715926
-0.006173824
0.019771593
0.020099822
0.080839406
-0.045222112
0.00026273107
0.095273807
0.03957067
-0.0033615207
-0.038520522
-0.0032446354
0.071576539
0.030888067
0.00043401974
0.0079250054
-0.0073298054
-0.02163401
-0.01325697
0.021125849
0.020217517
-0.042162843
0.007900888
-0.19896319
0.031684558
0.049896621
0.014904809
-0.024478735
-0.0015951469
-0.00066936516
0.20676357
-0.017135876
-0.02215332
-0.001427193
0.077735389
0.12763708
-0.1506267
-0.01847454
-0.0063045964
0.083567153
0.27310163
0.00044927573
0.0027639035
0.03680554
-0.0055082245
0.00014738769
0.0030492875
-0.051711008
0.064208146
0.0001093614
-0.028416625
-0.068152741
0.019954532
-0.00016951153
-0.040711071
-0.0082072756
-0.0016377949
-0.001755937
-0.080979895
-0.030427302
-0.21053738
-0.079625588
0.00018745014
-0.0043704032
-0.021539566
0.073587508
0.068809626
0.040343478
-0.10668252
-1.6467206e-05
0.046810915
-0.081228512
-0.20652664
0.047462456
7.3681896e-06
0.03255058
0.0047968433
-0.17727719
-0.2302012
0.0043710733
0.049458536
0.050280832
-0.0049682005
-0.12248216
0.00017972633
-0.018962958
0.0057443947
0.087070786
-0.091865461
0.05369094
0.088100644
-0.0013869261
0.15729732
0.27144114
0.03147055
0.0057440586
-0.1249607
0.058232902
-0.084595959
0.098390709
0.014098018
-0.10022977
0.027158654
0.13505863
0.10393741
0.0002994125
-0.00011116911
-0.1999334
-0.001020152
0.098440656
0.0066746033
0.0051150909
-0.22655559
0.0071060949
0.021193145
0.10412761
-0.26032927
-0.066019616
-0.12062536
-0.094649456
0.16002592
0.00082821913
0.0077099678
-0.041064689
0.047568181
-0.026264154
4.3127877e-05
-0.27731419
-0.0021525031
-0.0015227003
-0.27513264
0.0050604106
-0.27913767
-0.0025807108
-0.0056861805
-0.017871366
0.00063451843
0.023851539
0.072403556
0.0062087029
-3.3406663e-05
-0.035996297
-0.0016955223
-0.039354737
0.016449841
-0.0094820684
0.018098363
0.030999707
-0.19597624
-0.27582508
-0.13500872
0.00034149987
-0.00091066955
0.00021683351
0.00690547
0.00090010776
0.026895905
0.0099889857
0.00035338604
0.049170143
0.085374775
-0.037106489
0.13644699
-0.026662107
-0.0047040841
-0.18353496
0.044435027
-0.35288574
0.077583348
-0.0012136609
-0.012051259
0.019752181
-0.04043694
-0.038657093
-0.23938412
-0.0074586526
0.028191699
-0.0031460301
0.05573565
-0.00092737366
0.0064863744
-0.00044273951
0.00095870313
0.090372626
-0.012463456
-0.030034519
-0.025324133
0.032375439
-0.045613826
-0.015941307
-0.0012918206
-0.001642794
-0.011848775
0.21286154
-0.035248903
-0.00059632859
-0.033762371
0.066562985
-0.05664863
-0.090865117
0.047241698
0.042642506
-0.35589451
-0.00033944577
-0.00050254319
0.050148289
-0.0013743662
0.019981593
-0.004213889
-0.042665869
0.0057644513
0.060640978
0.03213046
0.22524184
-0.1547237
0.0053341288
0.023506359
-0.24205541
-0.24260222
0.21683174
0.056020507
-0.010389757
-0.062403807
-0.0062265872
-0.0019841261
0.0844971
-0.00016780875
0.059909362
0.12254818
-0.0011701277
-0.13171509
0.10408436
-0.050751928
0.00022662717
-0.0026203688
0.020487264
0.047882315
-0.027219827
0.0014551867
0.0041536313
0.004563246
-0.091149754
-0.14902231
0.00063016108
-0.0032837726
-0.14108758
0.024906159
-0.00080540761
-0.0088396776
0.061342839
-0.093859153
-0.00012389669
-0.025012174
0.0027360502
-0.0023838885
0.0087155692
-0.056934533
-0.25026847
0.012393135
0.28522409
0.075497416
0.0082212552
0.0070823795
0.061354878
0.00072388095
-0.18210506
0.0093239789
-0.18597052
0.018847473
0.018525835
-0.1312685
-0.062113222
-0.043061052
0.033347007
-0.16209323
-0.052131899
0.20771641
0.15224773
-0.018826542
0.31312135
0.032500173
-0.20696288
-0.00097210088
-0.26332158
0.26648124
0.010186386
-0.24678121
-0.21049195
-0.0075892797
-0.0011727871
0.00083569139
0.071453131
0.24840702
-0.020011485
-0.065277387
0.015575745
0.028887888
-0.063002315
0.021276074
-0.015745449
0.0029169464
-0.031090035
-0.006661195
-0.020230944
-0.16446595
0.019011374
-0.036799634
-0.013453225
-0.0047588291
-0.26917273
0.00023857441
-0.042533219
-0.20422292
0.020181421
0.046727046
-0.26848787
-0.006823863
-0.045953932
0.00017262818
0.069092383
0.058463965
-0.083089486
0.030787014
0.2819566
0.061878358
-0.02498459
0.019746375
-0.0024564852
0.045043147
0.18901364
-0.0084852741
-0.011201122
-0.032775366
-0.27091509
-0.043311526
0.043934352
0.0049573052
-0.00077873699
0.0049613897
-0.04791113
0.023911737
0.16706919
-0.12099324
-0.068272839
-0.0040733051
0.022840833
-0.00037556224
-0.0019837711
-0.0053821343
-0.29443747
0.064737238
0.030941933
0.090608517
-0.29148314
-0.007416776
0.094247246
-0.1210826
-0.13403563
0.026108318
-0.10820041
-0.043757882
-0.27054799
-0.34953881
-0.34937423
0.1247634
0.00044309815
-0.13950826
-0.064783139
-0.0017572359
0.010848931
-0.030166717
-0.0068784436
-0.090858789
0.002709748
-0.089118699
-0.040756358
0.0046649962
-0.10571212
0.014943969
0.082601842
-0.033723484
0.069538276
-0.054740991
-0.033643319
0.074236843
-0.018711099
-0.30667514
0.046291536
-0.021404224
-0.097731186
-0.0056857498
-0.039660871
0.014118301
-0.0036135644
0.003740985
0.0022305257
0.088238693
0.0018838944
-0.039291009
0.021923934
0.0052677411
-0.0071403262
-0.011517131
-0.12553449
0.13192199
-0.0044646648
0.012612684
-0.029328595
0.00086450799
-0.00026858779
-0.0058259345
0.28314982
0.0010689958
-0.079371802
-0.23724657
0.19239594
-0.052627132
-0.021766397
-0.0051794463
0.031672438
0.12094585
-0.0056516226
-0.074944844
-0.089470839
0.06432373
0.016625952
0.044735034
8.8430272e-05
-0.00030463754
0.072865109
-0.012176455
-0.018568193
-0.076975588
-0.091365084
0.00087301717
-0.086963145
0.19887263
-0.0063024691
-0.00014844557
-0.043570825
-0.016258795
-0.055985879
-0.00011069352
-0.029283708
0.04661321
0.012562965
-0.23354776
-0.30981654
-0.051906748
-0.01514067
-0.244948
0.26394633
-0.037471542
-0.0371998
0.0049872915
0.010929049
-0.042784337
0.002773382
-0.08409482
0.049428742
2.10741e-05
-0.0032246194
0.044518875
-0.00094629996
0.057447838
0.059084688
0.043624249
-0.050197618
0.00037079987
0.044872462
-0.10481312
0.017840233
-0.051576878
-0.0043488856
0.057041258
0.00011949956
0.00015083487
0.03615895
-0.00041619402
0.010628486
-0.3079254
0.035645739
0.018241609
-0.1224148
-0.02460397
0.0012657846
-0.017112403
0.024817765
-0.0058073247
-0.037370957
0.043068881
-0.010739512
-0.024031953
0.096692037
0.00050024934
-0.00037677743
0.24526296
0.11794436
-0.052355981
-0.0048408517
-0.057799953
-0.025014771
0.029235754
0.050192025
-0.01628133
-0.059718334
0.0001249026
0.00013370665
-0.058299423
0.068594875
-0.044427671
-0.0049687528
0.059675713
-0.039001993
0.0027941242
-0.00010753489
-0.18292825
-0.047749932
0.0027690135
-0.18698492
-0.052308342
0.047933927
0.26165496
0.00016527896
-0.00017010263
0.0019488403
-0.15352319
-0.00055706941
0.0023191412
0.00060052197
0.0014139176
0.00071934333
-0.24298014
-0.063623069
0.0074960531
0.0043216795
-0.043077293
-0.068957627
-0.30948777
0.13305643
0.00013663774
0.061151646
-0.017788716
0.08265393
0.082500739
-0.061061118
-0.23905511
0.069510621
-0.04997973
-0.068400869
0.01170696
0.070179466
0.030600976
0.048316792
-0.019717647
-0.095130202
0.07359042
-0.0086867351
0.0025239836
0.0033260196
0.027913463
0.010504719
-0.00035615556
0.047307228
-0.0066999807
0.050831033
-0.0021405762
-0.0021380217
0.0070955383
0.028877849
-0.039268416
-0.00019914677
0.0054222929
-0.01005106
-0.095718342
-3.0142454e-05
-0.099848002
-0.0052904867
-0.0039639617
0.022262554
-0.0054088482
0.17037156
0.034677479
-0.010695167
0.075221362
0.0050898036
0.14028096
0.033057342
-0.05244707
-0.028250469
-0.12850756
-0.00061386266
-0.0065806735
0.0015232969
-0.11025002
-0.16571135
-0.015844142
-0.0044435582
0.001570667
-0.0013933776
0.16255013
0.04713006
-0.00099429673
-0.20250623
0.013623121
-0.0068078232
-0.089049878
0.015645761
0.16083253
0.053573007
-0.036447294
0.0098419005
-0.27030404
-0.0016185664
-0.034817261
0.00015419416
0.00032850565
0.00098133828
-0.013607314
0.0071697221
0.023075137
-0.026067159
0.035196689
0.052015763
0.0047866493
0.0035185969
0.0028076461
-0.12589463
-0.024058838
-0.19667294
0.099962979
0.018319229
-0.053143872
-0.0058921441
0.089906111
-0.085355722
-0.00018312471
-0.049721249
-0.0058848295
-0.0051248806
0.0019159353
-0.0054715028
-0.080744662
0.0053403829
-0.26763199
-0.0066109275
0.017126905
0.016440519
-0.0067273404
-0.046055197
-0.0261723
0.0030224498
-0.031950214
0.090308337
-0.03746486
-0.091454949
0.17678224
0.00031929991
-0.0565274
0.033564374
-0.005094705
-0.02903087
0.055548043
-0.042763263
0.07664585
-0.25132092
-0.13221373
-0.041230544
-0.0089404145
-0.0054034478
-0.0029292933
0.027111028
0.0030510067
-0.15949487
-0.055340796
-0.0063809638
0.0083810715
0.010630416
0.027536138
0.017784146
0.23773478
0.0035454114
0.035533891
0.00060717346
-0.055243294
-0.12300515
-0.032198406
-0.0072686933
-0.037887214
-0.00034767746
0.074276081
-0.033862811
-0.014098179
-0.030253363
0.0013518065
-0.016295029
0.00031916867
-0.037420289
0.029981859
-0.067397873
0.059914554
-0.00044859146
0.061227127
-0.023826357
-0.032558365
0.0016215044
0.00066822338
0.049141899
0.088374177
0.00016304754
0.017190689
-0.29295894
0.053472175
0.0014906173
-0.0063503446
0.025626464
-0.11493426
0.003012451
0.0028357923
0.17629297
-0.0013142566
-0.065201471
0.020151298
-0.16026822
0.007957707
-0.0098757087
-0.043703183
0.0077016629
-0.056838237
0.0055381912
0.012347658
-0.0072291474
0.012604502
0.0037715371
-0.048287998
0.062525154
-0.13843304
-0.060863812
0.013363914
-0.0072720117
0.080916803
-0.28897986
0.0065692617
0.00028243644
-0.05435304
0.0024695261
-0.036281722
-0.0063074627
0.042341029
-0.001632317
-0.24689126
-0.10332398
-0.062714647
-0.075024407
-0.28695679
-0.0087215495
0.11876661
-0.011249379
0.090708893
-0.040869539
0.062575441
-0.077062175
-0.022283226
-0.0021004999
-0.04750351
0.0069117419
-0.036082429
-0.00082544012
0.0012648953
-0.0064596082
-0.081170192
-0.090278095
0.024649478
0.018926892
-0.013676615
0.0078733397
0.052652763
0.0028357247
-0.0052633307
-0.025426717
-0.07230464
0.0024488762
0.001166962
0.031279068
-0.0080453708
-0.12731443
-0.0034273061
-0.054333044
-0.012093355
0.022908705
0.018879559
0.0024837897
0.014814565
-0.11799451
-0.15027199
0.019135195
0.074563905
-0.038089859
-0.040582863
0.054487609
0.0056093053
0.020477963
-0.058104391
-0.064833468
0.047451647
-0.00016065844
-0.11896785
-0.014252139
-0.065626173
-0.042588383
-0.28910708
-0.0598897
0.0021420254
-0.00011723491
0.0038798674
-0.12299999
-0.0092672347
0.032305894
-0.004477285
-0.03524925
-0.079512551
-0.1526422
-0.0026223442
-0.012046013
0.031346795
0.17745525
0.00071157198
-0.037497221
9.486761e-05
-0.0026471645
-0.043054026
-0.0060488108
0.055738107
0.0011529989
0.003233659
-0.058801205
0.057029673
-0.0068576377
0.011563249
0.031411915
-0.025632598
-0.042478013
-0.00070554816
-0.0405095
-0.050702887
0.0001146003
0.012636145
-0.0020876545
-0.0012217962
-0.003862915
0.0053679751
0.0010188528
0.034654881
0.0063164658
-0.00023243163
-0.00013486809
-0.0041683384
-0.25611262
0.028474273
0.00025409305
-0.27150126
-0.0010303841
0.09637897
-0.13431344
0.013865151
0.045033006
0.00016837633
0.071658508
-5.591563e-05
-0.00087509003
0.012445176
0.0024298465
-0.059574584
-0.012178373
-0.15455417
-0.0023463606
-0.0065573852
0.0001502898
0.081535794
-8.8389788e-05
-0.007355939
5.2797606e-05
0.0041600499
-0.15902623
2.4770294e-05
-0.035762794
0.065673833
-0.11752555
-0.045524423
-0.0064463429
-0.076333959
-0.00050331098
0.075759753
-0.046399393
-0.011854368
-0.0047623181
-0.060316908
0.19248653
0.062756802
0.062138078
0.032627846
-0.00071410516
-0.062348155
-0.00054072256
-0.023017655
0.020819961
-0.047963372
0.0082755188
-0.029129966
-0.037673665
-0.092636943
0.077033618
-0.050666959
-0.059993052
-0.043590689
-0.088630873
-0.0080534324
-0.044258666
-0.0011278596
-0.037232298
0.00031306192
0.087754671
-0.038631092
-0.020351063
-0.042541727
-0.0020655804
0.049916802
0.00074956747
0.025785583
-0.13172239
0.027515243
-0.00030468301
-0.0010443273
0.048688589
0.018319189
0.073028224
-0.026297228
-0.12776749
-2.345504e-05
0.043246499
0.00068310859
0.0093968353
0.030995554
0.0041191726
-0.0052626231
-0.044026547
0.055601244
-0.12350078
-0.0082320551
0.046622819
-0.0057896498
0.0013155483
-0.039961872
-0.029360179
0.041715747
-0.06549676
-0.024278824
0.02132735
0.079503807
-0.030830264
-0.029926542
-0.0010457558
-0.0025847248
-0.09045372
-0.0068429065
0.037514703
0.008448104
-0.043870026
0.019854141
-0.003570746
0.00022691642
-0.073790621
0.013295708
-0.0056793738
-0.00086632813
0.049991489
0.14217571
-0.046534546
-0.08210375
-0.050480917
-0.056054266
0.031826001
-0.035845853
-0.11279054
-0.057937356
-0.13088721
-0.0095481078
0.01173783
-0.30675022
-0.1673961
0.035142431
0.010612203
0.052513541
0.021894154
-0.035536507
0.052640433
0.016482098
-0.1019074
0.010846214
0.096349534
-0.083270118
0.014463638
-0.004908428
-0.00020182566
0.013926229
-0.089701607
0.076603973
0.055128664
-0.0054934032
-0.053957787
-0.0019112639
-0.093359585
0.00049803863
-0.0058592808
0.15852162
-0.022958769
0.15788714
0.040134239
-0.038734969
0.055254459
-0.092964289
-0.078595375
0.002197206
-0.0014858368
0.016710148
-0.1325652
-0.0009368993
-0.00086239916
0.12892099
0.022583408
-0.11090965
0.078742711
0.049288343
0.13751079
0.059145305
0.086175002
-0.051997294
-0.14511749
-9.2517067e-05
-0.051214598
-0.050997041
-0.039754127
-0.0003476412
-0.029072815
0.031452958
0.020960387
-0.083352137
0.072358142
-0.031800764
-0.022114726
0.014671139
-0.054626372
-0.034573805
0.0073611267
0.029757968
-0.00028319129
-0.06015004
-0.0036439139
-0.03734109
-0.00014857821
0.0052237485
0.001034499
-0.26850094
0.013592263
0.0059801089
-0.081861235
-0.033426189
0.00054613882
0.031681308
0.0033108542
0.0027624875
-0.0029452718
0.0063345021
-0.0050911165
-0.025607692
-0.047060318
0.014999144
-0.00046919272
-0.00050486004
0.10766422
-0.00059145994
-0.023561678
-0.095088635
-0.048755161
0.13345296
-0.048285137
0.011783958
0.021480232
0.08546953
0.13639249
0.041842854
-0.045470347
-0.099825337
0.023699008
0.00274917
-0.010116225
0.19683404
-0.00028973075
0.0016086811
0.0035465413
0.090236509
0.0033493438
-0.066785655
-0.02902105
0.14448219
0.17004092
-0.076237006
-0.13859344
-0.032650001
0.084181143
0.00970058
-0.0056526512
-0.005634413
0.0067052497
-0.13955287
-0.00066411526
-0.023785152
0.17167965
0.0070742219
0.038360112
-0.0026964535
0.02703382
0.12796258
-0.0295914
-0.12094873
0.060490431
0.06360003
0.056990665
-0.1001863
0.010458624
0.010035304
0.036020699
-0.1545542
0.15826877
-0.00018490659
-0.08190232
0.0031482902
-0.28068669
-0.13560673
-0.041317887
0.0069026469
-0.02301985
-0.031241857
-0.0044037828
-0.03610417
0.0024721416
0.054828092
-0.063682181
-0.032321692
-0.0057360918
-0.041795535
-0.067789683
-0.016673826
0.018781251
0.020712219
-0.11832966
-0.053911454
0.0054809306
0.0011139996
-0.11029298
-0.26218504
0.053593078
-0.024365298
0.039627427
-0.12521409
0.0013010754
0.025777157
-0.016496389
-0.050905322
0.020448378
-0.12948008
-0.099052856
0.014000941
-0.12863628
0.041229349
0.083758289
-0.076366472
0.017198121
-0.024134105
0.1420941
0.0013835641
0.00048991493
0.0045164428
-0.0043764052
0.055797495
0.0024541778
0.019147402
-0.0037190319
-0.000473364
0.094131934
-0.059716252
0.016296248
0.015654255
-0.064670147
-0.00065852058
-0.046780036
0.20861018
-0.035128685
0.033911985
0.033375664
-0.00080400962
-0.065343771
-0.028178134
-0.10986174
-0.015736042
-0.055802536
-0.02985496
-0.13633159
0.0066599604
-0.17528882
0.076426921
-0.026622009
0.047908145
-0.0029690487
-0.0013754323
-0.046372787
0.018164892
0.017717248
0.056081179
0.15524426
-0.0016330201
-0.11027987
0.0032156042
0.054627371
-0.02735115
0.00074845401
-0.14938322
-0.066876174
-0.069076272
0.00087736908
0.084430809
0.039712783
0.048066788
-0.055994527
0.036984695
-0.0024442016
0.022824109
-0.010713698
-0.029534646
-2.4192048e-06
-0.070282428
-0.0307137
-0.10698122
0.0048602401
0.089360389
-0.041042799
-5.0842172e-05
0.021912308
0.0091316452
-0.006721731
-0.044960936
-0.055853231
-0.089476055
0.010184137
0.029496796
-0.010269675
-0.0011400986
-0.0017828939
0.014820835
-0.012364103
-0.11543645
-0.030977095
0.0098187836
0.095623106
0.016642375
-0.0037160691
0.0045470852
-0.038366109
-0.031323072
-0.019517043
4.8435693e-05
-0.05032928
-0.0001489951
0.028751384
-0.0002980672
0.13526613
-7.8760913e-05
0.12425083
-0.19204927
0.0085924411
-0.014185248
-0.012916309
-0.087942169
-0.030381465
-0.11866871
-0.0010261182
-0.018792698
-0.0003293688
-0.092104359
-0.010764026
-0.15759985
-0.11418763
0.17542072
0.065086515
-0.0062781248
0.029617031
-0.030049754
-0.038088276
-0.028540745
0.00060902824
-0.032141418
0.0031119057
0.08484848
0.054730476
0.0072004593
0.006615348
-0.017375741
0.0038260548
-0.0013654845
-0.016640819
0.00063374393
0.052314659
0.00069027469
0.029368251
-0.0019724131
-0.094878428
-0.017062184
0.016844009
-0.072054395
-0.12552404
0.071185521
0.020512751
-0.0076621106
-0.003460615
-0.006816913
-0.12762149
-0.032796738
0.00163782
0.11847397
-0.038353999
-0.0064226154
-0.0020902931
0.017127254
0.10906458
0.03205507
0.042751778
-0.00029179897
0.041679436
-0.063176824
0.043555757
-0.025046536
0.02317868
0.088735603
-0.12787788
-0.0045201699
0.00072466098
-0.043093925
-0.0033286535
-0.00054593595
0.058839888
-0.20986441
0.023727605
0.089694975
-0.066060479
1.2639292e-05
-0.014432546
-0.0049860533
0.048731081
-0.0036466079
-0.026368432
-0.016877365
-0.029057116
-0.0045707648
0.057618988
-0.048755168
0.006819622
-0.026072291
-0.00049667919
-0.14166156
0.066617521
0.013599555
-0.00032070686
0.0097366219
-0.023702248
-0.032082473
-0.020347733
-0.31211142
-0.03589476
0.040733988
-0.074279086
0.16878925
-0.001454962
0.056450638
0.027945835
-0.13056062
0.012269482
-0.11548363
0.11850171
-0.0036940628
-0.23985808
-0.0025664768
0.16987514
-0.00088149726
-0.067253345
0.0076075788
0.19320882
-0.033042819
-0.03642963
-0.018049046
0.10712931
0.00050550157
0.023508712
0.012596247
0.14909542
-0.00030123822
0.0024917939
-0.0015122914
-0.029936697
-0.00021889205
-0.00034726417
-0.11302325
0.1157542
-0.0018577831
-0.0027390972
-0.019090588
-0.033723864
0.0010846711
-0.019525716
-0.10902547
0.0028267841
-0.0038425212
-0.074669382
0.017712144
0.046325865
-0.031536604
-0.070527799
-0.10943043
-0.060869489
0.031974542
-0.00052349319
-0.073340631
0.0028616675
0.032276377
-0.03341282
-0.025463486
-0.0003968333
-0.016875126
-0.002405844
-0.055093086
0.055586259
0.030692894
-0.0019212956
-0.0025668021
-0.058408969
-0.034871096
-0.0020239318
0.0021091567
0.036735005
-0.014054332
-0.00015556464
-0.058416099
0.034712196
-0.00086048156
-0.023467513
-0.012077019
-0.03945799
0.10664833
-6.054197e-05
-0.075806608
0.039351993
-0.0005886661
-0.0018355812
0.0069516757
0.014850078
0.0023303572
0.016112624
0.0040546532
-0.00058971432
0.0025374507
-0.071349471
-0.13988606
0.0071359725
0.0061934539
0.11532496
0.038231539
-0.078595532
0.00015233651
0.026055311
0.035482662
0.0093658541
-0.011672659
-0.13404403
0.037214631
-0.098528254
0.009180346
-0.023181315
-5.4682615e-05
0.00091136476
-0.13290889
0.027325379
0.0029593749
0.0020447256
0.018890826
0.059214629
-0.12868496
0.11742599
0.057193891
-0.03107174
-0.014006945
0.015641403
0.016824867
0.087740186
0.12005517
-0.0013689797
0.15691437
0.0004180263
-0.077705354
-0.057178247
-0.015830409
0.071057364
-0.12824841
0.00023660248
-0.037257409
0.070052683
0.021155657
-0.015402051
-7.2020735e-05
0.00034547827
-0.014723128
0.1655251
0.013150352
-0.020528574
0.0081474854
-0.0018615222
0.057230553
0.0020167057
-0.0026604439
0.0014383054
-0.0078986107
-0.05307039
-0.17254913
-0.018748969
-0.0081454355
-0.0041104429
-0.0010214657
-0.02715686
-0.0035382831
0.054279274
-0.072815327
-0.1126155
-0.04142999
0.0019984949
-0.0023271011
-0.0085453895
-0.035448205
-0.10316011
-0.025892094
-0.04458701
-0.011265179
-0.025091531
0.082595463
-0.0023866813
-0.1244172
-0.13951651
-0.01963114
0.048224285
0.061274578
-0.07673454
0.025601045
-0.18100304
0.039919956
0.00034691109
-0.041466601
8.3908154e-05
-0.10450969
0.060547324
0.048635671
-0.035455612
0.0013751366
-0.0027506857
-0.078712436
-0.18344432
-0.00024283641
-0.00025462885
0.32583001
0.015788624
-0.36220973
-0.3618079
-0.0047434277
-0.10056959
-0.018034923
0.18576303
0.050960611
-0.059664761
-0.00059912691
0.033297105
-0.018048465
-0.2011229
-0.014203328
0.036469622
-0.00043770098
0.020728387
-0.018451132
0.019727926
-0.00051274513
-0.013657715
-0.02452129
-0.011320474
0.061523268
0.0086023443
0.038907198
-0.0027375527
-0.0383565
0.020362438
-0.035775189
-0.013150693
-0.020252163
0.018619146
0.019776442
0.019627164
0.018870031
0.033758466
-0.021628976
0.047505305
-0.016960143
0.036020269
0.02109235
0.11412576
0.020327494
0.00048572931
0.0071392652
0.019357822
0.019290796
-0.030084517
0.019082591
0.019539382
0.015153907
-0.14500678
-0.14782264
0.039988636
-0.00062175651
-0.015658227
0.071615434
0.019063789
-0.0015679795
-0.033134665
-0.076599694
0.061378792
-0.04826645
0.018989238
-0.018836218
-0.084224806
0.32480475
-0.015375592
-0.0010469371
-0.21728026
0.0034808218
0.13019952
0.016937084
0.0040491076
0.043727382
0.11014333
0.0022956173
0.052276633
0.052585802
0.008470106
-0.014921352
-0.0168717
-0.047669088
-0.058338836
0.11675407
-0.00033879684
-0.00039341091
0.010812388
0.019525925
0.067088166
0.063774947
-0.013823488
-0.01210303
-0.079910998
0.0028790541
-0.050260466
-0.062938207
-0.0024906864
0.063397261
0.052675955
0.020847883
0.015033604
0.016022617
0.07012968
-0.0017768329
-0.21354948
-0.24076179
-0.00093461232
0.16739805
-0.031925687
0.020160324
-0.062157415
-0.0063817864
0.021287907
-0.021962222
-0.043259777
-0.040994703
-0.051383583
0.039510074
-0.00042633207
-0.081453767
-0.0037531329
-0.031148383
-0.0036823895
0.043843306
-0.078607336
-0.064813009
-0.00080556865
0.053744861
-0.072200187
-0.066866653
0.049830415
-0.062028409
0.025013703
-0.016745111
-0.00028252888
-0.00080563609
-0.013238427
-0.011463026
0.0032036453
-0.056039481
-0.0093872172
-0.0032551565
-0.0036954608
-0.056448717
0.079005438
-0.072245314
-0.00073673038
-0.014675976
0.012623093
-0.011633252
0.12278904
-0.083582753
0.0002226152
0.00063542992
-0.012321373
0.0035813509
-0.043422224
0.0034956584
0.033340441
-0.067262763
0.00053243393
-0.013250821
0.13137051
0.054031145
0.039510568
0.012087891
-0.00040080439
-0.093258069
-0.02031629
-0.00047853303
-0.061308312
-0.043811227
-0.0079415885
-0.0029310411
0.0092831111
-0.002208245
-0.0030514856
-0.00067428644
-0.15307277
0.0054067478
-0.058180914
-0.0026272392
0.0047514708
-0.085748844
0.013583425
0.11662805
0.038716046
-0.0016159895
0.046190946
0.055625987
-0.0049395429
-0.076493013
-0.00058153816
-0.018965536
-0.02939992
0.0018458457
0.00049724684
-0.01385381
0.052958985
0.025666833
0.015703355
-0.012552809
-0.079403263
0.006247133
-0.028060632
-0.0006319703
0.027580037
0.007606345
-0.0024996786
-0.0036681055
0.00022797342
0.040931307
0.00044655626
0.19321575
-0.069193525
0.0055286034
0.039719223
-0.0041213596
-0.027016727
-0.048550761
-0.12588524
0.093715186
0.12085001
-0.052991205
-0.06853123
0.028471212
0.14192679
0.0017771407
0.00045220727
0.0043733846
0.036020248
-0.027448991
-0.00022427592
0.10986212
0.013602204
0.011168439
0.06400093
-0.0026653288
-0.04530954
-0.077210991
-0.0037617754
-0.10620979
0.036747407
0.0058789394
-0.098604607
0.02079032
-0.043625223
-0.029837229
-0.06746703
-0.038284622
0.050274922
0.028145805
-0.099898388
0.041278734
0.14160195
0.0079498367
0.0041135921
0.0017490814
-0.0097985369
-0.034313773
0.10204662
0.022542867
0.045915151
0.053283833
-0.032744684
0.060676936
-0.070991144
0.0246727
-0.0030625658
-0.046495443
0.049709983
0.0018473068
0.0051646696
0.044353134
0.066233618
-0.10459194
0.035156083
-0.066490195
0.0019788943
-0.015738989
0.00024943987
-0.0011054201
-0.1067238
-0.10801889
-0.0025432869
0.0041088693
-0.044716519
-0.0095833767
0.15567204
0.0053728509
0.00038994982
0.0014670997
0.11207153
-0.0045380629
-0.064913985
0.00029528898
-0.011061532
-0.16379986
0.03114275
-0.0088773212
-0.00027786253
0.046935041
-0.089422356
0.038263239
0.0072470406
0.035119072
-0.066430783
-0.054210064
-0.029378372
-0.0080644291
-0.0070142202
-0.0015085052
-0.096657197
0.075536131
-0.025654361
0.013916121
0.027207578
-0.019295256
-0.19418898
-0.0025125649
0.083746774
-0.041250841
0.0073956629
-0.0920866
0.005584873
0.017277205
0.040773302
0.042650721
-0.013015685
0.036386938
-0.064837329
-0.066867615
-0.067967102
0.012118427
-0.029071537
0.036828769
0.0056934507
0.019411422
0.062689303
-0.070381984
0.05947821
0.0013520014
0.011866089
0.010106561
-0.049373077
0.038676543
-0.097805961
-0.046688082
-0.06156604
0.0079943953
-0.069029209
-0.001985176
-0.10489635
-0.076755884
-0.0047022642
0.069680042
-0.0005316051
0.041240966
-0.018160151
-0.075953558
-0.095757256
-0.0018149055
0.01096018
0.010185992
-0.052202798
-0.015361748
-0.011088461
-0.030686065
-0.0097403288
0.048690666
0.0035124265
0.1378623
0.13790081
-0.012161056
-0.0090461587
-0.010056888
-0.052156142
0.0040335227
0.013141995
0.014588433
-0.080668728
0.0042174202
-0.14559414
-0.049669446
-0.0088421184
-0.079198042
-0.12958691
-0.088395707
-0.0029160926
-0.030937743
-0.061948345
0.02186103
0.0043975078
-0.077273928
0.17369662
0.02545449
-0.096842569
0.07988602
0.0025022905
-0.020436643
-0.15406397
0.010008609
-0.0035928992
0.014700061
-0.074712337
0.010446947
0.036381719
0.036100493
0.0013251379
0.095612555
0.0020066951
-0.064245737
-0.039285181
-0.041798314
0.036617522
-0.033513016
0.047878651
-0.055878518
-0.032758766
-0.039308066
-0.0044722662
0.0066133678
-0.086156438
0.19057646
0.00011509882
0.01002843
0.002082462
-0.055925046
0.017672103
-0.0014494956
-0.00065469433
0.0037039436
-0.11111671
-0.00068238735
0.0038528057
0.023420746
0.064673455
0.010332386
-0.04207759
0.024744409
-0.067588991
-0.014553195
-0.054637337
0.066542039
-0.133819
0.021101201
0.013548667
-0.066028095
-0.10008235
0.05679123
-0.045426416
0.035170172
-0.12325664
0.018022985
0.012184658
-0.23646978
-0.076258209
0.00013214201
-0.0041888235
-0.1784938
-0.23213696
-0.082133087
-0.014921192
-0.049270402
-0.044224457
-0.052092262
0.11674636
0.13786543
0.017171806
0.030989686
-0.096509731
-0.014034566
-0.11298311
-0.041037442
0.060743177
-0.01018868
0.07248953
-0.037076446
-0.061132522
0.0022083095
-0.11789361
0.0043926927
0.066411751
-0.004515586
0.020080516
0.0022335985
-0.025185197
0.0073922031
-0.057848512
0.056576587
0.058983128
0.0057852733
0.088995428
-0.056803414
0.010707676
-0.033362394
-0.17829312
-0.0044245791
-0.063011625
0.0011553479
-0.026723095
-0.04917292
-0.036893541
-0.0043809415
-0.0034493654
-0.0004265024
0.065336236
0.02930819
0.00087422399
0.01610371
-0.0010104215
-0.0030463658
0.00051910476
-0.030259857
0.0073531236
0.15818447
0.0019898496
-0.13986921
-0.00040613434
0.0035381642
-0.022604713
-0.040344338
-0.087843851
-0.0054129537
-0.090732348
0.027187841
0.0086922122
0.030441592
0.0015305532
0.0011595406
-0.092616968
0.14834234
0.049503537
-0.031971756
-0.011872567
0.006144304
0.0040838219
-0.036585215
0.028452631
0.032704751
0.036338544
0.0011406059
-0.07659578
0.0055238466
-0.077064853
-0.039145456
0.082544231
-0.011946873
-0.00074963491
0.14587069
0.062673342
0.00039316151
-0.11668787
-0.032433124
-0.043605334
-0.10739225
-0.0075755856
-0.11138832
0.0034796726
0.002350006
0.003485234
0.0013525134
0.046580661
-0.043588206
-0.024889987
0.072839723
0.040974305
0.061372932
-0.010361585
0.00023608998
-0.0056810307
-0.055427188
-0.063401682
-0.036119489
0.038331604
-0.00026290151
-0.00034656106
-0.0085992804
0.039583242
-0.076692827
-0.091900446
0.0034637317
0.0010329822
-2.9644523e-06
0.023112969
0.11204071
0.0044422565
-0.0038398287
-0.071269637
0.037864345
-0.16256676
-0.0020638814
-0.1500583
-0.042665634
-0.14005486
0.027628642
-0.065803471
-0.016900769
0.042427755
0.043072577
-0.0033506715
-0.082679138
-0.076734417
-0.070722941
-0.044819093
0.039264708
-0.080506213
-0.074380033
-0.044073198
-0.067388909
0.043599667
0.050759621
-0.052303915
-0.092621447
-0.11852296
-0.19942559
-0.090839547
0.044115941
0.042589826
)
;

boundaryField
{
    back
    {
        type            empty;
    }
    out
    {
        type            totalPressure;
        rho             none;
        psi             none;
        gamma           1;
        p0              uniform 0;
        value           uniform 0;
    }
    bottom
    {
        type            zeroGradient;
    }
    in
    {
        type            zeroGradient;
    }
    top
    {
        type            zeroGradient;
    }
    wall
    {
        type            zeroGradient;
    }
    front
    {
        type            empty;
    }
}


// ************************************************************************* //
