/*--------------------------------*- C++ -*----------------------------------*\
| =========                 |                                                 |
| \\      /  F ield         | foam-extend: Open Source CFD                    |
|  \\    /   O peration     | Version:     4.1                                |
|   \\  /    A nd           | Web:         http://www.foam-extend.org         |
|    \\/     M anipulation  |                                                 |
\*---------------------------------------------------------------------------*/
FoamFile
{
    version     2.0;
    format      ascii;
    class       volScalarField;
    location    "0.35";
    object      rAU;
}
// * * * * * * * * * * * * * * * * * * * * * * * * * * * * * * * * * * * * * //

dimensions      [0 0 1 0 0 0 0];

internalField   nonuniform List<scalar> 
4393
(
0.0002276734
0.00022729901
0.00022693225
0.0002265575
0.00022617266
0.0002257763
0.00022536604
0.0002249407
0.00022449943
0.00022404203
0.00022356911
0.00022308217
0.00022258371
0.00022207729
0.00022156729
0.00022105989
0.00022056091
0.0002200774
0.00021961703
0.00021918744
0.00021879642
0.00021845169
0.00021816079
0.00021793093
0.00021776876
0.00021768022
0.00021766995
0.00021766995
0.00021774124
0.00021789517
0.00021812989
0.00021844039
0.00021881845
0.00021925298
0.00021973071
0.00022023707
0.00022075719
0.00022127687
0.00022178326
0.00022226532
0.00022271407
0.00022312253
0.00022348564
0.00022379994
0.00022406331
0.00022427476
0.00022443438
0.00022454266
0.00022458498
0.00022453964
0.00022421848
0.00022391211
0.00022359656
0.00022326905
0.00022292795
0.00022257103
0.00022219743
0.00022180674
0.00022139933
0.00022097646
0.00022054043
0.00022009461
0.00021964349
0.0002191924
0.0002187484
0.00021831813
0.00021790925
0.00021752988
0.00021718794
0.00021689133
0.00021664777
0.0002164647
0.00021634913
0.00021630739
0.00021634487
0.00021643235
0.00021640501
0.00021644772
0.00021657437
0.00021678646
0.00021708242
0.00021745708
0.00021790166
0.00021840413
0.00021895021
0.00021952438
0.00022011109
0.00022069574
0.00022126538
0.00022180911
0.00022231818
0.00022278599
0.00022320778
0.00022358029
0.00022390138
0.00022417016
0.00022438813
0.00022454252
0.00022403361
0.00022372411
0.00022342299
0.00022311019
0.00022278297
0.00022243984
0.00022207879
0.00022169926
0.00022130124
0.00022088561
0.0002204543
0.00022001034
0.00021955799
0.00021910273
0.00021865089
0.00021821055
0.00021778924
0.00021739535
0.00021703757
0.00021672413
0.00021646313
0.00021626234
0.00021612917
0.00021607056
0.00021609265
0.00021620048
0.0002162899
0.00021616979
0.00021613079
0.0002161799
0.00021632203
0.00021655883
0.00021688771
0.0002173015
0.00021778863
0.00021833415
0.0002189211
0.00021953194
0.00022014989
0.00022075982
0.00022134888
0.00022190667
0.00022242527
0.00022289891
0.00022332359
0.00022369667
0.00022401705
0.00022428483
0.00022448034
0.00022367804
0.00022337378
0.00022307244
0.00022275636
0.00022242307
0.0002220713
0.00022169918
0.00022130639
0.00022089326
0.00022046112
0.00022001247
0.0002195511
0.00021908217
0.00021861218
0.00021814864
0.00021770074
0.00021727713
0.00021688713
0.00021654013
0.00021624486
0.00021600971
0.00021584266
0.00021575125
0.00021574253
0.00021582273
0.00021599686
0.00021608234
0.00021587592
0.00021575237
0.00021572223
0.00021579417
0.0002159734
0.00021626003
0.00021664828
0.0002171266
0.00021767882
0.00021828586
0.00021892771
0.00021958496
0.00022024013
0.00022087833
0.00022148757
0.00022205869
0.00022258511
0.0002230623
0.00022348744
0.0002238593
0.00022417687
0.00022442207
0.00022331607
0.00022301582
0.00022271465
0.00022239561
0.0002220564
0.00022169587
0.00022131229
0.00022090552
0.00022047613
0.00022002585
0.00021955771
0.00021907621
0.00021858741
0.00021809891
0.00021761945
0.00021715955
0.00021672909
0.00021633845
0.00021599783
0.00021571651
0.0002155032
0.0002153661
0.00021531297
0.00021535109
0.00021548705
0.00021572617
0.00021581849
0.00021552133
0.00021530928
0.00021519689
0.00021519725
0.00021531964
0.00021556715
0.00021593532
0.00021641207
0.0002169793
0.00021761506
0.00021829611
0.000219
0.00021970656
0.00022039879
0.00022106312
0.00022168934
0.00022227022
0.00022280092
0.00022327861
0.00022370196
0.00022406978
0.00022436628
0.00022293839
0.00022264267
0.00022234272
0.00022202166
0.00022167732
0.00022130857
0.00022091376
0.00022049284
0.00022004656
0.00021957696
0.00021908751
0.0002185834
0.00021807158
0.0002175608
0.0002170612
0.00021658477
0.00021614284
0.00021574702
0.00021540841
0.00021513685
0.00021494138
0.00021483041
0.00021481196
0.00021489373
0.0002150829
0.00021538556
0.00021549981
0.0002151061
0.00021479993
0.00021460051
0.00021452619
0.00021459118
0.00021480209
0.00021515568
0.00021563878
0.00021623036
0.00021690461
0.00021763421
0.000218393
0.00021915782
0.00021990941
0.00022063273
0.00022131671
0.0002219537
0.00022253887
0.00022306957
0.0002235447
0.0002239635
0.00022431196
0.00022254546
0.00022225495
0.00022195725
0.00022163518
0.00022128653
0.00022091017
0.0002205044
0.00022006919
0.00021960536
0.00021911515
0.0002186024
0.00021807291
0.00021753454
0.00021699728
0.0002164728
0.00021597482
0.0002155164
0.00021511056
0.00021476942
0.00021450337
0.00021432173
0.00021423305
0.0002142456
0.00021436764
0.00021460727
0.00021497185
0.00021512833
0.00021463079
0.00021422302
0.00021392973
0.00021377569
0.00021378136
0.00021395765
0.00021430259
0.00021480111
0.00021542802
0.00021615226
0.00021694135
0.00021776465
0.00021859559
0.00021941258
0.00022019921
0.00022094375
0.00022163846
0.00022227878
0.00022286256
0.00022338922
0.00022385883
0.00022425884
0.0002221393
0.00022185535
0.00022156106
0.00022123899
0.00022088688
0.00022050349
0.00022008701
0.00021963729
0.00021915513
0.00021864282
0.00021810448
0.00021754644
0.00021697744
0.0002164088
0.00021585396
0.00021532869
0.00021484811
0.00021442695
0.00021407843
0.00021381348
0.00021364153
0.00021357112
0.00021361074
0.00021376929
0.00021405613
0.00021448046
0.00021470559
0.00021409528
0.00021357627
0.0002131797
0.00021293845
0.00021288106
0.0002130241
0.00021336691
0.00021389147
0.00021456665
0.00021535444
0.0002162157
0.00021711447
0.00021802033
0.00021890931
0.00021976382
0.00022057179
0.00022132577
0.00022202182
0.00022265857
0.00022323631
0.00022375618
0.00022420687
0.00022172159
0.00022144504
0.00022115525
0.00022083424
0.0002204796
0.00022008986
0.00021966301
0.00021919866
0.00021869743
0.00021816152
0.00021759518
0.00021700515
0.00021640102
0.00021579553
0.00021520414
0.00021464512
0.00021413611
0.00021369395
0.00021333307
0.00021306482
0.00021289846
0.00021284229
0.00021290483
0.00021309566
0.00021342574
0.00021390683
0.00021423447
0.00021350064
0.00021285815
0.0002123458
0.00021200673
0.00021188031
0.00021199078
0.00021233903
0.00021290245
0.00021364164
0.00021450916
0.00021545751
0.00021644428
0.0002174348
0.00021840279
0.00021932978
0.00022020385
0.00022101826
0.00022177013
0.00022245926
0.00022308714
0.00022365613
0.00022415622
0.00022129433
0.00022102706
0.00022074317
0.00022042441
0.00022006824
0.00021967293
0.00021923613
0.00021875708
0.00021823605
0.00021767495
0.00021707796
0.00021645209
0.0002158077
0.00021515901
0.00021452383
0.00021392351
0.00021337892
0.00021290945
0.00021253095
0.00021225495
0.00021209014
0.00021204411
0.0002121251
0.00021234335
0.00021271171
0.0002132453
0.00021371834
0.00021284825
0.00021206706
0.00021142252
0.0002109709
0.00021076643
0.00021084417
0.00021120692
0.00021182518
0.00021264774
0.00021361457
0.0002146675
0.00021575652
0.00021684239
0.00021789676
0.00021890077
0.00021984325
0.00022071878
0.00022152605
0.00022226643
0.00022294294
0.00022355938
0.00022410715
0.00022086013
0.00022060273
0.00022032583
0.0002200105
0.0002196539
0.00021925392
0.00021880775
0.00021831412
0.0002177727
0.00021718493
0.00021655463
0.00021588886
0.00021519861
0.00021449961
0.0002138124
0.00021316217
0.00021257397
0.00021207052
0.00021166921
0.00021138138
0.00021121447
0.00021117471
0.00021126954
0.00021150963
0.00021191005
0.00021249018
0.00021316249
0.00021214128
0.00021120264
0.0002104046
0.00020982017
0.00020952437
0.00020956812
0.00020995674
0.00021065018
0.00021158039
0.00021267035
0.00021384846
0.00021505584
0.00021624857
0.00021739671
0.00021848185
0.0002194944
0.00022043098
0.00022129244
0.00022208222
0.00022280519
0.00022346682
0.00022406004
0.00022041998
0.00022017498
0.00021990683
0.00021959643
0.00021924078
0.00021883734
0.00021838273
0.00021787496
0.0002173129
0.00021669715
0.00021603092
0.00021532095
0.00021457862
0.0002138211
0.00021307207
0.00021236159
0.00021172029
0.00021117526
0.0002107457
0.00021044216
0.00021026983
0.00021023254
0.00021033624
0.00021059164
0.00021101615
0.00021163441
0.0002124625
0.00021138424
0.00021026571
0.00020928673
0.00020854174
0.00020813524
0.00020814216
0.00020857145
0.00020936664
0.00021043542
0.00021167777
0.00021300527
0.00021434902
0.00021566068
0.00021690972
0.00021807935
0.00021916263
0.00022015917
0.00022107267
0.00022190912
0.0002226756
0.00022337946
0.00022401535
0.00021997913
0.00021974663
0.00021948828
0.00021918414
0.00021883079
0.00021842516
0.00021796315
0.00021744186
0.00021685905
0.00021621417
0.00021550935
0.00021475064
0.00021394936
0.00021312392
0.00021230152
0.00021151851
0.00021081314
0.00021021848
0.00020975586
0.00020943406
0.00020925441
0.00020921693
0.00020932497
0.00020958856
0.00021002742
0.00021067242
0.0002115633
0.00021058521
0.00020925973
0.00020806467
0.00020712097
0.00020657533
0.00020654022
0.00020703023
0.00020796267
0.00020920993
0.00021064074
0.00021214596
0.00021364588
0.0002150887
0.00021644493
0.00021770109
0.00021885436
0.0002199084
0.00022087056
0.00022174991
0.00022255607
0.00022329848
0.00022397362
0.0002195363
0.00021931961
0.00021907325
0.00021877728
0.00021842818
0.00021802231
0.00021755475
0.00021702146
0.00021641881
0.00021574461
0.00021499939
0.0002141879
0.00021332078
0.00021241718
0.000211508
0.00021063764
0.00020985499
0.00020920161
0.00020870137
0.00020835969
0.00020817169
0.00020813157
0.00020823879
0.00020850178
0.00020894218
0.00020959806
0.00021052208
0.0002097559
0.00020819167
0.00020673604
0.00020554121
0.00020481424
0.00020472801
0.00020530701
0.00020642521
0.00020790309
0.00020956694
0.00021128273
0.00021296
0.0002145456
0.00021601369
0.00021735648
0.00021857704
0.00021968442
0.00022069041
0.00022160769
0.00022244872
0.00022322516
0.00022393546
0.00021910211
0.0002189007
0.00021866733
0.00021838111
0.00021803805
0.00021763383
0.00021716254
0.0002166188
0.0002159972
0.00021529341
0.00021450566
0.00021363661
0.0002126954
0.0002117009
0.00021068761
0.00020971028
0.00020883309
0.0002081101
0.00020756851
0.00020720795
0.00020701368
0.00020697132
0.00020707473
0.00020732926
0.00020775721
0.00020840433
0.000209339
0.00020891285
0.00020707378
0.00020530227
0.00020378429
0.00020281241
0.00020265924
0.00020336874
0.00020474034
0.00020651778
0.00020846965
0.00021043343
0.00021230972
0.00021404794
0.00021562987
0.00021705653
0.00021833916
0.00021949356
0.00022053685
0.00022148576
0.00022235577
0.00022316088
0.00022390152
0.00021866824
0.00021848609
0.00021826813
0.00021799387
0.00021765928
0.00021725945
0.00021678743
0.00021623628
0.00021559849
0.00021486701
0.0002140369
0.00021310777
0.00021208604
0.0002109887
0.00020985271
0.0002087458
0.00020775442
0.00020695145
0.00020636832
0.00020599465
0.00020579989
0.00020575713
0.00020585285
0.00020608773
0.00020648297
0.00020709231
0.00020800354
0.00020808172
0.00020592654
0.00020377169
0.00020183224
0.0002005181
0.00020026945
0.00020117304
0.00020289417
0.00020506315
0.00020737038
0.0002096235
0.00021171927
0.00021361637
0.0002153099
0.0002168138
0.00021815002
0.00021934261
0.00022041473
0.00022138748
0.00022227949
0.00022310704
0.00022387248
0.00021825727
0.00021809315
0.00021789166
0.0002176314
0.00021730793
0.00021691562
0.00021644632
0.00021589133
0.0002152406
0.00021448365
0.00021361126
0.00021261857
0.00021150773
0.0002102913
0.0002090059
0.00020773476
0.00020659762
0.00020569699
0.00020507032
0.00020469102
0.00020450388
0.00020446456
0.00020455144
0.00020475927
0.00020510429
0.00020564636
0.00020649551
0.00020729113
0.00020477963
0.00020216485
0.00019967202
0.00019786423
0.00019746583
0.00019866518
0.00020087494
0.00020355905
0.00020630279
0.00020888858
0.00021122009
0.00021327606
0.0002150728
0.00021664211
0.00021801947
0.00021923847
0.00022032885
0.00022131618
0.00022222209
0.00022306502
0.000223849
0.00021784882
0.00021770707
0.00021752444
0.00021728043
0.0002169708
0.00021658934
0.00021612673
0.00021557238
0.00021491353
0.00021413567
0.00021322418
0.00021216814
0.0002109637
0.00020961573
0.00020815479
0.00020668054
0.00020536307
0.0002043529
0.00020369559
0.00020333753
0.0002031833
0.00020316304
0.00020324659
0.00020342132
0.00020369098
0.0002041171
0.00020483666
0.00020600621
0.00020369306
0.00020052952
0.00019730854
0.00019476967
0.00019411209
0.00019577566
0.00019867758
0.00020204326
0.00020531837
0.00020827766
0.00021085211
0.00021305682
0.00021493969
0.00021655603
0.00021795738
0.00021918781
0.00022028373
0.00022127489
0.00022218561
0.00022303607
0.00022383171
0.00021750047
0.00021737913
0.00021721663
0.00021699171
0.00021669999
0.00021633469
0.00021588535
0.00021533946
0.00021468126
0.0002138916
0.00021294884
0.00021183338
0.00021053274
0.0002090397
0.00020736783
0.00020562847
0.00020406843
0.00020291945
0.00020223776
0.00020192628
0.00020182428
0.00020182615
0.0002018985
0.00020202692
0.00020219324
0.00020245473
0.00020298076
0.00020401769
0.00020273425
0.00019895829
0.00019480494
0.00019116493
0.00019001233
0.00019242069
0.00019631248
0.00020058339
0.00020449478
0.00020785708
0.00021066472
0.00021299268
0.000214933
0.00021656998
0.00021797295
0.00021919652
0.00022028318
0.00022126613
0.0002221717
0.00022302125
0.00022382116
0.00021723285
0.00021713668
0.00021699832
0.00021679701
0.00021652877
0.00021618631
0.00021575807
0.00021522959
0.00021458202
0.00021379123
0.00021282732
0.00021165923
0.00021026337
0.0002086176
0.00020670274
0.00020462422
0.00020274579
0.00020144428
0.00020078566
0.00020060384
0.00020062803
0.00020070173
0.00020079956
0.00020091908
0.00020099409
0.00020105413
0.00020129806
0.00020203411
0.00020227878
0.00019777892
0.00019240759
0.00018707817
0.00018490857
0.00018851977
0.00019383197
0.00019929974
0.0002039486
0.00020771488
0.00021071692
0.00021312048
0.0002150748
0.0002166969
0.00021807375
0.0002192691
0.00022032995
0.00022129167
0.00022218153
0.00022302133
0.00022381776
0.0002172911
0.00021722238
0.00021711388
0.00021694373
0.00021670831
0.00021640011
0.00021600701
0.00021551328
0.00021489768
0.00021413179
0.00021317716
0.00021198772
0.00021052345
0.00020874448
0.00020657576
0.00020406426
0.00020174152
0.00020026239
0.00019968552
0.00019974378
0.00019997444
0.0002001478
0.00020026397
0.00020037161
0.00020031207
0.00020005232
0.00019985405
0.00020007883
0.00020115157
0.00019735791
0.00019061815
0.00018287109
0.00017856248
0.00018410663
0.00019141302
0.000198403
0.00020385117
0.00020796375
0.00021107514
0.00021347661
0.00021538409
0.00021694637
0.00021826452
0.00021940788
0.00022042527
0.00022135222
0.0002222156
0.0002230367
0.00022382179
0.00021804284
0.00021800899
0.000217945
0.00021782405
0.00021764272
0.00021739351
0.00021706428
0.00021663863
0.0002160933
0.00021539565
0.00021449786
0.00021333342
0.0002118352
0.00020994487
0.00020751735
0.00020443064
0.00020143142
0.00019977547
0.00019943366
0.00020000948
0.00020066661
0.00020107122
0.0002012747
0.00020150218
0.00020144881
0.00020090132
0.00020029854
0.00019984899
0.00020079441
0.00019972426
0.00019126009
0.00017998106
0.00017089738
0.00017959616
0.00018941963
0.00019821853
0.0002044419
0.00020874002
0.00021180687
0.00021409117
0.00021587284
0.00021732229
0.00021854585
0.00021961235
0.00022056841
0.00022144724
0.00022227364
0.00022306729
0.00022383327
0.00022067627
0.00022071786
0.00022074014
0.0002207115
0.00022063044
0.0002204904
0.00022028057
0.00021998552
0.00021958214
0.00021903658
0.00021829639
0.00021727751
0.00021587704
0.00021401901
0.00021150625
0.00020782489
0.0002038218
0.00020221581
0.00020252767
0.00020427619
0.00020581757
0.00020675216
0.00020720399
0.00020790342
0.0002082889
0.00020731573
0.00020620182
0.00020433918
0.00020496475
0.0002034745
0.00019647977
0.00018115612
0.00016217562
0.00017624158
0.00018863374
0.00019944085
0.00020610056
0.00021020462
0.00021296821
0.00021497848
0.00021654068
0.00021782017
0.00021891292
0.00021987852
0.00022075648
0.00022157479
0.00022235448
0.00022311253
0.00022385204
0.0002263974
0.00022653225
0.00022668485
0.00022680184
0.00022688157
0.0002269197
0.00022690964
0.00022684117
0.00022669665
0.00022644761
0.0002260454
0.00022539436
0.00022433098
0.00022270008
0.00022028494
0.00021587892
0.00020950127
0.0002080408
0.00020924508
0.00021317595
0.00021625302
0.00021820171
0.0002188843
0.00022039547
0.00022220524
9.2993984e-05
9.5418548e-05
9.7705123e-05
9.9912467e-05
0.00010293349
9.4484425e-05
8.6196889e-05
0.00010660939
0.00017926362
0.00019336821
0.00020406991
0.00020940515
0.00021249244
0.00021456947
0.00021612126
0.00021736855
0.00021842477
0.00021935467
0.0002201987
0.00022098429
0.00022173151
0.0002224561
0.00022317135
0.00022387767
0.00023910299
0.00023953545
0.00024001911
0.00024048804
0.00024095209
0.00024141609
0.00024188546
0.00024236452
0.00024285269
0.00024334005
0.00024379688
0.00024413577
0.00024413477
0.00024346479
0.00024199146
0.00023829033
0.00022663609
0.00022883803
0.0002350326
0.00024954265
0.00026123186
0.00027027988
0.00012851798
0.00016751116
0.0003261839
0.00046270072
0.00049956686
0.00049956686
0.00049956686
0.00049956686
0.00049956686
0.00045029775
0.00033646081
6.8070658e-05
0.00021290365
0.00021340183
0.00021432934
0.00021545248
0.00021650073
0.00021745065
0.00021831393
0.00021910939
0.00021985396
0.00022056176
0.00022124459
0.00022191279
0.00022257567
0.00022324217
0.00022390952
0.00026391527
0.00026488824
0.00026600274
0.00026715984
0.00026838135
0.00026969298
0.00027112969
0.00027273503
0.00027456231
0.00027667855
0.00027917172
0.00028214826
0.00028570837
0.00028990268
0.00029478128
0.00030302271
0.0002727073
0.00030281811
0.00035486737
0.00037548395
0.00027629868
0.00032023173
0.00049956686
0.00049956686
0.00049956686
0.00049956686
0.00049956686
0.00049956686
0.00049956686
0.00049956686
0.00041268458
0.00041834803
0.00010206289
0.00026645113
0.0002310592
0.00022203711
0.00021922654
0.00021849386
0.00021851937
0.00021885197
0.00021931603
0.00021983893
0.00022038935
0.0002209541
0.00022152866
0.00022211302
0.00022270973
0.00022332307
0.00022394673
0.00030159198
0.00030367686
0.0003057534
0.00030790586
0.00031021063
0.00031274246
0.0003155888
0.00031886336
0.00032272391
0.000327409
0.00033330858
0.00034101305
0.00035108763
0.000363974
0.00038376331
0.00040128337
0.00024935392
0.00025404293
0.0002546535
0.00049044597
0.00047778317
0.00048801494
0.00047870953
0.00047373367
0.00047747171
0.00045867513
0.00045173946
0.0004535363
0.00044096487
0.00043655969
0.00010696056
0.00010771125
0.00021990487
0.00025237983
0.00023688185
0.00022735588
0.00022306987
0.00022117991
0.00022041584
0.0002202159
0.00022031353
0.00022057693
0.00022093814
0.0002213612
0.00022182703
0.00022232609
0.00022285444
0.0002234118
0.0002239883
0.00028925366
0.0002897853
0.00029000606
0.00029023105
0.00029045858
0.00029071653
0.0002910264
0.00029142011
0.00029194551
0.00029267588
0.00029372638
0.00029487795
0.00029574762
0.00029635726
0.00029353146
0.0001034527
0.00037704371
0.00047143239
0.00047068432
0.00049381034
0.00048612855
0.00048244749
0.00012425773
0.00012132065
0.00010080433
0.00010008955
0.00010066473
0.00010201071
0.00010296587
0.00010456075
0.00020129151
0.00020777085
0.00021818937
0.00023912828
0.00023957254
0.00023071199
0.00022591535
0.00022338031
0.00022207654
0.0002214653
0.00022125662
0.00022129123
0.00022147931
0.00022176907
0.00022213037
0.00022254579
0.00022300579
0.00022350599
0.00022403313
0.00022338255
0.0002232116
0.00022291787
0.00022263088
0.00022235728
0.00022211373
0.00022191592
0.00022178703
0.00022175935
0.00022187753
0.00022220461
0.0002221967
0.00022129048
0.00021957674
0.00021692731
0.00021361877
9.5959542e-05
9.9192698e-05
9.9915028e-05
9.9816924e-05
0.0001001904
0.00010021597
0.00021261521
0.00021088729
0.0002090027
0.00020561713
0.0002045082
0.00020395162
0.00020218177
0.00020220184
0.00020338355
0.000209099
0.00021833247
0.00023227205
0.00023803769
0.00023243913
0.00022781914
0.00022505564
0.00022344642
0.00022255328
0.00022211028
0.00022195685
0.00022199528
0.00022216546
0.00022243012
0.00022276623
0.00022315989
0.00022360326
0.00022408008
0.00021920015
0.00021927308
0.00021939136
0.000219519
0.00021966744
0.0002198489
0.00022007589
0.00022036435
0.00022073341
0.00022120537
0.00022180616
0.00022168796
0.00022095629
0.00021975228
0.00021804572
0.00021530554
0.00021268149
0.00021415115
0.00021597215
0.00021429661
0.00021246105
0.00021129182
0.00021013218
0.00020840884
0.00020737311
0.00020575477
0.00020484819
0.00020427404
0.00020354957
0.00020402029
0.00020600706
0.0002109692
0.00021863421
0.00022819202
0.00023390849
0.00023314454
0.00022898641
0.00022625525
0.00022452097
0.00022346075
0.00022285455
0.00022255696
0.00022247294
0.00022254046
0.00022271901
0.00022298221
0.00022331314
0.00022370135
0.00022412803
0.00021780862
0.00021788391
0.00021800445
0.00021813858
0.00021828941
0.00021846446
0.00021867212
0.00021892327
0.00021923012
0.00021960585
0.00022003109
0.00021959326
0.00021885389
0.00021780737
0.00021642764
0.00021461818
0.00021342302
0.00021423478
0.00021534628
0.00021356396
0.00021197161
0.00021075189
0.00020959445
0.0002083786
0.0002074227
0.00020636319
0.00020571278
0.00020535273
0.00020527965
0.00020615715
0.00020840321
0.00021269597
0.00021883724
0.00022569062
0.00023037057
0.00023232629
0.0002295974
0.00022705375
0.0002253226
0.00022418804
0.00022348188
0.00022308225
0.00022290362
0.00022288682
0.00022299128
0.00022318934
0.00022346239
0.0002237982
0.00022417595
0.00021712716
0.00021724379
0.00021737922
0.00021752616
0.00021769077
0.00021787954
0.00021809864
0.00021835555
0.00021865716
0.00021900864
0.00021929822
0.00021887196
0.00021823798
0.00021737187
0.00021625217
0.00021500057
0.00021434035
0.00021481559
0.00021508966
0.00021346947
0.00021207544
0.00021092494
0.00020986799
0.00020888653
0.00020806624
0.00020733066
0.00020691233
0.00020679816
0.0002070953
0.00020818965
0.00021040364
0.00021406282
0.00021894177
0.00022407824
0.0002279272
0.00023027671
0.00022982029
0.00022753491
0.00022588827
0.00022474812
0.00022399397
0.0002235297
0.00022328273
0.00022319986
0.00022324278
0.00022338422
0.00022360505
0.00022389203
0.00022422291
0.00021683887
0.00021690943
0.00021702247
0.00021715462
0.0002173042
0.00021747485
0.00021767039
0.00021789572
0.00021815467
0.00021844878
0.00021859948
0.00021822452
0.00021770778
0.00021704026
0.00021622972
0.00021543819
0.00021510599
0.00021547407
0.00021503513
0.00021364318
0.00021242309
0.00021137956
0.00021044779
0.0002096283
0.00020895444
0.00020843671
0.00020819641
0.00020827003
0.00020877462
0.00020995118
0.00021201763
0.00021511629
0.00021901643
0.00022300665
0.00022619845
0.0002283579
0.00022931176
0.00022777249
0.00022625841
0.00022516042
0.00022439852
0.00022390092
0.000223609
0.00022347714
0.00022347081
0.00022356437
0.00022373907
0.00022398138
0.00022426811
0.00021669703
0.00021680752
0.00021693063
0.00021706399
0.00021721173
0.00021737703
0.00021756167
0.00021776755
0.00021799475
0.00021824024
0.00021832004
0.00021798428
0.00021754567
0.0002170097
0.00021641197
0.00021590319
0.00021574948
0.00021602159
0.00021507961
0.00021390016
0.00021284329
0.00021192131
0.00021111468
0.00021043151
0.00020989505
0.00020953815
0.00020943626
0.00020964206
0.00021025696
0.00021143692
0.00021331781
0.00021594382
0.00021910279
0.00022229149
0.00022496265
0.00022690666
0.00022813506
0.00022783199
0.00022647252
0.00022544705
0.00022470673
0.00022420071
0.00022388369
0.0002237181
0.00022367401
0.0002237282
0.000223863
0.00022406513
0.00022431092
0.00021662627
0.00021669517
0.00021680002
0.00021692164
0.00021705778
0.00021720967
0.0002173776
0.00021756184
0.00021776062
0.00021796866
0.00021803315
0.00021775936
0.00021741515
0.00021701335
0.00021659891
0.00021629237
0.00021625855
0.00021619245
0.00021516557
0.00021417446
0.00021327009
0.00021247313
0.00021178676
0.00021122481
0.00021081036
0.00021057922
0.00021058598
0.00021088335
0.00021155141
0.0002126918
0.00021438244
0.00021661678
0.00021921318
0.00022181822
0.00022407413
0.00022580687
0.00022699117
0.00022751496
0.00022656489
0.00022562975
0.00022493125
0.00022443575
0.00022410982
0.00022392363
0.00022385211
0.00022387491
0.0002239759
0.00022414247
0.00022435086
0.00021657519
0.00021666565
0.0002167714
0.00021688649
0.00021701261
0.00021715085
0.00021730043
0.00021746026
0.0002176271
0.00021779443
0.000217856
0.00021762814
0.00021735572
0.00021705701
0.00021677736
0.000216608
0.00021663991
0.00021611699
0.00021527446
0.00021444752
0.00021368357
0.00021300822
0.00021243583
0.00021198411
0.00021167686
0.00021154749
0.00021163907
0.00021199798
0.00021268438
0.00021376337
0.00021527439
0.00021718669
0.00021935108
0.00022151701
0.00022343899
0.0002249769
0.00022609109
0.0002268118
0.00022656552
0.00022572876
0.00022508493
0.00022461369
0.00022429152
0.00022409564
0.00022400569
0.00022400434
0.0002240773
0.00022421288
0.00022438759
0.00021654575
0.00021661218
0.00021670667
0.00021681352
0.00021693068
0.000217058
0.00021719371
0.00021733573
0.00021747985
0.00021761881
0.0002177015
0.00021752235
0.00021731699
0.00021710584
0.00021693006
0.00021685794
0.0002167344
0.00021609436
0.00021540341
0.00021471882
0.00021408234
0.00021352121
0.00021305488
0.00021270319
0.00021248966
0.00021244405
0.00021260141
0.00021299991
0.00021368316
0.00021469132
0.00021603946
0.00021768737
0.00021951505
0.00022134173
0.00022299251
0.00022435581
0.00022538856
0.00022610055
0.00022638741
0.00022576167
0.00022517991
0.00022474235
0.00022443352
0.00022423673
0.00022413596
0.00022411688
0.00022416712
0.00022427613
0.00022442091
0.00021652454
0.00021659697
0.00021668736
0.0002167859
0.00021689234
0.00021700644
0.00021712599
0.00021724844
0.00021736925
0.00021748124
0.00021756719
0.0002174471
0.00021729672
0.00021715478
0.00021705652
0.00021698189
0.00021663713
0.00021611462
0.00021555046
0.00021498955
0.00021446785
0.00021401198
0.00021364309
0.00021338157
0.00021324978
0.00021327364
0.00021348173
0.0002139042
0.00021457156
0.00021550701
0.0002167109
0.00021814132
0.00021970249
0.00022126141
0.00022268969
0.00022389867
0.00022484697
0.00022553295
0.00022598104
0.00022574368
0.00022522727
0.00022482935
0.00022454077
0.00022434989
0.00022424458
0.00022421329
0.0002242456
0.00022433219
0.00022445074
0.00021651637
0.00021657703
0.00021666006
0.00021675159
0.00021684978
0.00021695379
0.00021706097
0.00021716845
0.00021727159
0.00021736357
0.00021743475
0.00021738917
0.00021728513
0.00021719822
0.00021713147
0.00021695172
0.00021659483
0.00021617024
0.00021571369
0.00021526063
0.00021484171
0.0002144817
0.00021420151
0.00021402091
0.00021396042
0.00021404225
0.00021428951
0.00021472518
0.00021536982
0.00021623512
0.00021731309
0.00021856388
0.00021991108
0.00022125485
0.00022249873
0.00022357209
0.00022443743
0.00022508714
0.00022553506
0.00022567053
0.00022523676
0.0002248818
0.00022461817
0.00022443833
0.00022433349
0.00022429464
0.00022431322
0.00022438123
0.00022447709
0.00021651549
0.00021657498
0.00021665277
0.00021673691
0.00021682613
0.00021691954
0.00021701437
0.00021710771
0.00021719515
0.00021727046
0.00021732535
0.00021733007
0.00021727765
0.00021720956
0.0002171076
0.0002168862
0.0002165952
0.00021625405
0.00021589006
0.00021553157
0.00021520452
0.00021493125
0.00021473136
0.00021462322
0.00021462511
0.00021475575
0.00021503351
0.00021547533
0.00021609428
0.00021689445
0.00021786344
0.0002189651
0.0002201382
0.00022130641
0.00022239587
0.00022335012
0.00022413626
0.00022474398
0.00022518034
0.00022546358
0.00022521671
0.00022490612
0.00022467038
0.00022450527
0.00022440478
0.00022436218
0.00022437066
0.00022442352
0.00022450005
0.00021652312
0.0002165765
0.00021664881
0.00021672677
0.00021680863
0.00021689331
0.000216978
0.00021705991
0.00021713495
0.00021719768
0.00021724113
0.00021725687
0.00021723538
0.00021716681
0.00021704291
0.00021686165
0.00021662886
0.00021636001
0.00021607659
0.0002158015
0.00021555663
0.00021536168
0.00021523438
0.00021519121
0.00021524805
0.00021542034
0.00021572233
0.00021616606
0.000216759
0.00021750027
0.00021837552
0.00021935272
0.00022038247
0.00022140549
0.00022236433
0.00022321371
0.00022392537
0.00022448821
0.00022490515
0.00022518883
0.00022517447
0.00022490812
0.00022470182
0.00022455387
0.00022446061
0.00022441728
0.00022441869
0.00022445946
0.00022451978
0.00021653674
0.00021658711
0.00021665473
0.00021672674
0.00021680153
0.00021687807
0.00021695364
0.00021702565
0.00021709049
0.00021714354
0.0002171791
0.00021719057
0.00021717083
0.00021711306
0.00021701223
0.00021686858
0.00021668775
0.00021648241
0.00021626987
0.00021606882
0.00021589769
0.00021577354
0.00021571195
0.0002157273
0.000215833
0.00021604146
0.00021636338
0.00021680678
0.00021737504
0.00021806407
0.00021885896
0.00021973169
0.0002206421
0.00022154351
0.00022239073
0.00022314731
0.00022378936
0.00022430617
0.00022469828
0.0002249745
0.00022510264
0.00022489276
0.00022471639
0.00022458709
0.00022450309
0.00022446134
0.00022445817
0.00022448947
0.00022453642
0.00021655573
0.00021660238
0.00021666578
0.00021673269
0.00021680143
0.00021687102
0.00021693888
0.00021700275
0.00021705954
0.00021710544
0.00021713597
0.00021714615
0.00021713089
0.00021708576
0.00021700804
0.00021689945
0.00021676537
0.00021661645
0.00021646688
0.00021633206
0.00021622742
0.00021616753
0.00021616574
0.00021623423
0.00021638397
0.00021662462
0.00021696377
0.00021740617
0.00021795217
0.00021859565
0.0002193219
0.00022010652
0.00022091661
0.00022171498
0.00022246577
0.00022313965
0.00022371673
0.00022418732
0.00022455077
0.00022481344
0.00022498629
0.00022486472
0.00022471794
0.00022460789
0.00022453437
0.00022449582
0.00022448995
0.00022451396
0.00022455015
0.00021657893
0.00021662281
0.00021668255
0.00021674486
0.00021680817
0.0002168716
0.00021693279
0.00021698984
0.0002170402
0.00021708087
0.00021710847
0.00021711945
0.00021711043
0.00021707883
0.00021702368
0.00021694767
0.00021685592
0.00021675757
0.00021666446
0.00021658932
0.00021654504
0.00021654385
0.00021659691
0.00021671418
0.00021690431
0.00021717439
0.00021752932
0.00021797117
0.00021849797
0.00021910232
0.00021977007
0.00022047998
0.00022120487
0.00022191486
0.00022258138
0.00022318087
0.00022369707
0.00022412171
0.0002244538
0.00022469816
0.00022486367
0.0002248274
0.0002247093
0.00022461851
0.00022455615
0.00022452193
0.00022451476
0.00022453322
0.00022456101
0.0002166051
0.00021664667
0.00021670333
0.00021676173
0.00021682034
0.00021687844
0.00021693395
0.00021698532
0.00021703058
0.00021706749
0.00021709369
0.00021710685
0.00021710505
0.00021708723
0.0002170537
0.00021700785
0.00021695462
0.00021690197
0.00021685993
0.00021683907
0.00021685007
0.000216903
0.00021700692
0.00021716966
0.00021739761
0.00021769553
0.00021806591
0.00021850856
0.00021901971
0.00021959108
0.00022020923
0.00022085557
0.00022150749
0.00022214083
0.00022273281
0.0002232647
0.00022372351
0.00022410262
0.00022440126
0.00022462347
0.00022477673
0.00022478507
0.00022469421
0.00022462205
0.00022457079
0.00022454131
0.00022453356
0.00022454752
0.00022456891
0.00021663338
0.00021667329
0.00021672744
0.00021678245
0.00021683693
0.00021689037
0.00021694093
0.00021698749
0.0002170286
0.00021706275
0.00021708848
0.00021710459
0.00021711036
0.00021710599
0.00021709283
0.00021707481
0.00021705672
0.00021704566
0.0002170502
0.00021707915
0.00021714128
0.00021724466
0.00021739637
0.00021760219
0.00021786637
0.00021819148
0.00021857783
0.00021902327
0.00021952251
0.00022006665
0.00022064289
0.00022123483
0.00022182355
0.00022238946
0.00022291448
0.00022338401
0.0002237881
0.00022412187
0.00022438524
0.00022458201
0.00022471881
0.00022473904
0.00022467367
0.00022461911
0.00022457854
0.00022455393
0.0002245461
0.0002245562
0.00022457305
0.00021666161
0.00021670108
0.00021675341
0.0002168056
0.00021685647
0.00021690578
0.000216952
0.00021699438
0.00021703109
0.0002170579
0.00021708145
0.00021710309
0.00021712229
0.00021713067
0.00021713643
0.00021714397
0.00021715803
0.00021718505
0.00021723246
0.0002173076
0.00021741755
0.00021756861
0.00021776595
0.0002180134
0.00021831316
0.00021866573
0.00021906942
0.00021952027
0.00022001163
0.00022053404
0.00022107522
0.00022162054
0.00022215403
0.00022265987
0.00022312393
0.00022353519
0.00022388655
0.00022417504
0.00022440155
0.00022457007
0.00022468686
0.00022469354
0.0002246517
0.00022461338
0.0002245826
0.00022456235
0.00022455422
0.00022455983
0.00022457232
0.00021670777
0.00021674414
0.00021679138
0.00021683753
0.00021688133
0.00021692265
0.00021696037
0.00021699434
0.00021702361
0.00021704505
0.00021706677
0.00021709176
0.00021712141
0.00021714921
0.00021718503
0.00021721863
0.00021726169
0.00021732336
0.0002174102
0.00021752829
0.00021768324
0.0002178797
0.00021812108
0.0002184093
0.00021874463
0.00021912555
0.00021954845
0.00022000761
0.0002204951
0.00022100082
0.00022151277
0.00022201774
0.00022250215
0.0002229533
0.00022336051
0.00022371602
0.00022401546
0.00022425791
0.00022444547
0.00022458271
0.00022465231
0.00022465008
0.00022462906
0.00022460466
0.00022458169
0.00022456422
0.00022455486
0.00022455483
0.00022456044
0.00021928392
0.00021927338
0.00021926587
0.0002192554
0.00021924159
0.00021922467
0.00021920377
0.0002191791
0.00021915102
0.00021912043
0.00021908887
0.00021905869
0.00021903308
0.00021901617
0.00021901272
0.00021901292
0.00021902904
0.0002190703
0.00021914273
0.0002192515
0.00021940092
0.00021959412
0.0002198327
0.00022011666
0.00022044412
0.00022081136
0.00022121252
0.00022163982
0.00022208356
0.00022253252
0.00022297441
0.00022339676
0.00022378772
0.00022413723
0.00022443765
0.0002246844
0.00022487602
0.00022501397
0.0002251021
0.00022514605
0.00022512897
0.00022508247
0.00022501993
0.00022494755
0.00022487089
0.00022479496
0.00022472389
0.00022465898
0.00022458783
0.00030698258
0.00021479786
0.00018935044
0.00018316088
0.00018979564
0.00021283193
0.00024935392
0.00021709649
0.00018507215
0.00015672085
0.00039980829
0.0002546535
0.00022832309
0.00023149011
0.00025350848
0.00029968745
0.00037220358
0.00021784319
0.0001566369
0.00012799561
0.00044724234
0.00028338821
0.00024824463
0.00024747555
0.00026668411
0.0003084817
0.0003400064
0.00020028316
0.00014806021
0.00012325476
0.00045798632
0.00030673192
0.00026696989
0.00026241959
0.00027774818
0.00031226108
0.00029283203
0.00018218554
0.00013908219
0.00011781719
0.0004414479
0.00031903079
0.00028082302
0.00027728872
0.00029332987
0.0003301799
0.00025178009
0.00016671946
0.00013139285
0.00011322198
0.00041651326
0.00031773875
0.00027992548
0.00028132557
0.00030427146
0.00037548395
0.0002205575
0.00015459795
0.00012535016
0.00010980436
0.00041158966
0.00032967309
0.00028808941
0.00028644084
0.00030865451
0.00036095928
0.00019702395
0.00014490227
0.00012039451
0.00010725989
0.00041158734
0.0003283498
0.00028288567
0.00027629868
0.00029114039
0.00028323208
0.0001767487
0.00013549647
0.00011518722
0.00010413793
0.00030420511
0.00021748163
0.00014239096
0.00011453199
0.00010143302
9.469741e-05
9.1232446e-05
8.9583136e-05
8.8958943e-05
8.8810015e-05
0.00037787169
0.00030873603
0.00027715225
0.00028370248
0.00034359009
0.00020684352
0.00014715892
0.00012083611
0.00010697055
9.9312531e-05
0.00037320301
0.00032023173
0.00029435492
0.000306335
0.00032717247
0.00018292387
0.00013709356
0.00011527447
0.00010352765
9.6963196e-05
0.0003732086
0.00031776216
0.00028816924
0.00028837907
0.00025165483
0.00016357973
0.00012803737
0.00011029618
0.00010062149
9.5270866e-05
0.00035233135
0.00030111229
0.0002961538
0.0003344518
0.00021219125
0.00014729592
0.00012012184
0.00010596049
9.8102656e-05
9.3758729e-05
0.00032546723
0.00028676764
0.0002932297
0.00032902124
0.00018672539
0.00013729704
0.00011472072
0.00010274887
9.6138915e-05
9.2506485e-05
0.00032547067
0.00030089499
0.00031579148
0.0002694519
0.00016671794
0.00012851798
0.00010990938
9.993797e-05
9.4515215e-05
9.1721001e-05
0.00032560522
0.00030836751
0.00033979883
0.00021600723
0.00014822476
0.00011975922
0.00010521291
9.728038e-05
9.2981608e-05
9.0785629e-05
0.00031186983
0.00029779636
0.00034056382
0.00018817748
0.00013643216
0.0001135378
0.00010164745
9.5188859e-05
9.1760267e-05
9.0051354e-05
0.00031187362
0.00030099831
0.00028337803
0.00016751116
0.00012750373
0.00010869038
9.8829729e-05
9.3546319e-05
9.0848811e-05
8.9653564e-05
0.00032151202
0.00030378128
0.00022715495
0.00014935639
0.00011902534
0.00010419404
9.6338011e-05
9.2172176e-05
9.0114906e-05
8.9230674e-05
0.00033606627
0.00035131998
0.00019329854
0.00013620068
0.00011263895
0.00010080009
9.4499567e-05
9.1201957e-05
8.9629149e-05
8.8964867e-05
0.00030646001
0.0003261839
0.00017503762
0.00012902101
0.00010898198
9.8803198e-05
9.3422847e-05
9.0665849e-05
8.9413497e-05
8.8956705e-05
0.00030419504
0.00027102994
0.00016004767
0.00012269687
0.00010568079
9.6980227e-05
9.2428585e-05
9.0157274e-05
8.9186628e-05
8.8881295e-05
0.00040616699
0.00032991397
0.0002951331
0.00029617193
0.00031683903
0.00023889835
0.00015938178
0.0001270851
0.00011046329
0.00010111947
0.00030064085
0.00021821205
0.00022454625
0.00024486218
0.00028134884
0.00035153341
0.00047702638
0.00030315077
0.00020763571
0.00015916639
0.00035513916
0.0002344027
0.0002147725
0.00022049139
0.00024327786
0.00028943426
0.00037680439
0.00023444338
0.00016591503
0.00013387082
0.00030108293
0.00021539653
0.00021782097
0.00022623479
0.00024548424
0.00028717366
0.00034132303
0.0002501199
0.00019426908
0.0001590311
0.00030063664
0.00021325047
0.00021095765
0.0002251449
0.00025404293
0.00030913601
0.00040585795
0.00026939841
0.000187819
0.00014763058
0.00031994821
0.00021878448
0.00020774524
0.00021700579
0.00024128718
0.00028821879
0.00037940935
0.00025057232
0.00017546545
0.00013934086
0.00015504264
0.0001178605
0.00010206289
9.4463282e-05
9.0989185e-05
8.9968233e-05
9.0590986e-05
9.242257e-05
9.5217342e-05
9.8864967e-05
0.00013140387
0.00012146624
0.00011283417
0.00010688347
0.00010318155
0.0001012321
0.00010066619
0.00010122367
0.00010272681
0.00010508246
0.00034619433
0.00018318983
0.00012923706
0.00010814997
9.8119047e-05
9.2993984e-05
9.042719e-05
8.9281581e-05
8.8928747e-05
8.8892169e-05
0.00035681302
0.00016670835
0.00012282098
0.00010500521
9.651265e-05
9.2196443e-05
9.0068011e-05
8.9150998e-05
8.890037e-05
8.8882571e-05
0.00030582645
0.00015653426
0.00011925163
0.00010354528
9.5981086e-05
9.2102892e-05
9.0181403e-05
8.9351752e-05
8.9125592e-05
8.9107853e-05
0.00026595917
0.00014601614
0.0001153054
0.00010194963
9.5418548e-05
9.201145e-05
9.0299405e-05
8.9547794e-05
8.932379e-05
8.9240324e-05
0.00023774952
0.00013808749
0.0001120192
0.00010048045
9.4814073e-05
9.183052e-05
9.0326107e-05
8.9676313e-05
8.9506602e-05
8.9462896e-05
0.00021633129
0.00013141525
0.00010911033
9.9060866e-05
9.4114083e-05
9.1497931e-05
9.0186296e-05
8.9643488e-05
8.9536557e-05
8.9507318e-05
0.00019945249
0.00012578894
0.00010652057
9.7705123e-05
9.3361871e-05
9.1063548e-05
8.9923019e-05
8.9476769e-05
8.942742e-05
8.9431153e-05
0.00018571676
0.00012093911
0.00010417359
9.639376e-05
9.2560818e-05
9.0542876e-05
8.956067e-05
8.9203721e-05
8.9175677e-05
8.9078773e-05
0.00017415559
0.00011663465
0.00010196909
9.5079767e-05
9.1692596e-05
8.9938602e-05
8.9128062e-05
8.89084e-05
8.9020022e-05
8.9121808e-05
0.00016422814
0.00011279789
9.9912467e-05
9.3793788e-05
9.0791079e-05
8.9272197e-05
8.8614217e-05
8.8503802e-05
8.8690231e-05
8.8821577e-05
0.0001554263
0.00010924578
9.7895952e-05
9.2469169e-05
8.9818691e-05
8.8532418e-05
8.8040884e-05
8.8063382e-05
8.8356437e-05
8.8563218e-05
0.00014758866
0.0001060316
9.601138e-05
9.1203671e-05
8.8866851e-05
8.7797576e-05
8.7472867e-05
8.7643468e-05
8.8084547e-05
8.8435694e-05
0.00014035176
0.00010293349
9.4069449e-05
8.9830753e-05
8.7787292e-05
8.6929413e-05
8.6771496e-05
8.7084417e-05
8.7658777e-05
8.8157707e-05
0.00013360179
0.00010001397
9.2180591e-05
8.8490529e-05
8.6748246e-05
8.6124377e-05
8.6168154e-05
8.665633e-05
8.7358635e-05
8.7838445e-05
0.00012719769
9.721413e-05
9.0305988e-05
8.7154398e-05
8.5731027e-05
8.5372824e-05
8.5673321e-05
8.6431978e-05
8.7459617e-05
8.8403165e-05
0.00012100735
9.4484425e-05
8.8407833e-05
8.5786831e-05
8.4706182e-05
8.4643612e-05
8.523332e-05
8.6270248e-05
8.753448e-05
8.8579347e-05
0.00011475327
9.165085e-05
8.6359558e-05
8.4307511e-05
8.3658223e-05
8.3995288e-05
8.499917e-05
8.6471052e-05
8.8202546e-05
8.9758393e-05
0.00010827161
8.8756647e-05
8.4337518e-05
8.2988281e-05
8.2942531e-05
8.3845213e-05
8.541808e-05
8.7462198e-05
8.9766273e-05
9.1911206e-05
0.00010175125
8.6196889e-05
8.2867153e-05
8.2400049e-05
8.3149102e-05
8.4810645e-05
8.7163809e-05
9.001716e-05
9.3114525e-05
9.5865648e-05
9.5416706e-05
8.4258572e-05
8.2258634e-05
8.2883025e-05
8.4747901e-05
8.7617999e-05
9.1340354e-05
9.5751132e-05
0.0001006126
0.00010543929
8.8387996e-05
8.2302494e-05
8.2664117e-05
8.5747616e-05
9.0477445e-05
9.6625918e-05
0.00010400873
0.00011211648
0.00011770853
0.00012038777
8.3099416e-05
8.745537e-05
9.7455205e-05
0.00010473521
0.00010660939
0.00010852985
0.00011093158
0.00011394011
0.00011748261
0.00012121364
7.9896896e-05
7.384774e-05
6.9012069e-05
6.7099035e-05
6.7161572e-05
6.8564704e-05
7.0953177e-05
7.4113452e-05
7.7894801e-05
8.2175353e-05
0.00010300647
7.4876453e-05
6.5856859e-05
6.2689975e-05
6.2184574e-05
6.3204023e-05
6.524879e-05
6.8070658e-05
7.1534143e-05
7.5582425e-05
6.39916e-05
9.0501918e-05
0.00011159102
0.00013461168
0.00016811823
0.00021890987
0.00023551547
0.00025527642
0.00024333279
9.2199759e-05
9.7363676e-05
0.00010321701
0.00011530535
0.00013506827
0.00016660556
0.00019986172
0.00024652379
0.0003044671
0.00012161622
0.00011757904
0.00011304227
0.0001095926
0.00010712601
0.00010556879
0.00010485645
0.00010492369
0.00010570961
0.00010714587
0.00011642345
0.0001139238
0.00011125553
0.00010929716
0.00010784128
0.00010690752
0.00010650061
0.00010661321
0.00010722902
0.00010828071
0.00011348651
0.00011131763
0.0001096867
0.00010858011
0.00010771125
0.00010717384
0.00010698618
0.00010714026
0.00010759864
0.00010823523
0.0001117059
0.00010924678
0.00010820675
0.00010760265
0.0001070858
0.00010679724
0.00010674152
0.00010689631
0.00010717728
0.0001073615
0.0001106048
0.00010761961
0.00010696056
0.00010668055
0.00010641423
0.00010634177
0.00010645513
0.00010674851
0.00010717357
0.00010760242
0.00010998115
0.00010638036
0.00010598907
0.00010591554
0.00010581251
0.00010588715
0.00010610982
0.00010647391
0.00010690935
0.00010729596
0.00010966331
0.00010535129
0.00010512732
0.0001051641
0.00010514688
0.00010529121
0.00010554015
0.00010588074
0.0001062059
0.00010633083
0.0001095614
0.00010449848
0.00010438816
0.00010448545
0.00010452105
0.00010470967
0.00010497456
0.00010531053
0.00010560426
0.00010569777
0.00010954589
0.00010373996
0.00010377625
0.00010392196
0.00010401274
0.00010425521
0.00010456075
0.00010493841
0.00010527715
0.00010544804
0.0001095997
0.00010310167
0.00010335465
0.00010353218
0.00010366102
0.00010393331
0.00010425129
0.00010463256
0.00010495109
0.00010506896
0.000109833
0.0001025792
0.00010291613
0.00010310088
0.00010325356
0.00010353993
0.00010385345
0.00010421554
0.00010448083
0.00010449098
0.00011015246
0.00010217717
0.00010260469
0.00010279229
0.00010296587
0.00010326497
0.00010358389
0.0001039579
0.00010424394
0.00010433717
0.00011057952
0.00010176573
0.00010222809
0.00010249514
0.00010268712
0.00010299443
0.00010331316
0.00010368368
0.00010394421
0.00010395542
0.00011107276
0.00010140042
0.00010189446
0.00010226838
0.00010247321
0.00010277992
0.00010308988
0.00010344878
0.00010368692
0.00010368674
0.00011164193
0.00010112817
0.00010156765
0.00010201071
0.00010225987
0.00010255977
0.00010285837
0.00010320579
0.00010342533
0.00010341139
0.00011226774
0.00010093615
0.00010123588
0.0001017242
0.00010206844
0.00010236295
0.0001026533
0.00010299027
0.00010319068
0.00010315318
0.00011292928
0.00010077503
0.00010092477
0.00010145923
0.00010192018
0.00010222669
0.00010250662
0.00010282985
0.0001030079
0.00010292845
0.00011364671
0.00010067173
0.00010066473
0.00010112624
0.00010168322
0.00010208192
0.0001023511
0.00010266415
0.00010283554
0.00010276464
0.00011440823
0.00010061788
0.00010045507
0.00010084981
0.00010141651
0.00010186601
0.00010215734
0.00010245039
0.00010259371
0.00010249046
0.00011520697
0.00010065907
0.00010037018
0.0001007283
0.0001012818
0.00010171229
0.00010200482
0.00010229933
0.00010243531
0.00010231514
0.0001159618
0.00010056509
0.00010008955
0.00010038709
0.00010091966
0.00010143711
0.00010191141
0.00010227015
0.00010238167
0.00010226886
0.00011685458
0.0001006701
0.00010003595
0.00010027539
0.00010077126
0.00010123544
0.00010166299
0.00010198484
0.00010206466
0.00010190414
0.00011769775
0.00010072013
9.9929029e-05
0.00010013189
0.00010061828
0.00010105909
0.00010151915
0.00010187937
0.00010195856
0.00010180658
0.00011856977
0.00010080433
9.9850583e-05
0.00010001352
0.00010048739
0.00010090353
0.00010134531
0.00010173291
0.00010183642
0.0001016135
0.00011944718
0.00010088113
9.9752076e-05
9.9873379e-05
0.00010033549
0.00010072962
0.00010115579
0.00010158719
0.00010178277
0.00010164647
0.00012035914
0.00010097029
9.9649827e-05
9.9719368e-05
0.00010016068
0.00010052545
0.00010092982
0.00010133584
0.00010157534
0.00010149435
0.00012132065
0.00010113246
9.9634402e-05
9.9661954e-05
0.00010008706
0.0001004252
0.00010080797
0.00010118483
0.00010139107
0.00010131849
0.00012226639
0.00010127137
9.9589691e-05
9.958189e-05
0.00010000211
0.00010032831
0.00010070609
0.00010107373
0.00010127588
0.00010124323
0.00012323647
0.00010140606
9.9521744e-05
9.9464603e-05
9.9868133e-05
0.00010017278
0.00010053532
0.00010088205
0.0001010645
0.00010100777
0.00012425773
0.00010162101
9.9553153e-05
9.9456277e-05
9.9845382e-05
0.0001001273
0.00010047048
0.00010078978
0.00010094162
0.00010081295
0.00012524523
0.00010180969
9.956038e-05
9.9436701e-05
9.9830029e-05
0.00010011158
0.00010046065
0.00010078305
0.00010094687
0.00010086977
0.00012623242
0.00010195565
9.949542e-05
9.9327008e-05
9.9713102e-05
9.9987164e-05
0.00010033588
0.00010065301
0.00010081321
0.00010071573
0.00012728866
0.00010216635
9.9497445e-05
9.9276082e-05
9.9640143e-05
9.9888781e-05
0.00010021597
0.00010050507
0.00010063928
0.00010050696
0.00012835541
0.00010244837
9.9605753e-05
9.9362038e-05
9.9730519e-05
9.9977979e-05
0.00010030729
0.00010059358
0.00010072921
0.00010061483
0.00012932911
0.00010256795
9.9509593e-05
9.9224304e-05
9.9593201e-05
9.9844239e-05
0.00010018302
0.00010047305
0.00010061125
0.00010047901
0.00013043014
0.00010285334
9.9600827e-05
9.9272769e-05
9.9628239e-05
9.9863266e-05
0.0001001904
0.00010046555
0.00010059634
0.00010046555
0.0001314478
0.00010305421
9.9607277e-05
9.9251438e-05
9.9616513e-05
9.9862185e-05
0.00010020508
0.00010049202
0.00010063741
0.00010053665
0.00013248868
0.0001032473
9.9587119e-05
9.9183822e-05
9.9540223e-05
9.9779796e-05
0.00010012138
0.00010040191
0.0001005424
0.00010039424
0.00013357173
0.00010351817
9.9667811e-05
9.9229286e-05
9.9582179e-05
9.9816924e-05
0.00010015668
0.00010043037
0.00010056707
0.00010043945
0.0001345817
0.00010371241
9.9673543e-05
9.9204193e-05
9.9562022e-05
9.9803013e-05
0.00010015236
0.00010043075
0.00010057552
0.00010045073
0.0001356066
0.00010397357
9.9773402e-05
9.9285626e-05
9.9653785e-05
9.9902419e-05
0.00010026167
0.00010054404
0.00010069512
0.00010058624
0.0001365133
0.00010412196
9.976554e-05
9.9263746e-05
9.9649611e-05
9.9915028e-05
0.00010029281
0.00010058541
0.00010074252
0.00010062129
0.00013741712
0.00010433993
9.9872147e-05
9.9372513e-05
9.9772742e-05
9.9965636e-05
0.00010023064
0.00010045074
0.00010058073
0.00010048081
0.00013814515
0.00010447153
9.9963291e-05
9.9353098e-05
9.9562921e-05
9.9700012e-05
0.00010001404
0.00010028646
0.00010047798
0.00010040842
0.00013863154
0.00010437886
9.9513422e-05
9.8761936e-05
9.9004309e-05
9.9192698e-05
9.9569256e-05
9.9902274e-05
0.00010015348
0.00010014994
0.0001369176
0.00010302677
9.8295409e-05
9.7660823e-05
9.803371e-05
9.8377297e-05
9.892019e-05
9.9416638e-05
9.9831835e-05
9.9979935e-05
0.00013227662
0.00010075773
9.6562474e-05
9.6265467e-05
9.6918547e-05
9.7537217e-05
9.8339796e-05
9.9070067e-05
9.9693458e-05
9.9992936e-05
0.00012196556
9.6598954e-05
9.3610105e-05
9.3898589e-05
9.4946435e-05
9.5959542e-05
9.7101276e-05
9.8117944e-05
9.8987355e-05
9.9500695e-05
0.00010276058
3.2726127e-05
3.0745568e-05
2.9741672e-05
2.9624582e-05
3.0348031e-05
3.1863858e-05
3.4081768e-05
3.6900557e-05
4.0264371e-05
5.77063e-05
6.3191643e-05
6.6889249e-05
7.1493104e-05
7.7605027e-05
8.5298087e-05
9.4111745e-05
0.0001034527
0.00011199927
2.4569244e-05
2.9492333e-05
3.364563e-05
3.7992263e-05
4.265269e-05
4.766459e-05
5.2972137e-05
5.8535823e-05
6.4306187e-05
1.9903973e-05
2.6815375e-05
3.2946492e-05
3.9033242e-05
4.516756e-05
5.1512359e-05
5.8028145e-05
6.4761356e-05
7.1669331e-05
2.0597861e-05
3.1227923e-05
4.1765976e-05
5.2484293e-05
6.3206944e-05
7.4080925e-05
8.492223e-05
9.5751625e-05
0.00010636389
6.8506184e-05
9.1363873e-05
9.1649858e-05
0.0001231583
5.8636771e-05
4.9794278e-05
7.7732679e-05
6.5267688e-05
6.5801118e-05
0.00016290382
5.4612051e-05
4.5175709e-05
6.6707667e-05
6.8826306e-05
8.079562e-05
6.3309125e-05
8.0550629e-05
8.5472058e-05
0.00021692731
2.8334982e-05
0.00022663609
0.00021342302
6.3152814e-05
5.8163377e-05
9.5935842e-05
6.8872793e-05
7.8422039e-05
7.0204832e-05
7.003764e-05
7.7819861e-05
6.9632187e-05
0.00010125696
8.1575888e-05
7.9467046e-05
0.0001153036
6.8253399e-05
5.9317863e-05
8.2983024e-05
7.7904833e-05
7.3104877e-05
7.3100867e-05
7.7304858e-05
8.5608263e-05
0.00022735588
6.8088096e-05
6.8521086e-05
0.00029353146
6.0949247e-05
6.9255694e-05
7.4111081e-05
9.6139365e-05
7.615778e-05
7.2704743e-05
6.357001e-05
8.0384022e-05
7.4000644e-05
7.7808351e-05
5.3327327e-05
4.8928269e-05
5.8475435e-05
6.0065871e-05
5.8743507e-05
5.7727814e-05
0.00010128766
7.8435663e-05
8.103411e-05
6.0268715e-05
5.8261782e-05
8.1282941e-05
9.0635613e-05
6.3720936e-05
7.9384948e-05
0.0001133383
6.0943739e-05
5.7919013e-05
7.7421966e-05
0.00010092209
6.7147697e-05
7.6035272e-05
6.7085818e-05
7.927243e-05
7.0350913e-05
6.9751351e-05
0.00010554593
7.2875241e-05
6.194033e-05
6.2843152e-05
0.00010695426
8.6363136e-05
7.3216999e-05
7.4202674e-05
6.261286e-05
6.0615923e-05
9.3607073e-05
0.00010079218
5.9123296e-05
5.626303e-05
0.00015132212
0.00011880473
8.9780417e-05
2.9707968e-05
5.7529278e-05
5.9447025e-05
5.8263401e-05
6.1792961e-05
7.1733743e-05
7.3019923e-05
0.00019944085
8.8238556e-05
0.00022203711
0.00010266523
6.0633719e-05
6.283774e-05
5.7664094e-05
5.9522301e-05
6.6945745e-05
5.9161712e-05
6.5074511e-05
9.7774432e-05
5.4678101e-05
5.9438545e-05
9.8754337e-05
8.2599585e-05
5.0847421e-05
5.8860158e-05
6.0667553e-05
6.136521e-05
0.00029478128
0.00021530554
5.7388053e-05
5.8762182e-05
7.4370868e-05
5.8263391e-05
6.6825719e-05
5.8541064e-05
6.423942e-05
6.5484298e-05
8.236843e-05
8.9539076e-05
3.6807802e-05
8.039707e-05
6.000109e-05
5.4789991e-05
5.6358327e-05
6.0574782e-05
6.0391498e-05
5.0695573e-05
5.2593389e-05
6.5345133e-05
7.3356162e-05
3.8259975e-05
5.7328009e-05
5.9660221e-05
0.0001048712
8.6599536e-05
0.00022735588
5.7930039e-05
4.7507163e-05
6.7850287e-05
6.276267e-05
8.5322341e-05
7.9485847e-05
0.00010713268
8.4281854e-05
7.138885e-05
6.3006052e-05
5.5750846e-05
5.0676251e-05
6.5625042e-05
8.9849468e-05
6.1758195e-05
6.4495592e-05
0.00019141302
6.4592378e-05
7.1457951e-05
6.1874809e-05
6.5132324e-05
0.00020406991
6.0397907e-05
6.237844e-05
0.00017456324
0.00011979478
0.00023957254
5.5430388e-05
4.9499901e-05
5.1714279e-05
4.988665e-05
7.4401657e-05
6.6863725e-05
9.0354516e-05
5.1733636e-05
5.8110063e-05
0.00021340183
6.1952846e-05
5.2255749e-05
6.7190555e-05
5.5997691e-05
7.3889644e-05
6.9563031e-05
6.7375172e-05
6.3761165e-05
0.00020691233
0.00020005232
0.00021804572
0.00020000948
0.00021207544
8.993273e-05
6.0816325e-05
6.5335172e-05
0.00011872745
9.4750656e-05
6.2768839e-05
6.7602878e-05
9.5758601e-05
6.2937129e-05
5.8161542e-05
8.959647e-05
0.00038376331
6.51773e-05
7.7396452e-05
7.1847637e-05
8.7242401e-05
8.247516e-05
7.3864718e-05
0.00012578976
0.00013512931
0.00010339584
6.2147413e-05
7.2614357e-05
6.1583221e-05
6.5240063e-05
5.8368421e-05
5.6171307e-05
6.7964098e-05
6.6477737e-05
9.2338544e-05
8.200185e-05
6.6243272e-05
7.2953724e-05
5.9876562e-05
6.2941294e-05
0.00021207544
0.00020427619
0.00011947141
9.7110868e-05
8.7568021e-05
7.1179004e-05
8.0453977e-05
0.00013720324
6.1772268e-05
6.4519396e-05
6.0021135e-05
6.3995191e-05
5.5633541e-05
5.391729e-05
0.00020203411
0.00020527965
9.6741377e-05
7.1024129e-05
6.0196333e-05
5.6191123e-05
5.2675727e-05
0.00023829033
0.00021342302
7.0139737e-05
7.4503811e-05
6.0268086e-05
6.3256658e-05
5.8798759e-05
6.0410044e-05
6.963902e-05
8.1170385e-05
4.7781523e-05
5.9775311e-05
5.5302835e-05
6.9061077e-05
7.8369914e-05
7.6324606e-05
0.00010262095
9.3865665e-05
8.7991703e-05
8.6276079e-05
5.8539388e-05
6.1603177e-05
6.6262811e-05
7.7071957e-05
0.00020031207
0.00020806624
6.3788324e-05
6.6894166e-05
0.00020691233
0.00020005232
6.6437742e-05
5.9503628e-05
4.9801854e-05
4.7945837e-05
0.00019821853
0.00012206615
0.00026727496
5.8080825e-05
6.6415203e-05
6.6013864e-05
5.9806833e-05
8.0002395e-05
7.3600782e-05
5.9354587e-05
5.6194694e-05
7.0695779e-05
5.8021025e-05
9.1569211e-05
7.9834766e-05
6.7391484e-05
6.0684879e-05
7.1096781e-05
6.6572047e-05
5.6947006e-05
5.9796538e-05
6.0667938e-05
6.9912295e-05
0.0001320615
9.4035725e-05
8.0068734e-05
6.0436231e-05
6.297527e-05
8.9898215e-05
5.7955786e-05
4.7323399e-05
5.02327e-05
6.0871068e-05
5.1744528e-05
7.2986597e-05
6.320957e-05
6.1022431e-05
0.00010028134
9.3743517e-05
6.6643376e-05
6.3182117e-05
6.4432666e-05
6.3073866e-05
5.3910956e-05
5.9797324e-05
6.3354186e-05
7.3831721e-05
6.1123686e-05
6.376299e-05
5.8831279e-05
6.0958835e-05
7.0162491e-05
5.1067007e-05
8.831524e-05
7.8458952e-05
0.00011440815
9.4245993e-05
0.00020691233
0.00020005232
6.1240959e-05
6.1588911e-05
6.4716657e-05
7.353414e-05
5.836882e-05
6.3901251e-05
4.9004787e-05
5.8196577e-05
0.00020615715
0.00020227878
6.1215108e-05
5.9579019e-05
9.7962621e-05
8.7570835e-05
0.00018410663
0.00023803769
9.8278059e-05
8.8623759e-05
0.00019141302
5.3623786e-05
5.992133e-05
5.5909507e-05
6.6323373e-05
0.00020840321
0.00019777892
0.00023071199
8.2826591e-05
8.7990344e-05
5.5157217e-05
5.9161611e-05
5.6250676e-05
6.8288182e-05
0.00019240759
0.00021269597
7.9087916e-05
9.5507913e-05
0.00019821853
0.0002080408
0.00021508966
6.7927003e-05
7.3463087e-05
6.9350486e-05
7.4441576e-05
8.1795237e-05
9.1520659e-05
0.00019240759
0.0002109692
6.4338455e-05
5.9970403e-05
6.1543515e-05
6.3928116e-05
9.8377614e-05
8.4903519e-05
0.00030302271
0.00021461818
8.0281223e-05
8.4920992e-05
6.023072e-05
4.9965518e-05
6.6079801e-05
6.0613871e-05
0.0001004835
8.4141688e-05
7.3074528e-05
8.3248052e-05
6.0055158e-05
6.1040297e-05
5.5039351e-05
5.1318862e-05
0.00011315492
0.00015012706
7.0318939e-05
6.7578099e-05
7.0770733e-05
5.1367057e-05
6.5662315e-05
6.4574901e-05
5.7107702e-05
4.8834104e-05
6.9493106e-05
5.7535907e-05
9.1049767e-05
7.9362104e-05
7.5024901e-05
7.4048589e-05
7.0993325e-05
0.00011660348
7.8584902e-05
7.0336174e-05
0.00022735588
7.605752e-05
7.2574663e-05
7.9426453e-05
6.7627348e-05
7.4271807e-05
0.00023803769
5.5235602e-05
6.7975778e-05
0.00018410663
6.6536649e-05
6.8816238e-05
6.4639624e-05
6.8046264e-05
5.7579504e-05
8.5019771e-05
6.5391951e-05
6.3031279e-05
0.00012494723
0.00017471938
5.1931435e-05
6.1316588e-05
8.1600994e-05
7.9262827e-05
6.1436738e-05
6.2812087e-05
6.2238843e-05
6.9230176e-05
7.0259088e-05
0.00014636318
6.1901139e-05
6.2485108e-05
7.2760516e-05
7.5090402e-05
7.8677613e-05
6.3190168e-05
5.3511937e-05
8.6725138e-05
6.0396418e-05
6.2422569e-05
0.00011464144
9.4687707e-05
0.0001323962
0.00020221581
0.00021508966
8.3181274e-05
7.6996109e-05
6.737647e-05
7.137485e-05
0.00018707817
0.00021863421
0.00010041108
9.6071111e-05
7.7247085e-05
7.1237535e-05
0.00018851977
0.00023227205
6.2709289e-05
5.8287611e-05
8.5529845e-05
7.3432222e-05
0.00020679816
0.00019985405
7.5286333e-05
7.4743688e-05
6.1339578e-05
5.0359334e-05
6.1335603e-05
6.0808557e-05
6.0880184e-05
6.4257818e-05
6.039313e-05
6.5865994e-05
8.4159162e-05
8.3534382e-05
0.00010139851
6.7972262e-05
6.3355237e-05
9.0822692e-05
0.00010353976
8.5668942e-05
7.8763766e-05
9.029907e-05
0.00012667421
0.00010042914
8.3477836e-05
6.2193405e-05
6.4144891e-05
8.8766212e-05
8.2918927e-05
7.8426734e-05
0.00020986799
0.00020107122
0.00020986799
0.0002012747
6.2794171e-05
6.9475539e-05
0.00021092494
0.00020066661
0.00021092494
0.00020107122
0.00020888653
0.00020026397
0.00020888653
0.00020026397
6.5296626e-05
6.1589087e-05
5.483579e-05
6.561999e-05
0.00020037161
0.00020806624
0.00020066661
0.00021092494
8.0360911e-05
0.00010411695
0.00020406991
8.7860263e-05
8.9758948e-05
8.678562e-05
9.0587149e-05
6.0748643e-05
5.0986144e-05
0.0001977785
0.00011157555
0.00012470217
6.1476043e-05
5.8163892e-05
6.5310907e-05
6.7556407e-05
5.1148787e-05
5.9735297e-05
0.00013764429
6.3744231e-05
5.4142854e-05
5.6938335e-05
5.4737439e-05
8.374964e-05
5.4987788e-05
6.6025669e-05
7.017014e-05
4.398699e-05
6.1463427e-05
5.6312853e-05
6.4933575e-05
6.9402797e-05
7.2710156e-05
7.1904775e-05
0.00019944085
7.7062216e-05
7.425674e-05
0.00011259635
0.00016378431
5.7501654e-05
6.7125369e-05
7.5440914e-05
7.4883966e-05
0.00010020812
6.1327879e-05
7.5901421e-05
7.2260191e-05
0.00029353146
0.0001352947
7.4373875e-05
0.00010394641
0.00021692731
6.5779122e-05
6.8239795e-05
7.2876565e-05
6.0663429e-05
5.3199698e-05
0.0001048904
6.4590579e-05
8.5741212e-05
6.5675437e-05
5.998679e-05
5.5654391e-05
5.9129442e-05
9.6128536e-05
7.0477572e-05
9.6643491e-05
7.7144452e-05
0.00019821853
0.00012185634
8.5631405e-05
8.7542226e-05
0.00023829033
0.00021342302
2.3893917e-05
0.0001071945
7.3814716e-05
8.5100367e-05
6.9777742e-05
0.00022203711
4.0949451e-05
0.00038376331
0.00021804572
7.8404312e-05
6.3722595e-05
3.2696827e-05
0.00018707817
0.00021863421
6.1188998e-05
7.4706255e-05
9.3294953e-05
5.0614492e-05
0.00020535273
0.00019985405
6.4087394e-05
2.0029287e-05
0.00021804572
3.0008341e-05
7.6762743e-05
2.1416935e-05
9.0838409e-05
7.1890238e-05
9.904043e-05
8.1707464e-05
0.00038376331
0.0002080408
0.00021481559
0.00017126447
0.00016794928
0.00016420408
4.3688375e-05
9.2393313e-06
0.00020031207
0.00020733066
3.8122647e-05
0.00020427619
0.00021346947
4.0363754e-05
6.0621545e-05
1.5071879e-05
5.1708475e-05
4.8508422e-05
5.4480663e-05
4.7577781e-05
5.113373e-05
5.9171798e-05
7.2395881e-05
5.5484827e-05
4.2107989e-05
5.8877247e-05
6.3344194e-05
9.9453724e-05
8.2576482e-05
7.056034e-05
4.8880195e-05
4.5518808e-05
5.7638802e-05
4.935052e-05
5.5324228e-05
5.5221009e-05
5.5618291e-05
4.8966084e-05
5.8234501e-05
5.5430276e-05
5.9231795e-05
0.00020950127
0.00021434035
6.5969036e-05
5.0967443e-05
5.6253215e-05
5.2543402e-05
5.4527044e-05
5.6440414e-05
0.00020031207
0.00020733066
0.00020005232
0.00020733066
6.0063258e-05
5.5407682e-05
6.0362785e-05
5.1476668e-05
5.8036889e-05
5.2532277e-05
0.00021346947
0.00020252767
4.5529579e-05
6.7235017e-05
5.1847509e-05
5.7370773e-05
0.00020203411
0.00020527965
8.7160848e-05
4.0810109e-05
4.2213123e-05
4.6941918e-05
4.4669849e-05
6.7657734e-05
5.8209971e-05
7.2133684e-05
9.4072668e-05
0.00021346947
0.00020252767
5.0483125e-05
4.5728287e-05
0.00020203411
0.00020527965
0.00020615715
0.00020227878
0.00020227878
0.00020615715
0.00019777892
0.00020840321
0.00019777892
0.00020840321
3.2514435e-05
4.1235595e-05
0.00018707817
0.0002109692
5.9071016e-05
4.9864794e-05
5.7061023e-05
5.2237229e-05
4.0822384e-05
4.2739402e-05
0.00019240759
0.0002109692
5.5420246e-05
0.00019985405
0.00020679816
5.4042405e-05
3.5452174e-05
3.260911e-05
0.00020950127
0.00021481559
6.1199659e-05
5.5412376e-05
0.00018490857
0.00022819202
4.6541321e-05
4.3001066e-05
5.2864221e-05
5.6806428e-05
4.7202975e-05
4.8047457e-05
3.7843279e-05
4.0978189e-05
7.951767e-05
3.4816788e-05
3.8559407e-05
5.7095581e-05
9.0460793e-05
3.4009894e-05
3.6280356e-05
3.9742679e-05
3.865906e-05
0.00018490857
0.00022819202
4.3508443e-05
4.3134169e-05
3.3854688e-05
3.3806692e-05
4.6363752e-05
4.7615671e-05
4.4496403e-05
4.7301619e-05
4.1384835e-05
4.2407241e-05
4.0997548e-05
4.3118211e-05
3.2719374e-05
4.3375375e-05
4.2407143e-05
4.2795717e-05
2.1042096e-05
3.5894241e-05
3.9534203e-05
3.932386e-05
4.2915345e-05
4.0941697e-05
5.1771829e-05
3.8016398e-05
4.1406865e-05
3.4711059e-05
3.7239625e-05
5.7840012e-05
4.6838868e-05
5.6316523e-05
4.9295102e-05
4.4503276e-05
0.00021340183
3.6827991e-05
4.5960511e-05
3.5666809e-05
4.7119535e-05
0.00023071199
3.8270078e-05
3.8153683e-05
5.1074782e-05
4.6298072e-05
0.00019141302
3.3983834e-05
4.3230492e-05
6.4092637e-05
5.1379615e-05
0.00020221581
0.00021508966
6.1874419e-05
5.0595407e-05
3.4552268e-05
3.8364244e-05
2.8725967e-05
5.5631663e-05
5.5464606e-05
4.6709798e-05
5.0926803e-05
6.5041656e-05
5.5448173e-05
0.00020950127
0.00021481559
5.1927237e-05
5.5613094e-05
1.4201344e-05
3.914847e-05
4.2698804e-05
5.2956807e-05
5.5947761e-05
5.0378833e-05
5.6177259e-05
5.5324504e-05
5.7518872e-05
0.00020986799
0.00020107122
0.00020888653
0.00020026397
0.00020066661
0.00021092494
0.00020037161
0.00020806624
0.00021207544
0.00020000948
0.00018490857
0.00021863421
0.00018410663
0.00023803769
3.6798242e-05
4.3846258e-05
4.4071292e-05
4.986447e-05
0.00021461818
0.00023829033
7.651329e-05
4.99738e-05
3.3271739e-05
3.6658917e-05
4.0819939e-05
3.5526622e-05
3.7082625e-05
4.2441572e-05
6.4540799e-05
9.5187428e-05
5.4954647e-05
5.784807e-05
5.5174534e-05
4.8103281e-05
5.4163893e-05
4.0878598e-05
4.6081128e-05
7.3226744e-05
5.0757214e-05
4.6687719e-05
8.009923e-05
)
;

boundaryField
{
    oversetFaces
    {
        type            overset;
        coupledFringe   false;
        conservativeCorrection false;
        setHoleCellValue false;
        holeCellValue   0;
        value           nonuniform 0();
    }
    back
    {
        type            empty;
    }
    out
    {
        type            zeroGradient;
    }
    bottom
    {
        type            zeroGradient;
    }
    in
    {
        type            zeroGradient;
    }
    top
    {
        type            zeroGradient;
    }
    front
    {
        type            empty;
    }
    wall
    {
        type            zeroGradient;
    }
    cylinder
    {
        type            zeroGradient;
    }
    defaultFaces
    {
        type            zeroGradient;
    }
}


// ************************************************************************* //
