/*--------------------------------*- C++ -*----------------------------------*\
| =========                 |                                                 |
| \\      /  F ield         | foam-extend: Open Source CFD                    |
|  \\    /   O peration     | Version:     4.1                                |
|   \\  /    A nd           | Web:         http://www.foam-extend.org         |
|    \\/     M anipulation  |                                                 |
\*---------------------------------------------------------------------------*/
FoamFile
{
    version     2.0;
    format      ascii;
    class       surfaceScalarField;
    location    "0.6";
    object      phi;
}
// * * * * * * * * * * * * * * * * * * * * * * * * * * * * * * * * * * * * * //

dimensions      [0 3 -1 0 0 0 0];

internalField   nonuniform List<scalar> 
6703
(
-0.0042206273
0.021918
-0.017697373
-0.0079975793
0.026981056
-0.023204104
-0.011579222
0.03238892
-0.028807276
-0.015774402
0.038476255
-0.034281076
-0.020592848
0.045608445
-0.040789999
-0.026098257
0.053961575
-0.048456166
-0.032357438
0.063718269
-0.057459088
-0.039441233
0.075088243
-0.068004448
-0.047434276
0.088302105
-0.080309061
-0.056440326
0.10361727
-0.094611217
-0.066585493
0.12132501
-0.11117984
-0.07802042
0.14176094
-0.13032601
-0.090920978
0.16532935
-0.1524288
-0.10550361
0.19255734
-0.17797471
-0.12202687
0.22418693
-0.20766367
0.26122046
-0.24278344
-0.14046389
-0.0030621009
0.024980101
-0.0061274668
0.030046422
-0.0091442226
0.035405675
-0.012702569
0.042034601
-0.016855065
0.049760942
-0.021717475
0.058823984
-0.027408744
0.069409538
-0.034058639
0.081738138
-0.041813281
0.096056747
-0.050840416
0.1126444
-0.061338435
0.13182303
-0.073550378
0.15397288
-0.087778705
0.17955768
-0.10438475
0.20916338
-0.12373755
0.24353973
0.28355468
-0.14607177
-0.0011490456
0.026129146
-0.0029825509
0.031879928
-0.0050881948
0.037511319
-0.0076142581
0.044560665
-0.010610547
0.052757231
-0.01416785
0.062381287
-0.018381404
0.073623093
-0.023362213
0.086718947
-0.02923714
0.10193167
-0.03615078
0.11955804
-0.044268611
0.13994086
-0.05378296
0.16348723
-0.064923012
0.19069773
-0.077964048
0.22220441
-0.093210395
0.25878608
0.30131273
-0.11096844
-0.0004348697
0.026564016
-0.0016067055
0.033051763
-0.0028433672
0.038747981
-0.0043745453
0.046091843
-0.0062078536
0.054590539
-0.0084126808
0.064586115
-0.011054625
0.076265037
-0.014213559
0.089877882
-0.017981504
0.10569962
-0.0224645
0.12404104
-0.027784359
0.14526072
-0.034080161
0.16978303
-0.041508381
0.19812595
-0.05023662
0.23093265
-0.060408054
0.26895752
0.31284918
-0.07194451
0.0002032356
0.026360781
-0.00038177292
0.033636772
-0.00083010976
0.039196318
-0.001448494
0.046710227
-0.0021825003
0.055324545
-0.0030791964
0.065482811
-0.0041686756
0.077354516
-0.0054945086
0.091203715
-0.0071078063
0.10731292
-0.0090699585
0.12600319
-0.011453945
0.14764471
-0.01434565
0.17267474
-0.0178443
0.2016246
-0.022060501
0.23514886
-0.02711366
0.27401068
0.3191647
-0.033429179
0.00086933635
0.025491444
0.00094550009
0.033560608
0.0012711761
0.038870642
0.0015748656
0.046406538
0.0019451003
0.054954311
0.0023618573
0.065066054
0.0028299519
0.076886422
0.0033441758
0.090689492
0.0038965588
0.10676053
0.0044727319
0.12542702
0.0050506864
0.14706675
0.0055990871
0.17212634
0.0060756458
0.20114805
0.0064242797
0.23480022
0.0065991564
0.2738358
0.31921909
0.0065447744
0.0015701584
0.023921286
0.0024133992
0.032717368
0.0035215467
0.037762495
0.0047891528
0.045138932
0.0062853345
0.053458129
0.0080338785
0.06331751
0.010069684
0.074850616
0.012427548
0.088331628
0.015142511
0.10404557
0.01824762
0.12232191
0.021772573
0.1435418
0.025742671
0.16815624
0.030179198
0.19671152
0.035098092
0.22988133
0.040522994
0.2684109
0.31338942
0.046352658
0.0022814525
0.021639834
0.0039740287
0.031024792
0.005855772
0.035880752
0.0080920951
0.042902609
0.010714186
0.050836039
0.013797034
0.060234662
0.01740278
0.071244871
0.021603691
0.084130717
0.026474486
0.099174777
0.032091991
0.11670441
0.038533604
0.13710019
0.045876183
0.16081366
0.054195547
0.18839216
0.063560123
0.22051675
0.074020742
0.25795028
0.30187858
0.085531581
0.003050535
0.018589299
0.0057464427
0.028328884
0.0084552859
0.033171909
0.01166479
0.039693105
0.015402325
0.047098504
0.019794631
0.055842356
0.024935145
0.066104358
0.03093054
0.078135322
0.037892599
0.092212719
0.045939002
0.108658
0.055193061
0.12784613
0.065785295
0.15022143
0.077858939
0.17631851
0.091578491
0.2067972
0.10713785
0.24239093
0.28425082
0.12476561
0.0041121421
0.014477157
0.008027371
0.024413656
0.011761727
0.029437553
0.016020655
0.035434178
0.020891868
0.042227292
0.026554799
0.050179425
0.033148208
0.059510951
0.040815439
0.070468092
0.049704439
0.083323719
0.059970331
0.098392113
0.071777272
0.11603919
0.085303726
0.13669497
0.10075637
0.16086587
0.1184018
0.18915177
0.1386252
0.22216753
0.26068222
0.1621938
0.0044930079
0.009984149
0.010603683
0.018302981
0.016391471
0.023649766
0.022244087
0.029581562
0.028467109
0.03600427
0.03540722
0.043239315
0.043320786
0.051597385
0.052424252
0.061364626
0.062918727
0.072829246
0.074998969
0.086311871
0.088856497
0.10218166
0.10468451
0.12086696
0.12268731
0.14286307
0.14309302
0.16874606
0.16612602
0.19913453
0.23448504
0.1923232
0.0079267117
0.0020574378
0.015400506
0.010829187
0.02156122
0.017489052
0.027743682
0.023399101
0.03442741
0.029320542
0.041861475
0.035805251
0.050232114
0.043226747
0.059690247
0.051906493
0.070340926
0.062178567
0.082239238
0.07441356
0.095393401
0.089027498
0.10977557
0.10648479
0.12534326
0.12729539
0.14206854
0.15202078
0.1598657
0.18133736
0.21560813
0.17874262
-0.00029232147
-0.017754662
0.018046984
-0.0022598696
-0.021269597
0.023237145
-0.0059021571
-0.025310237
0.028952525
-0.010155772
-0.030080217
0.034333832
-0.015192861
-0.035678514
0.040715603
-0.02113877
-0.042230342
0.048176251
-0.028128908
-0.049873991
0.056864129
-0.036314178
-0.058760698
0.066945969
-0.045842557
-0.069056095
0.078584474
-0.056851803
-0.080941727
0.091950973
-0.069466726
-0.094618122
0.10723305
-0.083796409
-0.11031166
0.12464134
-0.099941883
-0.12828779
0.14443326
-0.11805326
-0.14885983
0.16697121
-0.13851276
-0.17236337
0.19282287
-0.19925002
0.22312569
-0.16238843
-0.0027258174
-0.015028845
-0.0061842678
-0.017811147
-0.010396956
-0.021097549
-0.015490586
-0.024986587
-0.021605104
-0.029563996
-0.028905224
-0.034930221
-0.03758155
-0.041197665
-0.047852376
-0.048489871
-0.059966893
-0.056941578
-0.074208846
-0.066699774
-0.090900393
-0.077926576
-0.11040688
-0.090805172
-0.13314493
-0.10554974
-0.15958474
-0.12242003
-0.19019177
-0.14175634
-0.16405261
-0.22538918
-0.0032033943
-0.01182545
-0.0071161623
-0.013898378
-0.011808649
-0.016405061
-0.017417355
-0.019377881
-0.02410268
-0.02287867
-0.032051154
-0.026981747
-0.041477495
-0.031771325
-0.052626743
-0.037340623
-0.065776623
-0.043791697
-0.081240467
-0.05123593
-0.099371513
-0.059795529
-0.12056984
-0.06960684
-0.14529271
-0.080826872
-0.17406964
-0.0936431
-0.20755602
-0.10826996
-0.1248876
-0.24672104
-0.0032945012
-0.0085309489
-0.0073902645
-0.009802615
-0.012358833
-0.011436492
-0.018330278
-0.013406435
-0.025468778
-0.01574017
-0.033968175
-0.018482349
-0.044051841
-0.021687659
-0.055973536
-0.025418928
-0.070018537
-0.029746696
-0.086505004
-0.034749463
-0.10578607
-0.040514466
-0.12825464
-0.047138267
-0.15435462
-0.054726896
-0.18459429
-0.063403423
-0.21949359
-0.073370662
-0.085066595
-0.25931459
-0.0036228977
-0.0049080511
-0.0080246769
-0.0054008357
-0.013292402
-0.0061687673
-0.019583827
-0.0071150103
-0.027085749
-0.0082382484
-0.036012482
-0.0095556167
-0.046607674
-0.011092467
-0.059146298
-0.012880303
-0.073936651
-0.014956343
-0.091322985
-0.01736313
-0.11168858
-0.020148874
-0.13546088
-0.023365964
-0.16311432
-0.027073452
-0.19519291
-0.031324832
-0.23250493
-0.03605865
-0.040873256
-0.27669826
-0.0011487373
0.026139887
-0.024991149
-0.0029824678
0.031895513
-0.030061783
-0.0050882337
0.037532262
-0.035426496
-0.0076143113
0.044589701
-0.042063624
-0.01061033
0.052798375
-0.049802357
-0.014166623
0.062438541
-0.058882248
-0.018377713
0.073700211
-0.069489122
-0.023353491
0.086817842
-0.081842064
-0.029219394
0.10204996
-0.096184062
-0.036118678
0.11968589
-0.1127866
-0.044216856
0.14005855
-0.13196038
-0.053709967
0.16356723
-0.15407412
-0.064836545
0.19071658
-0.17959
-0.077883472
0.22216631
-0.20911938
-0.093151534
0.25874332
-0.24347526
0.30132982
-0.2836072
-0.11087415
-0.0048701469
-3.7904213e-05
-0.010233706
-3.7276687e-05
-0.016365428
-3.7045256e-05
-0.023444296
-3.6142108e-05
-0.031648611
-3.3933721e-05
-0.041174328
-2.9899417e-05
-0.05224318
-2.3614033e-05
-0.065108639
-1.4844194e-05
-0.08006126
-3.7220518e-06
-0.097433433
9.0434617e-06
-0.11760433
2.2025832e-05
-0.14100351
3.3207741e-05
-0.16811713
4.0176577e-05
-0.19948123
3.9263357e-05
-0.23556085
2.0969486e-05
-3.662269e-05
-0.27639748
-0.0049670447
0.0049291405
-0.010414143
0.0054098218
-0.016631313
0.0061801244
-0.023800346
0.0071328912
-0.032099481
0.0082652008
-0.041722874
0.0095934942
-0.052888821
0.011142332
-0.065845649
0.012941984
-0.08087714
0.015027769
-0.098307615
0.017439518
-0.1185074
0.020221814
-0.14189631
0.023422115
-0.1689472
0.02709107
-0.20017417
0.031266227
-0.2360342
0.035881002
0.040658439
-0.27672926
-0.0036415126
0.0085706531
-0.0080823855
0.0098506946
-0.013397425
0.011495164
-0.019741297
0.013476763
-0.027298571
0.015822475
-0.036281072
0.018575994
-0.046929347
0.021790608
-0.059514471
0.025527108
-0.074339807
0.029853106
-0.091743242
0.034842953
-0.1120995
0.040578071
-0.13582473
0.047147343
-0.16338126
0.054647602
-0.19530224
0.063187204
-0.23233991
0.072918676
0.084137645
-0.27581912
-0.0032857704
0.011856423
-0.0073732315
0.013938156
-0.012332056
0.016453989
-0.018290205
0.019434912
-0.025409542
0.022941812
-0.033881019
0.02704747
-0.043924221
0.03183381
-0.055787944
0.037390831
-0.069751136
0.043816297
-0.086124354
0.051216171
-0.10525257
0.059706292
-0.12752201
0.069416776
-0.15337675
0.080502348
-0.18334775
0.0931582
-0.21802558
0.10759651
0.12386159
-0.25774953
-0.0031823891
0.015038813
-0.0070696561
0.017825422
-0.011730484
0.021114816
-0.01729972
0.025004148
-0.023935799
0.029577891
-0.03182283
0.034934501
-0.041172654
0.041183634
-0.052227161
0.048445338
-0.065261216
0.056850352
-0.080587027
0.066541981
-0.098561614
0.077680879
-0.11959933
0.090454489
-0.14418797
0.10509099
-0.17290939
0.12187962
-0.2065777
0.14126481
0.16423407
-0.24695018
-0.0027139993
0.017752812
-0.0061569843
0.021268407
-0.010349899
0.02530773
-0.015418894
0.030073144
-0.021503457
0.035662454
-0.028768127
0.042199171
-0.037404074
0.04981958
-0.047631774
0.058673038
-0.059705756
0.068924333
-0.073920904
0.080757129
-0.090620511
0.094380486
-0.11020753
0.11004151
-0.13316459
0.12804805
-0.16007732
0.14879235
-0.19152508
0.17271257
0.20014078
-0.22743178
-0.0002756213
0.018028433
-0.0022330206
0.023225806
-0.0058696195
0.028944329
-0.010115865
0.034319389
-0.015145233
0.040691822
-0.021083857
0.048137795
-0.028068516
0.056804239
-0.036252528
0.066857049
-0.045788395
0.0784602
-0.056821039
0.091789774
-0.069485771
0.10704522
-0.083903763
0.1244595
-0.10017941
0.1443237
-0.11842066
0.16703361
-0.13884415
0.19313606
0.22344948
-0.16215286
0.0079288855
-0.0099749237
0.0020460382
0.015407174
-0.018298622
0.010820332
0.021572497
-0.023649917
0.017484592
0.027757969
-0.029586044
0.02340057
0.034443403
-0.036015264
0.029329829
0.041877628
-0.043259348
0.035825121
0.050246111
-0.051629394
0.043260909
0.059698321
-0.061411162
0.05195895
0.070336877
-0.072890854
0.062252296
0.082213059
-0.086384416
0.074508231
0.09532961
-0.10225268
0.089136125
0.10965123
-0.12091168
0.10659006
0.12512456
-0.14284083
0.1273675
0.14169208
-0.16859674
0.15202922
0.15918331
-0.19873337
0.18124213
-0.23379425
0.21473731
0.17824026
0.0044995386
-0.014474464
0.010617903
-0.024416989
0.016413402
-0.02944542
0.02227419
-0.035446834
0.028506236
-0.042247312
0.035456594
-0.050209709
0.043381934
-0.059554737
0.052498644
-0.070527875
0.063007371
-0.083399586
0.075102184
-0.098479231
0.088974645
-0.11612514
0.10482168
-0.13675872
0.12286265
-0.1608818
0.14337099
-0.18910507
0.16670534
-0.22206772
-0.26077715
0.19368823
0.004117712
-0.018592178
0.0080389962
-0.028338275
0.011778938
-0.033185364
0.016044203
-0.039712101
0.020923009
-0.047126122
0.026595031
-0.055881734
0.03319909
-0.066158799
0.0408782
-0.078206988
0.049779476
-0.092300865
0.060056684
-0.10875644
0.071872457
-0.12794092
0.085404701
-0.15029097
0.10086245
-0.17633955
0.11851661
-0.20675923
0.13874334
-0.24229445
-0.28421776
0.16218396
0.0030536188
-0.021645798
0.0057530721
-0.03103773
0.0084652518
-0.035897545
0.011678877
-0.042925728
0.015421504
-0.05086875
0.019819954
-0.060280186
0.024967587
-0.071306434
0.030970626
-0.084210031
0.037939939
-0.09927018
0.045991751
-0.11680826
0.055247736
-0.13719691
0.065837817
-0.16088105
0.077908248
-0.18840999
0.091632708
-0.22048369
0.10722756
-0.25788931
-0.30194961
0.12495941
0.0022830052
-0.023928804
0.0039771192
-0.032731844
0.0058604299
-0.037780857
0.0080988579
-0.045164157
0.010723668
-0.053493561
0.013809857
-0.063366377
0.017419412
-0.07491599
0.021624148
-0.088414768
0.026497869
-0.1041439
0.03211594
-0.12242633
0.038553946
-0.14363491
0.045887383
-0.16821449
0.05419247
-0.19671507
0.063539293
-0.22983052
0.073980739
-0.26833075
-0.31339775
0.085428873
0.0015710779
-0.025499882
0.0024148912
-0.033575658
0.0035238052
-0.038889771
0.0047925181
-0.046432871
0.0062902434
-0.054991287
0.0080408021
-0.065116937
0.010079002
-0.076954191
0.01243934
-0.090775108
0.015156211
-0.10686077
0.01826161
-0.12553173
0.021783952
-0.14715726
0.025747692
-0.17217823
0.030174867
-0.20114225
0.035084452
-0.2347401
0.04050969
-0.27375599
-0.31921887
0.046330816
0.00087018584
-0.026370068
0.00094666728
-0.03365214
0.0012730068
-0.039216111
0.0015776579
-0.046737522
0.0019492986
-0.055362928
0.0023680298
-0.065535669
0.0028387045
-0.077424866
0.0033560723
-0.091292476
0.0039119226
-0.10741663
0.0044914079
-0.12611122
0.0050718571
-0.14773771
0.0056214258
-0.1727278
0.0060981301
-0.20161896
0.0064481158
-0.23509009
0.0066324354
-0.27394031
-0.31915578
0.0065693387
0.00020402262
-0.026574091
-0.00038079685
-0.033067321
-0.00082844393
-0.038768464
-0.0014458357
-0.046120131
-0.0021783263
-0.054630438
-0.0030727353
-0.06464126
-0.0041589107
-0.076338691
-0.0054801115
-0.089971276
-0.0070871783
-0.10580956
-0.0090413704
-0.12415703
-0.011415896
-0.14536318
-0.014297392
-0.16984631
-0.017786086
-0.19813026
-0.021991699
-0.23088448
-0.02702666
-0.26890535
-0.3128555
-0.033326942
-0.00043420436
-0.0016060118
-0.0028422145
-0.0043726444
-0.0062047068
-0.0084074259
-0.011045907
-0.014199342
-0.017958937
-0.022430074
-0.027734704
-0.034013779
-0.041427467
-0.050145639
-0.060307675
-0.071833356
-0.003058354
-0.021932795
-0.0061239582
-0.026996179
-0.0091433091
-0.032407145
-0.012704225
-0.038502708
-0.016859562
-0.045647021
-0.021724551
-0.054017259
-0.027417068
-0.063796605
-0.034064943
-0.075194189
-0.041811385
-0.088437621
-0.050820571
-0.10377742
-0.06128859
-0.12149236
-0.073462088
-0.14190063
-0.087660223
-0.16539186
-0.10427786
-0.19250175
-0.12373189
-0.22402122
-0.2609986
-0.14634049
-0.0042161634
-0.017716632
-0.0079973386
-0.023215004
-0.011588374
-0.02881611
-0.015794938
-0.034296144
-0.02062728
-0.040814679
-0.02614867
-0.04849587
-0.032424648
-0.057520628
-0.039523519
-0.068095318
-0.047525909
-0.080435231
-0.056530115
-0.094773213
-0.066657245
-0.11136523
-0.078059079
-0.13049879
-0.09093
-0.15252094
-0.10553031
-0.17790144
-0.1221291
-0.20742243
-0.2426159
-0.1405118
0.0047703616
-0.003049333
-0.0017210286
0.01542136
6.5704784e-05
-0.010716703
0.027987502
0.0044757976
-0.01704194
0.041294077
0.0093694054
-0.02267598
0.054366162
0.015249956
-0.028322041
0.067074024
0.021726839
-0.034434701
0.079426359
0.028989074
-0.041341408
0.091474778
0.037279652
-0.049328071
0.1033287
0.046829705
-0.058683629
0.11517091
0.057885146
-0.06972735
0.12724469
0.070748773
-0.082822558
0.13984616
0.085779424
-0.098380889
0.15334067
0.10336371
-0.11685822
0.16817926
0.12391786
-0.13875645
0.18487884
0.14793562
-0.16463519
0.17596058
-0.19509854
0.20401679
0.0022834888
-0.0053328219
0.0081102257
-0.0057610321
0.017111392
-0.0045253683
0.029223591
-0.0027427943
0.044738548
-0.00026500137
0.061991345
0.0044740428
0.079978793
0.011001625
0.097946493
0.019311953
0.11582214
0.028954058
0.13379324
0.039914047
0.1520234
0.052518613
0.17085108
0.066951744
0.190907
0.083307782
0.21319735
0.10162752
0.23905034
0.12208263
0.14490228
0.27010864
0.00011562167
-0.0054484436
0.00014720046
-0.0057926109
0.0020136515
-0.0063918193
0.006459631
-0.0071887738
0.0143732
-0.0081785708
0.02619484
-0.0073475963
0.042342941
-0.0051464758
0.063115264
-0.0014603709
0.086730594
0.0053387286
0.11111271
0.015531929
0.13481545
0.028815876
0.15808684
0.043680357
0.18164871
0.059745907
0.20671836
0.076557871
0.23464462
0.094156372
0.11254958
0.26699732
0.00034927467
-0.0057977182
0.00070374808
-0.0061470842
0.0011396992
-0.0068277703
0.0016313312
-0.0076804055
0.0021118388
-0.0086590782
0.0045070225
-0.0097427798
0.010248093
-0.010887546
0.020927922
-0.012140199
0.037444871
-0.011178221
0.059674931
-0.0066981297
0.084503255
0.0039875528
0.10471553
0.02346808
0.12975661
0.034704828
0.15818229
0.048132199
0.19053137
0.061807283
0.074636197
0.22844476
-0.00023212027
-0.005565598
-0.00093683835
-0.0054423659
-0.0020436104
-0.005720998
-0.0035808549
-0.0061431608
-0.0055937588
-0.006646174
-0.0081366086
-0.0071999297
-0.011249457
-0.0077746972
-0.015093358
-0.0082962982
-0.017593494
-0.0086780837
-0.015397017
-0.0088946057
-0.0017596278
-0.0096498359
0.020530307
0.0011781457
0.043397611
0.011837525
0.069810468
0.021719342
0.10174292
0.029874835
0.035749977
0.14062914
-0.0055496697
-1.5928182e-05
-0.010966941
-2.509411e-05
-0.016651505
-3.6433095e-05
-0.02274444
-5.0225711e-05
-0.029323793
-6.682008e-05
-0.036437156
-8.6566114e-05
-0.044101977
-0.00010987566
-0.052260739
-0.00013753535
-0.060767615
-0.00017120624
-0.069449869
-0.00021235075
-0.078836822
-0.00026288159
-0.077392647
-0.00026602819
-0.065332353
-0.0002227674
-0.043876453
0.00026344285
-0.016251836
0.0022502185
0.0088656103
0.010632532
-0.0056022567
0.0055863287
-0.011071593
0.0054442428
-0.016816866
0.0057088406
-0.022982811
0.0061157206
-0.029648872
0.0065992418
-0.036860126
0.0071246898
-0.044623884
0.0076538833
-0.052860257
0.0080988386
-0.061386736
0.0083552744
-0.069960179
0.0083610943
-0.078663339
0.0084402803
-0.076921013
-0.0020083527
-0.064835123
-0.012308656
-0.042820097
-0.021751581
-0.010766498
-0.029803381
-0.035246269
0.03334538
-0.00023320034
0.0058195295
-0.00095172225
0.0061627663
-0.0020853502
0.0068424705
-0.0036657492
0.0076961219
-0.0057419739
0.0086754689
-0.0083718938
0.0097546124
-0.011596076
0.010878068
-0.015569847
0.012072613
-0.018133924
0.010919355
-0.015852074
0.0060792475
-0.0025743417
-0.0048374484
0.019081234
-0.023663925
0.042014383
-0.035241802
0.068936641
-0.048673838
0.10151313
-0.062379872
-0.075508292
0.14177516
0.00034575113
0.0054737791
0.00069532746
0.0058131926
0.0011262564
0.0064115447
0.0016142515
0.0072081306
0.0020932225
0.0081965021
0.0044852636
0.0073625759
0.010216313
0.0051470233
0.020865249
0.0014236823
0.037270731
-0.0054861235
0.059205759
-0.015855776
0.083531282
-0.029162969
0.10387705
-0.044009693
0.1286553
-0.060020047
0.15672196
-0.076740502
0.18849212
-0.094150026
-0.11209351
0.22507733
0.00013322293
0.0053405572
0.00017752874
0.0057688906
0.0020579934
0.0045310845
0.0065207699
0.0027453589
0.014454602
0.00026267526
0.026296127
-0.0044789441
0.042461705
-0.01101855
0.063241472
-0.019356081
0.086781739
-0.029026387
0.11094955
-0.040023584
0.13444833
-0.052661746
0.15754699
-0.067108351
0.1809693
-0.083442356
0.20592156
-0.10169277
0.2337858
-0.12201426
-0.14466203
0.26635432
0.0022853673
0.0030551917
0.0081063929
-5.2130999e-05
0.01709968
-0.0044621991
0.02920527
-0.0093602274
0.044716412
-0.015248464
0.061971709
-0.021734238
0.079961207
-0.029008047
0.097919189
-0.037314062
0.11577657
-0.046883772
0.13371481
-0.057961817
0.15189947
-0.070846402
0.17067753
-0.085886415
0.19069009
-0.10345491
0.21295231
-0.123955
0.2388067
-0.14786865
-0.1755794
0.26972407
0.0047648778
-0.0017096835
0.015420236
-0.010707487
0.027995357
-0.017037319
0.041312117
-0.022676986
0.054394248
-0.028330594
0.067113602
-0.034453591
0.079479885
-0.041374329
0.091544932
-0.049379108
0.10341731
-0.058756146
0.11527746
-0.069821973
0.12736538
-0.082934318
0.1399751
-0.098496135
0.15347316
-0.11695297
0.16831963
-0.13880147
0.18506423
-0.16461325
-0.19516322
0.20464805
0.00035276292
-0.00033106045
0.00048981535
0.00052812835
0.00042995172
0.0001115814
-0.00054326789
-0.0016906667
-0.0035395279
-0.0063609716
-0.010495597
-0.016362107
-0.024467204
-0.035408303
-0.049935915
-0.069269875
0.00035249291
-0.00033035154
0.00048890755
0.00052659524
0.00042751974
0.00010790107
-0.00054859814
-0.0016979464
-0.0035487036
-0.0063709435
-0.010503124
-0.016360573
-0.024448252
-0.03537848
-0.049978038
-0.069468253
0.00044919992
-0.00033635461
0.00089647355
0.0016200578
0.0026192926
0.0039908221
0.0058774013
0.0084572421
0.011953391
0.016639648
0.022841454
0.030935378
0.041349903
0.054577649
0.071206526
0.090780614
0.00044889397
-0.00033640923
0.00089600529
0.0016191258
0.0026176276
0.0039881777
0.0058735167
0.0084519393
0.011946878
0.016633088
0.022838029
0.030941932
0.041379098
0.054643433
0.071345604
0.091855195
0.24300081
-0.53632574
0.29332493
1.2754989
-1.3206352
0.045136237
0.18666553
-0.48445584
0.2977903
1.2754989
-0.3319912
0.050446465
0.28154474
-1.2669458
0.787128
0.47981778
-0.16840772
0.66048637
-0.49207865
1.1647877
0.44040601
-1.6051937
1.2118217
0.30147257
-1.5132943
0.19143453
-0.2607044
-0.2929791
0.22351085
0.54419358
1.0046279
-1.5488215
-0.54170743
-0.57902459
1.120732
-1.1497211
0.5105698
0.6391513
-0.250044
0.60352793
-0.35348393
0.55175053
-0.038878756
-0.51287177
1.0996203
-1.1396295
0.040009242
0.07084548
0.2599872
-0.33083268
0.1757932
-0.25545295
0.079659753
0.9411748
-0.34246473
-0.59871007
-0.16562257
-0.16636864
-1.1548282
0.61312073
-1.4218493
1.4085551
0.013294262
0.10903781
1.2784869
-1.3875247
0.0055271789
-0.84973715
0.84420998
0.69821661
0.21231629
-0.91053291
-0.60607776
-0.91243622
1.518514
0.95731516
-0.31698253
-0.64033263
0.2170154
0.96488412
-1.1818995
-0.34563633
0.83838025
-0.49274392
1.0414532
-0.34323657
0.30417974
-0.21755049
-0.086629255
-0.027162977
1.2550266
-1.2278636
0.96357489
0.003014624
-0.96658951
0.15716402
-0.91966788
0.76250386
1.3268283
-1.117543
-0.20928532
1.1286335
-1.1968426
0.068209077
-0.72027291
0.87743693
0.84017388
-0.48909939
-0.35107449
-1.2970291
0.25553258
1.0414965
0.38347624
-0.54986649
0.16639025
1.2852089
-0.56470085
-0.72050807
1.1647877
-0.34947798
0.84480136
-0.49532337
1.2118217
-0.13091736
0.56093551
-0.43001815
-0.28499049
1.001785
-0.71679449
-1.4703565
0.62502368
0.84533282
-1.1647877
1.7485515
-0.58376385
-1.2118217
1.7638151
-0.55199339
0.47860528
-0.083129635
-0.39547564
-0.58683449
0.26242409
0.3244104
0.2162031
-0.40556928
0.18936618
0.14654
0.17387632
-0.32041633
-0.47367713
0.85722568
-0.38354855
0.10134891
0.83026603
-0.93161494
0.14617883
-0.2867905
0.14061167
-0.82384905
0.52344925
0.3003998
-1.5781507
0.17200775
1.4061429
1.2903223
-0.4589437
-0.83137863
1.1967593
0.09356304
0.83026902
0.61424495
-1.444514
0.77733717
0.65381318
-1.4311503
-0.3687595
0.75626929
-0.38750979
0.10659582
-0.60287676
0.49628094
-0.99678719
1.0343704
-0.037583254
0.66593052
-1.2081592
0.54222864
0.71346448
0.26116014
-0.97462462
-0.155036
0.9300394
-0.7750034
-1.3821558
1.0971653
-0.35328291
0.927835
-0.57455209
0.27971138
0.27203915
-0.62828482
0.57097273
0.057312096
0.74324225
0.95743851
-1.7006808
1.3396305
-1.2382827
-0.10134772
0.078150659
-0.44729314
0.74713197
-0.29983883
0.98195408
-0.46712302
-0.51483106
1.4964926
-1.348514
-0.14797856
1.1580063
-1.0279459
-0.13006043
0.44029267
-0.60068896
0.16039628
-0.34199663
0.13258928
0.20940735
0.20408334
-0.54971967
-1.8130225
1.2860979
0.52692465
0.34797347
0.7516468
0.37056646
-1.3668373
0.99627079
-0.6748172
1.1403627
-0.46554555
-0.15683218
-0.92994104
1.0867732
0.43634911
-0.32277784
-0.11357126
0.075635094
1.2639954
0.83742326
-0.0025975898
-0.83482567
-1.1951207
0.48846725
0.70665348
0.079530022
0.55003823
-0.62956825
0.47840131
0.36177257
0.66037433
0.36472201
-1.0250963
0.68868117
-0.26126561
-0.42741556
-0.72562478
-0.80806343
0.46254257
-0.27587703
-0.1159215
-0.23244671
0.34836822
-0.43442775
0.84923018
-0.41480243
-0.46809575
1.211338
-0.86156489
1.1454213
-0.28385644
-0.92289419
-0.27222654
-0.010735269
1.1393688
1.2401168
-1.1594623
-0.080654447
-0.76317042
-0.38655068
-1.6839972
1.1131898
0.57080733
-1.8140574
1.317446
0.49661138
0.86303218
-0.38792833
-0.47510385
0.20688061
-0.55635859
0.3079643
-0.78164144
0.00674637
0.63575019
-0.64249656
0.46899489
-0.62403089
-0.2213187
0.60479494
0.28388391
0.65729089
1.0032042
0.49328841
0.58119361
-0.57444724
0.43543212
1.0425353
-1.4779674
1.531412
-0.87861484
-0.65279718
-0.32957139
0.72140028
-0.39182889
-0.0095545328
0.22575763
0.30919522
-0.16265521
0.13002034
0.1366916
-0.26671195
1.6360346
-1.6631976
0.12900882
0.067960184
-0.19696901
0.17502982
-0.034400682
-1.1248444
1.2113658
-0.086521413
-0.31232112
0.20720731
0.10511381
0.59102008
-0.54936291
-0.041657177
-0.84421986
0.76990528
0.074314578
0.29060044
-0.14442161
-0.052236741
0.47837492
-0.42613818
-0.72528712
1.3292078
-0.60392071
0.44987654
0.83533238
1.1902734
-0.52434284
0.51394032
0.34909187
-0.53374996
0.4028326
0.99095835
-1.1477905
-0.46455444
0.34863293
0.84563714
0.39447962
0.78917946
-1.6227406
0.83356111
0.46526343
0.25327056
-0.2028241
-0.46092131
0.70392212
1.197009
-1.197009
-0.33858702
-0.19316856
1.0305918
0.11892418
-0.56621732
-0.058674353
0.96265412
-0.90397976
-0.61146404
1.4417331
-0.63845177
1.4157889
1.2718654
-0.72911544
-0.54274997
0.62867118
0.45822856
-0.78779995
0.89849272
-1.1797516
0.28125888
0.88555029
-0.88002311
0.13660865
-0.06749255
-1.0289149
1.0964075
1.4775197
0.24890989
-1.7264296
-0.82916065
1.2645928
-0.62340016
0.70893174
-0.64262229
0.72805116
-0.057607167
0.7179815
0.012275689
0.55246323
-0.56473892
-0.86552509
-0.039209117
0.90473421
0.54121219
-1.2664993
-1.3538783
1.2952039
0.9003315
0.4075781
-1.3079096
-0.11051494
-0.52176596
0.6322809
-0.56564817
1.1098417
-0.9146035
0.3429595
0.57164399
0.5710099
-0.49147988
0.13630041
-0.79555232
0.6592519
0.9974041
-1.1091256
0.11172154
0.87606043
0.39580498
-1.5160818
0.79580892
0.074588241
1.0834181
0.96576385
0.73717193
-1.3432497
-0.14831501
0.58860769
-1.0537236
0.83476947
0.21895415
-1.0785174
0.96800248
0.57471835
0.72532026
-1.3000386
0.91062242
0.017212581
-0.64647109
0.7827715
-0.31079114
-0.74293248
-0.17453201
-0.33625128
0.51078329
0.45547257
-0.73803296
0.28256039
0.14887147
0.43803996
-0.58691142
-1.0166627
0.25933896
0.75732373
0.16077349
1.1976699
-1.3584434
-0.94419341
-0.45677158
1.400965
0.24723264
0.71008252
-0.25191462
-0.0010049749
0.2529196
-0.95231469
-0.18731482
1.1991666
-1.0901288
1.0951697
-0.097765633
-0.78595097
-0.4493808
1.2353318
-0.68253917
-0.2962455
0.97878467
-0.12043339
0.47634174
-0.35590834
-0.051826292
0.88659576
-0.43002747
-0.51979572
0.94982318
0.55850612
0.0046935005
-0.56319962
-0.79419134
0.72514837
0.069042967
-0.99910962
0.55640832
0.4427013
-0.88787451
0.57708337
0.57448136
-1.1535059
1.4775197
0.17574787
0.39312684
-0.56887471
1.4531541
-1.1618416
-0.29131249
-1.0758506
1.1902826
-0.47681815
-0.88133983
-0.24350452
0.051163574
-0.84046934
0.78930577
-1.0748522
1.2356257
0.57498751
-1.1186376
0.54365011
0.54806788
0.7398145
-1.2878824
-0.68117704
0.53478298
-0.70931498
0.34218244
-0.39441918
-1.167684
-0.51631319
1.0444636
-0.11442415
1.0818237
-0.89356106
-0.18826267
0.87397141
0.71947166
-1.5934431
0.20586011
-0.6949595
-0.008902226
0.18973952
-0.18083729
-0.41502137
0.59076925
-0.51235414
1.3863256
-1.3783861
1.3656756
0.012710414
-0.13971823
0.61809315
0.030729549
-0.28264417
0.37708762
-0.38868567
0.011598047
0.29199482
-1.389246
1.0972512
-0.46544871
-0.035259866
0.50070858
-0.1385599
-0.7016669
0.8402268
0.61863541
0.29198701
0.25370183
1.099218
-1.3529199
-0.62190498
0.28565369
1.0298551
0.2314117
-1.2612668
0.029280047
1.1683898
0.58069302
0.46076017
1.3255431
-0.26223791
-1.0633051
-0.50267812
-0.1256067
-1.1672361
0.38152587
0.78571021
0.1148881
-0.58860643
0.47371832
-0.82032026
0.81667748
0.0036427797
-0.19199946
1.1555743
1.1640846
-1.7319758
0.5678912
0.63020123
0.3173805
-0.94758173
-0.45230084
-0.042092168
0.49439301
-0.13131491
-0.35875527
0.49007018
0.44050212
0.081004872
1.3721492
-0.47439825
1.0493858
0.36349925
-0.18770606
0.90486619
0.23258524
-1.1374514
0.46654344
-0.45426775
-0.82947253
0.39944506
1.5055064
-0.12508573
1.2689398
-1.1438541
0.11783219
-1.2353752
-1.4388186
0.81235875
0.62645989
1.4397049
-0.42024879
-0.7595028
-1.0827764
-0.21425272
-0.84344935
1.1046095
-0.57645859
-0.6904872
1.1854265
-0.96841106
-1.1220516
1.2316045
-0.10955286
-0.84260627
0.88261551
-0.39398563
-0.4002057
0.11367554
0.96814819
-0.031502172
-0.81271768
-0.57508899
-0.33951451
-0.18322417
1.248687
-1.0654628
-0.48294143
0.59782953
-0.89328122
0.92842747
-0.035146254
0.0027260324
-1.1955341
1.1928081
0.92391799
-0.07568577
-0.84823222
0.50846228
-0.52343056
0.014968283
1.0145899
-1.1505247
0.13593485
0.077481108
0.89910984
-0.97659095
0.72676918
-0.61209356
-0.11467562
-0.45195315
0.29740873
0.15454442
0.1733149
-0.33893746
-0.0042344281
-0.93995898
-0.09259391
-0.90419328
-1.1662668
1.2466281
-1.243902
-0.57717775
-0.2466713
-0.35845806
0.15744876
0.2010093
0.72603118
-0.6171716
-0.10885958
0.2144961
-1.0600263
0.84553025
0.0020710462
0.37501657
-0.43282449
-0.032624228
0.65561666
-0.036981257
-0.67555189
-0.94718868
0.77285379
-0.20188106
0.31539943
-1.6360346
1.3206352
1.0634134
-0.59385605
-0.46955736
-0.12960803
-0.69859428
0.82820231
-0.64599211
0.32900958
-0.62126748
0.52639855
0.09486893
-0.33902997
0.013780377
0.32524959
-0.42713485
-0.02516599
0.58776384
0.18508995
-0.10036798
-0.76515711
0.81101863
0.034618506
-0.48398031
-0.59281534
1.0767956
0.37884226
0.082805939
-0.4616482
-1.0647317
1.3498326
-0.28510089
1.0025901
-0.51412289
1.625029
-1.0580267
-0.56700225
-0.85952938
-1.1756894
0.71891786
-0.92824669
0.25174368
0.67650301
-0.85951057
0.93699168
0.14786338
-0.48689334
-0.53933665
-0.47732604
0.55385805
-0.43020531
-0.12365274
0.85876738
-0.89026956
-0.89766026
1.1121564
-0.17207043
1.1978693
-1.0257989
-0.97408783
0.31932471
0.65476312
-0.79868406
0.81499846
-0.016314395
0.53587969
-0.41624545
-0.11963424
1.2122388
-0.58203757
0.90928183
0.093308308
0.62633629
0.84191342
-1.4682497
-0.1326968
-0.20998297
0.34267977
-0.42910789
0.56813052
-0.13902263
-0.33821563
0.051425129
-1.7831192
1.1019421
0.32809078
-1.0285753
0.70048454
-0.02902484
-0.53142571
0.56045055
0.50941066
-0.64316404
0.13375337
0.87848137
0.15780347
-1.0362848
-1.2981806
0.32552559
0.97265502
-0.87012971
0.010619146
0.42818325
0.10769644
-1.1824051
-0.19598098
0.18925409
0.59787391
0.46391528
-0.33874665
-0.12516863
0.56443861
1.0345573
-1.5989959
0.81776741
0.10615058
0.43938944
0.11446861
0.44140817
0.62200524
-0.57127428
0.22880955
1.023424
0.30211905
-1.1106027
0.28144208
-0.43745345
0.20500674
0.79391474
-0.39211067
-0.40180407
-0.64402963
0.89182332
-0.55589926
-0.33592406
0.61061287
0.11615631
-0.94763066
1.2630301
0.91265124
-0.45717867
0.33302561
-1.2905725
1.0406709
0.24990161
-0.69307459
0.52205819
0.17101639
0.57955607
-0.65024956
0.070693486
-0.12844454
1.1330725
-0.13357851
-0.74221282
0.36933038
0.37288244
0.80116022
0.054826804
-0.98307349
-0.85387087
0.5423395
0.31153137
-0.099170926
-1.0228807
-0.28259214
-0.87223602
0.62462239
0.10140879
0.64297215
-0.33834006
-0.30463209
-0.33760299
0.46272583
-0.12512284
-0.26275465
-0.075460981
-1.3064838
0.24798049
1.0585033
-0.36867186
-0.32440273
0.53524583
-0.38929662
-0.14594921
-0.14685914
0.66079945
0.66023057
-0.3398639
-0.32036667
0.88067537
-0.45550882
-0.42516655
0.83161562
0.53406002
-0.74024038
1.0447948
-0.30455446
-1.0068419
0.11657233
-0.12273685
-0.30637104
-0.16889892
0.64730023
-1.1753703
0.70994426
1.5143638
-0.8880275
0.95149507
0.76271652
-0.59170125
-0.17101526
1.0681715
0.11720247
-1.1853739
0.31564848
0.77782553
-0.60271873
-0.1751068
1.1544536
-1.1889358
0.034482138
0.44537785
0.43529752
0.9047694
1.0253454
-0.60754842
-0.41779695
-0.25003884
0.83054355
-0.58050471
-0.26989085
-0.31694364
0.85043077
0.77459822
-0.20921927
1.1140855
0.17816246
0.19511692
-0.37327938
-0.18678888
1.0858987
0.01538932
-0.53681804
0.52142872
-0.86008458
0.53827538
0.3218092
-0.37120044
1.575504
-0.13311154
-1.4423924
-0.63880668
0.89250851
0.94949543
0.21458914
-0.24925969
-0.92642974
-0.86617661
-1.2121075
-0.51986831
-1.0742429
-1.0736276
-0.12190655
-0.44752065
-0.58139425
0.37519143
-1.5676571
1.1924657
0.32480226
-1.5830985
1.2582962
-1.0509857
1.6154243
-0.84692949
1.0783412
-0.23212136
0.56423477
0.24652817
-0.81076295
1.0400619
-0.014716572
-0.62001313
-0.93801305
1.5580262
-1.6315789
0.63211781
0.99946114
0.28483229
-1.1781135
-0.93127859
0.34267216
0.84627442
-0.75663111
-0.089643314
1.3265136
-0.25834211
1.2696464
0.079949472
-1.3495958
1.3186938
-0.9938915
-0.93129239
0.28579694
1.0210936
-1.3068905
0.46343721
0.52618022
-0.98961743
-0.012810645
0.18784046
-1.1933377
0.35286835
-0.5388344
1.4481162
0.75065346
-0.073827718
-0.67682574
0.74677963
-0.07639317
-0.67038646
-0.09338741
1.4820688
-1.3886814
0.52582754
0.33139814
-0.48579882
0.32330743
0.1624914
0.42874915
0.89433882
0.50662617
1.2209972
0.080801223
1.0736524
-0.99973591
-0.43908274
-1.5324493
-0.76029535
-1.0228238
0.96680991
-0.8735016
-0.59349447
0.05593094
0.53756353
-1.1760354
1.0475908
0.32350041
-0.87555681
0.55205641
-0.46132206
0.71306573
-0.13677145
-0.035141785
0.17191324
1.1711975
0.52296628
-1.6941638
1.4521586
-0.62085481
-0.83130378
-0.91384391
-0.96885353
-0.8318267
0.31984817
0.51197853
0.90284747
-0.31508363
-0.8767799
1.2247534
-1.1203922
0.437853
-0.94302583
-0.033760007
0.97678583
0.49891447
0.77957238
-0.68252072
-0.18651507
-0.26096326
0.44747833
1.1338956
-0.61821964
-0.51567599
-0.29021592
0.25581524
-0.45179035
1.1707082
0.83580213
-0.29265346
-0.54314867
0.082020215
1.176495
-1.2585152
-1.0814491
0.011879526
1.0695696
0.055163106
-1.4291866
1.1467655
0.28242107
1.5113895
-1.394187
-0.11578552
0.37820961
0.28462342
0.72996644
0.24151464
-1.3062463
-0.034988349
1.006113
-0.90476411
-0.67052342
-0.68262503
-0.39589239
0.72370464
1.1892187
-0.97690238
0.10312237
-0.71144039
0.60831802
-0.73027985
1.2291943
-0.2855795
0.8133977
-0.5278182
-0.2348732
-0.21707995
-1.6180508
1.4537565
0.16429433
0.088802221
0.8091089
-0.89791113
0.088565789
0.73594178
0.21847308
-0.26013025
-1.100782
-0.050997268
0.66025691
-0.60925964
-1.3326113
0.15657599
0.30149533
0.89526396
0.52528115
-0.57627842
1.1056763
0.50359441
-1.6092707
-0.13854819
-0.18611294
0.32466113
0.224728
1.0939658
-0.9453572
-1.0512979
1.1401001
-0.60692135
-0.01647881
0.94629552
-0.00394126
-0.94235426
-0.74403811
-0.87401272
-0.13003402
-0.22842404
0.36107731
0.59480108
-0.95587838
1.0520444
-1.1096963
0.057651904
1.2929749
-1.3969567
0.34385391
-0.62871269
-0.013909597
-1.2017764
1.0185523
-0.10730599
-0.40227197
0.50957795
-0.4437388
1.3084993
-0.86476049
-1.1371917
0.46392397
-0.3472469
-0.71483346
1.0620804
-0.22008676
1.2541081
-1.0340213
-0.29795683
0.82392118
-0.52596435
1.1590557
0.41644826
-0.46642237
0.47111587
-0.94110295
0.3786206
0.057728508
-0.21627178
0.82939251
-0.89566418
0.40917866
-0.7319565
-0.33464688
-0.66446275
-1.0395805
0.25362958
-0.35795861
0.33547752
-1.0400997
-0.34107711
0.43108604
0.2778457
-0.58882879
1.1635471
-0.56657164
-1.0182616
-0.17067417
-0.57171654
-0.11528227
0.24530262
1.3165313
-0.6263845
-0.26149001
-0.73741849
-0.058133824
0.95264468
-0.31461283
-0.63803185
0.51947082
0.51489963
-0.089607444
-0.83328675
0.93762054
0.65527991
-1.5929004
-0.43991053
1.0165985
-0.57668798
0.73505365
-0.42813888
-0.30691477
0.87837225
-0.12672545
-0.83220092
0.64541204
0.42235422
0.30569694
0.84374074
-0.0079386012
-0.16261924
0.23057942
-0.69824119
0.089983652
0.7112739
-0.80125755
0.044588075
0.72635214
-0.75537698
1.5428702
-0.49082576
-0.38561744
-0.21725933
0.64599403
-0.39107045
-0.25492358
0.24084047
0.65098286
-1.2193881
0.032737089
1.186651
1.3083823
-0.68188491
-0.62649736
-0.72879115
0.2536873
0.73196919
-0.41775539
-0.3142138
-0.022936025
0.58429631
-0.56136029
0.30801434
-0.47305003
-0.017444693
0.5986383
0.41114835
0.36641368
0.5886124
-0.95502608
-0.94784394
0.27302674
0.52646646
0.32276373
-0.4161944
0.3987497
0.8048886
-1.2888689
0.074952376
0.35398271
-0.42893508
-0.65517696
1.2877066
-0.6325296
-0.22543604
0.35184228
0.33683888
-0.54649276
0.90757007
-0.9463929
1.3408725
0.96660256
-0.60018888
-0.39826314
-0.46182144
0.046322678
0.58942751
0.095853398
0.10519879
-0.20105219
-0.46731036
0.01574723
0.45156313
-0.94896886
0.62900404
0.31996482
0.16258008
1.030228
-0.38003088
0.24733408
0.26854834
-0.49236673
0.2238184
-1.4975752
0.98522106
-0.49581641
0.78963835
-1.0722305
0.61231147
0.52158417
1.4952108
-1.4400477
-0.023485893
0.32089462
-0.1911052
-0.16540564
0.35651084
-0.7557358
0.054068896
0.17361852
-0.43236053
0.42410131
0.82252675
0.40177164
-0.32681926
0.34826791
0.65730075
0.84269925
-0.85038723
-0.70214094
0.26645333
-0.28993922
0.82973584
0.36637989
-0.31444868
-0.051931211
-1.4866679
0.55537555
-0.58625104
0.45493613
1.0132026
-0.85785648
-0.15534613
0.42298615
-0.14144141
1.5027622
-0.80224713
-0.70051506
0.63857853
0.085126109
-0.054119231
0.37852963
0.28621066
-0.66762937
1.387101
0.79340039
-1.185577
0.39217657
-0.14754915
-0.15823677
-0.09675177
0.25498854
-0.21121762
-0.27458121
0.71652419
-0.70113487
-0.17658425
-0.93815811
1.0181076
-0.26772445
0.043003265
0.22472118
0.64260457
0.093337208
1.3803613
-0.88150652
-0.49885475
1.0648882
-0.64383148
-0.4210567
1.1370875
1.1253633
0.28046113
-0.88800955
-0.51811305
0.36979804
1.1711975
0.51309881
-0.1134068
-0.39969201
-0.45066123
-0.24313144
-0.41843514
0.66156658
-0.029148238
0.56742362
1.6631976
-1.3774006
1.3066767
-0.30489171
0.16333711
-0.17813112
0.3259945
0.26628316
0.13741887
-0.40370203
-0.64062696
1.0482051
-0.50434474
-0.99323047
-0.86732945
-0.1722511
0.82183121
0.48655105
-1.0450774
0.86212842
0.18294894
0.4095012
-0.46362043
0.1805773
0.96484403
0.70167736
-1.4746039
0.77292656
-0.42350217
0.78822419
1.7667336
-0.25534408
0.57030242
-0.14211916
1.0740586
0.072706875
0.021633879
0.80863215
-1.3213281
1.2221571
-1.1347102
0.25793027
0.65854256
-0.50967109
0.16539755
-0.37499485
0.13563882
0.23935603
0.21517705
-0.21630138
0.0011243377
-0.32484385
1.0679774
-0.74313352
0.49973579
0.28358111
0.14627241
-0.42985352
0.32809323
-0.31980379
-0.008289441
-0.89422319
-0.40395743
-0.48518928
-0.25702354
-0.29988828
-0.30080068
-0.25632347
-0.0014260607
0.19420695
0.31425533
-0.056869127
1.345587
-1.2887179
0.58563604
-0.1462466
0.41150212
-0.11965886
-0.29184326
-0.28115064
0.013426194
-0.35834898
0.67743552
0.21690329
0.24932025
-0.15346685
-0.3197195
1.1111764
-0.79145686
0.25278682
0.095846111
-0.84246395
0.21607946
-0.08410303
0.35265137
0.34828001
-0.22160218
-0.12667783
0.52676635
-0.59859971
1.043334
-0.36589848
0.47344276
0.061803069
-0.97765801
0.80558758
0.50955837
-0.58150288
0.2131499
0.29994891
0.87624315
-0.73626974
0.037675461
-0.051451693
-0.37720072
0.70894198
-0.33174125
0.055675002
-0.92791102
-1.13073
0.32959214
0.8011379
-0.26004782
-0.35123367
0.61128149
-0.445997
-1.0207054
0.92731794
0.78732219
-1.512947
-1.073802
-0.026979987
0.94721397
-1.2323149
0.79153249
0.17316168
0.30028108
1.1056763
-0.292272
0.4289636
-0.56581391
-0.53727126
1.1030852
-0.29766953
0.15912134
0.31231171
0.45040481
0.65798773
0.5322949
-0.76581559
0.32163863
0.4561869
0.75542778
-0.12998442
-0.86070986
0.99069427
0.66138522
-1.4694487
0.014754649
-0.63297429
-0.00079362714
0.20324638
0.12484685
1.4757223
-0.3780057
-1.0977166
-1.0775584
0.14594344
0.11292971
-0.8140329
0.70110319
1.2381582
-1.2575217
0.019363519
-0.25209581
0.68084496
0.2575511
0.11247534
0.36782547
-0.32305844
0.32205347
0.53367563
-1.1888526
0.73944489
-0.43148059
-0.32246253
1.1273511
-1.0045613
0.29907832
0.66892416
-1.32648
1.1063933
-0.82009218
-0.56206357
-0.37405856
0.93829333
1.1004983
0.44237188
-0.098573265
0.30449215
-0.20591889
-0.12343707
-0.70823188
0.83166895
-0.6822395
-1.5553304
0.14996229
0.36536032
-0.51532261
1.0342445
-0.19632993
-0.84874742
0.71527077
-1.0388361
0.12456115
0.080337872
-0.20489903
0.10804679
-0.78487253
0.11191131
-0.78229778
0.24038385
0.55353089
0.38226316
0.36121447
-0.47028594
0.10907147
0.60818925
-1.0575701
0.4140934
-1.4079849
1.2359246
-0.20104437
0.9000069
-0.69896253
0.12411945
0.8424831
-0.087432284
0.36714367
-0.52841734
0.50548131
0.37203215
1.265998
-0.27176574
-0.99423229
0.1466242
0.38049931
-0.52712351
-0.19917857
0.66310254
0.737934
-1.1229633
0.095017374
1.1246283
0.16834656
1.0865842
0.41341577
-0.18811861
-1.0557834
0.51313944
0.53019456
-0.4293899
0.42947234
-8.2441235e-05
-1.4271498
0.8450774
0.58207235
1.1612078
-0.074928368
-0.45908061
0.53400898
1.0243986
-0.24393452
-0.032462966
0.44103792
-0.38347481
-0.057563108
-0.56698858
-0.081903195
1.4227757
0.8160718
0.63608679
-0.76295698
0.2428376
0.52011938
-1.0480985
1.3385037
-0.39128973
-0.099497907
-1.2218302
0.89884221
-0.9502939
0.90642945
-0.65279987
-0.1432237
0.60821416
-0.46499046
-0.12850912
-0.71494023
1.2613395
-0.42663548
-0.83470399
-1.4689275
1.4283925
0.040534943
1.6702389
-0.82832549
0.12995598
-0.60300601
1.1978693
0.84556888
0.63015341
-0.25846012
0.91828556
0.085419683
-1.0037052
-0.37315364
-1.0539961
0.39910339
-0.79736654
0.52307809
-0.98862364
1.3730758
-0.92319923
0.1665461
-0.55865677
-0.20373708
0.75222919
-0.54849211
1.0394293
-1.7456825
0.89529532
-1.3256574
1.0008135
-0.66959868
0.59467031
0.10967866
0.90352396
0.71863291
0.12764151
0.62447083
-0.76419624
0.13972541
0.27635813
1.2860979
0.71014796
-1.1764888
0.49460393
0.67950204
0.076767249
-1.3614651
1.0417456
1.3371169
-0.24771822
-1.0893987
-0.54907291
0.95414903
-0.40507612
1.2321138
0.10859154
-1.3407053
-1.1857538
-0.55992878
-0.038278157
0.83027977
-0.79200161
0.25421061
-0.63141134
0.218396
0.37144567
-0.28146202
-1.3961478
0.37544246
-0.43159017
0.014133173
0.417457
-0.73098544
1.0838538
0.32751788
1.303162
0.72816804
-0.67628698
0.70889767
0.37631856
0.66374338
0.2238335
-0.44519843
0.22136493
-1.0135722
-0.78483151
-0.059030883
-0.8064749
-0.7488555
1.2915914
-1.0746881
0.54965213
-0.37649045
0.012702363
1.0738819
0.70131458
-0.35913214
0.8513846
-0.82975072
0.30614803
0.93201016
0.90620926
-0.46416965
-0.44203961
-0.72399491
0.1938259
0.53016901
-0.3581966
0.52168333
-0.16348672
-0.48230149
1.0709139
-1.291043
0.91212124
0.37892174
-0.43811585
0.25998473
-0.52484707
-0.84199018
0.30680996
-0.23596448
1.0294232
-0.07677848
0.68511028
0.40885548
0.64580681
-1.8585945
1.2127877
-0.37188549
0.86093119
0.42677537
-0.56248554
0.079544115
-0.4749095
0.91631767
0.12859366
0.71648374
0.95368061
-0.79110053
-0.91889666
0.46715606
0.37868408
0.19161834
1.317446
-0.074309908
0.80604713
-1.3827351
0.56375942
0.23354905
-0.043809535
0.33827565
0.42414556
-0.76242121
-0.02504495
0.97416254
-0.10935521
0.33318871
-1.0721594
0.59724986
0.79841072
-1.0946562
-1.2693701
0.99760438
0.39014615
0.19548989
-0.43722256
0.19328805
0.41595499
-0.70153449
0.54776178
0.49670177
-0.6257593
1.0989572
-0.47319793
-0.011608488
-0.46182216
0.10362556
-0.15669763
-0.33232216
0.48901978
0.60610771
0.61864565
0.85525211
0.64539812
-0.76883519
0.50085299
0.96309894
-0.05093967
-0.91215927
0.92506956
-1.5515669
0.51398396
0.16740829
0.5064748
-0.065436887
0.26468869
-0.89044799
-1.2928096
1.3491506
-0.056341035
1.056662
0.44309387
-0.090346995
0.54304101
-0.45269402
-0.13545588
1.3675697
-0.96948644
-0.068277647
-0.59256616
0.66084381
0.19029274
0.86715095
-0.7082085
0.065711943
0.74079137
-0.63766899
0.30999078
0.32763317
0.59065239
-0.7839156
0.20882661
0.40936464
-0.70732147
0.30286965
0.26526087
-0.50645611
-0.35140037
-0.067658382
0.79763922
-0.40287229
-0.39476692
0.58773709
-0.92725159
-0.075335698
0.75483774
0.24765519
0.79384131
-0.24777387
-1.1799409
1.0499565
0.44225696
0.85920593
0.47224907
-1.331455
-0.79357844
-0.2692955
1.0628739
-1.3323493
1.0846311
0.09810123
-0.2133835
-1.0109635
0.94268587
1.1388043
-0.43215083
-0.37067634
-0.41096509
0.49157421
1.3724597
-0.83878411
0.41597337
-0.84260884
0.9795985
-0.57209612
-0.078153437
0.34026043
-0.24639823
-0.19082433
0.42738088
0.47882838
-0.56938875
-0.7632226
-0.054437938
-0.82690189
-0.9907288
1.072749
0.33032885
-0.26882079
0.59029919
-0.3214784
-0.55162674
0.16055629
0.23286089
0.45557465
-0.68843554
-0.82549479
-0.05006202
0.38764117
-0.87283045
-0.15929822
-0.32759512
-0.58274726
0.22911191
0.35363536
-1.2300915
0.6607028
-0.70686175
-0.0013467568
0.95645042
0.41830227
-0.56152597
-0.48441183
0.50418318
-0.10946676
-0.39471643
-1.2659661
0.10726226
-0.87241937
-0.79469775
1.2812488
-0.25678172
1.1944023
0.47707824
0.22684388
-0.017465899
0.70316224
-0.68569634
-0.66299231
0.23529405
-0.48620439
0.025316357
-0.32011713
0.29480077
0.1595935
-0.31889172
0.92516057
-0.23550231
-0.52745467
1.1625178
-1.2007959
0.49547769
-0.78813116
-0.99207533
0.44300242
1.6952234
-0.59805812
0.66075375
0.57457802
0.096422038
0.25818031
-0.13181138
0.37914546
-0.35628872
0.47075732
0.025778601
0.25219485
-0.27797346
-1.4689275
-0.50201534
0.14572662
-0.4770184
0.15183874
0.32517966
0.44981212
-0.0021781093
0.27970124
-0.59648001
1.1879997
-0.59151973
0.74859028
0.048489516
-0.99384672
1.2881625
-1.3056284
-0.8352413
0.06333747
0.77190383
-0.53597267
-0.3178982
0.46581227
1.0651285
0.43487152
-1.0971551
0.7012627
0.38884625
-0.33291531
-0.3007603
0.37927907
-0.078518766
-0.12035841
-0.265513
0.38587141
-1.0598908
0.015267639
1.0446231
-0.53906815
0.27902033
-0.35162685
0.45932329
1.6106508
-0.11758009
0.39987692
-0.28229684
0.21253459
0.20778649
-0.8042665
-0.64341484
0.85949429
-0.12382375
-0.91028874
-0.35381793
0.76977292
0.49826069
0.59996991
-0.054983093
0.3944213
-0.3394382
0.033327513
-0.035505622
0.94711983
0.42595593
-0.63929014
1.2965909
0.54117001
-0.73433857
-0.58615089
0.66046547
0.14005702
-0.97529832
-0.94310324
0.75578843
-0.86326223
-0.40270389
-0.34682636
-0.56056869
-0.39942367
-0.021325798
0.42074947
-0.068925252
-1.0407711
-0.49105907
0.13943222
1.3759198
-0.51671387
-0.58238188
1.1006377
0.33269847
-1.4333361
-0.14209695
0.54728674
-0.40518979
0.031059884
0.50650365
1.1775885
-0.76161514
0.85179028
-1.0416685
0.099098347
0.49660417
-0.59570252
0.75493944
-0.52332092
1.2358048
0.020808521
-1.2566133
-0.57886609
-0.15916686
0.19694688
0.40658105
-0.1277685
-0.20876494
0.51875572
-0.2415761
0.096613501
-0.62803921
0.022281877
0.011045635
-0.88389388
1.0916804
-0.15658949
0.7910805
-0.082138523
0.4618442
-0.60156243
-0.65105322
-0.23126125
-0.25315058
0.20029408
1.2154949
0.22437765
1.2173554
-0.43465575
-0.53996886
-0.74266336
0.49953192
-0.8129698
0.18935807
0.44272135
0.87073361
-0.1942306
0.98007846
1.3933311
-1.3538783
0.6142741
-0.30196239
-0.005636171
-1.0542546
-0.50259597
0.038975535
0.63061797
-0.30897934
-0.053392851
0.2886869
-0.26643389
-0.2197705
1.4775144
-0.98211801
-0.49539637
0.11568037
0.34823492
0.70872473
-1.0442644
-0.1151979
-0.60276263
0.042193934
1.3635395
-0.10851291
0.12459318
0.42104888
0.078089693
-0.61490773
0.40987123
-0.62367654
0.041294656
-0.71039892
0.84052339
-0.13012447
0.27171837
-0.37902435
0.086189443
0.37635313
-0.77521296
1.4038841
-0.40357977
0.50936378
0.9681506
-0.43240456
0.75225273
0.99822811
-0.3921204
0.96665693
0.21093157
0.2676151
0.71774915
-0.98536425
-0.36950528
0.77886992
-1.468626
0.76648509
-0.73634199
0.41590885
1.0410556
0.22881787
-0.62902357
0.41583348
0.91337436
-0.50580444
0.2557656
-0.083441213
-0.4918242
-0.51273706
-0.15010774
-0.10019949
0.48904574
-0.36523603
-0.034187643
-0.48291533
-0.85634223
0.14150877
0.15481848
-0.46926716
0.039930791
1.0592872
-0.014992134
0.27254324
-0.067066185
-0.083041554
0.51794247
-0.037341556
0.090921625
0.5476569
-0.40891705
1.1835153
-1.6301935
0.76590766
0.86428579
-1.6425598
0.34975026
-1.4580014
-0.010624643
-1.2276986
0.66188471
-0.24264349
-0.020111154
0.5852942
-0.53046739
-0.70785588
-0.016139035
-0.3264946
0.070171137
0.77229537
-0.56844502
-0.20385035
-0.3813472
-0.77215875
0.082699083
0.55990549
-0.54710141
0.11551124
0.40264491
-0.54474186
-0.13465414
1.1309249
-0.72333505
0.2933169
-0.0021602402
-0.56889015
-0.071199105
-0.35819079
-0.48004208
0.195122
1.079835
-1.274957
0.38001675
0.14166658
-0.97192701
0.80544307
0.062703719
-0.86814679
0.092448266
0.41711011
0.096094388
0.43067196
0.81868618
0.22533392
-1.0440201
0.45155855
0.42974448
-0.88130304
0.80719836
0.42440614
-0.43262386
0.67915203
1.4283925
0.20387178
1.031933
0.11787394
0.047544883
-0.97397463
1.1535083
-0.87821338
-0.6632419
1.4952108
0.70222805
0.48661344
-0.68290331
0.19628986
-0.90444967
1.3598409
-0.50090901
-0.8589319
-0.59621785
-0.8418239
0.25567301
0.08466003
0.9880072
-1.0726672
-0.203123
-0.12135126
0.32447426
-0.62740425
0.366441
-0.26446624
-0.6171072
0.79689661
0.98466496
-0.22315762
-0.76150734
0.14300475
-0.56143989
-1.0252602
0.70279771
1.1431688
-0.33772576
-0.55998709
0.60218103
-0.73470835
-0.80607204
-0.78593623
0.11633754
-0.18694066
-0.66180676
-0.3708331
0.10355824
0.26727486
0.78361429
0.60271126
-1.3181572
1.3181572
-0.58014248
0.62143713
0.12038311
0.82391751
-0.73925748
-0.20011928
-0.055333676
-1.5058343
0.6928645
0.8123934
-0.16699528
1.0778308
-0.25634245
0.12630843
-1.2223074
1.4174294
0.096053658
-0.80749405
0.42698089
-0.91743892
0.49045803
-0.48931163
-0.011071025
0.50038266
-0.26324902
0.82034469
-0.55709567
-0.39738561
-0.77056943
1.167955
0.85781596
0.18323961
0.75745005
-0.82087143
0.063421385
-0.62906549
-0.27374832
0.24128535
-1.1184676
0.6982188
0.039027944
0.43731379
0.041261086
0.16906724
-0.43895809
0.28298374
0.28442867
0.85060016
0.32589485
1.4517689
-0.41832434
-1.0334445
-1.5072817
0.77700183
-0.36806368
0.20982691
0.8568893
-0.84213465
1.4827232
-0.93230704
-0.55041619
-0.78321218
0.2640889
-1.3079791
0.23145848
-0.33003174
-0.093580342
-1.1287271
-0.41347067
0.093666879
-1.1974016
-0.66507502
0.74362889
-0.12162365
1.4142127
-1.0758506
-0.13585307
-0.10679043
-0.011495189
-0.28077681
0.17323742
0.24974873
0.63134197
-0.51841226
0.24560065
-0.32873029
0.8828615
-0.88134476
-0.0015167384
-0.33044105
-0.033415146
0.3638562
-0.72493266
0.089750124
0.63518254
-0.62767995
-0.43483969
0.46015605
-1.0670421
-0.52640096
-0.45061035
-0.045206056
-1.0810353
0.10910828
-1.2090027
0.15891474
0.43736584
-0.0355942
-0.10134817
0.23393745
-1.3901135
1.3901135
0.74771704
-0.24945634
0.033582213
-0.1006484
-0.3112458
-0.74995446
1.0335748
-0.28362029
0.63071151
-0.038964303
-0.92593898
-0.17800016
-1.1293914
1.3073915
1.0160951
-0.031430107
0.042295597
-0.27394324
0.23164765
-0.79726078
-0.27496971
1.3363636
-1.3933311
0.14121541
0.39557
-0.53678541
1.2832464
0.33217786
0.64078616
-0.30251052
0.86323526
-0.59562016
0.036486846
-1.2454895
-1.0143342
-0.10413341
-0.64768901
-0.39332753
0.25733702
0.13599051
0.53553092
-0.62435843
-0.12147669
-1.0079147
-0.21523117
0.7716395
-0.022793396
-0.049096208
-0.50077028
0.34279314
-0.65580487
-0.40541825
-0.086948481
0.010790887
-0.43892977
0.54952411
-0.055676535
-0.31880508
0.37448161
-0.6392351
0.09042758
0.14894428
-0.23937186
0.45431564
0.252183
-0.70649865
0.38270968
-0.019838706
0.60965663
-0.58981793
0.51867692
0.56722181
-0.44438255
-0.39135637
-1.0775711
-0.72071002
0.49902927
0.22168075
0.78461239
0.69811084
0.65577315
0.37481867
-0.29720388
0.28570869
0.12303974
-0.76868633
0.6456466
-0.149514
-0.19676498
0.34627898
0.38635779
-0.13351097
0.82305316
-0.68954218
-0.12229936
-1.165583
-0.1703597
0.52434241
-0.090056266
-0.23643834
-1.1242913
-0.052197516
-0.89006816
0.45791733
-0.42426633
0.25635701
-0.098237699
-0.15811931
0.018872503
-0.43662789
-0.71551471
0.2564341
0.28024169
-0.63899695
-0.28684746
-0.65847043
0.45270504
0.20576539
0.20012675
-0.13969122
-0.34476461
0.51221766
-1.5655378
0.68732441
-0.90648482
0.15653036
0.014176391
0.47718857
-0.033941139
0.63394074
-0.5999996
0.59340178
0.23714176
0.33576556
-0.51809907
0.43106114
0.087037926
-0.043406554
0.8008566
-0.44401941
-0.297747
-0.39682955
-0.080188853
1.0023549
-0.61168767
0.34843865
-1.3931257
0.16526211
-0.19485088
1.0891175
-0.89426666
1.2127877
0.51449931
-0.42205105
1.4706194
-1.1450938
-0.087798637
0.52874152
-0.43264714
0.26756594
-0.86775481
0.054287006
-1.0641367
1.1040675
-0.061771156
-1.0243872
0.8101345
0.21628703
-0.011837803
0.92497982
-0.2702167
0.15060986
-0.7447553
-0.28855902
1.0333143
0.020109614
-0.97040352
0.43335064
0.32625424
-0.75960488
-0.25848801
-0.86580331
0.050475488
-0.6667977
0.31297978
-0.8237155
-1.5345773
1.0664815
-1.00494
0.22972703
1.3321313
-1.1158442
-0.31430934
0.58983597
-0.27552663
-0.4876039
-0.49546959
0.44292619
-1.2941733
0.85124713
-0.38611759
-0.44253746
0.4212571
0.021280361
0.51905406
0.049928608
-0.56898266
-0.42710418
0.60128453
-0.17418035
0.72615886
0.51697437
-1.2431332
0.4066762
-0.16107554
0.36953962
-0.44073872
0.55585165
-0.37609752
1.2010909
-0.82499337
-0.60004307
-0.42927438
0.86262501
-0.64912436
0.89196196
0.49479006
0.06872424
-0.5635143
1.0862937
-0.60172383
0.24376522
1.1898969
-0.15966891
1.0500113
-0.9244661
-0.82673069
-0.029549154
-1.003312
1.0328612
-1.2364503
-0.47843788
-1.3194945
0.25186257
1.0676319
0.91582141
0.56624736
1.2461012
-0.96640001
0.76167011
1.2193098
-0.88661137
-0.30941103
-0.97805409
0.3157474
-0.52573037
-1.190882
0.98535413
0.20552784
-1.4975197
0.9953796
0.50214007
-1.1674841
0.042480194
1.1250039
-0.74182004
0.82723972
-0.43473722
0.66759811
-0.090875972
0.81722812
-0.34174516
0.30833001
-0.026838757
-0.8228984
0.54731363
0.89782312
-0.8170219
1.0104591
-1.0400082
0.37670417
-0.024861892
1.0451451
-0.31697708
0.20708375
-0.34293681
-0.34131579
1.0674746
0.39031193
0.34583867
-1.1430994
-0.19265815
-0.25855867
0.34531125
0.15887193
0.55477301
-0.025538178
-0.40126751
0.42680568
0.38988454
0.40310982
-0.33187442
-0.10624143
-0.50689659
0.22271286
0.0023644667
0.15605673
-0.44273673
0.28667999
-1.2022579
1.484679
-0.61660516
-0.1711948
-0.96089571
-0.60464207
-0.57465333
1.9278218
-0.9919135
-0.93590829
-0.6820693
0.31256402
-0.255007
0.64264817
0.087875951
-0.29099895
0.30831165
0.18175853
-1.0179179
-0.69893231
-0.80834937
-0.12295592
0.62050825
0.22943887
-0.84994712
0.96500183
-1.3256574
-1.3614651
-0.27154749
-0.73701704
-0.66248155
-0.48804315
0.05280328
-0.48898269
0.43617941
-1.0009083
-1.038772
-0.71215722
1.7509292
0.089602763
0.0065580063
0.70996618
-0.88811871
0.80084146
-0.33085038
-0.46999108
0.1508701
1.0394033
-0.99369812
1.0173649
0.70596432
0.020831773
-0.72679609
0.68780957
-0.078152941
0.84941722
-0.26428641
-0.58513081
0.28908919
0.55232995
1.2162188
0.042077454
1.1889333
0.003532327
-0.38022816
-0.28891972
-0.39583812
0.43499212
-0.38761791
1.2174078
-1.183119
1.4845916
-0.12142533
0.38936548
0.2722011
0.84157853
-0.14109399
0.82026337
0.67973663
0.77633777
-0.35528888
-0.026248102
-0.30159755
0.32784565
0.33369445
-0.49910009
0.57904502
-0.50210546
-0.076939561
0.20564798
-0.11776767
-0.21760778
0.60775394
-0.31526744
-0.48840124
-0.11332259
-0.13235298
0.34665872
-0.21430573
0.071197922
-0.56327657
0.70690579
-0.072965061
-0.21438223
0.59306631
-0.69102518
-0.90202292
0.94396731
-0.37138422
-0.37156708
-0.45295252
0.59416793
-0.66762057
0.20895566
0.49327239
-0.11683938
0.2554106
-0.13857122
-0.28728549
0.78702128
0.1817553
0.12310698
0.71937613
0.72846762
-0.16143669
-0.13154241
1.2896642
0.80087284
-0.35815149
0.0617104
-0.71083476
0.22734826
-0.035913735
1.2144553
-1.2144553
1.0808094
-0.062257089
-0.15550561
0.18836907
-0.025724907
-0.36975074
-0.12511616
-0.75757461
0.19840694
0.93251799
0.81830184
0.5592067
-1.3775085
-0.79862121
1.0834535
0.79099069
-0.20325361
1.2801637
-0.45990029
-0.4061013
-0.23172559
0.35803403
0.60967662
0.7359104
0.28023768
-0.58829297
0.59941416
-0.011121197
-0.33352872
-0.32138675
0.97937449
0.6871989
-0.44635843
-1.4400477
-0.27684448
-0.50754928
0.78439376
-0.70261666
0.90852402
-0.64443512
-0.59237259
-0.24637283
0.83874542
1.0179823
0.19335571
-0.25813022
0.12352645
0.13460377
0.013330332
-0.67513709
-0.5039541
0.47841592
0.30263744
0.27640758
-0.16797605
-0.0067628043
0.17473885
-0.7601558
-1.2194591
0.31306872
-0.56828051
0.037283249
-1.182495
0.21253692
-0.4200239
1.226071
0.37208308
0.59969581
-0.73320678
0.21976218
-0.97672975
-0.085311035
-0.21027304
0.23605164
-0.20152334
0.033547293
0.59557601
0.30929291
-0.31213887
-0.53456247
0.84670134
-0.38368093
-0.39734502
-0.36139178
-0.36194327
-0.21452231
0.66883795
-0.36565633
-0.4173243
0.78298063
1.0739885
-0.26487964
-1.1965423
1.1965423
-0.4966303
0.5097191
0.010938603
-0.012689435
-1.0266572
1.0393466
-0.76850592
0.42811673
0.34038919
-0.11605691
-0.45238811
-0.36705299
0.45680311
-1.3774006
-0.10608412
-0.11259736
0.21868147
-0.12741956
0.27699359
-0.14957403
0.74030074
-0.037976743
-0.35590527
0.16577913
0.34069568
-0.52901081
0.66285784
-0.50600989
0.12141743
0.95939194
-0.66120068
1.0700562
-0.67690368
1.0044216
0.85947148
-0.73643174
0.8182292
-0.92778205
-0.33399267
0.027011617
-0.45141142
0.4243998
1.0891953
-0.019625718
0.47184754
0.58870801
-0.4725517
-0.25324876
-0.8735911
-0.4587582
0.60440107
-0.54269067
0.61505515
-0.72331087
-1.3173989
0.38745788
1.0269382
0.035412912
-0.51296558
0.44303896
-0.41804778
0.10110414
0.52635004
0.6371971
-1.3810461
1.3810461
-0.80984991
-0.4595202
-0.34704482
0.9720685
-0.31069244
1.460452
-1.2565802
-0.5519697
-0.23032807
-0.5167548
0.93147206
-0.41471726
-0.95112398
0.53110008
-0.35060135
-0.51715346
-0.056697783
-0.90419793
-0.25605732
0.96620528
0.54619519
0.1061895
-0.65238469
-0.38589532
-0.56919463
-0.2156779
-0.12569875
1.321396
-0.12151603
-0.016127015
0.51202366
-0.22009011
-0.21248089
0.24214799
-0.49088128
1.5150155
-1.0241343
0.11855538
-0.37519926
-0.31565043
0.92005149
-0.52402809
-0.10479863
-0.47562401
-0.20727929
-0.1877053
-1.1114167
1.1565529
-0.3259056
0.33241365
0.85016398
-0.40478613
0.1923173
0.48852766
0.60434132
-0.91057673
0.30623542
-0.5867284
0.57565737
-0.62045417
0.032161199
0.65311694
-0.87040278
0.17400491
0.9232463
-0.5921784
-0.070813902
-0.24974984
-0.6587155
-0.1025317
-0.73960295
0.47755892
0.89459026
-0.075658807
0.07430262
-0.22381662
-0.33955552
0.33947307
-0.39546001
0.1753699
1.2657819
-0.01167383
0.9001188
-1.2732724
0.19647395
-0.49636388
-0.04586918
-0.50180779
0.54767697
-0.54847207
-0.10611629
-0.41377542
0.51989172
0.35278692
0.5854558
-0.48404701
-0.30495748
0.45192579
0.85123623
-0.078113093
0.95417352
-0.50155564
0.87807345
0.22653604
-1.136045
-1.2190327
0.841027
-1.038772
-1.4222749
0.93136918
0.49090572
-0.18624042
0.67534444
-1.347614
1.1158166
0.23179736
0.082004414
0.44439413
0.11310159
-0.22994097
0.7306022
0.72984975
-1.0976307
0.59877591
1.1131824
-0.425435
0.63439066
-0.58205468
0.15463912
-0.60323542
-0.71605376
-1.4431319
0.77260844
-0.72086862
-0.2298015
0.12371738
0.1206583
-0.24807786
0.47267659
-0.24298065
-1.0015015
0.29539534
0.70610617
-0.49423728
-0.45334445
-1.4281399
0.69343158
-0.6134459
0.24010621
0.87822246
-0.60200015
-1.0722546
0.16749046
-1.0955234
0.45518563
0.2925314
0.24974093
0.15693527
-0.35223439
0.056391393
0.41257559
-0.46896698
0.20275838
0.95825554
-0.9237734
-0.84648353
0.12852248
0.71796106
-0.56994787
-0.78143987
0.23900845
0.4240941
-0.8420685
-0.25508659
-0.32621728
-0.35049049
0.4324949
-0.40428508
-0.91387642
-0.38770878
-0.46672585
0.34636744
0.34287467
-1.0846947
-0.27345046
-0.77784747
-0.016658997
-0.32138012
0.19621149
-0.32038078
0.0015757053
-0.46925216
0.35167207
0.13626063
0.63031299
-0.88637032
0.79369939
-0.56859806
0.42797846
1.4236095
-1.4803073
0.11911842
0.26016065
-0.33365813
0.068145125
-0.99310341
0.054945298
1.0404874
0.35775782
-0.15067407
0.15161343
-0.71739819
-0.71074174
1.1789082
-0.44693115
0.95276431
-0.50583316
-0.688036
-0.33695241
0.4118699
-0.23635204
-1.1541151
0.12009375
-0.13632065
0.40753237
1.4388612
-0.6213246
-0.81753656
0.095366618
-0.49763859
0.069668668
-0.57177413
0.44796307
-0.39515979
-0.1655282
-1.0519106
-0.37036427
0.43480075
-0.80045708
1.2820531
-1.1302939
-0.15175922
-0.8889611
0.43178243
0.036639198
0.59470277
-0.045290055
0.29748491
-0.63788409
-0.21891601
0.9268313
-0.70149738
-0.98718964
0.41371757
-0.24187483
0.40765396
1.0257989
-0.29465405
-0.75079797
0.3973819
0.35341606
1.4528364
-0.1576325
-1.2952039
0.031436857
-0.26269811
0.72725028
-0.20519208
0.19200787
-0.44525664
1.3551815
-0.85583122
-0.49935028
0.088980772
0.71232133
-0.39222242
-0.32009891
0.32338042
-0.95542665
1.1671085
-0.60458198
-0.9364707
0.37176985
-0.016965597
-0.71076152
0.63783396
-0.51229519
-0.5687401
0.39613786
-0.38200469
0.092753454
0.92535413
0.5550181
0.51202965
0.10124791
0.8595955
-0.9608434
-0.17177185
0.42152058
-0.42044134
-0.021246698
-0.36743897
-0.54308039
0.7096265
-0.49797627
0.46271641
-0.19763409
-0.66854252
-0.22316821
0.16977535
0.020753408
-0.2871873
0.9237997
0.41046311
-1.3342628
0.80099226
1.4528364
0.53346963
-0.026227203
1.0775711
0.61701711
-1.6945882
0.40636927
0.22575959
-0.81813218
0.35291317
0.55668669
-0.21213734
0.81383388
0.10541452
-0.9192484
-0.53516178
-0.93652275
0.35448518
0.70253048
-0.44319153
0.075435528
-0.59354858
-0.84190838
0.39497724
0.9204851
-0.48957473
0.44748256
1.0591654
0.44083458
-1.1469435
0.75558711
0.43551362
0.88895051
-0.54607584
-0.10233085
0.20979806
0.16882254
0.4672423
0.5348814
1.0422059
1.3772162
-1.1283063
-0.20819912
0.66090416
0.9878337
-1.0005231
0.33193724
0.44440052
-0.80891895
0.33828697
0.37403436
0.4093679
0.44079608
-0.11938402
-1.1838968
0.68298775
0.14220511
0.71539473
0.52673417
-1.0085466
0.26894366
0.69417281
-0.27002725
0.34028117
-1.3170109
0.93391488
-1.6685388
0.73462392
0.33645073
-0.53408482
0.15466515
-0.23318392
0.1418075
0.24406392
-0.1243167
0.38165373
0.47305895
0.71710651
-1.2635993
-0.36332243
-0.39628245
-0.83544157
0.15890041
0.24097652
0.13242603
0.32005909
0.56985817
0.71219493
0.9285299
0.1214266
0.17079509
-1.2477551
0.9588354
1.181871
-0.78455894
-0.11321094
-1.1809624
0.50910425
0.38285771
0.62907735
-0.47360042
-1.2539606
0.73983766
0.32723109
-0.43334739
-0.46566165
-0.29096946
-0.89649292
0.44314847
0.91901531
-0.31047826
0.34950621
-1.0742429
-0.85072997
0.58626373
-0.13228713
-0.1258431
0.65523401
0.10502786
1.0738803
-0.73303557
0.93144251
0.59965273
0.66086673
-0.27150125
0.54587303
-0.002832018
-0.70024049
-0.8967013
0.00020837589
1.1755836
-0.38405107
0.88195598
0.046573917
0.057718309
0.28759294
-0.7697083
0.1951562
-0.26990928
0.4516678
-0.75097411
0.28699558
0.46397853
-0.30999325
-0.19350724
0.47444775
-0.28094051
0.055328994
-0.078822297
0.36107083
0.61830365
0.10429057
0.26195242
-0.36624299
-0.93590829
-0.12581666
-0.26342727
0.5305918
-0.24752176
0.3409862
-0.093464442
-0.29909439
-0.3427659
-0.47400578
-0.48796166
1.0892319
-0.60127021
0.37919255
0.1682584
0.28736026
0.72513866
-1.0124989
-0.10155448
0.5297928
-1.0197319
1.1880785
0.59636601
-1.1681037
-0.028738948
0.36869425
-0.40897536
-0.35953056
-0.27021934
0.76349173
-1.1918558
0.77353142
0.7733574
0.88012649
-0.45214802
1.0939843
-0.2019773
-0.43302343
0.99927079
-0.11214
-0.25159229
0.36373229
-0.75424638
0.80957537
1.1445832
1.4690366
-0.70169652
0.4424009
0.25929562
0.8237859
1.0442925
0.17568329
1.200009
-0.24456822
0.75367246
-0.65865802
-0.30818371
-0.44261426
0.5785285
0.14839276
0.66431432
0.39776604
-0.25090413
0.31568382
0.29951208
0.069522914
-0.60450751
0.35813468
0.25225552
0.12286048
-0.375116
-0.74571629
-0.35191438
-0.14218945
0.85059817
-0.13366394
-0.64573879
-0.80880847
0.56103461
0.63075887
-0.83761953
-0.013110443
0.36055839
0.7334259
-0.61351016
-0.37802438
0.17991302
0.0020270365
-0.18194006
-0.32579218
-0.48925661
-0.17192508
-0.16731142
-0.75863676
0.92594818
1.3581108
-1.0778732
0.081045576
0.34791803
-0.34372213
0.88080124
0.01378902
0.93391488
0.72833457
1.5330692
-0.15585295
0.28038181
0.83466119
-1.115043
-1.0671782
0.063472977
-0.10965646
-0.86724591
0.65438598
0.839933
-0.56773191
-0.10716378
-1.1661087
0.8067498
0.32565549
1.0031757
-0.39349906
-0.50592389
1.5225804
-0.5045981
0.087730371
-0.25372733
0.42909723
-0.47841077
-0.010571917
-0.909182
1.7127903
-0.74013527
-0.030885054
-0.18706199
-0.16126363
-0.17239449
1.1250484
-1.1250484
0.19968977
0.72714153
-0.49894003
-0.39854448
1.1774025
-0.73790057
-0.43950194
-0.19994638
-0.29843671
0.4983831
-0.56066156
0.1181241
-0.078931859
0.24622652
-0.16729466
0.46454267
0.29149302
0.30792114
-0.20020904
0.1378829
0.68935682
0.85921067
-1.3741299
0.36019729
0.035121435
-0.86206378
0.81865723
1.5011988
-0.14268858
1.119254
0.41381519
0.77311743
0.47872225
0.41022826
1.5404472
-0.45367399
0.82272879
-0.46165796
0.52040986
0.31833556
-0.14267686
-0.51880419
0.89556253
-1.0735909
0.72386665
-0.3111844
-0.41268225
0.53894294
1.2124107
0.13673997
-0.25432944
0.97816725
0.54441313
-1.0565037
-0.12539585
1.6075974
-0.68248428
1.1994587
0.3129964
0.0066323915
0.32706206
-0.43000989
-0.014372663
-0.045023649
0.25485056
-0.14940299
0.68930319
-1.4019536
0.7126504
-0.27594075
0.58992868
0.0055978512
0.5134562
0.91318444
-0.51373938
0.036013914
-1.179868
0.16569458
0.18755479
0.05216725
-0.23972204
0.22556365
-0.024246973
0.51903703
-0.57265887
-0.43588774
-0.73513438
0.43600951
0.83328153
-0.88962257
-0.58648635
1.0301032
-1.1089255
0.77133782
0.4000104
-0.44804767
-0.42085049
-0.1780734
0.03352245
0.2266382
0.19226893
-1.1154682
0.72588477
-0.38432212
0.33330109
1.3659406
0.057668965
0.82617892
-0.25560839
0.9780944
0.38772136
-0.43522929
-0.39302148
0.85241121
0.04704759
0.21490483
-0.79045375
0.98272268
-0.32862377
0.061779765
-0.29981549
0.82022535
0.23249622
-0.16435109
0.074912563
-0.34648806
0.27157549
-0.22866883
0.43147881
-0.48673116
0.028971574
-0.23002376
0.52992637
0.87633193
0.58224505
-0.36722443
-0.027089477
0.7093015
0.10099958
-0.81030109
0.62761751
-0.6302151
1.1826429
0.45274249
0.55043319
-0.62030997
-0.35366465
0.91831405
0.91029768
-0.46048556
0.50436215
0.025112304
-1.1817857
1.1566734
0.45495993
1.0651232
0.43847117
0.74817979
-0.023675706
0.98306764
0.11869147
0.091812188
0.15107347
-0.24288565
0.99792303
-1.0229941
0.024859588
0.25079405
-0.089268437
1.0217864
0.34474366
0.66799284
-0.39904918
-0.35816068
-0.025314127
0.53077416
0.19309249
-0.43310327
-0.78860585
0.46326594
-0.6622661
-0.074750936
-1.0774578
-0.54218248
0.019885754
-0.21252058
0.76605147
-0.153261
0.25702175
-0.10376075
0.091811671
-0.66582966
0.67444427
-0.0086146074
-0.80017221
-0.45405982
0.70221341
-1.1710722
0.55535349
0.35004619
0.28908124
0.12158529
0.20307584
-0.84935337
-0.98792332
-0.20373697
-0.049413609
-0.37672046
-0.12816362
-0.31709301
0.40263279
-1.1566127
0.096567737
0.19211916
-0.18799125
-0.031779251
0.51626758
0.28803047
-0.80429806
0.76789434
-0.40733595
-0.18087783
-0.035423552
-1.3929324
-0.60102916
0.0093796915
0.59164946
-1.5350002
-0.097532
0.39084137
-0.18983207
-0.55989958
-1.0673662
0.96020242
-0.10753845
0.5177667
-0.37460549
-0.10053996
-0.83489857
-0.70269867
0.035018548
0.54596801
-0.47053248
0.20398416
-0.4951018
0.72454067
0.60427616
0.48131656
-0.19942505
0.1560738
-0.23848627
0.59190234
0.96150886
-0.4547335
-0.78586667
-0.022941805
0.60845717
-1.0471958
-1.4195822
0.79298139
0.83682763
0.27784368
0.082760621
0.55669868
-0.82691538
0.80585414
0.10444354
0.10913126
1.0188302
-0.49337428
0.65241816
-0.17272014
1.0722815
0.38055492
0.37513929
-0.78138246
0.40624317
-0.21417026
-0.63231327
-0.63690961
1.3262128
0.3590831
0.80969981
0.96598769
-0.41379166
-0.69037527
-0.40404066
-0.41930658
-0.15978461
0.2515968
-0.25578799
-0.39510272
0.65089072
-0.2924153
-0.071611069
0.36402637
-1.1939204
0.2712428
-0.17943113
0.68329548
-1.1921993
-0.21073729
-0.31499308
1.0203366
0.1719189
-1.1922555
0.8275423
-0.56340851
-0.26413379
0.056963372
-1.0859216
1.0289582
-0.61253977
-0.22124662
0.8337864
1.1501605
-1.1141466
-0.31046062
0.73845873
-0.39371507
0.16858863
-0.077808016
0.14381404
0.2500476
1.0654317
0.18249631
0.11596364
-0.29845995
-0.37029838
-1.0041057
0.95709008
-0.38109699
0.18024983
-0.69398921
0.81824334
-1.2930724
0.45449333
0.21297863
-0.50539392
0.4829576
-0.89925875
1.1756169
0.26938913
0.27257611
1.1370875
1.1253633
0.14632917
-1.169153
0.19177873
0.18062028
-1.1734856
0.91124482
1.0963666
-0.22109635
-0.85566321
-0.043117041
0.59981573
0.86072658
0.0014018342
0.69766044
0.22828774
1.0185301
1.1957978
0.49856067
0.15822273
0.11000496
-0.93819701
0.54607661
-0.011873833
-0.42604576
0.08649024
-0.8344085
0.38883566
0.44557284
-0.08788375
0.88234081
0.22883522
-0.048922197
-0.70987614
-0.80688075
1.18202
-0.80085951
-0.53571006
-0.21936419
0.42619154
0.57986654
-0.79238712
-0.52699898
0.050139835
0.25667013
-0.72420594
0.1149463
-0.19357916
0.63598005
0.014087279
-0.49583212
-0.22837382
0.92465814
0.36889105
1.0885457
1.3086457
-0.55305861
-0.75269289
-0.88832904
0.13408266
-0.61340485
0.0006666315
-0.36607677
-1.0030555
1.3691323
-0.14183266
-0.21143969
-1.2547464
0.67098255
-1.300156
0.7481626
-0.21581053
-1.5196314
0.75627699
-1.065033
-0.24185754
-0.83370693
-0.20299086
-0.39857157
0.74386308
0.3882922
-0.84647004
0.3676751
0.41616202
-1.0193974
-0.095606963
-0.25088109
-0.075462779
0.20329067
-0.28222252
0.64762455
-0.65583252
0.33793433
-0.38563774
-0.08645705
-1.2191449
-0.073927416
-1.1375883
0.75353727
-0.037338562
0.18443562
0.1293652
0.39886925
-0.26768789
-0.13118135
0.42571645
0.51271654
-0.93843298
-0.4321297
0.55000364
0.58209363
0.24544867
-0.059333538
-0.81082201
1.2283916
-0.36336635
-0.86502525
0.26454726
-0.072768531
0.66297551
0.075483219
1.264852
-0.1254832
-0.4462112
1.0105836
0.48941635
0.43483675
-0.21956244
-0.74095113
-0.15695006
0.63826662
1.0738988
-1.1303265
-1.0552313
-0.54376464
-0.34726039
0.7355526
-0.45078004
0.3441553
-0.73028308
-0.82686883
-0.21165627
0.068418703
0.58833457
-0.018513384
1.1789266
-0.93139879
0.12623558
0.84740039
-1.3447092
0.32819321
1.016516
-0.87301458
0.38628594
0.48672863
0.67323106
0.44548876
-0.46480681
-0.017943828
-0.19960666
-1.0862937
0.79526041
0.079380883
0.16993937
-0.24247068
-0.24453774
0.084753136
0.13827145
-1.584063
0.059496087
-0.61939567
-0.37681219
0.59878526
-0.34660225
-0.5830391
0.38998344
-0.92465814
0.84515421
0.22605916
-0.3195236
-0.78547128
-0.54879154
0.38756676
-1.0959922
0.29548058
0.81701757
-0.38221681
-0.1416402
0.20911007
-0.86130666
0.039324013
0.82470107
-0.35164213
1.0300193
-0.10078255
-0.14729531
-0.51459979
-0.55609155
0.22288863
-0.51796068
-0.30489405
0.82285473
-1.2168085
0.38174629
-0.087920109
-0.19101558
0.31163562
0.22364138
-0.17350154
-0.17897467
0.75884121
-0.60260054
-0.0099392368
-0.17405526
-0.48519481
0.86130666
-1.2184783
-1.0008135
0.05651237
-0.26678541
-0.01093917
-0.59008999
-1.0417456
0.95173566
0.10256132
-0.75904887
1.1532191
-0.73571059
-0.41750856
0.20972414
0.18489537
-0.28050234
-0.26343776
1.0722815
-0.11910083
-0.97786017
1.0972916
-0.11943143
-0.74730711
0.39402217
1.0772228e-05
-0.58051548
-0.52506888
-0.27510334
-0.65114059
-0.075655502
-0.99361664
-1.4833751
0.88531695
1.1111571
-0.83932136
1.1501605
-0.083722019
0.41898911
-0.21088388
-0.20810523
0.95363231
-0.1583719
-0.6419934
0.24400276
-0.1204763
-0.31051712
0.7230927
0.58253427
0.64873826
-0.16896698
-0.24500468
-0.96070365
-0.2179367
-0.30467436
0.1441646
-0.41162143
-0.74406354
-0.66396496
0.72346105
0.57207827
0.21567029
0.28271281
-0.45211846
0.82465341
0.14111045
0.19423633
-0.29443582
0.58512004
-0.29258864
-0.13494489
-0.3641552
-0.9423726
0.9190369
-0.50258864
0.53456161
-0.41822407
0.30534764
-0.18721331
-0.46803318
0.11212484
-0.086175872
0.92790373
-0.84172786
0.69588026
-0.91392929
-0.25165373
-0.95709008
-0.30273889
0.091521271
0.61172833
-0.18879063
-1.0675995
1.0877092
-0.39177993
0.80727981
0.12911558
0.11488717
0.011285972
-1.0379432
-0.0083122964
0.56974407
-0.40335499
0.66067864
-0.077501938
-0.041211898
0.10088117
-0.56587164
0.0081524923
0.32998178
-1.169146
0.077843845
1.0913022
-0.40299754
-0.39254356
0.61938744
0.55476241
-0.26808241
-0.26449036
-0.34706699
0.49123158
0.013308514
-0.51921051
0.60700096
1.0363027
-1.0363027
0.85221835
-0.24684261
-0.60537574
-0.31552648
-0.76193127
0.32263484
0.11622511
-0.63263583
0.28556884
-0.87260272
-1.0354205
-0.19689437
-0.28490907
0.40303317
0.92312649
-0.81116926
0.46390886
0.8516968
0.99860099
-0.32226695
-0.32176268
-0.64554703
0.28400569
1.009887
-0.12646187
0.83576338
1.2594329
1.2190272
0.014318483
-0.47472026
0.076148689
0.64177403
-0.40249875
0.13690819
0.26559056
-0.44631643
-0.5289819
-0.30697275
0.18591074
0.11157417
-0.042199456
-0.56948821
0.94741318
0.081966699
-0.22172142
0.13975472
0.46797599
0.47589366
0.44168932
0.19657729
0.94666776
-0.51115414
0.80986697
-0.42358103
-0.024725353
-1.1141466
1.2091687
-0.32385177
-0.66529451
-0.45646632
0.22718385
0.088408624
0.3359978
-0.53380956
0.34420532
0.34461453
-0.87858468
0.23392143
0.56151786
-0.91951436
-0.88367188
0.909182
-0.34418615
-0.832505
-0.099061253
0.8784575
0.040669983
0.072315379
-0.65414813
-0.4190327
-0.61638779
-0.089499821
-0.14044115
-0.46799185
1.0002867
-0.61663202
1.0304472
-0.79685605
0.15857293
-0.99548941
0.17756767
-1.1459787
-0.12003368
-0.21890378
1.081629
-0.52493656
-0.095517602
-0.92763138
-0.013350011
-0.8538959
-0.68504338
-0.28424873
0.77622391
-0.16761963
1.1061017
1.2115511
0.15843306
0.060248409
-0.79691154
-0.84658238
0.84658238
-0.97100726
0.10520395
0.084443371
0.20067737
0.004329372
-0.96224611
0.96224611
0.52740443
0.11656182
0.8784575
0.94087852
-0.49706255
-0.21787768
-0.4008398
1.1206108
-0.71977097
0.41196103
0.018114164
-0.43007519
0.35354657
-0.21663838
-0.86088773
0.86088773
0.10519367
-0.80412598
-0.35064141
-0.76005887
-0.75323539
0.82898963
-0.72379597
-0.74676461
-0.77620403
-0.3667311
0.17189445
-0.75784654
0.7899423
0.69587402
0.58711979
-0.05255818
-0.24089471
0.10829466
0.75323539
-0.77620403
-0.64206605
0.96521164
-0.96521164
0.44098164
-0.32628007
-0.17302901
-0.24028552
-0.57088374
0.83864837
-0.94755254
-0.15401319
-1.1527904
0.47262971
0.68016071
-0.64926088
-0.10060735
0.25168081
-0.20477105
-0.74363309
-0.56239444
0.91505443
0.76854733
-0.1176358
0.24135318
0.64075125
-0.31311808
-0.47871828
0.33170759
0.62246593
0.62626701
0.70218668
-0.15442489
0.3791317
-1.0718176
-0.65202193
0.92151657
-0.23494255
-1.0988967
0.63090488
0.39163217
-0.52469414
-0.64080164
-0.18006979
-0.042288534
0.11581468
0.3866469
-0.096020127
0.3323695
-0.30398233
-0.07711466
0.53724285
-0.023786642
0.12123141
-0.25328439
1.1694461
0.60014018
-1.0191729
-0.72247108
-0.22508147
1.3529027
-0.75019142
-0.64640004
0.7733618
-0.86085144
0.76727109
0.64527376
0.64270287
-0.76916474
0.5298917
-0.010854671
0.12074928
0.00083601268
-0.037470766
-0.1662662
0.12553931
-0.016078011
0.64216094
0.22812322
0.68399346
-1.0848333
-1.0157011
0.67254487
0.34315618
0.56893812
0.21677209
0.52499061
-1.0458209
-0.082485457
-0.45700899
-0.58881187
0.80756148
-0.29558295
-0.47212533
0.53450472
-0.074348664
0.064580698
-1.045275
0.32550405
0.23198117
0.30330113
-0.50561793
0.066822207
0.042522509
-0.68055436
0.11984778
-0.64338741
1.2880703
-0.30131355
0.31563203
0.10812183
-0.64375703
-0.59193059
0.97419375
0.0095875651
-0.65038921
-0.37474789
-0.86413284
-1.1603586
0.54613511
-0.82799167
0.75906641
0.10359348
0.18001829
0.092670659
0.57218695
-0.020130545
-0.87893423
1.1168067
-1.1449687
-0.093931608
-0.15060613
-0.45233229
0.48449349
-0.080968056
1.1129011
-0.35128692
1.0639373
0.42370819
-0.45262875
-0.41437014
-0.24452723
-0.11114408
0.21953984
-0.10839576
0.65272813
0.060337605
-0.43982331
0.057259585
1.0524449
-1.1097045
-0.97424198
-0.50234691
-0.38810108
0.35512227
-0.17498537
0.91089578
0.16824782
0.37211321
0.74309006
-0.040903379
-0.58259811
-0.16091895
-0.064908716
-0.4518393
0.27776791
0.64701343
-0.79600847
0.59348998
0.30081804
0.29899769
-0.45242779
0.58006931
-0.86265677
-0.72711201
-0.26119548
-0.25033687
-0.21148529
-0.38128223
0.39514894
-0.013866714
0.47847673
0.13547853
-0.23608587
-0.53862879
-0.068086602
0.81806059
-0.086144216
-0.59728932
-0.57208696
0.91407115
-0.21805564
0.65895272
-0.55166271
0.22538265
-0.88290005
0.8979477
-0.0011462279
1.0110332
-1.1033984
0.68902829
-0.54777823
0.32757292
-0.35043563
-0.74918952
0.65989827
-1.003372
0.66564622
-0.39360889
-1.0671301
0.8356814
-0.98961073
-0.10067063
-0.16202748
-0.69317437
-0.33082711
0.25406178
-0.15821567
-0.11551009
0.27394315
0.34642164
-0.036715925
0.95078707
0.86681936
-0.43152184
0.48852685
-0.44920284
0.8009965
-0.053821484
-0.49631327
0.25056741
0.16496754
0.087850875
0.46629563
0.30721471
-0.29224642
0.53245814
0.11977901
-0.26935304
0.18852334
-0.2086345
-0.13321498
-0.0068006119
0.29535233
0.45600345
-0.063498689
0.45081898
-0.90455006
0.76021709
0.13773061
0.99154492
0.61993419
0.19545386
-0.63714677
0.44169291
-0.87224042
0.64715895
0.27845616
0.74729823
-0.70477572
0.81058406
0.075020561
-0.39617142
-0.093874829
0.78323165
-0.42323772
-0.71249797
0.77591935
0.29853186
0.044261277
0.71347386
-0.12795923
-0.23597118
0.9016174
-0.0089849407
0.17471628
0.41693318
-1.0634476
0.73262047
0.72716769
0.93370093
0.096331157
0.12320868
-0.79318977
0.08676712
-0.0089476497
0.13316508
0.39629599
-0.59123387
0.32721147
0.098086099
0.36019913
0.42160999
-0.49976343
0.29837054
-0.17834798
-0.013592147
-1.0251336
0.36328455
-0.43137115
0.33876484
-0.035463714
-0.65672732
0.8691815
-0.3465719
-0.67257048
-0.00072976212
0.98651244
-0.72186712
0.23924185
-0.11012626
-0.93135781
1.3289513
-0.10993661
-1.1465934
0.089407307
-0.24222374
0.10438241
-1.0525576
-0.0299663
0.17229105
-0.040687415
0.1898775
0.11890935
0.014255729
-0.093181773
0.088850709
0.4409238
0.0042216578
-0.18256963
-0.08878672
0.16025995
-0.61259224
-0.10724679
-0.39140276
-0.25204963
0.98189939
-0.49677756
0.21587934
-0.25909055
0.19426806
0.032240574
0.67941716
-0.26882382
0.56214875
-0.35506007
0.27846605
0.26350375
-0.7436983
-0.14948624
0.96728937
0.13402563
-0.73367992
-0.33999362
0.9037864
-0.1043855
-0.77974437
0.30947046
0.099001653
-0.11485352
-0.16888084
0.93210344
0.30093141
-0.27981682
0.10238787
-0.60354998
0.70799352
1.0279728
0.56699089
-0.38970175
-0.41488625
0.60849306
-0.93847484
-0.41100875
0.13410191
-0.77742126
0.14831466
-0.75186464
0.11958374
0.18657369
0.39308752
0.81723882
0.22449402
0.46583845
0.34998949
0.015034644
0.12539541
-0.40539863
0.26546769
0.14865022
)
;

boundaryField
{
    back
    {
        type            empty;
    }
    out
    {
        type            calculated;
        value           nonuniform List<scalar> 
20
(
1.5336882
1.535596
1.4828822
1.5525282
1.5414553
1.5407804
1.5511002
1.5532298
1.4796871
1.3181615
1.5523218
1.404737
1.5373099
1.5355115
1.3123654
1.5390935
1.5375972
1.5458428
1.5465351
1.3995773
)
;
    }
    bottom
    {
        type            calculated;
        value           uniform 0;
    }
    in
    {
        type            calculated;
        value           nonuniform List<scalar> 
20
(
-1.5
-1.5
-1.5
-1.5
-1.5
-1.5
-1.5
-1.5
-1.5
-1.5
-1.5
-1.5
-1.5
-1.5
-1.5
-1.5
-1.5
-1.5
-1.5
-1.5
)
;
    }
    top
    {
        type            calculated;
        value           uniform 0;
    }
    wall
    {
        type            calculated;
        value           uniform 0;
    }
    front
    {
        type            empty;
    }
}


// ************************************************************************* //
