/*--------------------------------*- C++ -*----------------------------------*\
| =========                 |                                                 |
| \\      /  F ield         | foam-extend: Open Source CFD                    |
|  \\    /   O peration     | Version:     4.1                                |
|   \\  /    A nd           | Web:         http://www.foam-extend.org         |
|    \\/     M anipulation  |                                                 |
\*---------------------------------------------------------------------------*/
FoamFile
{
    version     2.0;
    format      ascii;
    class       volScalarField;
    location    "1.6";
    object      rAU;
}
// * * * * * * * * * * * * * * * * * * * * * * * * * * * * * * * * * * * * * //

dimensions      [0 0 1 0 0 0 0];

internalField   nonuniform List<scalar> 
4393
(
0.00022764382
0.00022726997
0.00022690389
0.00022652997
0.00022614609
0.00022575084
0.00022534183
0.00022491788
0.00022447813
0.00022402239
0.00022355126
0.00022306625
0.00022256985
0.0002220656
0.00022155789
0.00022105284
0.00022055627
0.00022007517
0.00021961715
0.00021918982
0.00021880089
0.00021845807
0.00021816883
0.00021794037
0.00021777933
0.00021769164
0.00021768194
0.00021768194
0.00021775355
0.00021790756
0.00021814213
0.00021845228
0.00021882981
0.00021926368
0.00021974062
0.00022024611
0.0002207653
0.00022128403
0.00022178946
0.00022227058
0.00022271843
0.00022312605
0.00022348839
0.00022380201
0.00022406479
0.00022427575
0.00022443496
0.00022454295
0.00022458507
0.00022451137
0.00022419085
0.00022388526
0.00022357063
0.00022324418
0.00022290427
0.00022254868
0.00022217655
0.00022178746
0.00022138178
0.00022096078
0.00022052675
0.00022008306
0.00021963418
0.00021918542
0.00021874382
0.00021831597
0.00021790946
0.00021753239
0.00021719258
0.0002168979
0.00021665603
0.00021647439
0.00021635996
0.00021631907
0.00021635712
0.00021644376
0.00021641667
0.00021645992
0.00021658685
0.00021679898
0.00021709476
0.00021746904
0.00021791306
0.00021841484
0.00021896011
0.00021953338
0.00022011915
0.00022070283
0.0002212715
0.00022181428
0.00022232245
0.00022278941
0.00022321043
0.00022358226
0.00022390275
0.00022417104
0.00022438862
0.00022454271
0.00022400594
0.00022369725
0.00022339708
0.00022308537
0.00022275937
0.00022241759
0.00022205802
0.00022168008
0.00022128379
0.00022087002
0.00022044068
0.00021999884
0.00021954873
0.00021909581
0.00021864642
0.00021820855
0.0002177897
0.00021739821
0.00021704268
0.0002167313
0.00021647209
0.00021627281
0.00021614084
0.00021608311
0.00021610577
0.00021621388
0.0002163005
0.00021618145
0.00021614322
0.00021619282
0.00021633516
0.00021657192
0.00021690054
0.00021731387
0.00021780035
0.0002183451
0.00021893116
0.00021954104
0.00022015798
0.00022076688
0.00022135492
0.00022191173
0.00022242939
0.00022290217
0.00022332606
0.00022369844
0.00022401823
0.00022428552
0.00022448062
0.00022365054
0.00022334724
0.000223047
0.00022273215
0.00022240022
0.00022204993
0.00022167942
0.00022128836
0.00022087708
0.00022044692
0.00022000038
0.00021954126
0.00021907471
0.00021860721
0.00021814624
0.00021770095
0.00021727992
0.0002168924
0.00021654769
0.00021625445
0.00021602103
0.00021585535
0.00021576496
0.00021575689
0.0002158374
0.00021601154
0.00021609285
0.00021588775
0.0002157652
0.00021573573
0.00021580806
0.00021598738
0.00021627385
0.00021666172
0.00021713944
0.0002176909
0.00021829705
0.0002189379
0.00021959409
0.00022024817
0.00022088527
0.00022149343
0.00022206353
0.00022258898
0.00022306528
0.00022348962
0.00022386077
0.00022417776
0.00022442244
0.0002232886
0.00022298945
0.00022268953
0.00022237187
0.00022203417
0.00022167526
0.00022129342
0.00022088851
0.0002204611
0.00022001293
0.00021954703
0.00021906792
0.00021858164
0.00021809579
0.00021761907
0.00021716195
0.00021673422
0.00021634618
0.00021600793
0.00021572865
0.00021551702
0.00021538118
0.00021532887
0.00021536743
0.00021550344
0.00021574228
0.00021582907
0.00021553349
0.00021532266
0.00021521114
0.00021521203
0.00021533464
0.00021558209
0.00021594993
0.00021642613
0.0002169926
0.00021762744
0.00021830746
0.00021901022
0.00021971562
0.00022040665
0.00022106981
0.00022169491
0.00022227472
0.00022280443
0.0002232812
0.00022370373
0.00022407087
0.00022436676
0.00022291086
0.0002226164
0.00022231785
0.00022199832
0.00022165563
0.00022128865
0.00022089571
0.00022047678
0.00022003261
0.00021956524
0.00021907817
0.00021857657
0.00021806743
0.00021755948
0.00021706281
0.00021658936
0.00021615036
0.0002157573
0.00021542117
0.0002151517
0.00021495788
0.00021484806
0.00021483026
0.00021491222
0.00021510118
0.00021540327
0.00021551064
0.00021511877
0.00021481404
0.00021461567
0.00021454203
0.00021460737
0.0002148183
0.00021517161
0.00021565417
0.00021624498
0.00021691828
0.00021764678
0.00021840438
0.00021916793
0.00021991824
0.00022064029
0.00022132303
0.00022195884
0.0002225429
0.00022307258
0.00022354678
0.00022396479
0.00022431253
0.00022251779
0.0002222287
0.00022193256
0.00022161217
0.00022126532
0.00022089087
0.00022048712
0.00022005402
0.00021959242
0.00021910456
0.00021859431
0.00021806748
0.00021753194
0.0002169977
0.00021647637
0.00021598161
0.00021552636
0.0002151235
0.000214785
0.00021452113
0.00021434112
0.00021425349
0.00021426651
0.0002143885
0.00021462762
0.00021499132
0.0002151396
0.00021464416
0.00021423805
0.00021394598
0.00021379277
0.00021379888
0.00021397527
0.00021431997
0.00021481795
0.00021544407
0.00021616731
0.00021695522
0.00021777724
0.00021860681
0.00021942242
0.00022020766
0.00022095084
0.00022164426
0.00022228336
0.000222866
0.00022339161
0.00022386034
0.00022425951
0.00022211142
0.00022182905
0.00022153648
0.00022121625
0.0002208661
0.00022048477
0.00022007043
0.00021962295
0.00021914314
0.00021863329
0.00021809757
0.00021754231
0.00021697632
0.0002164109
0.00021585945
0.0002153377
0.00021486058
0.00021444268
0.00021409702
0.00021383438
0.00021366406
0.00021359461
0.00021363451
0.00021379274
0.00021407874
0.00021450184
0.0002147175
0.00021410956
0.00021359241
0.00021319723
0.00021295694
0.0002129001
0.00021304328
0.00021338589
0.00021390989
0.00021458425
0.00021537096
0.00021623096
0.00021712834
0.00021803272
0.00021892019
0.00021977318
0.00022057968
0.00022133224
0.00022202694
0.00022266244
0.00022323903
0.00022375789
0.00022420765
0.00022169342
0.00022141863
0.00022113072
0.00022081172
0.0002204592
0.00022007166
0.00021964709
0.0002191851
0.00021868632
0.00021815298
0.00021758936
0.00021700224
0.00021640127
0.00021579921
0.00021521151
0.00021465634
0.00021415118
0.00021371262
0.00021335489
0.00021308911
0.00021292444
0.00021286912
0.00021293172
0.00021312193
0.00021345082
0.0002139303
0.00021424725
0.00021351604
0.00021287562
0.00021236482
0.00021202682
0.00021190104
0.0002120117
0.00021235975
0.00021292261
0.0002136609
0.00021452726
0.00021547424
0.00021645949
0.00021744841
0.00021841475
0.0002193401
0.00022021255
0.00022102541
0.00022177582
0.00022246358
0.00022309018
0.00022365806
0.0002241571
0.00022126581
0.00022100047
0.00022071864
0.00022040206
0.00022004818
0.00021965522
0.00021922084
0.00021874427
0.00021822578
0.00021766733
0.00021707315
0.00021645029
0.0002158092
0.00021516417
0.000214533
0.00021393694
0.00021339666
0.00021293125
0.00021255627
0.00021228297
0.0002121199
0.00021207462
0.00021215543
0.00021237269
0.00021273946
0.00021327102
0.00021373222
0.00021286502
0.00021208608
0.00021144323
0.00021099279
0.00021078902
0.000210867
0.00021122956
0.00021184721
0.00021266879
0.00021363435
0.00021468579
0.00021577315
0.00021685727
0.00021790984
0.00021891206
0.00021985279
0.00022072664
0.0002215323
0.0002222712
0.00022294631
0.00022356153
0.00022410813
0.00022083124
0.00022057595
0.00022030129
0.00021998833
0.00021963418
0.0002192367
0.00021879309
0.00021830204
0.00021776325
0.00021717818
0.00021655075
0.00021588806
0.00021520124
0.00021450612
0.00021382327
0.0002131778
0.00021259449
0.00021209567
0.00021169835
0.00021141351
0.00021124843
0.00021120929
0.00021130364
0.00021154234
0.00021194069
0.00021251829
0.00021317775
0.00021215966
0.00021122344
0.00021042721
0.00020984406
0.00020954903
0.00020959305
0.00020998146
0.00021067423
0.00021160337
0.00021269194
0.0002138684
0.00021507396
0.00021626477
0.00021741095
0.00021849415
0.00021950479
0.00022043954
0.00022129928
0.00022208744
0.00022280889
0.00022346918
0.00022406112
0.00022039066
0.00022014798
0.00021988227
0.00021957443
0.00021922141
0.00021882065
0.00021836873
0.00021786364
0.00021730428
0.00021669128
0.00021602793
0.00021532108
0.00021458227
0.00021382883
0.00021308455
0.00021237942
0.00021174374
0.00021120409
0.00021077912
0.00021047896
0.00021030856
0.00021027173
0.00021037458
0.00021062808
0.00021104995
0.00021166511
0.00021248477
0.00021140455
0.00021028855
0.00020931146
0.00020856781
0.00020816214
0.00020816937
0.00020859844
0.00020939288
0.00021046047
0.00021170127
0.00021302695
0.00021436869
0.00021567826
0.00021692516
0.00021809267
0.00021917389
0.00022016845
0.00022108008
0.00022191479
0.00022267962
0.00022338204
0.00022401654
0.00021994929
0.0002197193
0.0002194636
0.00021916222
0.0002188117
0.00021840891
0.00021794972
0.0002174312
0.00021685114
0.000216209
0.00021550703
0.0002147514
0.00021395365
0.00021313246
0.00021231523
0.00021153828
0.00021083943
0.0002102511
0.00020979387
0.00020947593
0.00020929834
0.00020926112
0.00020936784
0.00020962891
0.00021006445
0.00021070571
0.00021159272
0.00021060771
0.00020928484
0.00020809172
0.00020714942
0.00020660467
0.00020656991
0.00020705967
0.00020799128
0.0002092372
0.00021066627
0.00021216947
0.00021366717
0.00021510769
0.00021646158
0.00021771544
0.00021886648
0.0002199184
0.00022087856
0.00022175603
0.00022256043
0.00022330128
0.00022397492
0.00021950581
0.00021929186
0.00021904837
0.0002187554
0.00021840934
0.0002180065
0.00021754191
0.0002170115
0.00021641162
0.00021574013
0.00021499767
0.00021418914
0.00021332548
0.00021242623
0.00021152265
0.0002106592
0.00020988426
0.00020923844
0.00020874461
0.0002084074
0.00020822159
0.00020818145
0.00020828675
0.00020854644
0.00020898268
0.00020963405
0.00021055357
0.00020978091
0.0002082193
0.00020676561
0.00020557221
0.00020484619
0.00020476036
0.0002053391
0.00020645637
0.00020793274
0.00020959462
0.00021130815
0.00021298296
0.00021456603
0.00021603158
0.00021737187
0.00021859004
0.00021969514
0.00022069898
0.00022161426
0.0002224534
0.00022322818
0.00022393686
0.00021907101
0.00021887256
0.00021864231
0.00021835933
0.00021801953
0.00021761854
0.00021715038
0.0002166096
0.00021599076
0.00021528959
0.00021450441
0.00021363809
0.0002127001
0.0002117099
0.00021070261
0.00020973322
0.00020886525
0.00020815147
0.00020761763
0.00020726232
0.00020707039
0.00020702761
0.00020712833
0.00020737856
0.00020780132
0.00020844303
0.00020937248
0.00020894072
0.00020710417
0.00020533453
0.00020381797
0.00020284713
0.00020269445
0.00020340369
0.00020477423
0.00020654994
0.00020849959
0.00021046083
0.00021233439
0.00021406983
0.00021564899
0.00021707296
0.00021835302
0.00021950499
0.00022054599
0.00022149276
0.00022236077
0.00022316411
0.00022390302
0.00021863638
0.00021845743
0.00021824285
0.00021797209
0.00021764104
0.00021724469
0.00021677599
0.00021622791
0.00021559289
0.00021486389
0.0002140361
0.00021310934
0.00021209041
0.00021099711
0.00020986746
0.00020876972
0.00020778956
0.00020699797
0.00020642435
0.00020605689
0.00020586457
0.00020582079
0.00020591276
0.00020614205
0.00020653081
0.00020713363
0.00020803885
0.00020811282
0.00020595992
0.00020380675
0.00020186868
0.0002005557
0.00020030772
0.00020121109
0.00020293101
0.00020509799
0.00020740268
0.00020965294
0.00021174568
0.00021363972
0.00021533025
0.00021683125
0.00021816472
0.00021935471
0.00022042441
0.00022139491
0.0002222848
0.00022311048
0.00022387408
0.0002182248
0.00021806418
0.00021786637
0.00021760992
0.00021729028
0.0002169017
0.00021643592
0.00021588409
0.00021523609
0.0002144814
0.00021361092
0.00021262
0.00021151121
0.00021029814
0.00020901915
0.00020775863
0.00020663533
0.000205749
0.00020513421
0.00020476234
0.00020457766
0.0002045365
0.00020461826
0.00020481887
0.00020515582
0.00020569005
0.00020653232
0.00020732583
0.00020481616
0.00020220276
0.00019971122
0.00019790475
0.00019750733
0.00019870659
0.00020091495
0.00020359673
0.00020633755
0.0002089201
0.00021124825
0.00021330086
0.00021509433
0.00021666054
0.00021803497
0.00021925122
0.00022033906
0.00022132401
0.0002222277
0.00022306865
0.00022385069
0.00021781569
0.00021767762
0.00021749896
0.00021725908
0.00021695363
0.00021657623
0.0002161174
0.00021556638
0.00021491025
0.00021413442
0.00021322436
0.00021216935
0.00021096591
0.00020962013
0.00020816528
0.00020670344
0.00020540347
0.00020441165
0.00020376941
0.00020342028
0.00020326831
0.00020324492
0.00020332141
0.00020348672
0.00020374622
0.00020416281
0.00020487445
0.00020604038
0.00020373282
0.00020057018
0.00019735033
0.00019481302
0.00019415696
0.00019582073
0.00019872103
0.00020208394
0.00020535567
0.00020831128
0.00021088198
0.000213083
0.00021496236
0.00021657538
0.00021797362
0.00021920117
0.00022029441
0.00022128309
0.00022219149
0.00022303988
0.00022383349
0.00021746671
0.00021734949
0.00021719135
0.00021697098
0.00021668386
0.00021632302
0.00021587779
0.00021533542
0.00021467994
0.00021389199
0.00021294997
0.00021183447
0.00021053321
0.00020904017
0.00020737303
0.00020564791
0.00020411036
0.0002029852
0.00020232279
0.0002020221
0.00020192172
0.00020191865
0.00020198148
0.00020209772
0.00020225135
0.00020250138
0.0002030184
0.00020404902
0.00020277695
0.00019900126
0.00019484877
0.00019121067
0.00019006055
0.00019246981
0.00019635967
0.00020062721
0.00020453465
0.00020789277
0.00021069623
0.00021302017
0.00021495672
0.00021659017
0.00021798987
0.00021921043
0.0002202943
0.00022127468
0.00022217783
0.00022302523
0.00022382303
0.00021719899
0.00021710701
0.00021697333
0.00021677697
0.00021651378
0.00021617622
0.00021575246
0.00021522776
0.00021458293
0.00021379351
0.00021282952
0.00021166007
0.00021026152
0.00020861248
0.00020669942
0.00020463721
0.00020278886
0.00020151911
0.00020088564
0.00020071707
0.00020074134
0.0002008073
0.00020089206
0.00020099551
0.00020105433
0.00020110024
0.00020133371
0.00020206344
0.00020232345
0.00019782307
0.00019245223
0.00018712519
0.00018495966
0.0001885733
0.00019388324
0.00019934683
0.00020399104
0.00020775255
0.00021074996
0.00021314915
0.00021509944
0.00021671782
0.00021809126
0.00021928348
0.00022034145
0.00022130052
0.00022218789
0.00022302546
0.00022381971
0.00021725806
0.0002171942
0.00021709099
0.00021692645
0.00021669677
0.00021639417
0.00021600618
0.00021551672
0.0002149041
0.00021413938
0.00021318377
0.00021199132
0.00021052167
0.00020873434
0.00020656105
0.00020406676
0.00020178541
0.00020034892
0.00019980447
0.00019987905
0.0002001059
0.00020026712
0.00020036532
0.00020045167
0.00020037154
0.00020009457
0.00019988416
0.00020010314
0.00020118398
0.00019740105
0.00019066124
0.00018291711
0.00017861495
0.00018416464
0.00019146862
0.00019845341
0.00020389609
0.00020800323
0.00021110951
0.00021350628
0.00021540949
0.00021696789
0.00021828251
0.00021942265
0.00022043708
0.00022136131
0.00022222216
0.00022304097
0.0002238238
0.00021801538
0.00021798653
0.00021792842
0.00021781385
0.00021763906
0.0002173962
0.00021707273
0.00021665179
0.00021610958
0.00021541271
0.00021451256
0.00021334267
0.00021183548
0.00020992952
0.00020748506
0.00020441346
0.00020147556
0.00019987954
0.00019957977
0.0002001779
0.00020082262
0.00020120834
0.00020138696
0.00020158531
0.00020150439
0.00020093524
0.0002003173
0.00019986288
0.00020080931
0.00019976241
0.0001912974
0.0001800218
0.00017094841
0.00017965843
0.0001894798
0.00019827228
0.00020448909
0.00020878103
0.00021184229
0.00021412159
0.0002158988
0.00021734425
0.00021856419
0.00021962741
0.00022058047
0.00022145653
0.00022228035
0.00022307167
0.00022383534
0.0002206621
0.0002207103
0.00022074018
0.00022071966
0.00022064687
0.00022051485
0.0002203123
0.00022002332
0.00021962415
0.00021907996
0.00021833689
0.00021731032
0.00021589731
0.0002140151
0.00021146305
0.00020778482
0.00020388118
0.00020236343
0.00020272357
0.00020450593
0.00020601074
0.00020691303
0.00020732689
0.00020798166
0.0002083256
0.00020732612
0.00020619159
0.0002043271
0.00020496151
0.00020348479
0.00019650053
0.0001811827
0.00016222124
0.00017630916
0.00018869814
0.00019949735
0.00020614943
0.00021024666
0.0002130043
0.00021500935
0.00021656697
0.00021784238
0.00021893147
0.00021989376
0.00022076869
0.00022158421
0.0002223613
0.00022311699
0.00022385416
0.00022642134
0.00022656459
0.0002267274
0.00022685517
0.00022694567
0.00022699399
0.00022699296
0.00022693175
0.00022679201
0.00022654406
0.00022613684
0.00022547247
0.00022438805
0.00022271885
0.00022022054
0.00021576621
0.00020956343
0.00020824351
0.00020948356
0.00021349017
0.00021646615
0.00021835843
0.00021897527
0.00022041237
0.00022211016
9.3010148e-05
9.5433527e-05
9.7692183e-05
9.9882851e-05
0.00010288307
9.4464069e-05
8.6204811e-05
0.00010657299
0.00017933429
0.00019343405
0.00020412744
0.00020945471
0.00021253485
0.00021460574
0.00021615223
0.00021739489
0.00021844703
0.00021937328
0.000220214
0.00022099657
0.00022174101
0.00022246299
0.00022317586
0.00022387982
0.00023924396
0.0002396919
0.00024019324
0.00024067984
0.00024116079
0.0002416402
0.00024212288
0.00024261258
0.00024310813
0.00024359881
0.00024405189
0.00024437463
0.00024434622
0.00024363057
0.00024201143
0.00023808036
0.00022682469
0.00022935873
0.00023549803
0.00025024184
0.00026146239
0.00027026243
0.00012828382
0.00016691245
0.00032283572
0.00046162791
0.00049956686
0.00049956686
0.00049956686
0.00049956686
0.00049956686
0.00045031232
0.00033649849
6.8075327e-05
0.0002129743
0.00021346128
0.00021437912
0.00021549468
0.0002165367
0.00021748134
0.00021834006
0.0002191315
0.00021987247
0.000220577
0.00022125686
0.00022192229
0.00022258258
0.00022324671
0.00022391168
0.00026426529
0.00026527464
0.00026642927
0.00026762674
0.0002688876
0.00027023646
0.00027170745
0.00027334358
0.00027519804
0.00027733837
0.00027985102
0.00028283349
0.00028638724
0.00029056481
0.00029520408
0.00030237247
0.0002734722
0.00030504695
0.0003566532
0.00037262813
0.00027825018
0.00031936147
0.00049956686
0.00049956686
0.00049956686
0.00049956686
0.00049956686
0.00049956686
0.00049956686
0.00049956686
0.00041263362
0.00041826883
0.00010203805
0.00026659053
0.00023114032
0.00022209733
0.00021927557
0.00021853511
0.00021855451
0.00021888201
0.00021934167
0.00021986067
0.0002204076
0.00022096917
0.00022154081
0.00022212247
0.00022271662
0.0002233276
0.0002239489
0.00030194695
0.00030409077
0.00030622215
0.00030842586
0.0003107764
0.00031334658
0.00031622236
0.000319517
0.00032338992
0.0003280847
0.00033399753
0.00034170388
0.00035173403
0.00036474822
0.00038492111
0.00040154666
0.00025707024
0.00025314069
0.00026334353
0.00048911761
0.00047852618
0.00048856795
0.00047869849
0.00047372158
0.00047746533
0.00045865797
0.00045171917
0.00045351608
0.0004409359
0.00043652021
0.00010691803
0.00010767055
0.00021977551
0.00025235654
0.00023694851
0.00022741089
0.00022311604
0.00022121927
0.00022044961
0.00022024491
0.0002203384
0.00022059811
0.00022095598
0.00022137598
0.00022183899
0.00022233541
0.00022286126
0.0002234163
0.00022399046
0.00028855997
0.00028907787
0.00028926701
0.00028945271
0.0002896371
0.00028985217
0.00029012393
0.00029048925
0.00029100112
0.00029173714
0.00029281951
0.00029386294
0.00029479998
0.00029555827
0.00029291509
0.00010292422
0.00037622236
0.00047081392
0.00047252639
0.00049383727
0.00048613843
0.00048245092
0.0001242097
0.00012127904
0.00010076997
0.00010005401
0.00010062887
0.00010197267
0.00010292711
0.00010452147
0.00020120862
0.00020767777
0.00021808234
0.00023901505
0.00023963023
0.0002307616
0.00022595796
0.00022341718
0.00022210851
0.00022149299
0.00022128049
0.00022131166
0.00022149659
0.00022178346
0.00022214204
0.00022255491
0.0002230125
0.00022351043
0.00022403527
0.00022327526
0.00022310741
0.00022281898
0.00022254024
0.00022227899
0.00022205238
0.0002218764
0.00022177439
0.00022177867
0.00022193412
0.00022230571
0.00022209373
0.00022116208
0.00021941521
0.00021672628
0.00021314409
9.585668e-05
9.9100574e-05
9.986903e-05
9.9773819e-05
0.00010014957
0.00010017634
0.00021253985
0.00021081371
0.0002089299
0.00020554387
0.0002044354
0.000203879
0.00020210795
0.00020212608
0.00020330642
0.00020901247
0.00021823577
0.00023217489
0.00023802104
0.0002324821
0.00022785758
0.0002250896
0.00022347628
0.00022257939
0.00022213296
0.00022197639
0.0002220119
0.00022217935
0.00022244144
0.00022277512
0.00022316644
0.00022360761
0.00022408218
0.00021926725
0.0002193472
0.00021947367
0.00021960911
0.00021976479
0.00021995282
0.0002201858
0.0002204798
0.00022085411
0.00022133157
0.00022186528
0.00022156864
0.00022081294
0.00021957665
0.0002178026
0.0002149883
0.0002125046
0.00021402726
0.00021587788
0.00021421491
0.00021238174
0.00021121587
0.00021005916
0.00020833732
0.00020730348
0.00020568601
0.0002047798
0.00020420535
0.00020347947
0.00020394818
0.00020593208
0.00021088823
0.0002185479
0.00022810748
0.00023383101
0.00023318219
0.00022902077
0.00022628615
0.00022454852
0.00022348511
0.0002228759
0.00022257547
0.00022248878
0.00022255377
0.0002227299
0.00022299079
0.0002233195
0.00022370559
0.00022413008
0.00021789051
0.00021797015
0.00021809557
0.0002182344
0.00021838952
0.00021856846
0.00021877976
0.00021903452
0.00021934524
0.00021972566
0.00021997941
0.00021948713
0.00021872872
0.00021765405
0.00021622655
0.00021439065
0.00021325943
0.00021411122
0.00021527015
0.00021349562
0.00021190218
0.00021068293
0.00020952624
0.00020831118
0.00020735634
0.00020629732
0.00020564692
0.00020528627
0.00020521186
0.00020608753
0.00020833099
0.00021261996
0.00021875871
0.00022561413
0.00023029951
0.00023231253
0.00022962749
0.00022708151
0.00022534775
0.00022421055
0.00022350179
0.00022309965
0.0002229186
0.00022289948
0.0002230017
0.00022319759
0.00022346852
0.00022380229
0.00022417794
0.00021721216
0.0002173332
0.00021747301
0.00021762414
0.00021779252
0.00021798459
0.00021820653
0.00021846584
0.00021876955
0.00021912304
0.00021921508
0.00021877176
0.00021811996
0.00021722969
0.00021608064
0.00021482112
0.00021419404
0.00021469775
0.00021503976
0.0002134121
0.00021201442
0.00021086236
0.00020980475
0.00020882315
0.00020800301
0.00020726739
0.00020684876
0.0002067339
0.00020702995
0.0002081229
0.00021033508
0.00021399215
0.00021887035
0.00022400907
0.00022786263
0.00023021822
0.00022984672
0.00022755965
0.000225911
0.00022476871
0.00022401237
0.00022354592
0.00022329679
0.00022321181
0.00022325266
0.00022339208
0.00022361091
0.00022389596
0.00022422482
0.0002169229
0.00021699604
0.00021711211
0.00021724734
0.00021739984
0.00021757312
0.00021777098
0.00021799832
0.00021825901
0.00021855456
0.00021852338
0.00021813371
0.00021760099
0.00021691363
0.00021608414
0.00021528979
0.00021497616
0.00021536444
0.00021499659
0.00021359526
0.00021236969
0.00021132304
0.00021038948
0.00020956899
0.00020889456
0.00020837635
0.00020813549
0.00020820838
0.00020871204
0.00020988755
0.00021195279
0.0002150504
0.00021895068
0.0002229431
0.00022613882
0.00022830341
0.00022930026
0.00022779423
0.00022627875
0.00022517909
0.00022441538
0.00022391591
0.00022362209
0.00022348833
0.00022348012
0.0002235718
0.00022374465
0.00022398514
0.00022426994
0.0002167802
0.00021689327
0.00021701889
0.00021715465
0.00021730457
0.00021747171
0.00021765777
0.00021786459
0.00021809225
0.00021833757
0.00021824924
0.00021790039
0.000217448
0.00021689675
0.0002162867
0.00021577672
0.00021563415
0.00021596291
0.00021504938
0.00021385986
0.0002127965
0.00021187038
0.00021106111
0.00021037625
0.00020983867
0.00020948093
0.00020937831
0.00020958337
0.00021019749
0.0002113767
0.0002132569
0.00021588259
0.00021904227
0.00022223317
0.00022490784
0.00022685633
0.00022808976
0.00022785104
0.00022649058
0.00022546382
0.00022472204
0.00022421444
0.00022389578
0.00022372851
0.00022368272
0.00022373519
0.00022386827
0.00022406869
0.00022431267
0.00021670688
0.00021677706
0.00021688352
0.00021700686
0.00021714458
0.00021729779
0.00021746667
0.00021765144
0.00021785019
0.00021805745
0.00021796838
0.00021768305
0.00021732697
0.00021691326
0.00021649027
0.00021618291
0.0002161561
0.00021618263
0.0002151415
0.0002141403
0.00021322895
0.00021242721
0.0002117376
0.00021117344
0.00021075746
0.00021052519
0.00021053107
0.00021082767
0.00021149507
0.00021263493
0.00021432525
0.00021655972
0.00021915712
0.00022176429
0.00022402334
0.00022576002
0.00022694876
0.00022750543
0.0002265807
0.00022564466
0.00022494501
0.00022444822
0.00022412088
0.00022393323
0.00022386019
0.00022388143
0.00022398084
0.00022414581
0.00022435251
0.00021665357
0.00021674515
0.00021685203
0.0002169682
0.00021709525
0.00021723415
0.00021738401
0.00021754364
0.00021770969
0.0002178754
0.00021779703
0.00021755898
0.00021727644
0.00021696833
0.00021668237
0.00021651218
0.00021656311
0.0002161102
0.00021525481
0.00021441818
0.00021364715
0.00021296671
0.00021239071
0.00021193643
0.00021162735
0.00021149665
0.00021158723
0.00021194538
0.00021263122
0.00021370988
0.00021522085
0.0002171336
0.00021929919
0.00022146719
0.00022339207
0.00022493352
0.00022605168
0.00022677655
0.00022657926
0.00022574188
0.00022509717
0.00022462489
0.00022430155
0.0002241044
0.00022401312
0.00022401037
0.00022408189
0.00022421601
0.00022438913
0.00021662141
0.00021668813
0.00021678313
0.00021689053
0.00021700814
0.00021713565
0.00021727119
0.00021741256
0.00021755543
0.0002176923
0.00021764827
0.00021746013
0.00021724612
0.00021702735
0.00021684661
0.00021677352
0.0002167101
0.00021608935
0.0002153869
0.00021469322
0.0002140498
0.0002134835
0.00021301335
0.00021265888
0.00021244333
0.00021239626
0.00021255254
0.0002129503
0.00021363307
0.00021464104
0.00021598935
0.0002176379
0.00021946686
0.00022129554
0.00022294898
0.0002243155
0.00022535182
0.00022606758
0.00022637962
0.00022577303
0.00022519067
0.0002247523
0.00022444251
0.00022424465
0.00022414273
0.00022412241
0.00022417135
0.00022427903
0.00022442234
0.00021659756
0.00021667003
0.00021676049
0.00021685908
0.00021696544
0.00021707922
0.0002171981
0.00021731941
0.00021743848
0.00021754793
0.00021753805
0.00021739158
0.00021723371
0.00021708542
0.00021698303
0.00021695182
0.00021664496
0.00021611052
0.00021553611
0.0002149668
0.00021443847
0.0002139775
0.00021360475
0.00021334035
0.00021320644
0.00021322875
0.00021343576
0.00021385751
0.00021452448
0.00021545987
0.00021666408
0.00021809527
0.00021965779
0.00022121864
0.00022264941
0.00022386133
0.00022481288
0.0002255023
0.00022595387
0.00022575337
0.00022523658
0.00022483807
0.00022454873
0.00022435697
0.00022425068
0.00022421831
0.00022424946
0.00022433486
0.00022445206
0.00021658665
0.00021664682
0.00021672947
0.00021682063
0.00021691833
0.00021702161
0.00021712772
0.00021723368
0.00021733473
0.00021742386
0.00021744922
0.00021734001
0.00021722941
0.00021713705
0.00021709311
0.00021696926
0.00021660137
0.00021616642
0.00021570073
0.00021524
0.00021481484
0.00021444991
0.00021416591
0.00021398243
0.0002139198
0.00021400007
0.00021424626
0.00021468126
0.00021532559
0.00021619093
0.00021726933
0.00021852099
0.00021986955
0.00022121519
0.00022246139
0.00022353746
0.00022440579
0.00022505864
0.00022550976
0.00022566429
0.00022524465
0.0002248893
0.00022462511
0.00022444457
0.00022433891
0.00022429914
0.00022431671
0.00022438364
0.0002244783
0.00021658296
0.00021664167
0.00021671872
0.00021680208
0.00021689041
0.0002169827
0.00021707609
0.00021716756
0.00021725258
0.00021732481
0.00021736756
0.00021730105
0.00021722877
0.00021717975
0.00021711461
0.00021690077
0.00021660026
0.00021625004
0.00021587792
0.00021551244
0.0002151796
0.00021490168
0.00021469813
0.00021458718
0.00021458698
0.00021471611
0.00021499283
0.00021543405
0.00021605278
0.00021685309
0.0002178226
0.00021892519
0.00022009966
0.00022126968
0.00022236133
0.0002233181
0.000224107
0.00022471761
0.00022515692
0.00022544307
0.00022522323
0.00022491243
0.00022467631
0.00022451067
0.00022440952
0.00022436615
0.00022437377
0.00022442569
0.00022450115
0.00021658777
0.00021664002
0.00021671125
0.00021678809
0.00021686872
0.00021695194
0.00021703488
0.00021711462
0.000217187
0.00021724646
0.00021728592
0.00021726954
0.00021722837
0.00021717828
0.00021706285
0.00021687339
0.00021663227
0.00021635545
0.00021606478
0.00021578337
0.00021553319
0.0002153339
0.00021520314
0.0002151573
0.00021521214
0.000215383
0.00021568404
0.00021612724
0.00021672005
0.00021746155
0.0002183374
0.00021931558
0.0002203467
0.00022137147
0.0002223324
0.00022318413
0.00022389834
0.00022446386
0.00022488352
0.0002251699
0.00022517965
0.00022491326
0.00022470674
0.00022455844
0.00022446467
0.00022442072
0.00022442142
0.00022446138
0.00022452075
0.00021659851
0.00021664749
0.00021671373
0.00021678431
0.00021685756
0.00021693234
0.00021700585
0.00021707545
0.00021713742
0.00021718707
0.0002172186
0.00021722536
0.00021720007
0.00021713619
0.00021702849
0.00021687755
0.00021668937
0.00021647699
0.00021625799
0.00021605126
0.00021587529
0.00021574714
0.00021568235
0.00021569522
0.00021579905
0.00021600619
0.00021632727
0.00021677025
0.00021733847
0.00021802782
0.00021882338
0.00021969714
0.00022060892
0.00022151203
0.00022236123
0.00022312003
0.00022376447
0.00022428376
0.00022467839
0.00022495711
0.00022509774
0.00022489675
0.00022472033
0.00022459083
0.00022450647
0.00022446425
0.00022446051
0.00022449113
0.00022453728
0.00021661465
0.00021665965
0.00021672141
0.00021678661
0.00021685353
0.00021692109
0.00021698665
0.00021704788
0.00021710163
0.00021714403
0.00021717053
0.0002171761
0.00021715565
0.00021710475
0.00021702079
0.00021690569
0.00021676509
0.00021660992
0.0002164546
0.00021631468
0.00021620568
0.00021614216
0.00021613746
0.00021620368
0.00021635174
0.00021659121
0.00021692965
0.00021737175
0.00021791782
0.00021856171
0.00021928872
0.0002200744
0.00022088587
0.0002216859
0.0002224386
0.00022311458
0.00022369389
0.0002241668
0.00022453259
0.00022479756
0.00022497265
0.00022486758
0.0002247209
0.00022461079
0.00022453708
0.00022449821
0.0002244919
0.00022451537
0.00022455088
0.00021663499
0.00021667701
0.00021673486
0.00021679522
0.00021685645
0.00021691761
0.00021697627
0.00021703049
0.00021707767
0.00021711476
0.00021713834
0.00021714483
0.00021713085
0.00021709389
0.00021703304
0.00021695116
0.0002168536
0.0002167497
0.00021665148
0.0002165718
0.00021652363
0.00021651919
0.00021656963
0.00021668489
0.00021687354
0.00021714263
0.000217497
0.00021793869
0.00021846568
0.00021907053
0.00021973912
0.00022045014
0.00022117642
0.00022188804
0.00022255639
0.00022315788
0.0002236762
0.00022410301
0.00022443727
0.00022468377
0.00022485134
0.00022482914
0.00022471129
0.0002246206
0.00022455819
0.00022452379
0.00022451633
0.00022453438
0.00022456162
0.00021665831
0.00021669782
0.00021675239
0.00021680861
0.00021686491
0.00021692051
0.00021697329
0.00021702166
0.00021706361
0.00021709687
0.00021711905
0.00021712784
0.00021712132
0.00021709847
0.00021705971
0.00021700856
0.00021695013
0.00021689256
0.00021684599
0.00021682111
0.00021682867
0.00021687874
0.00021698037
0.00021714137
0.00021736808
0.0002176652
0.0002180352
0.00021847783
0.00021898929
0.00021956129
0.00022018035
0.00022082786
0.00022148118
0.00022211615
0.00022270991
0.00022324371
0.00022370452
0.00022408567
0.00022438634
0.00022461053
0.0002247657
0.00022478572
0.00022469525
0.00022462332
0.00022457216
0.00022454265
0.00022453474
0.00022454843
0.0002245694
0.00021668376
0.00021672143
0.00021677329
0.00021682593
0.00021687789
0.00021692862
0.00021697626
0.00021701966
0.00021705734
0.00021708777
0.0002171095
0.00021712133
0.00021712258
0.0002171135
0.00021709551
0.00021707269
0.00021704994
0.0002170345
0.00021703505
0.00021706048
0.00021711961
0.00021722052
0.00021737029
0.00021757466
0.00021783785
0.00021816238
0.00021854854
0.00021899413
0.00021949383
0.00022003871
0.00022061595
0.00022120913
0.00022179928
0.00022236679
0.00022289357
0.00022336495
0.00022377093
0.00022410663
0.00022437189
0.0002245705
0.00022470906
0.00022473859
0.00022467375
0.00022461957
0.00022457925
0.00022455474
0.00022454689
0.00022455685
0.00022457342
0.00021670917
0.00021674626
0.00021679612
0.00021684574
0.00021689389
0.0002169403
0.00021698343
0.00021702071
0.00021704761
0.00021707042
0.00021708985
0.00021710729
0.00021712494
0.00021713446
0.00021713576
0.00021713893
0.00021714881
0.00021717194
0.00021721586
0.00021728796
0.00021739535
0.00021754433
0.00021774008
0.00021798638
0.00021828542
0.00021863766
0.00021904137
0.00021949255
0.00021998453
0.00022050781
0.00022105009
0.00022159672
0.00022213168
0.00022263913
0.00022310491
0.00022351796
0.00022387114
0.00022416145
0.00022438973
0.00022455995
0.00022467836
0.000224692
0.00022465084
0.00022461304
0.00022458264
0.00022456264
0.00022455462
0.00022456022
0.00022457256
0.00021675334
0.00021678431
0.00021682877
0.00021687196
0.00021691263
0.00021695063
0.00021698484
0.00021701334
0.00021703246
0.00021704967
0.00021706712
0.00021708792
0.00021711616
0.00021714542
0.00021717727
0.00021721055
0.00021724986
0.00021730811
0.00021739192
0.00021750743
0.00021766024
0.00021785503
0.00021809516
0.00021838257
0.00021871746
0.00021909831
0.00021952145
0.00021998114
0.00022046942
0.00022097615
0.00022148932
0.00022199567
0.0002224816
0.00022293439
0.0002233433
0.00022370056
0.00022400174
0.00022424591
0.00022443514
0.00022457396
0.00022464626
0.00022464745
0.00022462724
0.00022460351
0.00022458106
0.00022456398
0.00022455487
0.00022455496
0.00022456056
0.00021932834
0.00021931205
0.00021930148
0.00021928778
0.00021927055
0.00021925004
0.00021922536
0.00021919673
0.00021916455
0.00021912975
0.00021909393
0.00021905949
0.00021902971
0.00021900878
0.00021900156
0.00021900176
0.0002190144
0.00021905254
0.00021912228
0.00021922881
0.00021937646
0.00021956832
0.00021980601
0.00022008947
0.0002204168
0.00022078425
0.00022118591
0.00022161397
0.00022205872
0.00022250888
0.00022295216
0.00022337602
0.00022376862
0.00022411983
0.00022442199
0.0002246705
0.00022486385
0.00022500346
0.00022509318
0.00022513862
0.00022512414
0.00022507874
0.00022501715
0.00022494559
0.00022486959
0.00022479419
0.00022472351
0.00022465885
0.00022458783
0.00031730263
0.00021989015
0.00019313937
0.00018631072
0.0001924344
0.00021481273
0.00025707024
0.00022290804
0.00018932452
0.00015983145
0.00041784156
0.00026334353
0.00023429288
0.00023632419
0.00025772569
0.00030353022
0.00038133389
0.0002206788
0.00015774205
0.00012854591
0.00045412595
0.00029539962
0.0002561688
0.00025377065
0.00027198893
0.00031303268
0.00034814987
0.0002021258
0.00014889561
0.00012371048
0.00045131579
0.00031362103
0.00027275584
0.00026655479
0.00028041499
0.0003129425
0.00029553508
0.00018311783
0.00013958854
0.00011811432
0.00044466496
0.00032541672
0.00028466134
0.00027963842
0.00029315193
0.0003254905
0.00025269269
0.00016708113
0.00013163567
0.00011338806
0.00041436822
0.00031985564
0.00028118496
0.0002821146
0.00030528736
0.00037262813
0.00022068013
0.00015466534
0.00012545623
0.00010990274
0.00040513273
0.0003302066
0.00029004291
0.00028889135
0.0003121649
0.0003623275
0.000197336
0.0001450637
0.00012052245
0.00010736028
0.00040513024
0.00032971684
0.00028539336
0.00027825018
0.0002939149
0.00028320678
0.00017705769
0.00013569265
0.0001153184
0.00010423108
0.00030593003
0.00021601682
0.00014196625
0.00011437605
0.00010138603
9.4702767e-05
9.1264335e-05
8.9627851e-05
8.9008523e-05
8.885914e-05
0.00037858894
0.00031059246
0.00027905287
0.00028629148
0.00034369229
0.00020651677
0.00014706648
0.00012083868
0.00010700638
9.9356527e-05
0.00037097212
0.00031936147
0.00029418714
0.00030803633
0.00032485403
0.00018267641
0.0001370406
0.00011528957
0.00010356419
9.7004535e-05
0.00037097777
0.00031870035
0.0002907611
0.00029346113
0.0002506402
0.00016340223
0.0001280272
0.00011032493
0.00010066048
9.5311383e-05
0.00035235416
0.00030303707
0.0002985817
0.0003401075
0.0002110483
0.000147063
0.00012007022
0.00010596494
9.8127838e-05
9.3791396e-05
0.00032720377
0.00028933436
0.00029650253
0.00033052826
0.00018591681
0.00013706561
0.00011464306
0.00010273258
9.6151126e-05
9.2532413e-05
0.00032720719
0.00030137434
0.00031542609
0.0002660777
0.00016607924
0.00012828382
0.00010981775
9.9911711e-05
9.4521834e-05
9.1744131e-05
0.00032808687
0.00031037366
0.00034280761
0.00021458933
0.00014770671
0.00011955619
0.00010513792
9.7265082e-05
9.2996208e-05
9.0815065e-05
0.00031385642
0.00029982519
0.00034028913
0.00018732888
0.0001361617
0.00011344021
0.00010162364
9.5201361e-05
9.1791257e-05
9.0090851e-05
0.00031386019
0.00030281393
0.00028026315
0.00016691245
0.00012731291
0.00010863436
9.8831993e-05
9.3576483e-05
9.0891985e-05
8.970119e-05
0.00032425511
0.00030710053
0.00022545102
0.00014885958
0.00011886583
0.00010415916
9.6356757e-05
9.2215043e-05
9.0167612e-05
8.9285477e-05
0.00033745991
0.00035125399
0.00019243781
0.00013596683
0.00011258037
0.00010081092
9.4541439e-05
9.1257136e-05
8.9688222e-05
8.9022025e-05
0.0003077838
0.00032283572
0.00017444488
0.00012886076
0.00010895134
9.8825553e-05
9.3469167e-05
9.0722259e-05
8.9472446e-05
8.9013407e-05
0.00030591999
0.00026896846
0.00015948417
0.00012251101
0.00010562994
9.6988661e-05
9.2465136e-05
9.0206614e-05
8.9240312e-05
8.8933911e-05
0.00040830038
0.00033726588
0.00030068032
0.00029802242
0.0003169813
0.00023867423
0.00015935731
0.00012713644
0.0001105293
0.00010117982
0.00031015502
0.00022119409
0.00022576509
0.00024467387
0.00027875623
0.0003436609
0.00046658398
0.00031179904
0.00020990198
0.00015968897
0.00037269689
0.0002404719
0.00021820998
0.0002228029
0.00024464871
0.00028936791
0.00037643532
0.00023799951
0.00016727249
0.00013449935
0.00031015917
0.0002183282
0.00022129247
0.00023003434
0.00024935536
0.00029108168
0.0003533663
0.00025970389
0.00019943959
0.00016236307
0.00031105314
0.00021665663
0.00021257801
0.00022565472
0.00025314069
0.00030588025
0.00039565127
0.00027241126
0.0001891263
0.00014819765
0.00033335812
0.00022347658
0.00021014176
0.00021824353
0.00024141948
0.00028671211
0.00037361913
0.00025423781
0.00017695738
0.00013994326
0.00015493483
0.00011781472
0.00010203805
9.4447831e-05
9.0978693e-05
8.9960577e-05
9.0584984e-05
9.2417478e-05
9.5212632e-05
9.8860179e-05
0.00013133808
0.00012140614
0.00011278829
0.00010684935
0.00010315554
0.00010121136
0.00010064875
0.00010120815
0.00010271227
0.00010506843
0.00034933526
0.00018229485
0.00012894917
0.00010804715
9.809605e-05
9.3010148e-05
9.0463139e-05
8.9326764e-05
8.8976897e-05
8.8938816e-05
0.00035730285
0.00016624176
0.00012268393
0.00010497096
9.6523713e-05
9.2229204e-05
9.0111058e-05
8.91981e-05
8.8947717e-05
8.892716e-05
0.00030388936
0.00015623095
0.00011917349
0.0001035379
9.6004342e-05
9.2140122e-05
9.0224787e-05
8.939709e-05
8.9170184e-05
8.9149379e-05
0.0002645988
0.00014570932
0.00011521239
0.00010193145
9.5433527e-05
9.2041827e-05
9.0336872e-05
8.958796e-05
8.9363823e-05
8.927792e-05
0.000236757
0.0001378496
0.00011194028
0.00010046206
9.482452e-05
9.185524e-05
9.0357946e-05
8.9711322e-05
8.9542016e-05
8.9496369e-05
0.00021557468
0.00013122135
0.0001090446
9.9045006e-05
9.4122631e-05
9.1518998e-05
9.0213952e-05
8.9674383e-05
8.9568134e-05
8.95373e-05
0.00019885755
0.00012562931
0.0001064659
9.7692183e-05
9.3369754e-05
9.1082371e-05
8.9947804e-05
8.9504685e-05
8.945612e-05
8.9458486e-05
0.000185238
0.00012080661
0.00010412839
9.6383836e-05
9.2568787e-05
9.0560445e-05
8.9583601e-05
8.9229601e-05
8.9202323e-05
8.9104195e-05
0.000173764
0.0001165243
0.00010193216
9.5072863e-05
9.1701155e-05
8.9955633e-05
8.9149918e-05
8.8933008e-05
8.9045317e-05
8.9145884e-05
0.00016390402
0.00011270601
9.9882851e-05
9.3789892e-05
9.0800612e-05
8.9289245e-05
8.8635621e-05
8.8527778e-05
8.8714816e-05
8.884499e-05
0.00015515614
0.00010916965
9.7872899e-05
9.2468215e-05
8.9829441e-05
8.8549864e-05
8.8062271e-05
8.8087174e-05
8.838076e-05
8.8586501e-05
0.0001473624
0.0001059691
9.5994297e-05
9.1205642e-05
8.8879053e-05
8.7815761e-05
8.7494615e-05
8.7667435e-05
8.8108871e-05
8.8458798e-05
0.00014016235
0.00010288307
9.4057876e-05
8.9835594e-05
8.7801083e-05
8.6948556e-05
8.6793862e-05
8.7108843e-05
8.7683454e-05
8.818128e-05
0.00013344381
9.9974358e-05
9.2174199e-05
8.8498286e-05
8.6763855e-05
8.6144786e-05
8.6191478e-05
8.6681543e-05
8.738391e-05
8.7862486e-05
0.00012706707
9.7184434e-05
9.0304616e-05
8.716522e-05
8.5748766e-05
8.5394893e-05
8.5698051e-05
8.6458461e-05
8.7485975e-05
8.8428113e-05
0.00012090114
9.4464069e-05
8.8411513e-05
8.5801009e-05
8.4726488e-05
8.4667861e-05
8.5260042e-05
8.6298666e-05
8.756268e-05
8.860625e-05
0.00011466967
9.1639648e-05
8.6368556e-05
8.4325526e-05
8.3681707e-05
8.4022399e-05
8.5028608e-05
8.6502137e-05
8.8233262e-05
8.9787747e-05
0.00010820965
8.8754799e-05
8.4352449e-05
8.301099e-05
8.2970222e-05
8.3876333e-05
8.5451463e-05
8.7497258e-05
8.9800844e-05
9.1944475e-05
0.00010171019
8.6204811e-05
8.288897e-05
8.242876e-05
8.3182556e-05
8.484751e-05
8.720303e-05
9.0058236e-05
9.3154973e-05
9.5904684e-05
9.5396298e-05
8.4277415e-05
8.2289085e-05
8.2919924e-05
8.4789787e-05
8.7663907e-05
9.1389496e-05
9.5803053e-05
0.00010066445
0.00010549073
8.8390444e-05
8.2335918e-05
8.270814e-05
8.5799442e-05
9.053714e-05
9.6693199e-05
0.00010408295
0.00011214262
0.00011768036
0.00012035832
8.3130847e-05
8.7517789e-05
9.7481519e-05
0.00010470514
0.00010657299
0.00010849086
0.00011089173
0.00011390063
0.00011744289
0.00012117372
7.9927325e-05
7.3837945e-05
6.8996754e-05
6.7084052e-05
6.714753e-05
6.85515e-05
7.0940571e-05
7.41012e-05
7.7882689e-05
8.2163305e-05
0.00010306742
7.4908854e-05
6.5877749e-05
6.27047e-05
6.2195442e-05
6.3212226e-05
6.5255015e-05
6.8075327e-05
7.1537509e-05
7.5584657e-05
6.4901764e-05
9.134805e-05
0.00011215889
0.00013469072
0.00016736215
0.0002190238
0.000237672
0.00025808342
0.0002462948
9.276101e-05
9.759555e-05
0.0001030553
0.00011460543
0.00013350761
0.00016350859
0.00019661512
0.00024134515
0.00030699458
0.00012156316
0.00011752165
0.00011299052
0.00010954871
0.00010708895
0.00010553685
0.00010482806
0.00010489752
0.00010568469
0.00010712152
0.00011637785
0.00011387297
0.00011120651
0.00010925261
0.00010780104
0.00010687081
0.00010646656
0.00010658106
0.00010719827
0.00010825135
0.00011344596
0.00011127152
0.00010964059
0.00010853666
0.00010767055
0.00010713547
0.00010694965
0.00010710521
0.00010756495
0.00010820324
0.00011166878
0.00010920379
0.00010816266
0.00010756016
0.00010704511
0.00010675815
0.00010670377
0.00010685978
0.00010714218
0.00010732859
0.00011057005
0.00010757886
0.00010691803
0.00010663889
0.00010637368
0.00010630226
0.00010641653
0.00010671081
0.0001071371
0.00010756786
0.00010994809
0.00010634132
0.00010594782
0.00010587464
0.00010577223
0.00010584751
0.00010607073
0.00010643546
0.00010687196
0.00010726039
0.00010963148
0.0001053136
0.00010508716
0.00010512395
0.00010510702
0.00010525172
0.00010550103
0.00010584221
0.00010616856
0.00010629572
0.00010953043
0.00010446184
0.00010434886
0.00010444591
0.00010448155
0.00010467033
0.00010493541
0.0001052718
0.00010556656
0.00010566202
0.00010951492
0.0001037037
0.00010373761
0.00010388288
0.00010397348
0.00010421593
0.00010452147
0.00010489941
0.00010523907
0.00010541181
0.00010956927
0.00010306626
0.0001033165
0.00010349341
0.00010362194
0.00010389406
0.00010421193
0.0001045934
0.00010491279
0.00010503249
0.0001098029
0.00010254444
0.00010287839
0.00010306241
0.00010321466
0.00010350077
0.00010381409
0.00010417632
0.00010444244
0.00010445441
0.00011012251
0.00010214292
0.00010256727
0.00010275404
0.00010292711
0.00010322586
0.00010354452
0.00010391862
0.00010420543
0.0001043004
0.00011054958
0.00010173161
0.00010219071
0.00010245706
0.00010264846
0.00010295538
0.0001032738
0.00010364439
0.00010390569
0.00010391867
0.00011104271
0.00010136676
0.00010185743
0.00010223041
0.00010243462
0.00010274088
0.0001030505
0.00010340945
0.00010364836
0.00010364992
0.00011161167
0.00010109486
0.00010153075
0.00010197267
0.0001022213
0.00010252071
0.00010281896
0.00010316641
0.00010338672
0.00010337452
0.00011223718
0.00010090308
0.00010119941
0.00010168636
0.00010202982
0.00010232382
0.00010261378
0.00010295078
0.00010315196
0.00010311622
0.0001128983
0.00010074211
0.00010088864
0.0001014217
0.0001018816
0.00010218737
0.00010246689
0.00010279012
0.00010296892
0.00010289117
0.00011361522
0.00010063888
0.00010062887
0.00010108905
0.00010164469
0.00010204236
0.0001023111
0.00010262411
0.00010279622
0.00010272699
0.00011437612
0.000100585
0.00010041938
0.00010081286
0.00010137869
0.00010182682
0.00010211702
0.00010241001
0.00010255402
0.00010245243
0.00011517413
0.00010062605
0.00010033457
0.00010069148
0.00010124416
0.00010167301
0.00010196412
0.00010225855
0.0001023952
0.00010227665
0.0001159281
0.00010053187
0.00010005401
0.0001003504
0.00010088219
0.00010139905
0.00010187151
0.00010222889
0.00010234107
0.00010222982
0.0001168199
0.00010063658
0.00010000035
0.0001002387
0.00010073386
0.0001011975
0.00010162292
0.00010194315
0.00010202362
0.0001018647
0.00011766198
0.00010068623
9.9893333e-05
0.00010009517
0.00010058088
0.00010102119
0.00010148088
0.00010183902
0.00010191698
0.00010176656
0.00011853277
0.00010076997
9.9814733e-05
9.9976719e-05
0.00010044996
0.00010086565
0.0001013071
0.00010169226
0.00010179418
0.00010157282
0.00011940881
0.00010084622
9.9716021e-05
9.9836454e-05
0.000100298
0.00010069172
0.00010111759
0.00010154909
0.00010174244
0.000101605
0.00012031924
0.00010093475
9.9613511e-05
9.9682278e-05
0.00010012308
0.0001004875
0.00010089161
0.00010129777
0.00010153807
0.0001014552
0.00012127904
0.00010109618
9.9597746e-05
9.9624633e-05
0.0001000493
0.00010038712
0.0001007697
0.00010114675
0.00010135383
0.00010127886
0.00012222287
0.00010123423
9.9552636e-05
9.9544292e-05
9.9964143e-05
0.00010029008
0.00010066771
0.00010103559
0.00010123862
0.00010120767
0.00012319083
0.00010136796
9.9484223e-05
9.9426683e-05
9.9829918e-05
0.00010013435
0.0001004968
0.00010084381
0.00010102714
0.00010097207
0.0001242097
0.00010158178
9.9515065e-05
9.9417951e-05
9.9806845e-05
0.00010008861
0.00010043175
0.0001007514
0.00010090418
0.00010077736
0.00012519457
0.00010176922
9.9521649e-05
9.9397914e-05
9.9791122e-05
0.00010007258
0.00010042167
0.00010074448
0.00010090928
0.00010083401
0.00012617881
0.00010191379
9.945597e-05
9.9287714e-05
9.9673789e-05
9.9947813e-05
0.00010029661
0.00010061419
0.00010077539
0.0001006797
0.00012723175
0.0001021229
9.9457158e-05
9.9236189e-05
9.9600343e-05
9.9849004e-05
0.00010017634
0.00010046594
0.00010060118
0.00010047075
0.00012829483
0.00010240312
9.9564507e-05
9.9321458e-05
9.9690156e-05
9.9937706e-05
0.00010026723
0.00010055409
0.00010069076
0.00010057825
0.00012926446
0.00010252076
9.9467339e-05
9.9183037e-05
9.9552299e-05
9.9803512e-05
0.00010014261
0.00010043329
0.00010057262
0.00010044241
0.00013036089
0.00010280393
9.9557406e-05
9.9230709e-05
9.9586722e-05
9.982202e-05
0.00010014957
0.00010042547
0.00010055745
0.00010042866
0.00013137341
0.00010300232
9.9562571e-05
9.9208522e-05
9.9574337e-05
9.9820385e-05
0.00010016381
0.00010045159
0.00010059826
0.00010049961
0.00013240847
0.00010319261
9.9540971e-05
9.9139964e-05
9.9497337e-05
9.9737414e-05
0.00010007968
0.0001003612
0.00010050314
0.00010035735
0.0001334849
0.00010346029
9.9619993e-05
9.9184325e-05
9.9538446e-05
9.9773819e-05
0.00010011439
0.00010038916
0.00010052732
0.00010040192
0.00013448744
0.00010365094
9.9623841e-05
9.9157987e-05
9.9517327e-05
9.9759083e-05
0.00010010941
0.00010038902
0.00010053541
0.00010041309
0.00013550394
0.000103908
9.9721539e-05
9.9237986e-05
9.9607976e-05
9.985753e-05
0.00010021794
0.00010050167
0.00010065445
0.00010053377
0.00013640126
0.0001040518
9.9711239e-05
9.9214472e-05
9.96025e-05
9.986903e-05
0.00010024816
0.00010054235
0.00010067994
0.00010054528
0.00013729458
0.00010426449
9.9815078e-05
9.9321343e-05
9.9706199e-05
9.9882454e-05
0.00010014576
0.00010036465
0.0001004941
0.00010039493
0.00013801124
0.0001043914
9.9895019e-05
9.9275428e-05
9.9477543e-05
9.9611992e-05
9.9923611e-05
0.00010019402
0.00010038406
0.00010031389
0.00013846956
0.00010427487
9.9426034e-05
9.8676459e-05
9.891603e-05
9.9100574e-05
9.9473445e-05
9.9803329e-05
0.00010005232
0.00010004809
0.00013675999
0.00010292961
9.8213019e-05
9.7578006e-05
9.7945276e-05
9.828223e-05
9.8818789e-05
9.9309907e-05
9.9721222e-05
9.9867447e-05
0.00013216724
0.0001006858
9.6497352e-05
9.6193016e-05
9.683366e-05
9.7439609e-05
9.823081e-05
9.8952104e-05
9.9569246e-05
9.9865723e-05
0.00012201995
9.6603524e-05
9.3591529e-05
9.3850694e-05
9.4868844e-05
9.585668e-05
9.6978889e-05
9.7982131e-05
9.8843498e-05
9.9353607e-05
0.00010396126
3.2751603e-05
3.0769464e-05
2.9727635e-05
2.9569088e-05
3.0243784e-05
3.1704245e-05
3.3863125e-05
3.6625859e-05
3.9940446e-05
5.7905602e-05
6.3286477e-05
6.6861511e-05
7.1335557e-05
7.7308585e-05
8.4860338e-05
9.3593208e-05
0.00010292422
0.00011174846
2.4558732e-05
2.9454582e-05
3.3578369e-05
3.7902349e-05
4.2545812e-05
4.7548363e-05
5.2855338e-05
5.8426734e-05
6.421091e-05
1.9882988e-05
2.6773478e-05
3.2887574e-05
3.8960256e-05
4.508527e-05
5.1426036e-05
5.7943425e-05
6.4683319e-05
7.160218e-05
2.0575656e-05
3.1181797e-05
4.1700023e-05
5.2403968e-05
6.3120376e-05
7.399694e-05
8.4849156e-05
9.5695477e-05
0.00010632786
6.8517662e-05
9.1325125e-05
9.1582875e-05
0.00012313992
5.8615131e-05
4.980568e-05
7.7750133e-05
6.5240426e-05
6.5843764e-05
0.00016335783
5.4591998e-05
4.518627e-05
6.6725387e-05
6.8801075e-05
8.0796149e-05
6.3317637e-05
8.0513602e-05
8.5461996e-05
0.00021672628
2.8331538e-05
0.00022682469
0.00021325943
6.3130513e-05
5.817836e-05
9.5920349e-05
6.882079e-05
7.8473824e-05
7.0201531e-05
7.0029977e-05
7.792186e-05
6.9597225e-05
0.00010149156
8.1502025e-05
7.9489183e-05
0.00011531559
6.8228633e-05
5.9336246e-05
8.3045619e-05
7.7866873e-05
7.3077346e-05
7.3139144e-05
7.7314981e-05
8.5577234e-05
0.00022741089
6.8058029e-05
6.8564625e-05
0.00029291509
6.0959439e-05
6.9222903e-05
7.4126523e-05
9.6099773e-05
7.612295e-05
7.2730923e-05
6.3581283e-05
8.035013e-05
7.4032216e-05
7.7771574e-05
5.3378573e-05
4.8905557e-05
5.8507979e-05
6.0042855e-05
5.8719987e-05
5.7761519e-05
0.00010127833
7.8469952e-05
8.0995183e-05
6.0246044e-05
5.8288281e-05
8.1290391e-05
9.0604709e-05
6.3735517e-05
7.9354687e-05
0.00011333348
6.092097e-05
5.7931363e-05
7.7353545e-05
0.00010119949
6.7162111e-05
7.6017479e-05
6.7104846e-05
7.9243892e-05
7.0316486e-05
6.9786837e-05
0.000105514
7.2897879e-05
6.1976869e-05
6.2817988e-05
0.00010691414
8.6381804e-05
7.3188585e-05
7.4246435e-05
6.2659028e-05
6.0589321e-05
9.3567389e-05
0.00010091809
5.9183948e-05
5.6235867e-05
0.0001512871
0.00011876143
8.9809027e-05
2.96875e-05
5.7561745e-05
5.9423556e-05
5.823686e-05
6.1845409e-05
7.1704851e-05
7.3067113e-05
0.00019949735
8.8249325e-05
0.00022209733
0.00010263183
6.0605981e-05
6.288663e-05
5.7691057e-05
5.9499837e-05
6.6985964e-05
5.9121372e-05
6.5093715e-05
9.772792e-05
5.4650207e-05
5.9508792e-05
9.9074761e-05
8.252319e-05
5.0885909e-05
5.8893227e-05
6.0643607e-05
6.1371669e-05
0.00029520408
0.0002149883
5.7419292e-05
5.8739688e-05
7.4343764e-05
5.8278755e-05
6.6801318e-05
5.8554109e-05
6.4276113e-05
6.5457816e-05
8.2339348e-05
8.9465595e-05
3.6770361e-05
8.0362131e-05
6.0014664e-05
5.4766011e-05
5.6399203e-05
6.0613591e-05
6.0366183e-05
5.0722494e-05
5.2572708e-05
6.5362076e-05
7.3329363e-05
3.8280749e-05
5.7353313e-05
5.9637724e-05
0.00010485133
8.6620723e-05
0.00022741089
5.7908273e-05
4.7517418e-05
6.7908262e-05
6.2734937e-05
8.5407558e-05
7.9451e-05
0.0001073427
8.4200517e-05
7.1535746e-05
6.2964502e-05
5.5730583e-05
5.0690989e-05
6.564133e-05
8.9813211e-05
6.1729171e-05
6.4551764e-05
0.00019146862
6.4610833e-05
7.1432942e-05
6.1890259e-05
6.5108457e-05
0.00020412744
6.0431432e-05
6.2354435e-05
0.00017454867
0.00011974958
0.00023963023
5.5408748e-05
4.9505416e-05
5.1694481e-05
4.9908104e-05
7.4375783e-05
6.6883598e-05
9.0371366e-05
5.1703013e-05
5.8230897e-05
0.00021346128
6.2169179e-05
5.2219333e-05
6.71676e-05
5.6016038e-05
7.3864213e-05
6.9576668e-05
6.7443669e-05
6.3729835e-05
0.00020684876
0.00020009457
0.0002178026
0.0002001779
0.00021201442
8.9940899e-05
6.078497e-05
6.5416476e-05
0.00011978985
9.4645028e-05
6.2739547e-05
6.766751e-05
9.5767424e-05
6.2914371e-05
5.8177609e-05
8.9605983e-05
0.00038492111
6.5187086e-05
7.7366404e-05
7.1859996e-05
8.7209689e-05
8.2451309e-05
7.3874376e-05
0.0001257557
0.00013507894
0.00010344127
6.2158212e-05
7.2587252e-05
6.1552503e-05
6.5302304e-05
5.8346018e-05
5.6201913e-05
6.7927791e-05
6.6472244e-05
9.2306195e-05
8.2045023e-05
6.6209206e-05
7.304085e-05
5.984223e-05
6.2985846e-05
0.00021201442
0.00020450593
0.00011946136
9.7345591e-05
8.750787e-05
7.1195335e-05
8.0425272e-05
0.00013718233
6.1791566e-05
6.4496301e-05
5.9990061e-05
6.4062745e-05
5.5679503e-05
5.3891433e-05
0.00020206344
0.00020521186
9.6401359e-05
7.0998319e-05
6.0208363e-05
5.6239192e-05
5.2651744e-05
0.00023808036
0.00021325943
7.0101679e-05
7.4549928e-05
6.0288895e-05
6.3234167e-05
5.8820308e-05
6.0387431e-05
6.9654909e-05
8.1140883e-05
4.7792868e-05
5.9753756e-05
5.5313355e-05
6.9034582e-05
7.8341518e-05
7.6348438e-05
0.00010258624
9.3896185e-05
8.7961141e-05
8.6280848e-05
5.856212e-05
6.1580203e-05
6.6274546e-05
7.7037818e-05
0.00020037154
0.00020800301
6.3759384e-05
6.6946881e-05
0.00020684876
0.00020009457
6.6568062e-05
5.9467751e-05
4.9782794e-05
4.7965188e-05
0.00019827228
0.00012192697
0.00026995625
5.8087978e-05
6.6532158e-05
6.598852e-05
5.9774779e-05
7.9973732e-05
7.3610483e-05
5.9328852e-05
5.6210989e-05
7.0664258e-05
5.8029464e-05
9.1710246e-05
7.9792606e-05
6.7540839e-05
6.0652666e-05
7.1065345e-05
6.659077e-05
5.696527e-05
5.9775626e-05
6.0634378e-05
7.008373e-05
0.00013203311
9.4403862e-05
8.0014475e-05
6.0469107e-05
6.2950734e-05
8.9928143e-05
5.7971283e-05
4.7334621e-05
5.0210356e-05
6.0844447e-05
5.1752735e-05
7.2959464e-05
6.318749e-05
6.1039579e-05
0.0001002472
9.3759487e-05
6.6674924e-05
6.3144482e-05
6.4408232e-05
6.3105507e-05
5.3918217e-05
5.9774662e-05
6.3314425e-05
7.4081509e-05
6.1144848e-05
6.3739512e-05
5.884704e-05
6.0937027e-05
7.013143e-05
5.1080954e-05
8.8550003e-05
7.8413761e-05
0.00011455679
9.4178339e-05
0.00020684876
0.00020009457
6.1215983e-05
6.1627137e-05
6.4682848e-05
7.367521e-05
5.8337056e-05
6.4001934e-05
4.901344e-05
5.8175762e-05
0.00020608753
0.00020232345
6.1191064e-05
5.9613015e-05
9.7985156e-05
8.7516035e-05
0.00018416464
0.00023802104
9.824394e-05
8.8650082e-05
0.00019146862
5.3593864e-05
6.0046067e-05
5.5921518e-05
6.6298602e-05
0.00020833099
0.00019782307
0.0002307616
8.283289e-05
8.7960308e-05
5.5172998e-05
5.914114e-05
5.6262007e-05
6.8261506e-05
0.00019245223
0.00021261996
7.9106629e-05
9.5473438e-05
0.00019827228
0.00020824351
0.00021503976
6.7941496e-05
7.3437089e-05
6.9363838e-05
7.4415834e-05
8.1758632e-05
9.1616898e-05
0.00019245223
0.00021088823
6.4314867e-05
6.0000323e-05
6.1572707e-05
6.390482e-05
9.8343139e-05
8.4918306e-05
0.00030237247
0.00021439065
8.0245659e-05
8.5002433e-05
6.0204095e-05
4.9972129e-05
6.6172059e-05
6.0582434e-05
0.0001008135
8.4080298e-05
7.3025879e-05
8.3424282e-05
6.0089665e-05
6.1016606e-05
5.5018421e-05
5.1329199e-05
0.00011318178
0.00015004991
7.0293748e-05
6.7596325e-05
7.0735069e-05
5.1378502e-05
6.5637306e-05
6.4609493e-05
5.7081924e-05
4.8840481e-05
6.9469926e-05
5.7546392e-05
9.101792e-05
7.9332992e-05
7.5055782e-05
7.4015568e-05
7.100687e-05
0.00011663318
7.8690431e-05
7.0300482e-05
0.00022741089
7.6068271e-05
7.2607202e-05
7.9398624e-05
6.7640985e-05
7.4246782e-05
0.00023802104
5.5246919e-05
6.7949707e-05
0.00018416464
6.6505576e-05
6.8840598e-05
6.4672669e-05
6.8020664e-05
5.7599546e-05
8.4983779e-05
6.5366898e-05
6.3065323e-05
0.00012477947
0.00017524721
5.1940016e-05
6.1289481e-05
8.1655403e-05
7.9220546e-05
6.1366611e-05
6.2788042e-05
6.2271099e-05
6.9269753e-05
7.0230736e-05
0.00014697811
6.1931683e-05
6.2461288e-05
7.2795769e-05
7.5060214e-05
7.861957e-05
6.3269143e-05
5.3471936e-05
8.6703117e-05
6.0430046e-05
6.2398009e-05
0.00011510813
9.4602551e-05
0.00013241263
0.00020236343
0.00021503976
8.3151295e-05
7.7025781e-05
6.7345274e-05
7.1439169e-05
0.00018712519
0.0002185479
0.0001004279
9.6076375e-05
7.7219211e-05
7.1250502e-05
0.0001885733
0.00023217489
6.2786917e-05
5.8258564e-05
8.5499273e-05
7.3458577e-05
0.0002067339
0.00019988416
7.5333151e-05
7.4712861e-05
6.1313126e-05
5.0366467e-05
6.1310658e-05
6.0846027e-05
6.0852226e-05
6.4312231e-05
6.0365162e-05
6.5961021e-05
8.4206109e-05
8.3502606e-05
0.00010158058
6.8028462e-05
6.3367371e-05
9.0770772e-05
0.00010350284
8.5685237e-05
7.8773892e-05
9.0326048e-05
0.000126629
0.0001003931
8.3494627e-05
6.2207488e-05
6.412099e-05
8.8779595e-05
8.2888991e-05
7.8466305e-05
0.00020980475
0.00020120834
0.00020980475
0.00020138696
6.2764707e-05
6.95453e-05
0.00021086236
0.00020082262
0.00021086236
0.00020120834
0.00020882315
0.00020036532
0.00020882315
0.00020036532
6.5272781e-05
6.1602363e-05
5.4802816e-05
6.5907617e-05
0.00020045167
0.00020800301
0.00020082262
0.00021086236
8.0370245e-05
0.00010408401
0.00020412744
8.7907144e-05
8.972509e-05
8.6829232e-05
9.0554951e-05
6.0726507e-05
5.0996201e-05
0.00020096957
0.00011160377
0.00012468947
6.145301e-05
5.8194e-05
6.5346685e-05
6.7531006e-05
5.1159528e-05
5.9714404e-05
0.00013770122
6.3721438e-05
5.4155003e-05
5.6960514e-05
5.4715809e-05
8.3722897e-05
5.4827875e-05
6.5991321e-05
7.0226689e-05
4.3992129e-05
6.1432444e-05
5.6329695e-05
6.4945242e-05
6.9378328e-05
7.267596e-05
7.1940109e-05
0.00019949735
7.7111311e-05
7.4226804e-05
0.00011250116
0.00016436261
5.7515204e-05
6.7100951e-05
7.5406456e-05
7.4921896e-05
0.00010017331
6.1341397e-05
7.5866675e-05
7.2289031e-05
0.00029291509
0.00013529343
7.4396304e-05
0.00010392235
0.00021672628
6.5799477e-05
6.8214853e-05
7.3022088e-05
6.0630653e-05
5.3210978e-05
0.00010485509
6.4567501e-05
8.5768227e-05
6.5771376e-05
5.9953237e-05
5.567821e-05
5.9106884e-05
9.6130741e-05
7.0415765e-05
9.6762511e-05
7.7070974e-05
0.00019827228
0.00012180115
8.5653759e-05
8.7553256e-05
0.00023808036
0.00021325943
2.384856e-05
0.0001071381
7.3832349e-05
8.5070433e-05
6.9793678e-05
0.00022209733
4.0939621e-05
0.00038492111
0.0002178026
7.8723113e-05
6.3675624e-05
3.2640144e-05
0.00018712519
0.0002185479
6.1196661e-05
7.4675502e-05
9.3075942e-05
5.0579467e-05
0.00020528627
0.00019988416
6.4449274e-05
2.004518e-05
0.0002178026
2.999552e-05
7.6758248e-05
2.1375588e-05
9.081847e-05
7.1907862e-05
9.9008062e-05
8.1722042e-05
0.00038492111
0.00020824351
0.00021469775
0.00017121884
0.00016795316
0.00016421459
4.4296189e-05
9.2447623e-06
0.00020037154
0.00020726739
3.7997675e-05
0.00020450593
0.0002134121
4.0376719e-05
6.0590354e-05
1.5024108e-05
5.1718504e-05
4.8485086e-05
5.4593183e-05
4.754577e-05
5.1143864e-05
5.9149541e-05
7.2760111e-05
5.5435662e-05
4.2117975e-05
5.8849617e-05
6.3355912e-05
9.9462188e-05
8.2547689e-05
7.0564994e-05
4.8762168e-05
4.5528052e-05
5.7614247e-05
4.9356383e-05
5.5307854e-05
5.5257955e-05
5.5595518e-05
4.8937242e-05
5.8320189e-05
5.5405142e-05
5.9302589e-05
0.00020956343
0.00021419404
6.5941261e-05
5.0980311e-05
5.6230961e-05
5.2573134e-05
5.4548747e-05
5.6418276e-05
0.00020037154
0.00020726739
0.00020009457
0.00020726739
6.0158962e-05
5.5382117e-05
6.0339933e-05
5.1485935e-05
5.8015094e-05
5.254139e-05
0.0002134121
0.00020272357
4.5547488e-05
6.7217252e-05
5.186398e-05
5.734903e-05
0.00020206344
0.00020521186
8.7196768e-05
4.0832174e-05
4.2195247e-05
4.697217e-05
4.4651176e-05
6.7699669e-05
5.8173855e-05
7.2151949e-05
9.4056719e-05
0.0002134121
0.00020272357
5.0518491e-05
4.5702997e-05
0.00020206344
0.00020521186
0.00020608753
0.00020232345
0.00020232345
0.00020608753
0.00019782307
0.00020833099
0.00019782307
0.00020833099
3.2515123e-05
4.1215016e-05
0.00018712519
0.00021088823
5.9048311e-05
4.9877571e-05
5.703929e-05
5.2254998e-05
4.0804615e-05
4.2769364e-05
0.00019245223
0.00021088823
5.5398282e-05
0.00019988416
0.0002067339
5.4081903e-05
3.5438352e-05
3.262509e-05
0.00020956343
0.00021469775
6.1327388e-05
5.5385129e-05
0.00018495966
0.00022810748
4.6523607e-05
4.3023646e-05
5.2883265e-05
5.6784494e-05
4.7180367e-05
4.8082067e-05
3.7825501e-05
4.1013434e-05
7.9506295e-05
3.482868e-05
3.8545164e-05
5.7097064e-05
9.057878e-05
3.4025304e-05
3.6266288e-05
3.9724245e-05
3.8677004e-05
0.00018495966
0.00022810748
4.3489169e-05
4.3163841e-05
3.3840496e-05
3.3827665e-05
4.6342227e-05
4.7662303e-05
4.4475008e-05
4.7351109e-05
4.136676e-05
4.2436561e-05
4.097395e-05
4.3145969e-05
3.2727974e-05
4.3357419e-05
4.2424813e-05
4.2778833e-05
2.1003906e-05
3.5903351e-05
3.9519832e-05
3.9330518e-05
4.2899375e-05
4.0954572e-05
5.175169e-05
3.8022206e-05
4.1391023e-05
3.471895e-05
3.7225334e-05
5.7612882e-05
4.684824e-05
5.6293721e-05
4.9275899e-05
4.4510335e-05
0.00021346128
3.683549e-05
4.594106e-05
3.5676521e-05
4.709921e-05
0.0002307616
3.8254532e-05
3.8171212e-05
5.1043515e-05
4.6276523e-05
0.00019146862
3.3993336e-05
4.3213377e-05
6.4068668e-05
5.1394003e-05
0.00020236343
0.00021503976
6.1850903e-05
5.0606684e-05
3.4568839e-05
3.8349577e-05
2.8680345e-05
5.567219e-05
5.5441546e-05
4.6726925e-05
5.0908277e-05
6.5279222e-05
5.540195e-05
0.00020956343
0.00021469775
5.1953054e-05
5.559197e-05
1.4182812e-05
3.9155235e-05
4.2682597e-05
5.2986605e-05
5.5924319e-05
5.0409028e-05
5.6154606e-05
5.5301429e-05
5.7589244e-05
0.00020980475
0.00020120834
0.00020882315
0.00020036532
0.00020082262
0.00021086236
0.00020045167
0.00020800301
0.00021201442
0.0002001779
0.00018495966
0.0002185479
0.00018416464
0.00023802104
3.6804459e-05
4.3830347e-05
4.4076567e-05
4.984529e-05
0.00021439065
0.00023808036
7.6539404e-05
5.0000307e-05
3.3252952e-05
3.673054e-05
4.0804682e-05
3.553789e-05
3.7092459e-05
4.2424852e-05
6.4450383e-05
9.5102188e-05
5.4961789e-05
5.7859996e-05
5.5173693e-05
4.810944e-05
5.4144845e-05
4.0850017e-05
4.6178675e-05
7.3200263e-05
5.0752418e-05
4.6698908e-05
8.0097486e-05
)
;

boundaryField
{
    oversetFaces
    {
        type            overset;
        coupledFringe   false;
        conservativeCorrection false;
        setHoleCellValue false;
        holeCellValue   0;
        value           nonuniform 0();
    }
    back
    {
        type            empty;
    }
    out
    {
        type            zeroGradient;
    }
    bottom
    {
        type            zeroGradient;
    }
    in
    {
        type            zeroGradient;
    }
    top
    {
        type            zeroGradient;
    }
    front
    {
        type            empty;
    }
    wall
    {
        type            zeroGradient;
    }
    cylinder
    {
        type            zeroGradient;
    }
    defaultFaces
    {
        type            zeroGradient;
    }
}


// ************************************************************************* //
