/*--------------------------------*- C++ -*----------------------------------*\
| =========                 |                                                 |
| \\      /  F ield         | foam-extend: Open Source CFD                    |
|  \\    /   O peration     | Version:     4.1                                |
|   \\  /    A nd           | Web:         http://www.foam-extend.org         |
|    \\/     M anipulation  |                                                 |
\*---------------------------------------------------------------------------*/
FoamFile
{
    version     2.0;
    format      ascii;
    class       volScalarField;
    location    "1.2";
    object      rAU;
}
// * * * * * * * * * * * * * * * * * * * * * * * * * * * * * * * * * * * * * //

dimensions      [0 0 1 0 0 0 0];

internalField   nonuniform List<scalar> 
4393
(
0.00022766125
0.00022728903
0.00022692456
0.00022655224
0.00022616997
0.00022577633
0.00022536892
0.00022494654
0.0002245083
0.00022405397
0.00022358408
0.0002231001
0.00022260444
0.00022210059
0.00022159286
0.00022108735
0.00022058981
0.00022010724
0.0002196473
0.0002192176
0.00021882597
0.00021848016
0.0002181878
0.00021795615
0.00021779198
0.0002177013
0.00021768884
0.00021768884
0.00021775793
0.00021790973
0.00021814244
0.00021845107
0.0002188274
0.0002192604
0.00021973676
0.00022024192
0.00022076101
0.00022127981
0.00022178546
0.00022226692
0.00022271517
0.00022312326
0.00022348608
0.00022380017
0.00022406341
0.00022427479
0.00022443436
0.00022454264
0.00022458497
0.00022452954
0.00022421059
0.00022390657
0.00022359352
0.00022326867
0.00022293037
0.00022257637
0.00022220579
0.00022181816
0.00022141381
0.00022099394
0.00022056076
0.00022011758
0.00021966881
0.00021921969
0.00021877722
0.00021834797
0.00021793956
0.00021756012
0.00021721757
0.00021691985
0.00021667477
0.00021648984
0.00021637218
0.00021632821
0.00021636341
0.000216453
0.00021642564
0.0002164661
0.00021659055
0.00021680052
0.00021709449
0.00021746731
0.00021791021
0.00021841119
0.00021895594
0.00021952895
0.00022011466
0.00022069847
0.00022126741
0.00022181055
0.00022231916
0.00022278661
0.00022320813
0.00022358046
0.00022390143
0.00022417016
0.00022438811
0.0002245425
0.00022402614
0.00022371891
0.00022342022
0.00022311003
0.00022278558
0.00022244537
0.00022208735
0.00022171093
0.00022131603
0.0002209035
0.00022047516
0.00022003398
0.00021958415
0.00021913103
0.00021868089
0.00021824172
0.000217821
0.0002174271
0.00021706871
0.00021675411
0.00021649145
0.00021628862
0.00021615314
0.00021609205
0.00021611162
0.00021621697
0.00021631501
0.00021619261
0.00021615124
0.000216198
0.00021633783
0.00021657245
0.00021689932
0.00021731127
0.00021779673
0.00021834079
0.00021892644
0.00021953616
0.00022015315
0.00022076227
0.00022135066
0.00022190791
0.00022242607
0.00022289938
0.00022332383
0.00022369675
0.00022401705
0.0002242848
0.0002244803
0.00022367273
0.00022337081
0.000223072
0.00022275865
0.00022242828
0.00022207956
0.00022171062
0.00022132107
0.00022091119
0.00022048222
0.0002200366
0.00021957802
0.00021911154
0.00021864357
0.00021818151
0.0002177345
0.0002173111
0.00021692063
0.00021657249
0.00021627549
0.00021603811
0.00021586846
0.00021577424
0.00021576261
0.00021583994
0.00021601134
0.00021610985
0.00021590101
0.00021577492
0.00021574222
0.00021581167
0.00021598853
0.00021627295
0.00021665919
0.00021713569
0.00021768629
0.00021829192
0.00021893252
0.00021958871
0.00022024298
0.00022088042
0.00022148903
0.00022205966
0.00022258569
0.0002230626
0.00022348754
0.00022385929
0.00022417683
0.00022442201
0.00022331284
0.000223015
0.00022271647
0.00022240028
0.00022206413
0.00022170682
0.00022132659
0.00022092322
0.00022049722
0.00022005024
0.00021958522
0.00021910655
0.00021862018
0.00021813361
0.00021765547
0.00021719618
0.00021676557
0.000216374
0.0002160317
0.00021574804
0.00021553188
0.00021539157
0.00021533504
0.00021536977
0.00021550247
0.00021573858
0.00021584852
0.00021554876
0.00021533395
0.00021521877
0.0002152164
0.0002153362
0.00021558132
0.00021594729
0.00021642207
0.00021698755
0.00021762176
0.00021830147
0.0002190042
0.00021970976
0.00022040115
0.00022106479
0.00022169045
0.00022227089
0.00022280127
0.00022327873
0.00022370195
0.00022406973
0.00022436621
0.0002229372
0.00022264397
0.00022234676
0.0002220287
0.00022168757
0.00022132221
0.00022093093
0.0002205136
0.00022007089
0.00021960474
0.00021911854
0.00021861734
0.00021810798
0.00021759909
0.00021710068
0.00021662462
0.00021618218
0.00021578495
0.00021544408
0.00021516953
0.00021497051
0.00021485565
0.00021483317
0.00021491099
0.00021509646
0.0002153958
0.00021553254
0.00021513595
0.00021482674
0.00021462425
0.00021454694
0.00021460911
0.00021481741
0.00021516863
0.0002156496
0.0002162393
0.00021691189
0.00021764005
0.00021839759
0.00021916133
0.00021991202
0.00022063458
0.00022131795
0.00022195445
0.00022253925
0.0002230697
0.00022354468
0.00022396343
0.00022431187
0.00022254629
0.00022225834
0.00022196348
0.00022164453
0.00022129927
0.0002209265
0.00022052446
0.00022009305
0.000219633
0.00021914643
0.0002186371
0.00021811065
0.00021757483
0.00021703946
0.00021651607
0.00021601826
0.00021555898
0.00021515125
0.00021480722
0.00021453746
0.00021435149
0.00021425814
0.00021426594
0.00021438342
0.00021461886
0.00021497976
0.00021516392
0.00021466317
0.00021425201
0.00021395531
0.00021379798
0.00021380056
0.00021397403
0.00021431641
0.00021481266
0.00021543756
0.00021616005
0.0002169476
0.00021776958
0.00021859937
0.0002194154
0.00022020122
0.0002209451
0.00022163928
0.0002222792
0.00022286269
0.00022338919
0.00022385875
0.00022425873
0.0002221421
0.00022186076
0.00022156941
0.00022125062
0.00022090208
0.00022052249
0.00022010997
0.00021966429
0.00021918615
0.00021867773
0.00021814302
0.00021758821
0.00021702189
0.00021645521
0.00021590142
0.00021537615
0.00021489437
0.0002144708
0.00021411872
0.00021384926
0.0002136721
0.00021359614
0.00021363018
0.00021378346
0.00021406555
0.00021448581
0.00021474424
0.00021413029
0.00021360744
0.00021320707
0.00021296219
0.00021290144
0.00021304141
0.00021338149
0.00021390363
0.0002145767
0.00021536263
0.0002162223
0.00021711968
0.00021802434
0.00021891231
0.00021976595
0.00022057322
0.00022132664
0.00022202225
0.0002226587
0.00022323627
0.00022375608
0.00022420675
0.00022172627
0.0002214524
0.00022116565
0.00022084807
0.0002204972
0.00022011149
0.00021968886
0.00021922883
0.00021873191
0.00021820017
0.00021763773
0.00021705117
0.00021644993
0.00021584653
0.00021525622
0.00021469707
0.00021418656
0.00021374145
0.00021337626
0.00021310258
0.00021293001
0.00021286726
0.00021292328
0.00021310803
0.00021343274
0.00021390935
0.00021427641
0.00021353838
0.00021289153
0.00021237491
0.00021203182
0.00021190172
0.00021200889
0.00021235422
0.0002129151
0.00021365207
0.00021451768
0.00021546436
0.00021644969
0.00021743898
0.00021840592
0.00021933202
0.00022020534
0.00022101916
0.00022177058
0.00022245938
0.00022308707
0.000223656
0.00022415608
0.00022130082
0.00022103627
0.00022075553
0.00022044037
0.00022008818
0.00021969715
0.00021926486
0.00021879044
0.00021827404
0.00021771745
0.0002171247
0.00021650261
0.00021586138
0.000215215
0.00021458101
0.00021398051
0.00021343412
0.00021296114
0.00021257751
0.00021229503
0.00021212283
0.00021206903
0.0002121424
0.00021235364
0.00021271595
0.00021324463
0.0002137638
0.00021288882
0.00021210264
0.00021145329
0.0002109972
0.00021078871
0.0002108629
0.00021122257
0.00021183817
0.00021265844
0.00021362329
0.00021467452
0.00021576208
0.00021684669
0.00021789997
0.00021890306
0.00021984478
0.0002207197
0.00022152649
0.00022226653
0.00022294285
0.00022355923
0.00022410699
0.00022086824
0.00022061361
0.00022033997
0.0002200284
0.00021967601
0.00021928059
0.00021883926
0.00021835061
0.0002178142
0.00021723131
0.00021660564
0.00021594404
0.00021525731
0.00021456093
0.00021387513
0.00021322475
0.00021263451
0.00021212695
0.00021171956
0.00021142403
0.00021124837
0.00021119943
0.00021128535
0.00021151738
0.00021191099
0.00021248574
0.0002131942
0.0002121847
0.00021124035
0.00021043688
0.0002098475
0.00020954732
0.00020958728
0.00020997266
0.00021066334
0.00021159121
0.00021267917
0.00021385556
0.00021506147
0.00021625292
0.00021739997
0.00021848418
0.00021949594
0.00022043189
0.00022129287
0.0002220823
0.00022280507
0.00022346664
0.00022405985
0.0002204296
0.00022018742
0.00021992265
0.00021961621
0.00021926502
0.00021886646
0.00021841704
0.00021791465
0.00021735802
0.00021674762
0.00021608647
0.00021538115
0.00021464281
0.00021388835
0.00021314108
0.00021243062
0.0002117871
0.00021123735
0.00021080065
0.000210488
0.00021030527
0.00021025713
0.0002103504
0.0002105965
0.00021101336
0.00021162577
0.00021246312
0.00021143061
0.00021030548
0.00020932035
0.00020856986
0.0002081586
0.0002081615
0.00020858742
0.00020937979
0.00021044621
0.00021168656
0.00021301236
0.00021435464
0.00021566504
0.00021691298
0.00021808168
0.00021916417
0.00022016007
0.00022107306
0.00022190916
0.00022267543
0.00022337925
0.00022401514
0.00021999008
0.00021976042
0.00021950558
0.0002192056
0.00021885699
0.00021845658
0.00021800017
0.0002174847
0.00021690781
0.00021626878
0.00021556958
0.00021481607
0.00021401935
0.00021319757
0.00021237747
0.00021159482
0.00021088716
0.00021028715
0.00020981617
0.00020948356
0.00020929156
0.00020924124
0.00020933702
0.00020958991
0.00021002018
0.00021065889
0.00021154567
0.00021063457
0.00020930141
0.00020809937
0.00020714959
0.00020659882
0.00020655946
0.000207046
0.00020797561
0.00020922052
0.00021064937
0.00021215293
0.00021365142
0.000215093
0.00021644815
0.00021770338
0.00021885586
0.00021990926
0.00022087092
0.00022174991
0.00022255587
0.00022329824
0.00022397339
0.00021954832
0.00021933453
0.0002190918
0.00021880022
0.00021845617
0.00021805591
0.00021759439
0.00021706742
0.00021647122
0.00021580344
0.00021506444
0.0002142588
0.00021339694
0.00021249774
0.00021159161
0.0002107222
0.00020993738
0.000209278
0.00020876796
0.00020841344
0.00020821072
0.00020815535
0.00020824813
0.00020849875
0.00020892955
0.00020957874
0.00021049872
0.00020980819
0.00020823505
0.0002067715
0.00020556996
0.00020483748
0.00020474683
0.0002053223
0.0002064377
0.00020791331
0.00020957528
0.00021128948
0.00021296539
0.00021454979
0.00021601684
0.00021735871
0.0002185785
0.00021968523
0.00022069072
0.00022160764
0.00022244847
0.00022322489
0.0002239352
0.00021911496
0.00021891645
0.00021868683
0.00021840524
0.00021806756
0.00021766937
0.00021720461
0.00021666773
0.00021605316
0.00021535642
0.00021457556
0.00021371309
0.00021277796
0.00021178881
0.00021077963
0.00020980421
0.00020892525
0.00020819567
0.00020764259
0.0002072667
0.00020705485
0.00020699429
0.00020708061
0.00020732078
0.00020773805
0.00020837819
0.00020930906
0.00020896796
0.00020711853
0.00020533806
0.00020381271
0.00020283498
0.00020267726
0.00020338325
0.00020475214
0.00020652744
0.00020847756
0.00021043986
0.00021231487
0.00021405197
0.00021563289
0.00021705867
0.00021834055
0.00021949432
0.00022053711
0.00022148565
0.00022235547
0.00022316057
0.00022390124
0.00021868148
0.00021850229
0.00021828824
0.00021801888
0.00021769006
0.00021729675
0.00021683182
0.00021628814
0.00021565803
0.00021493428
0.00021411181
0.00021319008
0.00021217537
0.00021108451
0.00020995404
0.00020885047
0.00020785815
0.00020704804
0.00020645133
0.00020605924
0.00020584337
0.0002057788
0.00020585418
0.00020607238
0.00020645585
0.00020705811
0.00020796608
0.00020813945
0.00020597221
0.00020380726
0.00020185977
0.00020053949
0.00020028625
0.00020118642
0.00020290503
0.00020507207
0.00020737773
0.00020962953
0.00021172413
0.00021362019
0.00021531278
0.00021681583
0.00021815132
0.00021934329
0.00022041492
0.00022138732
0.00022227915
0.0002231067
0.00022387217
0.00021827055
0.00021810935
0.00021791189
0.0002176568
0.00021733949
0.00021695419
0.00021649256
0.00021594567
0.0002153033
0.00021455478
0.00021369079
0.00021270635
0.00021160354
0.00021039492
0.00020911689
0.00020785129
0.00020671477
0.00020580668
0.0002051639
0.00020476228
0.00020454971
0.0002044842
0.00020454668
0.00020473493
0.00020506707
0.00020560229
0.00020644911
0.00020732833
0.00020482543
0.00020219945
0.00019969799
0.00019788386
0.00019748094
0.00019867706
0.00020088459
0.00020356704
0.00020630946
0.00020889411
0.00021122461
0.00021327963
0.0002150755
0.00021664402
0.00021802068
0.00021923907
0.00022032898
0.00022131597
0.00022222171
0.00022306464
0.00022384866
0.00021786134
0.00021772255
0.00021754416
0.00021730567
0.00021700271
0.00021662888
0.00021617464
0.00021562916
0.00021497944
0.00021421081
0.00021330855
0.0002122617
0.00021106641
0.00020972777
0.00020827653
0.00020681101
0.00020549684
0.0002044792
0.0002038024
0.00020341681
0.00020323176
0.00020317992
0.00020323395
0.0002033855
0.00020364136
0.00020406156
0.00020478029
0.00020598498
0.00020373818
0.0002005623
0.00019733214
0.00019478688
0.000194125
0.00019578565
0.00019868576
0.00020205016
0.00020532425
0.00020828264
0.00021085624
0.00021306012
0.0002149422
0.00021655781
0.00021795848
0.00021918833
0.00022028379
0.00022127462
0.00022218517
0.00022303565
0.00022383135
0.00021751215
0.0002173937
0.00021723557
0.00021701651
0.00021673197
0.00021637493
0.00021593467
0.00021539842
0.00021475014
0.00021397047
0.0002130377
0.00021193227
0.00021064183
0.00020915963
0.00020750022
0.00020577417
0.00020422197
0.00020306635
0.00020236078
0.00020201487
0.00020187563
0.0002018397
0.00020187616
0.00020197653
0.00020212835
0.0002023859
0.0002029131
0.00020395529
0.0002027773
0.00019898784
0.00019482506
0.00019117891
0.00019002249
0.00019242837
0.00019631894
0.00020058905
0.0002044998
0.00020786147
0.00021066844
0.0002129957
0.00021493531
0.00021657161
0.00021797395
0.00021919697
0.00022028318
0.00022126581
0.00022217122
0.00022302079
0.00022382077
0.00021724152
0.00021714831
0.00021701461
0.00021681968
0.00021655933
0.00021622599
0.00021580778
0.00021528991
0.00021465319
0.00021387322
0.00021292005
0.00021176276
0.00021037807
0.00020874458
0.0002068453
0.00020478652
0.00020292344
0.0002016175
0.00020092855
0.00020070181
0.00020068049
0.00020070869
0.00020076226
0.00020084651
0.00020090693
0.00020096766
0.00020121598
0.00020196094
0.00020231761
0.00019780354
0.00019242295
0.000187088
0.00018491538
0.00018852469
0.00019383649
0.00019930408
0.00020395274
0.00020771868
0.00021072024
0.00021312322
0.00021507692
0.00021669839
0.00021807465
0.00021926947
0.00022032989
0.00022129129
0.00022218101
0.00022302084
0.00022381736
0.0002172967
0.00021723099
0.00021712747
0.00021696426
0.00021673748
0.00021643929
0.00021605717
0.00021557501
0.00021497113
0.00021421678
0.00021327338
0.00021209509
0.00021064243
0.00020887647
0.00020672597
0.00020424252
0.00020194722
0.00020046841
0.00019985163
0.00019984839
0.00020002414
0.00020014414
0.00020020659
0.00020026804
0.00020019467
0.00019994564
0.00019975537
0.00019999322
0.00020113194
0.00019737459
0.00019062644
0.00018287554
0.00017856539
0.00018410832
0.0001914154
0.000198406
0.00020385445
0.000207967
0.00021107809
0.0002134791
0.00021538603
0.00021694774
0.00021826532
0.00021940818
0.00022042514
0.00022135179
0.00022221505
0.00022303619
0.00022382137
0.00021804062
0.00021801004
0.00021795174
0.00021783886
0.00021766755
0.0002174299
0.00021711324
0.00021670063
0.00021616825
0.00021548294
0.00021459655
0.00021344287
0.00021195577
0.00021007807
0.00020767015
0.00020462234
0.00020167131
0.00020002595
0.00019963051
0.00020011539
0.00020070745
0.00020104918
0.00020118704
0.00020134774
0.0002012798
0.00020076637
0.00020017512
0.00019974492
0.00020071444
0.00019972902
0.00019125917
0.00017997971
0.00017089672
0.00017959422
0.00018941972
0.00019822031
0.00020444447
0.00020874282
0.00021180952
0.00021409345
0.00021587463
0.00021732354
0.00021854657
0.00021961258
0.00022056824
0.00022144677
0.00022227306
0.00022306675
0.00022383284
0.00022066812
0.00022071439
0.0002207441
0.00022072557
0.00022065672
0.00022053041
0.00022033511
0.0002200547
0.0002196653
0.00021913233
0.00021840276
0.00021739258
0.00021600049
0.00021415191
0.00021165545
0.00020802335
0.00020410358
0.00020252551
0.00020276236
0.0002043529
0.00020581737
0.00020667423
0.00020705225
0.00020764911
0.00020801485
0.00020714388
0.0002060427
0.00020421109
0.00020487786
0.00020344452
0.000196468
0.00018114857
0.0001621729
0.00017623609
0.00018863187
0.00019944176
0.00020610266
0.00021020713
0.00021297065
0.0002149806
0.00021654234
0.00021782132
0.00021891357
0.0002198787
0.00022075627
0.00022157429
0.00022235387
0.00022311198
0.00022385159
0.00022636332
0.00022650403
0.00022666619
0.00022679626
0.00022689161
0.00022694702
0.00022695484
0.00022690373
0.00022677488
0.00022653854
0.00022614464
0.0002254964
0.00022443214
0.00022279968
0.00022038712
0.00021603375
0.00020981465
0.00020841499
0.00020952727
0.00021312885
0.00021613727
0.00021800272
0.00021862199
0.00021994287
0.00022171531
9.2895269e-05
9.5421522e-05
9.7680179e-05
9.9874533e-05
0.00010288948
9.446375e-05
8.6188947e-05
0.00010659719
0.00017926069
0.00019336562
0.00020407078
0.00020940725
0.00021249488
0.00021457182
0.00021612328
0.00021737012
0.00021842585
0.00021935526
0.00022019883
0.00022098404
0.00022173099
0.00022245547
0.00022317078
0.00022387722
0.00023901688
0.00023945824
0.00023995498
0.00024044131
0.00024092538
0.00024141025
0.00024189932
0.00024239471
0.00024289343
0.00024338308
0.00024383073
0.00024414484
0.00024410394
0.00024338592
0.00024185854
0.00023814067
0.00022682423
0.00022905009
0.00023505479
0.00024840776
0.0002599937
0.00026888238
0.00012729468
0.00016659477
0.00032128467
0.00046098503
0.00049956686
0.00049956686
0.00049956686
0.00049956686
0.00049956686
0.00045030524
0.00033646893
6.8071887e-05
0.00021290646
0.00021340431
0.00021433202
0.00021545508
0.00021650309
0.00021745262
0.00021831545
0.00021911042
0.00021985451
0.00022056185
0.00022124432
0.00022191224
0.00022257503
0.00022324159
0.00022390906
0.00026378998
0.00026477122
0.00026590516
0.00026709147
0.00026834861
0.00026969875
0.00027117271
0.00027280954
0.00027465764
0.00027677878
0.00027925382
0.00028217564
0.00028562835
0.0002896442
0.00029423572
0.00030194271
0.0002727548
0.0003021814
0.0003529432
0.00037412631
0.0002789866
0.00032092308
0.00049956686
0.00049956686
0.00049956686
0.00049956686
0.00049956686
0.00049956686
0.00049956686
0.00049956686
0.00041268605
0.00041834912
0.00010206508
0.00026646981
0.0002310665
0.0002220413
0.00021922985
0.00021849668
0.00021852178
0.00021885393
0.00021931752
0.00021983993
0.00022038986
0.00022095417
0.00022152837
0.00022211247
0.00022270909
0.00022332248
0.00022394627
0.00030147488
0.00030358829
0.0003057164
0.00030793377
0.0003103116
0.0003129174
0.00031583078
0.00031915756
0.00032304865
0.00032773801
0.00033361236
0.00034124396
0.00035117981
0.00036406008
0.00038390542
0.00040306322
0.00025028795
0.00025870028
0.00026008543
0.000493963
0.00047787954
0.00048722689
0.00047870936
0.00047373358
0.00047747201
0.00045867492
0.00045173954
0.00045353655
0.00044096501
0.00043655973
0.00010696161
0.00010771148
0.00021990042
0.00025237966
0.00023688866
0.00022736054
0.00022307349
0.00022118289
0.0002204183
0.00022021786
0.00022031499
0.0002205779
0.00022093864
0.00022136126
0.00022182674
0.00022232554
0.0002228538
0.00022341121
0.00022398784
0.00028990115
0.00029047486
0.00029071209
0.00029091955
0.00029109973
0.00029128509
0.00029150439
0.00029179867
0.000292226
0.00029286947
0.00029385409
0.00029486249
0.00029573862
0.00029649733
0.00029398065
0.0001037218
0.00037727489
0.00047222319
0.00047188874
0.00049379771
0.00048612163
0.00048244331
0.00012426045
0.00012132256
0.00010080428
0.00010008919
0.00010066481
0.00010201046
0.0001029654
0.00010455976
0.00020128854
0.00020776335
0.00021817863
0.00023911702
0.0002395793
0.00023071686
0.00022591913
0.00022338336
0.00022207902
0.00022146725
0.00022125806
0.00022129217
0.00022147978
0.00022176913
0.00022213007
0.00022254523
0.00022300516
0.00022350541
0.00022403267
0.00022361637
0.00022341864
0.00022308701
0.00022276283
0.00022245629
0.00022218617
0.0002219694
0.00022182962
0.00022179872
0.00022192013
0.00022225534
0.00022211571
0.00022120788
0.00021950195
0.00021689923
0.0002136351
9.6110393e-05
9.9247975e-05
9.9908657e-05
9.9813519e-05
0.00010018712
0.00010021298
0.00021261064
0.00021088098
0.00020899554
0.00020560979
0.00020450056
0.00020394374
0.00020217412
0.00020219383
0.00020337503
0.00020908954
0.00021832163
0.0002322619
0.00023803678
0.00023244378
0.00022782289
0.00022505869
0.00022344889
0.00022255521
0.00022211169
0.00022195778
0.00022199575
0.00022216551
0.00022242983
0.00022276569
0.00022315927
0.00022360269
0.00022407963
0.00021916854
0.00021924706
0.00021937873
0.00021952093
0.00021968401
0.00021987917
0.00022011792
0.00022041504
0.00022078841
0.00022125916
0.00022183682
0.00022159575
0.00022085784
0.00021965405
0.00021796386
0.00021526344
0.00021274568
0.00021420233
0.00021600648
0.00021427627
0.00021244589
0.00021127891
0.00021012297
0.00020839937
0.00020736342
0.00020574527
0.00020483875
0.00020426467
0.0002035404
0.0002040111
0.00020599775
0.00021095961
0.00021862433
0.00022818315
0.00023390108
0.00023314901
0.00022899006
0.00022625823
0.00022452338
0.00022346264
0.00022285594
0.00022255786
0.00022247339
0.00022254051
0.00022271873
0.00022298168
0.00022331253
0.0002237008
0.00022412759
0.00021775544
0.00021784237
0.00021797763
0.00021812666
0.00021829155
0.00021847903
0.00021869676
0.00021895496
0.00021926521
0.0002196402
0.00022000283
0.00021951868
0.00021877832
0.0002177359
0.0002163717
0.00021459643
0.00021345371
0.00021426692
0.00021534161
0.0002135386
0.00021195245
0.00021073644
0.00020958231
0.00020836763
0.00020741219
0.00020635305
0.00020570287
0.00020534305
0.00020527022
0.00020614785
0.00020839399
0.00021268677
0.00021882819
0.00022568245
0.00023036353
0.00023232548
0.00022960084
0.00022705663
0.00022532495
0.00022418988
0.00022348324
0.00022308314
0.00022290407
0.00022288688
0.00022299102
0.00022318884
0.00022346181
0.00022379766
0.00022417552
0.00021706785
0.00021719585
0.00021734509
0.00021750645
0.00021768493
0.00021788608
0.0002181153
0.0002183793
0.00021868433
0.00021903505
0.00021924478
0.00021881052
0.00021817535
0.0002173131
0.00021620772
0.0002149829
0.00021435312
0.00021483502
0.000215053
0.00021344317
0.0002120553
0.00021090879
0.00020985471
0.00020887478
0.00020805537
0.00020732039
0.00020690247
0.00020678864
0.0002070861
0.00020818069
0.00021039489
0.00021405426
0.00021893357
0.00022407083
0.00022792074
0.0002302712
0.00022982354
0.00022753764
0.00022589051
0.00022474989
0.00022399528
0.00022353057
0.00022328317
0.00022319992
0.00022324253
0.00022338374
0.00022360449
0.00022389151
0.00022422249
0.00021678267
0.00021686426
0.0002169891
0.00021713324
0.00021729429
0.00021747518
0.00021767909
0.00021791033
0.00021817225
0.00021846596
0.0002185546
0.0002181742
0.000217657
0.00021699329
0.00021619448
0.00021542211
0.00021510904
0.00021548445
0.00021500072
0.00021361701
0.0002124026
0.00021136304
0.00021043407
0.0002096163
0.00020894354
0.00020842655
0.00020818678
0.00020826083
0.00020876578
0.00020994264
0.00021200937
0.00021510831
0.00021900888
0.0002229998
0.00022619241
0.00022835272
0.0002293112
0.00022777504
0.00022626053
0.00022516211
0.00022439978
0.00022390176
0.00022360944
0.00022347721
0.00022347058
0.00022356391
0.00022373854
0.00022398089
0.00022426771
0.00021664251
0.00021676277
0.00021689649
0.00021704072
0.00021719887
0.00021737347
0.00021756567
0.00021777687
0.0002180067
0.0002182518
0.00021828267
0.00021794273
0.00021750389
0.00021697154
0.0002163832
0.0002158882
0.00021574752
0.00021600762
0.00021504859
0.00021387538
0.00021282333
0.00021190494
0.00021110093
0.00021041953
0.00020988427
0.00020952822
0.00020942695
0.00020963324
0.00021024854
0.00021142886
0.00021331008
0.00021593644
0.00021909588
0.00022228522
0.00022495711
0.00022690188
0.00022813105
0.00022783438
0.00022647452
0.00022544865
0.00022470793
0.00022420151
0.00022388412
0.00022371818
0.0002236738
0.00022372777
0.00022386251
0.00022406466
0.00022431055
0.00021657661
0.00021665437
0.00021676834
0.00021689912
0.00021704395
0.00021720357
0.00021737778
0.00021756645
0.00021776743
0.0002179752
0.00021800163
0.00021772469
0.00021738042
0.0002169818
0.00021657464
0.00021627808
0.0002162536
0.00021615993
0.00021513785
0.00021415145
0.00021325105
0.00021245723
0.00021177325
0.00021121302
0.00021079981
0.00021056957
0.00021057701
0.00021087491
0.00021154341
0.00021268418
0.00021437519
0.00021660992
0.00021920679
0.00022181242
0.00022406898
0.00022580242
0.00022698742
0.00022751463
0.00022656675
0.00022563125
0.00022493238
0.00022443652
0.00022411023
0.00022392372
0.00022385193
0.00022387451
0.00022397544
0.00022414203
0.0002243505
0.00021652859
0.00021662678
0.00021674061
0.00021686381
0.00021699763
0.00021714269
0.0002172978
0.00021746152
0.00021763034
0.00021779753
0.00021782957
0.00021759924
0.00021732682
0.00021703075
0.00021675664
0.00021659459
0.00021662357
0.00021608927
0.00021524993
0.00021442648
0.00021366571
0.00021299304
0.00021242277
0.00021197268
0.00021166664
0.00021153818
0.00021163047
0.00021198994
0.0002126768
0.00021375621
0.00021526761
0.00021718032
0.00021934519
0.00022151167
0.00022343426
0.00022497281
0.00022608765
0.00022680899
0.00022656724
0.00022573017
0.00022508599
0.00022461441
0.00022429192
0.00022409574
0.00022400553
0.00022400399
0.00022407687
0.00022421247
0.00022438726
0.00021650307
0.00021657639
0.0002166779
0.0002167917
0.00021691543
0.00021704855
0.00021718897
0.00021733431
0.00021748016
0.00021761911
0.00021767909
0.00021749799
0.00021729266
0.00021708363
0.00021691207
0.00021684538
0.00021670971
0.00021607055
0.00021538174
0.00021469973
0.00021406578
0.00021350689
0.00021304242
0.0002126922
0.00021247983
0.00021243512
0.00021259318
0.00021299226
0.00021367599
0.00021468458
0.00021603313
0.00021768146
0.0002195096
0.0002213368
0.00022298814
0.00022435203
0.00022538538
0.00022609796
0.00022638726
0.00022576297
0.00022518091
0.00022474304
0.0002244339
0.00022423683
0.00022413582
0.00022411656
0.00022416673
0.00022427575
0.0002244206
0.00021648492
0.00021656337
0.00021665994
0.0002167646
0.00021687679
0.00021699597
0.00021711964
0.00021724502
0.0002173674
0.00021747951
0.00021755504
0.00021742647
0.00021727611
0.00021713583
0.00021704077
0.00021696669
0.00021661614
0.00021609404
0.00021553132
0.00021497232
0.00021445261
0.0002139986
0.00021363131
0.00021337112
0.00021324041
0.00021326512
0.00021347391
0.00021389695
0.00021456481
0.00021550069
0.000216705
0.00021813584
0.00021969747
0.00022125688
0.00022268568
0.00022389521
0.00022484406
0.00022553058
0.0002259792
0.00022574487
0.0002252282
0.00022483
0.00022454114
0.00022435
0.00022424447
0.000224213
0.00022424524
0.00022433185
0.00022445045
0.0002164799
0.00021654593
0.00021663437
0.00021673121
0.00021683438
0.00021694277
0.00021705352
0.00021716355
0.00021726811
0.00021736029
0.0002174305
0.00021737154
0.00021726748
0.00021718185
0.00021711709
0.00021693465
0.00021657677
0.00021615233
0.00021569675
0.00021524511
0.00021482776
0.00021446927
0.00021419045
0.00021401103
0.00021395153
0.00021403417
0.0002142821
0.00021471834
0.00021536346
0.0002162292
0.00021730759
0.0002185588
0.00021990644
0.00022125068
0.00022249504
0.00022356891
0.00022443476
0.00022508498
0.00022553338
0.00022567053
0.00022523761
0.0002248824
0.00022461852
0.00022443845
0.0002243334
0.00022429439
0.0002243129
0.00022438091
0.00022447683
0.00021648178
0.00021654598
0.00021662854
0.00021671734
0.00021681092
0.00021690816
0.00021700611
0.00021710172
0.00021719045
0.00021726606
0.00021732028
0.00021731858
0.00021726248
0.00021719669
0.00021709438
0.00021687132
0.0002165795
0.00021623836
0.00021587503
0.0002155176
0.00021519178
0.00021491977
0.00021472105
0.00021461394
0.00021461673
0.00021474813
0.00021502652
0.0002154689
0.00021608833
0.00021688893
0.00021785834
0.00021896041
0.00022013393
0.00022130259
0.0002223925
0.00022334722
0.00022413384
0.00022474202
0.00022517883
0.00022546249
0.00022521748
0.00022490668
0.00022467072
0.00022450539
0.00022440471
0.00022436196
0.00022437038
0.00022442324
0.00022449982
0.00021649209
0.00021654966
0.00021662616
0.0002167082
0.00021679386
0.00021688188
0.00021696929
0.00021705319
0.0002171294
0.00021719247
0.00021723547
0.00021725011
0.00021722427
0.00021715667
0.00021703107
0.00021684854
0.00021661507
0.00021634616
0.0002160632
0.00021578891
0.00021554502
0.00021535111
0.0002152248
0.00021518255
0.00021524019
0.00021541318
0.00021571577
0.00021616002
0.00021675343
0.00021749514
0.00021837079
0.00021934839
0.00022037855
0.00022140199
0.00022236126
0.00022321108
0.00022392317
0.00022448644
0.00022490379
0.00022518787
0.00022517517
0.00022490863
0.00022470213
0.000224554
0.00022446056
0.00022441709
0.00022441845
0.00022445921
0.00022451957
0.00021650815
0.00021656223
0.00021663355
0.00021670914
0.00021678726
0.00021686671
0.00021694465
0.00021701842
0.00021708433
0.00021713775
0.00021717304
0.0002171837
0.00021716277
0.00021710364
0.00021700153
0.00021685689
0.00021667551
0.0002164701
0.00021625789
0.00021605746
0.00021588712
0.00021576383
0.00021570309
0.00021571924
0.00021582565
0.00021603476
0.00021635724
0.00021680114
0.00021736985
0.0002180593
0.00021885459
0.00021972771
0.00022063852
0.00022154032
0.00022238794
0.00022314493
0.00022378739
0.00022430459
0.00022469707
0.00022497365
0.00022510273
0.00022489322
0.00022471669
0.00022458722
0.00022450306
0.00022446119
0.00022445796
0.00022448925
0.00022453624
0.00021652945
0.00021657941
0.00021664608
0.00021671613
0.00021678777
0.0002168599
0.00021692983
0.00021699524
0.00021705299
0.00021709927
0.00021712966
0.00021713925
0.0002171231
0.00021707695
0.00021699826
0.00021688892
0.00021675441
0.00021660542
0.00021645611
0.00021632177
0.00021621778
0.00021615861
0.00021615755
0.00021622674
0.00021637713
0.00021661837
0.00021695805
0.00021740093
0.00021794736
0.00021859124
0.00021931788
0.00022010288
0.00022091334
0.00022171209
0.00022246326
0.00022313752
0.00022371497
0.00022418592
0.00022454972
0.0002248127
0.00022498584
0.00022486514
0.00022471822
0.00022460802
0.00022453436
0.00022449571
0.00022448978
0.00022451378
0.00022454999
0.00021655483
0.00021660165
0.00021666427
0.00021672934
0.00021679518
0.00021686081
0.00021692381
0.00021698219
0.00021703341
0.00021707446
0.000217102
0.00021711257
0.00021710288
0.00021707052
0.00021701465
0.00021693806
0.000216846
0.00021674761
0.00021665471
0.00021657998
0.00021653624
0.00021653567
0.00021658936
0.00021670725
0.00021689796
0.00021716859
0.00021752401
0.00021796631
0.00021849353
0.00021909826
0.00021976639
0.00022047666
0.00022120191
0.00022191226
0.00022257913
0.00022317897
0.00022369552
0.00022412049
0.00022445289
0.00022469754
0.0002248633
0.00022482777
0.00022470956
0.00022461865
0.00022455617
0.00022452185
0.00022451463
0.00022453308
0.00022456088
0.00021658306
0.00021662726
0.00021668647
0.00021674728
0.00021680809
0.0002168681
0.00021692515
0.00021697767
0.00021702367
0.00021706093
0.00021708712
0.00021709999
0.00021709771
0.00021707932
0.00021704525
0.000216999
0.00021694555
0.0002168929
0.00021685105
0.00021683054
0.00021684202
0.00021689548
0.00021699996
0.00021716326
0.00021739174
0.00021769016
0.000218061
0.00021850408
0.00021901562
0.00021958736
0.00022020588
0.00022085256
0.00022150482
0.00022213851
0.00022273082
0.00022326303
0.00022372216
0.00022410157
0.00022440049
0.00022462296
0.00022477644
0.0002247854
0.00022469445
0.00022462219
0.00022457083
0.00022454127
0.00022453347
0.00022454741
0.0002245688
0.00021661331
0.00021665556
0.00021671196
0.00021676909
0.00021682546
0.00021688052
0.00021693239
0.00021697992
0.00021702165
0.0002170561
0.00021708185
0.00021709775
0.00021710317
0.00021709839
0.00021708485
0.00021706655
0.00021704833
0.00021703732
0.00021704206
0.00021707134
0.00021713389
0.00021723775
0.00021738997
0.00021759629
0.00021786096
0.00021818653
0.00021857331
0.00021901915
0.00021951877
0.00022006327
0.00022063986
0.00022123214
0.00022182117
0.0002223874
0.00022291274
0.00022338257
0.00022378694
0.00022412099
0.00022438461
0.0002245816
0.0002247186
0.00022473932
0.00022467389
0.00022461925
0.00022457861
0.00022455393
0.00022454604
0.00022455613
0.00022457297
0.00021664341
0.00021668499
0.00021673931
0.00021679333
0.00021684582
0.00021689648
0.00021694378
0.00021698695
0.00021702434
0.00021705113
0.00021707456
0.00021709599
0.0002171152
0.00021712329
0.00021712879
0.00021713618
0.00021715019
0.0002171773
0.00021722493
0.0002173004
0.00021741075
0.00021756225
0.00021776006
0.00021800797
0.00021830818
0.00021866119
0.00021906528
0.00021951651
0.00022000823
0.00022053099
0.0002210725
0.00022161814
0.00022215194
0.00022265808
0.00022312243
0.00022353397
0.00022388559
0.00022417433
0.00022440106
0.00022456977
0.00022468673
0.00022469377
0.0002246519
0.00022461353
0.00022458269
0.00022456238
0.0002245542
0.00022455979
0.00022457226
0.00021669091
0.00021673083
0.00021677966
0.00021682721
0.00021687218
0.00021691443
0.00021695283
0.00021698725
0.00021701692
0.00021703818
0.00021705969
0.0002170845
0.00021711425
0.00021714193
0.00021717768
0.00021721116
0.00021725426
0.00021731609
0.00021740318
0.00021752161
0.00021767695
0.00021787384
0.00021811565
0.00021840431
0.00021874006
0.00021912139
0.00021954467
0.0002200042
0.00022049203
0.00022099808
0.00022151036
0.00022201563
0.00022250033
0.00022295177
0.00022335925
0.00022371502
0.00022401469
0.00022425735
0.00022444511
0.00022458251
0.00022465232
0.00022465026
0.00022462924
0.00022460481
0.0002245818
0.00022456428
0.00022455489
0.00022455482
0.00022456041
0.00021926783
0.00021926081
0.00021925476
0.00021924551
0.00021923268
0.0002192165
0.0002191961
0.00021917172
0.00021914377
0.00021911317
0.00021908154
0.00021905125
0.00021902556
0.00021900864
0.00021900525
0.00021900545
0.00021902173
0.00021906324
0.00021913599
0.00021924514
0.00021939498
0.00021958861
0.00021982763
0.00022011201
0.00022043988
0.00022080751
0.00022120904
0.00022163668
0.00022208077
0.00022253005
0.00022297225
0.00022339489
0.00022378615
0.00022413592
0.0002244366
0.0002246836
0.00022487543
0.00022501357
0.00022510187
0.00022514596
0.00022512906
0.00022508261
0.00022502009
0.00022494771
0.00022487102
0.00022479506
0.00022472395
0.000224659
0.00022458783
0.00031529546
0.00021971933
0.00019350081
0.00018706259
0.00019372318
0.00021723469
0.00025028795
0.00021811361
0.00018613454
0.00015814338
0.00041002022
0.00026008543
0.0002336895
0.00023719232
0.00025994028
0.00030743968
0.00036396767
0.00021316461
0.00015478306
0.00012722418
0.00045770166
0.00028946614
0.00025368764
0.00025289823
0.00027204168
0.00031331363
0.00032679554
0.00019584542
0.00014634551
0.00012253351
0.0004493931
0.00030841097
0.00027174633
0.00026740125
0.00028292275
0.00031739616
0.00028111108
0.00017841914
0.00013758452
0.00011719078
0.00043007202
0.00031787902
0.00028317505
0.00028341811
0.00030222462
0.00034489834
0.00024298913
0.0001637719
0.00013019337
0.0001127353
0.00040905571
0.00031731482
0.00028077735
0.00028220968
0.00030631038
0.00037412631
0.00021484665
0.0001525332
0.00012445084
0.00010942526
0.00040787457
0.00032864094
0.00028734762
0.00028493165
0.00030751358
0.0003398951
0.00019251467
0.00014315236
0.00011961062
0.00010692385
0.00040787215
0.00032822864
0.00028529447
0.0002789866
0.00029573102
0.0002721732
0.00017298579
0.00013395029
0.00011450011
0.00010385608
0.00030273231
0.00021437602
0.00014118908
0.00011391462
0.00010109378
9.4514934e-05
9.1145455e-05
8.9555619e-05
8.8967846e-05
8.8839189e-05
0.00036964992
0.00030604561
0.00027764216
0.00028738099
0.00034575889
0.00020227141
0.00014554346
0.00012010118
0.00010663527
9.9195405e-05
0.00036964725
0.00032092308
0.00029679823
0.00030789779
0.00030973459
0.00017954566
0.00013573515
0.00011464012
0.0001032471
9.6880254e-05
0.0003701125
0.00031796653
0.00029228464
0.00029800732
0.00024368688
0.00016057476
0.00012676885
0.00010972185
0.00010038294
9.5215113e-05
0.0003478328
0.00029683921
0.00029111288
0.00034267701
0.00020720196
0.00014568411
0.00011937315
0.00010560078
9.7960855e-05
9.374762e-05
0.00033042221
0.00029265046
0.00029922271
0.00033106417
0.00018324292
0.00013604047
0.00011412349
0.000102467
9.60385e-05
9.2516343e-05
0.00033042559
0.00029684052
0.00030309102
0.00025786604
0.0001639562
0.00012729468
0.00010932226
9.9676044e-05
9.4435104e-05
9.1744492e-05
0.00032965475
0.00030980398
0.00034020698
0.00021240364
0.00014633769
0.00011888457
0.00010481739
9.7133335e-05
9.297198e-05
9.085165e-05
0.00030976716
0.00029732775
0.00033587828
0.00018636849
0.00013576634
0.00011326209
0.00010156168
9.5209413e-05
9.184142e-05
9.0162478e-05
0.00030977096
0.00030688944
0.00027958946
0.00016659477
0.00012721746
0.00010862726
9.8870627e-05
9.3642101e-05
9.0972824e-05
8.9787731e-05
0.000317599
0.00030958682
0.0002236865
0.00014837684
0.00011870275
0.00010411973
9.6377033e-05
9.2266404e-05
9.0234272e-05
8.9357124e-05
0.00032584316
0.00035000025
0.00019160388
0.00013564335
0.00011242865
0.00010074659
9.4528526e-05
9.1274908e-05
8.9723111e-05
8.9063909e-05
0.00030065566
0.00032128467
0.00017388408
0.00012857997
0.00010877409
9.8716732e-05
9.3409372e-05
9.0696928e-05
8.947015e-05
8.9024746e-05
0.0003006577
0.00026731778
0.00015858944
0.00012202078
0.00010533071
9.6801594e-05
9.23507e-05
9.0140956e-05
8.9207309e-05
8.8921498e-05
0.00039446945
0.00032153609
0.00029000198
0.00029910822
0.00033338157
0.00023112508
0.00015685054
0.00012599553
0.000109974
0.00010093725
0.00030782003
0.00022206698
0.00022789977
0.00024840612
0.00028523795
0.00035633113
0.00047715441
0.00030015632
0.00020485677
0.00015749613
0.00036556905
0.00023981631
0.00021960642
0.00022573303
0.00024961013
0.00029811924
0.00037895831
0.0002299075
0.00016387668
0.00013299266
0.0003078242
0.00021881854
0.00022197432
0.00023115002
0.0002513519
0.00029505399
0.000342132
0.00024952248
0.00019409729
0.000160061
0.00030833679
0.00021724786
0.00021448788
0.00022898464
0.00025870028
0.00031571124
0.00040667751
0.00026423564
0.00018498413
0.00014635845
0.00032909985
0.00022346369
0.00021179684
0.00022132168
0.00024643313
0.00029516653
0.00038256849
0.00024637429
0.00017323081
0.00013831642
0.00015505259
0.00011786443
0.00010206508
9.4464797e-05
9.0990397e-05
8.9969297e-05
9.0591969e-05
9.2423505e-05
9.5218218e-05
9.8865739e-05
0.00013141067
0.00012146974
0.00011283606
0.00010688465
0.00010318238
0.00010123271
0.00010066663
0.0001012239
0.00010272678
0.00010508207
0.00034906989
0.00018166537
0.00012856945
0.000107797
9.792634e-05
9.2895269e-05
9.0387112e-05
8.9278342e-05
8.8947947e-05
8.8923098e-05
0.0003573713
0.00016600773
0.00012255666
0.00010488351
9.6461285e-05
9.2184499e-05
9.0079694e-05
8.9176829e-05
8.8934158e-05
8.8919183e-05
0.00030340556
0.00015604009
0.000119088
0.00010349368
9.5979712e-05
9.2125237e-05
9.0215219e-05
8.9390644e-05
8.9165868e-05
8.9146267e-05
0.00026435765
0.00014558667
0.00011515509
0.00010190419
9.5421522e-05
9.2036843e-05
9.0334855e-05
8.9586961e-05
8.9363158e-05
8.927717e-05
0.00023665374
0.00013777123
0.00011190234
0.00010044386
9.4816758e-05
9.1852251e-05
9.0356777e-05
8.9710509e-05
8.954106e-05
8.949494e-05
0.00021555643
0.00013117484
0.00010901904
9.9031081e-05
9.4115263e-05
9.1514702e-05
9.0210813e-05
8.9671455e-05
8.9565152e-05
8.9534092e-05
0.00019889029
0.00012560389
0.00010644824
9.7680179e-05
9.3361306e-05
9.1075693e-05
8.9941816e-05
8.9498885e-05
8.9450494e-05
8.9453002e-05
0.00018530052
0.00012079514
0.0001041156
9.6372468e-05
9.2558767e-05
9.0551218e-05
8.9574704e-05
8.9220862e-05
8.9193921e-05
8.9096221e-05
0.00017384269
0.00011652177
0.00010192227
9.506149e-05
9.1689553e-05
8.9944099e-05
8.9138437e-05
8.8921653e-05
8.9034468e-05
8.9135754e-05
0.00016399011
0.00011270887
9.9874533e-05
9.3778166e-05
9.0787558e-05
8.927572e-05
8.8621919e-05
8.8514149e-05
8.870182e-05
8.8832968e-05
0.00015524381
0.00010917538
9.7865198e-05
9.2455919e-05
8.9815078e-05
8.8534627e-05
8.8046663e-05
8.8071539e-05
8.8365781e-05
8.8572584e-05
0.00014744793
0.00010597587
9.5986523e-05
9.119261e-05
8.8863486e-05
8.7799033e-05
8.7477366e-05
8.7650076e-05
8.8092198e-05
8.844324e-05
0.00014024308
0.00010288948
9.4049455e-05
8.9821639e-05
8.7784326e-05
8.6930437e-05
8.6775113e-05
8.7089916e-05
8.7665281e-05
8.8164434e-05
0.00013351797
9.9979369e-05
9.2164653e-05
8.8483184e-05
8.6745822e-05
8.6125249e-05
8.6171218e-05
8.6661019e-05
8.7364132e-05
8.7843984e-05
0.00012713338
9.718718e-05
9.0293481e-05
8.7148682e-05
8.5729258e-05
8.5373781e-05
8.5676144e-05
8.6436228e-05
8.7464565e-05
8.8408138e-05
0.00012095852
9.446375e-05
8.8398257e-05
8.5782611e-05
8.470514e-05
8.4644843e-05
8.5236169e-05
8.6274395e-05
8.7539233e-05
8.8584134e-05
0.00011471691
9.1635367e-05
8.6352487e-05
8.430464e-05
8.3657921e-05
8.399689e-05
8.5002195e-05
8.6475297e-05
8.8207413e-05
8.9763533e-05
0.00010824538
8.8745472e-05
8.4332575e-05
8.2986594e-05
8.2942938e-05
8.3847243e-05
8.5421387e-05
8.746666e-05
8.9771298e-05
9.1916542e-05
0.00010173286
8.6188947e-05
8.2863818e-05
8.2399329e-05
8.3150195e-05
8.4813204e-05
8.7167589e-05
9.0022112e-05
9.3119985e-05
9.5871307e-05
9.5404214e-05
8.4253162e-05
8.2256663e-05
8.2883209e-05
8.4749728e-05
8.7621279e-05
9.1345002e-05
9.5757239e-05
0.00010061962
0.00010544743
8.8380208e-05
8.2299387e-05
8.2663485e-05
8.5748804e-05
9.0480364e-05
9.6630635e-05
0.00010401534
0.00011211165
0.00011769036
0.000120369
8.3094629e-05
8.7453558e-05
9.7449623e-05
0.0001047237
0.00010659719
0.00010851731
0.00011091881
0.00011392732
0.0001174696
0.00012120038
7.9892262e-05
7.3842807e-05
6.900777e-05
6.7095261e-05
6.715814e-05
6.8561506e-05
7.0950145e-05
7.411054e-05
7.7891982e-05
8.2172637e-05
0.00010300904
7.487816e-05
6.5858232e-05
6.269119e-05
6.2185721e-05
6.3205157e-05
6.5249954e-05
6.8071887e-05
7.153546e-05
7.5583854e-05
6.5763351e-05
9.2775783e-05
0.00011424764
0.00013767806
0.00017189574
0.00022176187
0.00023881146
0.00025947013
0.00024310247
9.4107542e-05
9.9346104e-05
0.00010520014
0.00011738197
0.0001373308
0.0001688107
0.00020218974
0.00024930727
0.00030442499
0.00012162168
0.0001175821
0.00011304393
0.00010959354
0.00010712653
0.00010556901
0.0001048564
0.00010492332
0.00010570888
0.0001071447
0.00011642807
0.00011392645
0.00011125696
0.00010929793
0.00010784161
0.0001069075
0.00010650024
0.00010661245
0.0001072278
0.00010827893
0.00011349058
0.00011131998
0.00010968797
0.00010858077
0.00010771148
0.00010717369
0.00010698564
0.0001071393
0.00010759721
0.00010823327
0.00011170964
0.00010924896
0.00010820792
0.00010760325
0.00010708595
0.00010679699
0.00010674086
0.00010689521
0.00010717567
0.00010735932
0.00011060833
0.00010762162
0.00010696161
0.00010668106
0.0001064143
0.00010634142
0.00010645436
0.00010674729
0.00010717187
0.0001076002
0.00010998454
0.0001063822
0.00010598998
0.00010591593
0.00010581247
0.0001058867
0.00010610893
0.00010647254
0.00010690744
0.00010729338
0.00010966658
0.00010535299
0.00010512812
0.0001051644
0.00010514676
0.00010529068
0.0001055392
0.00010587932
0.00010620397
0.00010632833
0.0001095646
0.00010450007
0.00010438885
0.00010448568
0.00010452087
0.00010470911
0.00010497359
0.00010530912
0.00010560238
0.0001056954
0.00010954909
0.00010374149
0.00010377686
0.00010392213
0.00010401252
0.00010425462
0.00010455976
0.00010493699
0.00010527528
0.00010544562
0.00010960284
0.00010310311
0.00010335517
0.00010353227
0.00010366074
0.00010393267
0.00010425027
0.00010463114
0.00010494926
0.0001050667
0.0001098361
0.00010258055
0.00010291656
0.00010310089
0.00010325319
0.00010353923
0.00010385237
0.00010421408
0.00010447899
0.00010448872
0.00011015553
0.00010217843
0.00010260501
0.00010279219
0.0001029654
0.00010326416
0.00010358271
0.00010395634
0.00010424197
0.00010433474
0.00011058254
0.00010176704
0.00010222843
0.0001024949
0.00010268651
0.00010299349
0.00010331185
0.000103682
0.00010394216
0.000103953
0.00011107572
0.00010140165
0.00010189468
0.000102268
0.00010247245
0.00010277881
0.0001030884
0.00010344693
0.0001036847
0.0001036841
0.00011164481
0.0001011293
0.00010156807
0.00010201046
0.00010225895
0.00010255849
0.00010285673
0.00010320376
0.00010342292
0.00010340858
0.00011227053
0.00010093717
0.00010123621
0.00010172382
0.00010206735
0.00010236151
0.00010265147
0.00010298806
0.00010318809
0.00010315018
0.00011293194
0.00010077592
0.00010092498
0.0001014592
0.00010191937
0.00010222508
0.00010250462
0.00010282747
0.00010300515
0.00010292532
0.00011364924
0.00010067248
0.00010066481
0.00010112607
0.00010168227
0.00010208016
0.00010234897
0.00010266164
0.00010283266
0.00010276139
0.00011441063
0.00010061848
0.000100455
0.00010084949
0.00010141601
0.00010186466
0.00010215508
0.00010244776
0.00010259072
0.00010248711
0.00011520923
0.00010065953
0.00010036996
0.00010072782
0.00010128114
0.00010171081
0.00010200246
0.00010229661
0.00010243223
0.00010231169
0.00011596392
0.0001005654
0.00010008919
0.00010038646
0.00010091883
0.00010143609
0.00010190953
0.00010226739
0.00010237859
0.00010226547
0.00011685658
0.00010067028
0.00010003544
0.0001002746
0.00010077027
0.00010123425
0.000101661
0.00010198205
0.00010206155
0.00010190068
0.00011769965
0.00010072018
9.9928381e-05
0.00010013094
0.00010061711
0.00010105772
0.00010151754
0.00010187702
0.00010195549
0.00010180321
0.00011857159
0.00010080428
9.9849804e-05
0.00010001242
0.00010048606
0.00010090198
0.00010134351
0.0001017305
0.00010183342
0.00010161018
0.00011944897
0.00010088099
9.9751176e-05
9.9872123e-05
0.00010033399
0.00010072788
0.00010115378
0.00010158492
0.00010178009
0.00010164343
0.00012036096
0.0001009701
9.9648826e-05
9.9717978e-05
0.00010015902
0.00010052354
0.00010092763
0.00010133338
0.00010157263
0.00010149142
0.00012132256
0.00010113227
9.9633324e-05
9.9660449e-05
0.00010008527
0.00010042312
0.0001008056
0.00010118218
0.00010138816
0.00010131562
0.00012226847
0.0001012712
9.9588564e-05
9.9580291e-05
0.00010000019
0.00010032609
0.00010070356
0.00010107089
0.00010127276
0.00010123978
0.00012323883
0.00010140599
9.9520605e-05
9.9462942e-05
9.9866122e-05
0.00010017044
0.00010053266
0.00010087909
0.00010106129
0.00010100435
0.00012426045
0.00010162107
9.9552035e-05
9.9454578e-05
9.9843296e-05
0.00010012486
0.00010046769
0.00010078667
0.00010093823
0.00010080928
0.00012524846
0.00010180997
9.9559322e-05
9.9434992e-05
9.9827889e-05
0.00010010906
0.00010045774
0.00010077978
0.00010094329
0.00010086585
0.00012623628
0.00010195622
9.9494474e-05
9.9325333e-05
9.9710955e-05
9.9984604e-05
0.00010033292
0.00010064968
0.0001008096
0.00010071191
0.00012729334
0.00010216729
9.9496659e-05
9.9274476e-05
9.9638015e-05
9.9886208e-05
0.00010021298
0.00010050169
0.00010063562
0.00010050306
0.00012836109
0.00010244976
9.9605168e-05
9.936052e-05
9.9728414e-05
9.9975384e-05
0.00010030424
0.00010059012
0.00010072546
0.00010061086
0.000129336
0.00010256988
9.9509249e-05
9.9222891e-05
9.959112e-05
9.9841612e-05
0.00010017989
0.00010046946
0.00010060733
0.00010047481
0.00013043855
0.00010285595
9.9600765e-05
9.9271461e-05
9.9626157e-05
9.9860563e-05
0.00010018712
0.00010046178
0.00010059223
0.00010046122
0.00013145808
0.00010305762
9.9607543e-05
9.9250232e-05
9.9614393e-05
9.9859341e-05
0.00010020156
0.00010048791
0.00010063288
0.00010053178
0.00013250132
0.00010325171
9.958777e-05
9.9182714e-05
9.9538021e-05
9.9776739e-05
0.00010011753
0.00010039736
0.00010053735
0.00010038884
0.00013358737
0.00010352382
9.9668905e-05
9.9228242e-05
9.9579802e-05
9.9813519e-05
0.00010015232
0.00010042518
0.00010056126
0.0001004332
0.00013460118
0.0001037196
9.9675143e-05
9.9203156e-05
9.9559339e-05
9.9799085e-05
0.00010014728
0.00010042468
0.00010056874
0.00010044348
0.00013563108
0.00010398269
9.9775517e-05
9.9284416e-05
9.9650505e-05
9.9897611e-05
0.00010025548
0.0001005367
0.00010068698
0.00010057765
0.00013654439
0.00010413348
9.9768036e-05
9.9261943e-05
9.9645157e-05
9.9908657e-05
0.00010028477
0.00010057602
0.00010073268
0.0001006109
0.00013745733
0.00010435445
9.9874352e-05
9.936905e-05
9.9771069e-05
9.9981771e-05
0.00010025936
0.00010047814
0.00010060639
0.00010050439
0.00013819843
0.00010448667
9.9963125e-05
9.9372425e-05
9.9603928e-05
9.9740157e-05
0.00010005254
0.00010032256
0.00010051115
0.00010043843
0.00013875925
0.00010445271
9.9575116e-05
9.8820676e-05
9.9061919e-05
9.9247975e-05
9.9621092e-05
9.994968e-05
0.00010019587
0.00010018728
0.00013712033
0.00010313343
9.8386044e-05
9.7746651e-05
9.8116264e-05
9.8454244e-05
9.8990031e-05
9.9478247e-05
9.9884812e-05
0.00010002468
0.00013260285
0.00010092467
9.6704742e-05
9.6397138e-05
9.7040543e-05
9.7645948e-05
9.8433929e-05
9.914909e-05
9.9758029e-05
0.00010004487
0.0001225206
9.6892885e-05
9.3853086e-05
9.4110196e-05
9.5128445e-05
9.6110393e-05
9.7223036e-05
9.8213249e-05
9.9059764e-05
9.9554005e-05
0.0001050452
3.2951492e-05
3.0966717e-05
2.9929518e-05
2.9783318e-05
3.0474154e-05
3.1955654e-05
3.4138732e-05
3.692469e-05
4.0262474e-05
5.8444466e-05
6.3867929e-05
6.7480855e-05
7.2007834e-05
7.8046079e-05
8.5664281e-05
9.4416915e-05
0.0001037218
0.00011222204
2.4667076e-05
2.9563609e-05
3.3687927e-05
3.8010217e-05
4.2647354e-05
4.7639244e-05
5.2931662e-05
5.8485808e-05
6.425184e-05
1.9950894e-05
2.6842609e-05
3.2954999e-05
3.9023393e-05
4.514031e-05
5.1470059e-05
5.7973824e-05
6.4698361e-05
7.1600988e-05
2.0634049e-05
3.1240749e-05
4.1753161e-05
5.2445062e-05
6.3142622e-05
7.3996079e-05
8.4823226e-05
9.564565e-05
0.00010625826
6.8508137e-05
9.1369145e-05
9.1583098e-05
0.00012315781
5.8634903e-05
4.978978e-05
7.7732039e-05
6.5265831e-05
6.5824831e-05
0.000163359
5.46096e-05
4.5170464e-05
6.6676745e-05
6.8823798e-05
8.0793955e-05
6.3308875e-05
8.0554544e-05
8.5473185e-05
0.00021689923
2.8308099e-05
0.00022682423
0.00021345371
6.31514e-05
5.8153388e-05
9.5936252e-05
6.8870813e-05
7.8528756e-05
7.0200522e-05
7.003739e-05
7.7782504e-05
6.9626149e-05
0.00010128981
8.1576499e-05
7.9413267e-05
0.00011530694
6.8251822e-05
5.9321502e-05
8.3043836e-05
7.7899708e-05
7.3102086e-05
7.3082181e-05
7.7283977e-05
8.5606149e-05
0.00022736054
6.8086991e-05
6.8566834e-05
0.00029398065
6.0951358e-05
6.9259742e-05
7.4105604e-05
9.6136998e-05
7.6160768e-05
7.2733156e-05
6.3562686e-05
8.0382008e-05
7.4044269e-05
7.7811987e-05
5.3269302e-05
4.8927307e-05
5.8490249e-05
6.0063415e-05
5.8741366e-05
5.7747244e-05
0.00010128948
7.8492337e-05
8.1037613e-05
6.0266378e-05
5.8252533e-05
8.1262158e-05
9.0632772e-05
6.3716665e-05
7.9382715e-05
0.00011333901
6.0941747e-05
5.7896175e-05
7.7412355e-05
0.00010083722
6.7143843e-05
7.6032199e-05
6.7091574e-05
7.9270836e-05
7.0352807e-05
6.9805996e-05
0.00010554306
7.2877423e-05
6.1963625e-05
6.2841015e-05
0.00010695204
8.6358554e-05
7.3214413e-05
7.4193411e-05
6.2619798e-05
6.061449e-05
9.3605442e-05
0.0001006532
5.9139446e-05
5.626196e-05
0.00015132457
0.00011880263
8.9781763e-05
2.9686793e-05
5.7560033e-05
5.9444925e-05
5.8262323e-05
6.1776294e-05
7.1731487e-05
7.3002135e-05
0.00019944176
8.8226871e-05
0.0002220413
0.00010266248
6.0632755e-05
6.2854164e-05
5.7659235e-05
5.9519824e-05
6.7023929e-05
5.9162023e-05
6.5073968e-05
9.7772389e-05
5.4677932e-05
5.9438552e-05
9.8977025e-05
8.2608542e-05
5.0842703e-05
5.8885837e-05
6.0665286e-05
6.1407932e-05
0.00029423572
0.00021526344
5.7396579e-05
5.8759732e-05
7.436875e-05
5.8261009e-05
6.6823977e-05
5.8536782e-05
6.4272092e-05
6.5482019e-05
8.2351675e-05
8.938394e-05
3.6778377e-05
8.0394779e-05
5.9998143e-05
5.4788495e-05
5.6358812e-05
6.0591773e-05
6.0389589e-05
5.0709727e-05
5.2591076e-05
6.5340486e-05
7.3354336e-05
3.8240988e-05
5.7323747e-05
5.9657995e-05
0.00010487078
8.6599018e-05
0.00022736054
5.7928318e-05
4.7501692e-05
6.7786923e-05
6.2761265e-05
8.5242999e-05
7.9484638e-05
0.00010709348
8.4272218e-05
7.1488515e-05
6.3008649e-05
5.5749036e-05
5.0669772e-05
6.562319e-05
8.9847684e-05
6.1757678e-05
6.451838e-05
0.0001914154
6.4587644e-05
7.1456205e-05
6.1852786e-05
6.5130064e-05
0.00020407078
6.0420843e-05
6.2375981e-05
0.00017456348
0.00011979664
0.0002395793
5.542887e-05
4.9484518e-05
5.1712245e-05
4.9876453e-05
7.4400199e-05
6.6862165e-05
9.0354797e-05
5.1734209e-05
5.8133261e-05
0.00021340431
6.1987644e-05
5.2258809e-05
6.718735e-05
5.6008558e-05
7.388743e-05
6.9540023e-05
6.7409563e-05
6.3760003e-05
0.00020690247
0.00019994564
0.00021796386
0.00020011539
0.0002120553
8.9933307e-05
6.0815538e-05
6.5363968e-05
0.00011935383
9.4778529e-05
6.2768109e-05
6.7573865e-05
9.5758711e-05
6.2935021e-05
5.8149611e-05
8.9597236e-05
0.00038390542
6.5165712e-05
7.7394217e-05
7.183824e-05
8.7239757e-05
8.2472863e-05
7.3851793e-05
0.00012579149
0.00013512773
0.00010340201
6.2137051e-05
7.261208e-05
6.1581871e-05
6.5291746e-05
5.8365978e-05
5.619209e-05
6.796384e-05
6.6590658e-05
9.2335513e-05
8.2037545e-05
6.6243215e-05
7.2959527e-05
5.9878466e-05
6.3020771e-05
0.0002120553
0.0002043529
0.00011946977
9.7029146e-05
8.7568929e-05
7.1177023e-05
8.0452005e-05
0.00013720299
6.1751801e-05
6.4516862e-05
6.0019917e-05
6.4051027e-05
5.5679674e-05
5.3915844e-05
0.00020196094
0.00020527022
9.6876357e-05
7.1021671e-05
6.0188303e-05
5.6161535e-05
5.267458e-05
0.00023814067
0.00021345371
7.0141379e-05
7.4596574e-05
6.0254159e-05
6.325426e-05
5.8780728e-05
6.0408281e-05
6.9636129e-05
8.1168786e-05
4.777675e-05
5.9772723e-05
5.5297093e-05
6.905915e-05
7.8367212e-05
7.6286771e-05
0.00010261801
9.3888517e-05
8.798908e-05
8.6224331e-05
5.8525599e-05
6.1601026e-05
6.6265303e-05
7.7075554e-05
0.00020019467
0.00020805537
6.3787174e-05
6.6901154e-05
0.00020690247
0.00019994564
6.6496307e-05
5.9504657e-05
4.9800126e-05
4.7933206e-05
0.00019822031
0.00012199495
0.00026780491
5.8065663e-05
6.6392641e-05
6.6011989e-05
5.9806685e-05
8.0000312e-05
7.3577923e-05
5.9356073e-05
5.6190105e-05
7.0698851e-05
5.802008e-05
9.1484042e-05
7.9827206e-05
6.7368983e-05
6.0684104e-05
7.1099305e-05
6.65716e-05
5.6930449e-05
5.9794117e-05
6.0668448e-05
6.9824103e-05
0.00013205767
9.3968839e-05
8.0075462e-05
6.0465981e-05
6.2972857e-05
8.9899673e-05
5.795419e-05
4.7315932e-05
5.0234719e-05
6.0873068e-05
5.1742404e-05
7.2984267e-05
6.3206329e-05
6.0997359e-05
0.00010027835
9.3719393e-05
6.6725337e-05
6.3183828e-05
6.4429821e-05
6.307282e-05
5.3895032e-05
5.979578e-05
6.3356434e-05
7.3831167e-05
6.1106076e-05
6.3760737e-05
5.8806306e-05
6.0955989e-05
7.0160392e-05
5.1065741e-05
8.8216711e-05
7.8457741e-05
0.00011405275
9.4251605e-05
0.00020690247
0.00019994564
6.1238891e-05
6.1593537e-05
6.4716619e-05
7.3435452e-05
5.836846e-05
6.3922411e-05
4.8997078e-05
5.8194385e-05
0.00020614785
0.00020231761
6.1212935e-05
5.9608843e-05
9.7944104e-05
8.757432e-05
0.00018410832
0.00023803678
9.8275735e-05
8.8640003e-05
0.0001914154
5.3623735e-05
5.9909996e-05
5.5903646e-05
6.6321211e-05
0.00020839399
0.00019780354
0.00023071686
8.2796043e-05
8.7987856e-05
5.5143872e-05
5.915882e-05
5.6244319e-05
6.8286088e-05
0.00019242295
0.00021268677
7.908719e-05
9.5505303e-05
0.00019822031
0.00020841499
0.000215053
6.7909763e-05
7.3461039e-05
6.9334835e-05
7.4438998e-05
8.179432e-05
9.1377292e-05
0.00019242295
0.00021095961
6.4335702e-05
6.0008073e-05
6.1547394e-05
6.3925164e-05
9.8374993e-05
8.4893674e-05
0.00030194271
0.00021459643
8.0280164e-05
8.4891766e-05
6.023365e-05
4.996388e-05
6.6076535e-05
6.0613477e-05
0.00010037657
8.4149731e-05
7.3075292e-05
8.3346671e-05
6.0067428e-05
6.1037907e-05
5.503769e-05
5.1302112e-05
0.00011315308
0.00015012611
7.0316189e-05
6.7551567e-05
7.0769233e-05
5.1363645e-05
6.5659574e-05
6.4576324e-05
5.7110851e-05
4.8832616e-05
6.9491304e-05
5.7530002e-05
9.1047418e-05
7.9357739e-05
7.5077212e-05
7.4047695e-05
7.1094908e-05
0.00011660654
7.8538242e-05
7.0336237e-05
0.00022736054
7.6048988e-05
7.2587213e-05
7.9423859e-05
6.7612738e-05
7.4269947e-05
0.00023803678
5.5229824e-05
6.7973818e-05
0.00018410832
6.6533286e-05
6.8882785e-05
6.4687901e-05
6.8043554e-05
5.7580499e-05
8.5017874e-05
6.5389418e-05
6.3058176e-05
0.00012491842
0.00017505989
5.1930052e-05
6.1318404e-05
8.1659401e-05
7.9263667e-05
6.1392458e-05
6.2809417e-05
6.2237108e-05
6.9270421e-05
7.025693e-05
0.00014691223
6.1886444e-05
6.2482504e-05
7.2827349e-05
7.5087629e-05
7.862988e-05
6.3246472e-05
5.3514661e-05
8.6726431e-05
6.0428206e-05
6.242055e-05
0.00011486399
9.469819e-05
0.00013239829
0.00020252551
0.000215053
8.3178408e-05
7.698592e-05
6.7375788e-05
7.1372679e-05
0.000187088
0.00021862433
0.00010041349
9.6073061e-05
7.7245022e-05
7.1229121e-05
0.00018852469
0.0002322619
6.2728579e-05
5.8284302e-05
8.5527624e-05
7.3447563e-05
0.00020678864
0.00019975537
7.5320873e-05
7.4741476e-05
6.1342166e-05
5.0358578e-05
6.1333545e-05
6.0823954e-05
6.0879243e-05
6.4253933e-05
6.0391861e-05
6.576749e-05
8.4143969e-05
8.3531642e-05
0.00010168694
6.8011377e-05
6.3360079e-05
9.0830379e-05
0.00010353708
8.5661912e-05
7.8762057e-05
9.0298589e-05
0.00012667202
0.00010042644
8.3472095e-05
6.2162482e-05
6.414268e-05
8.8768262e-05
8.2915732e-05
7.8453525e-05
0.00020985471
0.00020104918
0.00020985471
0.00020118704
6.2793443e-05
6.9411519e-05
0.00021090879
0.00020070745
0.00021090879
0.00020104918
0.00020887478
0.00020020659
0.00020887478
0.00020020659
6.5294502e-05
6.1567732e-05
5.4834461e-05
6.55834e-05
0.00020026804
0.00020805537
0.00020070745
0.00021090879
8.0359469e-05
0.00010411692
0.00020407078
8.7874783e-05
8.9755758e-05
8.6816798e-05
9.0583841e-05
6.0747363e-05
5.097972e-05
0.00019815994
0.00011157586
0.00012470434
6.1473834e-05
5.8166511e-05
6.5331095e-05
6.7553705e-05
5.114126e-05
5.9733095e-05
0.00013764781
6.3741873e-05
5.4136355e-05
5.6878559e-05
5.4735321e-05
8.3678387e-05
5.5007458e-05
6.6027789e-05
7.0208708e-05
4.3975423e-05
6.1467281e-05
5.6335536e-05
6.4911454e-05
6.940073e-05
7.2711324e-05
7.1955339e-05
0.00019944176
7.7037144e-05
7.4254474e-05
0.00011255041
0.00016357743
5.7497559e-05
6.7123548e-05
7.544248e-05
7.4920661e-05
0.00010021493
6.1332577e-05
7.5904153e-05
7.2292927e-05
0.00029398065
0.00013529718
7.4375739e-05
0.00010394316
0.00021689923
6.5753298e-05
6.8237289e-05
7.2691558e-05
6.066422e-05
5.3193811e-05
0.00010488825
6.4588572e-05
8.5741926e-05
6.5728858e-05
5.9986663e-05
5.5662452e-05
5.9128177e-05
9.5883931e-05
7.0456873e-05
9.665103e-05
7.7141652e-05
0.00019822031
0.00012185469
8.5630778e-05
8.7541628e-05
0.00023814067
0.00021345371
2.3883151e-05
0.000107194
7.3813178e-05
8.5099984e-05
6.9778012e-05
0.0002220413
4.0910397e-05
0.00038390542
0.00021796386
7.8346401e-05
6.3728721e-05
3.2689316e-05
0.000187088
0.00021862433
6.1179945e-05
7.4704432e-05
9.3489523e-05
5.0564977e-05
0.00020534305
0.00019975537
6.5015606e-05
2.0157377e-05
0.00021796386
3.0014673e-05
7.676234e-05
2.1400072e-05
9.0836934e-05
7.1892628e-05
9.903778e-05
8.1700258e-05
0.00038390542
0.00020841499
0.00021483502
0.00017126517
0.00016795177
0.00016420295
4.4693348e-05
9.2948257e-06
0.00020019467
0.00020732039
3.8091304e-05
0.0002043529
0.00021344317
4.036324e-05
6.062056e-05
1.5077756e-05
5.172132e-05
4.850325e-05
5.4514911e-05
4.7576567e-05
5.1127998e-05
5.9170062e-05
7.2397223e-05
5.548353e-05
4.2106744e-05
5.8875132e-05
6.33462e-05
9.9450533e-05
8.2575896e-05
7.0554824e-05
4.8895987e-05
4.5513832e-05
5.7637114e-05
4.9342664e-05
5.532245e-05
5.521334e-05
5.5616359e-05
4.895997e-05
5.8141212e-05
5.5429147e-05
5.9154972e-05
0.00020981465
0.00021435312
6.5967372e-05
5.0965661e-05
5.6251046e-05
5.2565358e-05
5.4503625e-05
5.6438168e-05
0.00020019467
0.00020732039
0.00019994564
0.00020732039
5.9977572e-05
5.5405892e-05
6.0360907e-05
5.1469616e-05
5.8035134e-05
5.2521007e-05
0.00021344317
0.00020276236
4.5530743e-05
6.7233988e-05
5.184415e-05
5.7368782e-05
0.00020196094
0.00020527022
8.7162187e-05
4.0844856e-05
4.2211484e-05
4.6918917e-05
4.4668114e-05
6.7604392e-05
5.8204022e-05
7.2133237e-05
9.4071805e-05
0.00021344317
0.00020276236
5.0517664e-05
4.572476e-05
0.00020196094
0.00020527022
0.00020614785
0.00020231761
0.00020231761
0.00020614785
0.00019780354
0.00020839399
0.00019780354
0.00020839399
3.2517521e-05
4.1240456e-05
0.000187088
0.00021095961
5.9069433e-05
4.9865894e-05
5.7058916e-05
5.2230929e-05
4.0820991e-05
4.2726641e-05
0.00019242295
0.00021095961
5.5418017e-05
0.00019975537
0.00020678864
5.4029361e-05
3.5450438e-05
3.2627675e-05
0.00020981465
0.00021483502
6.1121493e-05
5.5410924e-05
0.00018491538
0.00022818315
4.6539459e-05
4.3015974e-05
5.2852691e-05
5.6804204e-05
4.7202882e-05
4.8084611e-05
3.7842401e-05
4.0953826e-05
7.9516072e-05
3.4813753e-05
3.8557766e-05
5.706846e-05
9.0680194e-05
3.4010259e-05
3.6278468e-05
3.9741919e-05
3.8700077e-05
0.00018491538
0.00022818315
4.3507237e-05
4.3164439e-05
3.3853355e-05
3.3809187e-05
4.6362185e-05
4.7629014e-05
4.4495766e-05
4.7283861e-05
4.138345e-05
4.2413423e-05
4.0997822e-05
4.3154601e-05
3.2717922e-05
4.3374669e-05
4.2385415e-05
4.2794041e-05
2.1029104e-05
3.588532e-05
3.9532197e-05
3.9313288e-05
4.2914268e-05
4.0946045e-05
5.1770179e-05
3.800404e-05
4.1405755e-05
3.4699425e-05
3.7238386e-05
5.79886e-05
4.6833806e-05
5.6314916e-05
4.9293794e-05
4.4490598e-05
0.00021340431
3.6823554e-05
4.5959055e-05
3.566714e-05
4.7119038e-05
0.00023071686
3.8268296e-05
3.8165908e-05
5.1046665e-05
4.6289871e-05
0.0001914154
3.3982684e-05
4.3228783e-05
6.4090896e-05
5.1378897e-05
0.00020252551
0.000215053
6.1872636e-05
5.0592195e-05
3.4561783e-05
3.8362916e-05
2.8703545e-05
5.5614415e-05
5.5462791e-05
4.6723614e-05
5.0925034e-05
6.4980809e-05
5.5457426e-05
0.00020981465
0.00021483502
5.1945408e-05
5.5610867e-05
1.4192592e-05
3.9135915e-05
4.2697615e-05
5.2985072e-05
5.5945764e-05
5.0411229e-05
5.6174997e-05
5.5322053e-05
5.7446833e-05
0.00020985471
0.00020104918
0.00020887478
0.00020020659
0.00020070745
0.00021090879
0.00020026804
0.00020805537
0.0002120553
0.00020011539
0.00018491538
0.00021862433
0.00018410832
0.00023803678
3.679233e-05
4.3844604e-05
4.40589e-05
4.9862863e-05
0.00021459643
0.00023814067
7.6734556e-05
4.9951589e-05
3.3271057e-05
3.6667457e-05
4.0818286e-05
3.5529361e-05
3.7080278e-05
4.2440472e-05
6.4535172e-05
9.5143001e-05
5.4960951e-05
5.7849487e-05
5.5175358e-05
4.809188e-05
5.4162094e-05
4.0881345e-05
4.6071909e-05
7.3227832e-05
5.0757279e-05
4.6689638e-05
8.0100957e-05
)
;

boundaryField
{
    oversetFaces
    {
        type            overset;
        coupledFringe   false;
        conservativeCorrection false;
        setHoleCellValue false;
        holeCellValue   0;
        value           nonuniform 0();
    }
    back
    {
        type            empty;
    }
    out
    {
        type            zeroGradient;
    }
    bottom
    {
        type            zeroGradient;
    }
    in
    {
        type            zeroGradient;
    }
    top
    {
        type            zeroGradient;
    }
    front
    {
        type            empty;
    }
    wall
    {
        type            zeroGradient;
    }
    cylinder
    {
        type            zeroGradient;
    }
    defaultFaces
    {
        type            zeroGradient;
    }
}


// ************************************************************************* //
