/*--------------------------------*- C++ -*----------------------------------*\
| =========                 |                                                 |
| \\      /  F ield         | foam-extend: Open Source CFD                    |
|  \\    /   O peration     | Version:     4.1                                |
|   \\  /    A nd           | Web:         http://www.foam-extend.org         |
|    \\/     M anipulation  |                                                 |
\*---------------------------------------------------------------------------*/
FoamFile
{
    version     2.0;
    format      ascii;
    class       volScalarField;
    location    "0.13";
    object      p;
}
// * * * * * * * * * * * * * * * * * * * * * * * * * * * * * * * * * * * * * //

dimensions      [0 2 -2 0 0 0 0];

internalField   nonuniform List<scalar> 
4393
(
-20.287073
-19.298693
-36.571822
-47.782776
-63.286349
-79.180133
-97.548497
-117.97101
-141.06686
-166.97658
-195.97289
-228.1649
-263.57915
-302.07651
-343.33831
-386.82822
-431.77824
-477.18327
-521.82348
-564.29886
-603.09006
-636.62628
-663.3735
-681.92056
-691.08381
-689.99379
-678.18462
-655.70102
-623.09825
-581.41091
-532.15766
-477.19363
-418.56605
-358.32238
-298.32948
-240.19709
-185.1629
-134.13639
-87.674694
-46.07194
-9.387759
22.472121
49.71729
72.62053
91.483177
106.67292
118.528
126.53701
138.15441
-17.847527
-19.005872
-35.783887
-47.093297
-62.448667
-78.259995
-96.524493
-116.86175
-139.88553
-165.74965
-194.73587
-226.9667
-262.4822
-301.1568
-342.68293
-386.53081
-431.9324
-477.87372
-523.11844
-566.24189
-605.6947
-639.87079
-667.19902
-686.22877
-695.74018
-694.83244
-683.03609
-660.34032
-627.2755
-584.93177
-534.87491
-479.02548
-419.5052
-358.43229
-297.71985
-239.01331
-183.55411
-132.24909
-85.634121
-43.982244
-7.3272975
24.446128
51.565339
74.31251
92.993071
107.9273
119.39822
127.5832
133.07501
-17.166022
-18.812756
-35.103987
-46.220048
-61.193566
-76.661034
-94.552568
-114.53883
-137.23988
-162.83912
-191.6441
-223.80967
-259.40821
-298.34526
-340.33808
-384.87086
-431.17492
-478.216
-524.7216
-569.21353
-610.07817
-645.63382
-674.22942
-694.3273
-704.6248
-704.14022
-692.34309
-669.20973
-635.28026
-591.67052
-540.04286
-482.44674
-421.15889
-358.44477
-296.30968
-236.47243
-180.17803
-128.32694
-81.408848
-39.652786
-3.0378051
28.597418
55.522503
78.051159
96.517048
111.24054
122.47106
130.75451
134.94342
-15.521029
-17.712302
-33.18232
-44.09457
-58.65658
-73.820465
-91.395138
-111.11218
-133.58966
-159.04442
-187.81355
-220.0925
-255.99628
-295.47349
-338.2774
-383.91377
-431.61505
-480.31819
-528.69915
-575.20174
-618.11965
-655.66175
-686.06364
-707.66309
-719.04188
-719.10667
-707.24214
-683.36626
-648.01762
-602.37762
-548.2584
-487.91081
-423.85617
-358.59468
-294.26774
-232.71002
-175.16177
-122.51258
-75.174752
-33.309446
3.1890393
34.549317
61.10113
83.199015
101.20431
115.43674
126.1274
133.87102
137.03652
-15.058049
-17.386208
-32.102969
-42.517914
-56.342063
-70.797673
-87.612645
-106.59559
-128.38258
-153.24649
-181.57859
-213.64245
-249.62411
-289.54262
-333.21044
-380.16985
-429.6594
-480.57558
-531.52216
-580.83162
-626.66754
-667.08318
-700.15411
-724.03556
-737.13838
-738.19991
-726.47485
-701.78683
-664.66021
-616.34947
-558.88194
-494.79664
-426.97399
-358.26312
-290.98346
-227.13956
-167.94444
-114.27134
-66.412044
-24.431703
11.897965
42.900014
68.990855
90.586752
108.09527
121.856
132.1073
139.44372
142.02853
-13.067535
-15.395684
-28.893553
-38.781954
-51.903302
-65.796917
-82.050378
-100.54415
-121.91785
-146.49623
-174.72235
-206.93074
-243.3853
-284.18635
-329.21791
-378.0683
-429.98709
-483.81778
-538.07459
-590.94749
-640.43857
-684.40528
-720.72952
-747.33756
-762.43465
-764.55132
-752.77757
-726.81833
-687.17851
-635.1945
-573.17782
-504.04722
-431.17752
-357.91272
-286.77621
-220.0121
-158.75596
-103.85818
-55.428165
-13.403199
22.612439
53.063032
78.476916
99.348296
116.14499
129.24448
138.91733
145.77609
148.09989
-12.836242
-15.121456
-27.677676
-36.78844
-48.836185
-61.64714
-76.726241
-94.046279
-114.27676
-137.82324
-165.21513
-196.89892
-233.26213
-274.53413
-320.71489
-371.47159
-426.08516
-483.33209
-541.6155
-598.93898
-653.10229
-701.71193
-742.41192
-772.82455
-790.88311
-794.8277
-783.50784
-756.40511
-713.95556
-657.56648
-589.93615
-514.49062
-435.29251
-356.39951
-280.54052
-210.30405
-146.65566
-90.421468
-41.441325
0.50863955
36.045497
65.761483
90.323061
110.31575
126.27621
138.62286
147.65533
153.96979
155.99556
-10.057209
-12.065081
-22.891594
-31.134133
-42.129808
-54.060783
-68.266081
-84.80152
-104.34596
-127.37577
-154.49757
-186.26562
-223.19168
-265.64143
-313.74321
-367.25297
-425.49481
-487.15039
-550.4903
-613.28389
-673.0944
-727.22167
-773.04331
-807.80375
-829.12692
-834.91925
-823.75179
-794.85214
-748.58012
-686.37573
-611.42832
-527.79001
-440.44521
-354.47823
-272.75314
-198.36154
-131.9279
-74.259956
-24.796897
16.8848
51.695036
80.404457
103.85002
122.72541
137.65165
149.10167
157.41908
163.19687
165.04786
-10.173651
-12.097609
-21.881711
-29.14168
-38.777734
-49.27621
-61.884663
-76.757266
-94.607044
-116.0101
-141.69178
-172.37097
-208.75586
-251.43294
-300.74726
-356.61534
-418.46761
-484.86681
-553.93168
-623.12756
-689.73905
-750.68469
-803.05975
-843.62683
-869.63894
-878.55519
-868.55095
-838.35759
-788.12128
-719.21544
-635.50658
-541.86009
-444.53971
-350.17406
-261.5639
-182.56791
-113.17303
-54.201623
-4.5066872
36.564521
70.296888
97.66032
119.68847
137.18786
150.8664
161.2479
168.7147
173.844
175.45472
-6.3722707
-7.7819658
-15.219072
-21.208547
-29.349539
-38.544453
-49.841808
-63.491697
-80.222838
-100.70361
-125.76791
-156.29032
-193.16849
-237.20941
-288.98347
-348.56888
-415.53308
-488.23767
-564.62084
-641.75502
-716.62142
-785.67059
-845.72864
-892.9211
-924.07976
-936.15278
-926.89032
-894.47215
-838.8571
-761.17623
-666.15991
-559.60311
-449.47332
-344.7627
-247.73164
-163.45739
-90.779103
-30.614498
19.049158
59.120955
91.374612
117.00351
137.2741
153.11397
165.32598
174.48601
181.0152
185.46795
186.87135
-6.9869014
-8.3715921
-14.789414
-19.705788
-26.305912
-33.804921
-43.137124
-54.640032
-69.061819
-87.171091
-109.94003
-138.46016
-173.91806
-217.48174
-270.11999
-332.22568
-403.69197
-482.61719
-566.76045
-652.66641
-736.98001
-815.54229
-884.99736
-940.65167
-978.92787
-996.17286
-989.59408
-956.2579
-895.5708
-808.01511
-699.58487
-577.24934
-451.35881
-334.72046
-228.04691
-138.40675
-62.619244
-1.8726025
47.109771
85.483576
115.63761
138.98661
157.0516
170.8695
181.331
189.05169
194.48241
198.14222
199.28467
-2.0927705
-2.7038518
-6.087231
-9.2409359
-13.774829
-19.380356
-26.75619
-36.347406
-48.924967
-65.375522
-86.821482
-114.57835
-150.12041
-194.97375
-250.51065
-317.40068
-395.96109
-483.758
-578.32639
-675.47819
-771.5562
-861.63841
-942.41822
-1008.009
-1054.3286
-1076.9645
-1072.5728
-1036.9486
-969.21422
-868.63911
-742.90138
-600.05499
-453.54967
-322.47716
-203.97786
-108.52297
-29.471464
31.357201
79.093367
115.09689
142.54986
163.08454
178.51141
189.96663
198.42508
204.52999
208.75188
211.55905
212.43809
-3.2570092
-3.9760523
-6.4900303
-8.6290363
-11.611103
-15.433694
-20.642236
-27.732796
-37.448072
-50.734748
-68.830433
-93.287097
-125.95352
-168.90488
-224.23153
-293.17927
-377.06184
-472.71171
-577.54321
-686.34985
-795.21718
-898.07251
-992.05499
-1069.5563
-1126.2269
-1157.0897
-1158.5007
-1123.7118
-1050.5839
-935.68426
-789.37949
-621.01121
-448.34512
-301.33737
-169.55061
-69.23578
12.14657
71.513229
116.68153
149.06859
172.83141
189.75455
201.93981
210.57733
216.69969
220.94915
223.79681
225.64031
226.21225
2.5357761
2.8595371
4.0386245
4.2284627
4.0131152
2.8831909
0.56956727
-3.5302499
-10.181534
-20.473082
-35.845617
-58.176555
-89.761616
-133.27767
-191.58721
-266.35631
-360.27536
-468.55167
-588.39381
-713.00682
-838.43253
-957.05572
-1067.6096
-1159.8872
-1229.1357
-1269.3476
-1276.4276
-1240.2721
-1158.9102
-1024.6908
-851.95308
-650.10821
-442.00775
-276.56231
-128.16498
-23.346892
60.225197
116.9792
158.62453
186.3826
205.65234
218.30067
226.74638
232.19516
235.71897
237.93391
239.29406
240.10699
240.35871
1.0266612
1.0797825
2.9229205
3.9240166
5.0678116
5.5512801
5.3084226
3.7441198
0.20719466
-6.3491115
-17.370289
-34.887369
-61.558401
-100.7689
-156.61612
-231.62978
-331.64522
-449.53114
-582.77152
-722.36744
-864.83492
-999.84785
-1129.1555
-1237.8204
-1321.1364
-1373.2099
-1392.0502
-1361.8083
-1278.1128
-1123.5703
-919.13625
-674.12684
-418.12602
-234.47598
-67.842314
37.787392
120.97449
171.79937
207.48241
228.55438
241.86431
249.15898
253.11911
254.86179
255.4381
255.38589
255.10897
254.79716
254.69397
7.1219843
8.4153489
14.38299
18.241894
22.882753
27.009977
30.891274
33.869687
35.314436
34.054114
28.411159
15.906778
-6.8110248
-44.178074
-101.94343
-183.06731
-298.11637
-434.68297
-590.39635
-752.39234
-918.2614
-1073.2941
-1226.6132
-1356.6807
-1459.2117
-1527.9671
-1561.6395
-1533.4746
-1442.5177
-1258.4188
-1014.2167
-712.92845
-389.0524
-187.88064
2.5529425
106.56201
188.93432
231.83245
260.29564
273.43437
279.9165
281.19039
280.20687
277.92584
275.34614
272.89351
270.8998
269.41791
268.9508
5.862343
6.7750607
13.320814
17.739453
23.420184
28.763141
34.280391
39.370581
43.610162
46.014779
45.116287
38.545217
22.8755
-6.8859283
-58.410282
-134.97839
-257.39287
-405.45531
-578.56293
-758.43702
-946.48754
-1120.3448
-1302.4036
-1455.883
-1576.0064
-1657.4319
-1712.1734
-1701.6784
-1623.3444
-1412.9264
-1120.4519
-742.13726
-316.97887
-106.12943
108.87214
200.84526
276.11014
304.49683
321.4325
323.44117
321.04666
314.95372
308.19096
301.36961
295.32391
290.28786
286.47268
283.76163
282.9081
11.202888
13.330489
23.90646
31.420048
41.071788
50.866877
61.745537
73.182977
84.94284
96.095433
105.09491
109.15043
103.93504
82.741652
33.967361
-45.139201
-192.37501
-369.91063
-578.88952
-791.53674
-1014.6099
-1209.9677
-1426.4428
-1608.4153
-1752.6924
-1863.6896
-1961.3689
-1964.8469
-1887.0105
-1624.404
-1275.5349
-802.26365
-228.31434
-24.610167
225.93418
299.42582
367.88872
379.47
384.05656
374.04063
362.28366
348.48153
335.74768
324.27853
314.71737
307.08117
301.44494
297.5118
296.27881
11.187457
12.967432
24.410906
32.40187
42.909281
53.565989
65.568327
78.429124
92.136833
106.02153
118.9394
128.56539
131.14181
120.40756
82.086337
19.092821
-139.99353
-331.62612
-563.89922
-793.35367
-1043.2162
-1249.5251
-1517.6688
-1739.2434
-1909.5482
-2020.7768
-2144.2322
-2182.3081
-2167.9795
-1888.8889
-1472.7697
-854.3657
-28.58976
136.32026
413.9296
443.22965
489.17549
471.62917
456.31351
429.59473
405.7596
382.72972
363.20604
346.67525
333.40387
323.08864
315.60664
310.4491
308.83175
14.42208
16.992432
31.541352
42.204915
56.412198
71.557574
89.383133
109.72637
133.12839
159.49868
188.31798
217.62339
243.43412
258.06077
237.97543
192.56189
-13.196316
-255.80176
-548.33816
-827.60028
-1138.7516
-1361.9506
-1680.8896
-1939.1361
-2103.8887
-2250.527
-2514.5855
-2616.4597
-2644.3424
-2224.1998
-1738.4218
-975.62069
215.82473
259.50929
596.31618
571.41785
602.09419
556.31201
523.34787
481.05696
446.06643
414.42333
388.55794
367.29345
350.55488
337.74046
328.54036
322.24588
320.27664
16.843268
19.191716
35.476933
46.942668
62.341511
78.557359
97.601699
119.25997
144.19346
172.42734
203.71517
236.50599
267.64068
291.70432
279.33756
275.99558
40.147771
-221.25849
-552.27133
-833.44817
-1175.7198
-1339.7242
-1775.5085
-2100.1069
-2354.2524
-2481.1762
-2717.6104
-2833.0723
-3026.2865
-2734.9196
-2206.9909
-1151.0753
759.1455
610.54014
923.33943
788.85384
760.54697
665.17336
600.93819
536.72769
487.12922
445.3839
412.52644
386.34287
366.13858
350.90187
340.06917
332.7095
330.40576
16.738358
19.060836
36.584491
49.381289
66.986686
86.189382
109.55609
137.39913
171.32483
212.7064
263.33287
324.43826
396.21091
479.00139
528.28293
630.60109
296.08347
-72.416161
-496.97561
-852.48088
-1306.6007
-1513.6881
-2007.3505
-2473.915
-2498.1054
-2468.46
-3217.9614
-3568.7289
-4175.4273
-3233.7746
-2580.8768
-1427.6503
1383.124
683.97179
1156.6641
916.21354
872.66748
742.7073
659.73369
580.08945
520.01587
470.62093
432.31307
402.19987
379.1804
361.9554
349.77393
341.5314
338.95578
22.637856
24.407739
45.020512
59.287855
79.070902
100.4297
126.34042
157.05387
194.29159
239.42755
294.22002
359.6964
435.06351
524.57328
550.59758
738.87664
296.91213
-73.889833
-608.71495
-891.66978
-1492.6525
-1176.2807
-2117.9499
-2449.5962
-2860.867
-3178.7677
-3477.5286
-3777.8454
-4055.0222
-4260.5549
-4105.9863
-2266.8948
2846.0763
1706.6898
1671.1614
1244.8449
1051.1001
855.71319
728.88756
626.31105
551.59104
493.40476
449.32753
415.43235
389.84625
370.88899
357.56347
348.58647
345.77931
18.112388
19.691966
38.959117
52.629252
71.980049
93.189076
119.42392
151.28014
191.18105
241.80098
307.39151
394.23099
509.62295
684.33141
847.59564
1501.2742
882.23742
139.49538
-420.66946
-916.48011
-1349.0182
-1760.9449
0
0
0
0
0
0
0
0
0
0
4071.4924
827.58689
1801.9793
1262.6567
1107.2078
893.68764
759.62137
649.46484
569.33327
507.18608
460.20375
424.22518
397.13409
377.11792
363.07353
353.6273
350.67732
29.966658
27.080569
50.970791
66.46216
89.126642
113.85175
144.61396
182.14513
229.47604
290.00946
369.04201
475.30862
611.70056
841.70785
964.74494
1630.9933
0
0
0
0
0
0
0
0
0
0
0
0
0
0
0
0
0
4397.4561
2247.3725
1711.4937
1231.5418
976.56587
796.6986
672.89814
583.36645
516.88555
467.16242
429.5981
401.47806
380.80642
366.34024
356.62971
353.59436
18.142885
19.738192
39.049266
52.746614
72.13756
93.387921
119.6739
151.59152
191.57063
242.29411
308.03147
395.09573
510.89891
686.45969
850.58089
1517.5827
882.46306
141.60981
-418.65852
-916.35843
-1351.4767
-1766.4865
0
0
0
0
0
0
0
0
0
0
4173.7173
3646.1479
2069.3049
1569.8548
1177.8211
947.62542
783.6266
666.72035
580.64069
515.90926
467.04299
429.93968
402.05593
381.51587
367.12022
357.44943
354.42946
22.757751
24.535869
45.264001
59.599743
79.479056
100.93266
126.95407
157.79184
195.17546
240.48498
295.49133
361.23593
436.96569
527.13667
553.22677
746.42109
305.24566
-66.66731
-599.74411
-887.6031
-1486.2115
-1177.2234
-2129.7912
-2465.9283
-2880.6598
-3202.9656
-3507.0273
-3812.2787
-4096.2524
-4304.0191
-4138.6089
-2277.5226
2348.4936
2182.7347
1801.8024
1431.4433
1127.8129
920.77442
766.91807
655.55046
572.48706
509.98326
462.62382
426.64662
399.56458
379.59984
365.59379
356.17914
353.23546
16.905871
19.226997
36.909436
49.810183
67.56177
86.916442
110.46523
138.5215
172.70751
214.41273
265.4538
327.09903
399.59211
483.42211
533.57126
638.99702
300.96593
-68.025594
-493.27237
-851.14308
-1305.9812
-1515.374
-2011.4116
-2479.4743
-2516.3423
-2497.8314
-3247.7383
-3606.4105
-4222.3003
-3315.1391
-2697.6829
-1732.5411
1469.3077
1484.72
1404.0233
1182.5959
991.02663
836.34388
715.58933
622.37401
550.45855
494.78074
451.78976
418.68126
393.51496
374.83767
361.67396
352.7981
350.02447
17.083241
19.448957
35.948196
47.552242
63.135837
79.537304
98.795525
120.6939
145.9073
174.47217
206.1619
239.44862
271.21759
296.1393
284.59638
283.63934
47.339978
-214.53757
-546.28783
-829.75221
-1173.5062
-1341.1431
-1781.4415
-2107.9309
-2365.7456
-2496.5514
-2734.288
-2851.1307
-3045.1431
-2756.1674
-2219.1448
-1230.6889
733.78991
922.91555
1069.7242
969.63044
864.49212
754.15164
661.48453
584.95438
523.86461
475.33755
437.2272
407.51543
384.72744
367.7061
355.6538
347.50095
344.94948
14.669267
17.261959
32.053013
42.882127
57.310154
72.680969
90.766515
111.40161
135.14099
161.90314
191.18208
221.02331
247.45558
262.78905
243.26608
198.86109
-7.7982908
-250.83528
-544.16635
-824.88492
-1137.2179
-1362.5105
-1684.3183
-1945.7006
-2115.9234
-2267.2866
-2534.0706
-2639.2721
-2670.1002
-2253.5657
-1757.1388
-994.2641
315.51213
566.70307
771.83674
757.50328
718.95012
653.79717
592.39514
536.3019
489.02153
449.79194
418.07336
392.79567
373.10283
358.22599
347.60948
340.38882
338.12971
11.505685
13.324949
25.058285
33.242146
43.999837
54.906196
67.190502
80.361085
94.419751
108.70458
122.08478
132.24598
135.44443
125.42188
87.788458
25.73858
-133.52655
-325.44927
-558.4158
-789.10562
-1040.1729
-1248.2816
-1518.3092
-1741.1333
-1913.2491
-2025.8558
-2149.3601
-2187.2585
-2171.7668
-1890.9123
-1466.973
-851.29966
31.55197
311.3286
540.32297
584.12559
591.53876
561.40554
525.22004
486.85058
452.13852
421.832
396.51107
375.83842
359.45509
346.92323
337.90207
331.7287
329.79373
11.512442
13.682721
24.56697
32.291837
42.217919
52.286556
63.471361
75.239789
87.365618
98.921031
108.36367
112.89947
108.19414
87.515945
39.171988
-39.478644
-186.90802
-364.67253
-574.18019
-787.68712
-1011.7131
-1208.4772
-1426.6661
-1610.368
-1756.6837
-1869.0566
-1966.661
-1968.6548
-1887.4077
-1618.0554
-1253.9223
-764.04448
-139.60856
132.39263
353.20626
431.64537
470.26514
469.04076
455.33024
434.04248
411.96515
390.93907
372.4142
356.7087
343.93328
333.97745
326.71904
321.70795
320.13728
6.2494467
7.2173807
14.119397
18.775965
24.761369
30.404505
36.255105
41.703365
46.337199
49.17492
48.753365
42.70225
27.589993
-1.5988187
-52.60036
-128.68051
-251.04395
-399.18842
-572.62361
-753.04186
-941.67635
-1116.2752
-1299.0268
-1452.9545
-1573.477
-1654.7711
-1708.4851
-1696.1971
-1614.5238
-1398.6392
-1095.8023
-705.24114
-247.69088
5.5359029
211.33493
309.23764
367.42782
387.07148
390.60601
383.36091
372.18222
359.53751
347.37555
336.46588
327.25902
319.89938
314.44161
310.62911
309.4308
7.486006
8.8333679
15.164822
19.270303
24.227855
28.664735
32.886041
36.222853
38.053044
37.20353
31.996781
19.948113
-2.3044818
-39.218311
-96.584708
-177.36416
-292.3277
-428.90692
-584.81261
-747.15771
-913.44692
-1069.023
-1222.8638
-1353.2359
-1455.7623
-1523.7213
-1555.3587
-1523.7718
-1427.4257
-1235.2563
-978.68496
-662.80465
-314.24337
-86.671009
99.856143
206.40858
276.41579
311.48755
328.89655
333.76086
332.40933
327.59975
321.54333
315.33169
309.67609
304.93186
301.30499
298.72002
297.90703
1.4745743
1.5939015
3.8505325
5.1258907
6.6186357
7.4412805
7.5698251
6.3965706
3.2802348
-2.8272962
-13.370952
-30.387235
-56.54434
-95.248497
-150.63218
-225.24326
-325.034
-442.78426
-576.00631
-715.66092
-858.18951
-993.25848
-1122.5042
-1230.8757
-1313.6078
-1364.5181
-1381.3959
-1348.1188
-1259.8578
-1098.7129
-884.61314
-627.77093
-353.88139
-151.99258
15.873407
124.45608
200.57421
245.94773
273.50098
287.88179
294.6557
296.60897
296.00387
294.10535
291.78228
289.53436
287.67647
286.28779
285.84712
2.9462583
3.3308266
4.9208778
5.3858643
5.5227007
4.7325194
2.7879935
-0.92851511
-7.1736216
-17.039203
-31.966406
-53.83801
-84.957848
-128.01736
-185.90075
-260.28738
-353.92922
-461.98664
-581.68178
-706.1846
-831.47837
-949.90792
-1060.0883
-1151.67
-1219.7606
-1258.0827
-1262.3169
-1222.1948
-1135.4171
-994.0387
-811.97275
-599.4339
-377.86224
-200.06336
-49.598906
56.983407
135.65111
187.88029
223.02234
245.06371
258.70533
266.59113
270.9061
272.98979
273.79956
273.93239
273.7808
273.55667
273.48291
-2.7586575
-3.4039725
-5.4572665
-7.2938482
-9.8922113
-13.346414
-18.15571
-24.832181
-34.109056
-46.936285
-64.551854
-88.513088
-120.67659
-163.13043
-217.98194
-286.48896
-369.99733
-465.30895
-569.83482
-678.33358
-786.84215
-889.24642
-982.60081
-1059.1999
-1114.5867
-1143.5863
-1142.3969
-1104.0413
-1026.1361
-905.03725
-750.87829
-573.51806
-390.31523
-233.88915
-98.916343
3.3820246
82.083708
138.30561
178.67163
206.48265
225.60258
238.42891
246.97936
252.58203
256.21727
258.53079
259.95934
260.82179
261.08594
-1.6424475
-2.1877606
-5.1198225
-7.9743639
-12.1254
-17.364767
-24.344909
-33.528453
-45.676921
-61.680346
-82.660689
-109.93704
-144.98835
-189.34843
-244.39895
-310.81582
-388.93053
-476.28763
-570.41035
-667.07458
-762.57308
-851.92787
-931.74358
-996.03163
-1040.5994
-1060.8786
-1053.4155
-1013.8915
-941.27568
-834.76044
-702.00133
-551.51206
-396.81899
-258.77301
-137.31852
-40.332474
36.988522
95.349476
139.31584
171.51897
195.05719
212.03089
224.24686
232.96914
239.15889
243.47639
246.37726
248.26502
248.85525
-6.4493371
-7.7555164
-13.675247
-18.267933
-24.457493
-31.566094
-40.477871
-51.548859
-65.517207
-83.155167
-105.43436
-133.44966
-168.39146
-211.43361
-263.55089
-325.13938
-396.09665
-474.50367
-558.10441
-643.41204
-727.03021
-804.752
-873.15198
-927.45515
-963.98967
-978.97166
-969.5136
-932.55672
-867.4088
-774.52455
-659.94587
-531.0151
-398.34886
-275.97177
-166.23873
-74.96167
0.054009191
59.131783
105.33267
140.68935
167.63633
187.9618
203.24133
214.63708
223.05783
229.14972
233.3659
236.17445
237.04956
-5.887121
-7.226963
-14.178291
-19.848279
-27.580008
-36.385634
-47.263284
-60.482421
-76.761192
-96.771097
-121.34415
-151.35638
-187.70652
-231.20365
-282.41959
-341.43128
-407.80329
-479.87999
-555.57984
-631.94233
-705.9065
-773.87298
-832.60364
-878.15327
-907.27877
-916.83792
-904.53168
-868.48077
-808.59244
-726.02261
-625.60182
-513.44015
-397.80593
-288.50958
-188.7714
-103.06198
-30.736726
28.200615
75.719497
113.334
142.91847
165.95982
183.80534
197.49876
207.87921
215.56087
220.97895
224.64803
225.80507
-9.6076697
-11.450443
-20.707817
-27.628252
-36.832995
-46.923996
-59.094957
-73.520313
-90.901994
-111.81937
-136.99567
-167.15079
-202.99311
-245.10973
-293.84503
-349.11229
-410.33588
-476.0628
-544.39233
-612.76064
-678.41555
-738.23154
-789.24876
-828.16798
-852.17536
-858.65136
-845.72746
-812.08694
-757.85904
-684.46881
-595.90342
-497.29938
-395.21846
-296.87128
-205.66314
-125.19294
-55.722141
2.4834967
50.612963
89.748249
121.30206
146.48339
166.42294
182.03767
194.08544
203.13506
209.59255
214.0054
215.3909
-9.5414776
-11.476099
-21.788
-29.694332
-40.25879
-51.781085
-65.546125
-81.630468
-100.70119
-123.23725
-149.84194
-181.06893
-217.42809
-259.28317
-306.75893
-359.60515
-417.13646
-478.0178
-540.4987
-602.31987
-661.00987
-713.8287
-758.10803
-791.04439
-810.21488
-813.47441
-799.37966
-767.14168
-717.12161
-650.82515
-571.56403
-483.61577
-392.22166
-302.87423
-218.82383
-143.06465
-76.365079
-19.189473
29.096842
69.224492
102.23335
129.08805
150.7257
167.94208
181.41485
191.66526
199.06674
204.19059
205.83585
-12.251484
-14.454427
-26.462871
-35.222498
-46.823002
-59.21303
-73.840494
-90.699642
-110.4477
-133.49289
-160.36094
-191.49737
-227.28707
-267.95649
-313.50079
-363.57989
-417.46409
-473.91376
-531.31151
-587.6343
-640.64998
-687.92838
-727.07209
-755.6603
-771.58476
-773.04398
-758.87696
-728.56161
-682.557
-622.3469
-550.75296
-471.39726
-388.56686
-306.62218
-228.55788
-156.94728
-92.833382
-36.826161
11.318297
52.051186
86.115312
114.26517
137.26735
155.80319
170.47031
181.73799
189.94034
195.65867
197.49688
-12.525397
-14.777732
-27.737809
-37.277077
-49.950048
-63.419898
-79.216907
-97.243315
-118.12581
-142.19127
-169.87809
-201.51869
-237.37289
-277.53648
-321.88692
-370.00365
-421.1242
-474.07559
-527.35182
-579.11804
-627.34787
-669.86759
-704.52606
-729.21759
-742.11911
-741.73805
-727.1669
-698.11871
-655.12998
-599.61263
-533.99215
-461.35227
-385.25467
-309.26866
-236.1057
-168.0297
-106.21891
-51.385001
-3.5572429
37.498174
72.29203
101.40505
125.46123
145.04371
160.68244
172.80656
181.72377
188.03705
190.18914
-14.462907
-16.709007
-30.863565
-40.919355
-54.284502
-68.308916
-84.660896
-103.17137
-124.46309
-148.81101
-176.60151
-208.09568
-243.47502
-282.75336
-325.73592
-371.9554
-420.63778
-470.66311
-520.61518
-568.8025
-613.36149
-652.31595
-683.71107
-705.67347
-716.59004
-715.1827
-700.71181
-673.01916
-632.67179
-581.00264
-520.14846
-452.79389
-381.98019
-310.73333
-241.51483
-176.3643
-116.51963
-62.761541
-15.308024
25.90992
61.22577
91.080746
115.9825
136.43093
152.89613
165.76976
175.3292
182.16367
184.59046
-14.956714
-17.070833
-31.985518
-42.539667
-56.641129
-71.370834
-88.477805
-107.71618
-129.69022
-154.61848
-182.83249
-214.52449
-249.80407
-288.6137
-330.6985
-375.5539
-422.39935
-470.15561
-517.47953
-562.79288
-604.36527
-640.38044
-669.04943
-688.68841
-697.86317
-695.47314
-680.91444
-654.1285
-615.69929
-566.88292
-509.59227
-446.20538
-379.38121
-311.76205
-245.60101
-182.77247
-124.53278
-71.707577
-24.643461
16.606617
52.243628
82.6001
108.09193
129.15242
146.20469
159.62027
169.6702
176.94702
179.96551
-16.568055
-18.134159
-33.854737
-44.607042
-59.113862
-74.14323
-91.563721
-111.06897
-133.26491
-158.33668
-186.58606
-218.16451
-253.13869
-291.40766
-332.68009
-376.42952
-421.87388
-467.96264
-513.4042
-556.69862
-596.20874
-630.22868
-657.08428
-675.2184
-683.31543
-680.39099
-665.93011
-639.93739
-603.00153
-556.31415
-501.63409
-441.12717
-377.19294
-312.21743
-248.29924
-187.19758
-130.16892
-78.066366
-31.320066
9.9327293
45.800964
76.540321
102.50273
124.07719
141.6585
155.61855
166.24729
174.09072
178.141
-17.264811
-18.346774
-34.557357
-45.503634
-60.391226
-75.762677
-93.553338
-113.40598
-135.91992
-161.25055
-189.67353
-221.30763
-256.18674
-294.17842
-334.96613
-378.00915
-422.52604
-467.4868
-511.63665
-553.53037
-591.5968
-624.20804
-649.7728
-666.82447
-674.13424
-670.80356
-656.37233
-630.86259
-594.8607
-549.52631
-496.51723
-437.86166
-375.79355
-312.53807
-250.09048
-190.13606
-133.92566
-82.328396
-35.825394
5.3917526
41.371839
72.318251
98.537611
120.38488
138.22584
152.43195
163.32694
171.08981
176.44866
-19.696183
-18.627337
-35.326952
-46.173127
-61.206628
-76.659334
-94.552715
-114.48985
-137.07531
-162.45122
-190.88412
-222.47932
-257.25713
-295.07141
-335.59439
-378.27871
-422.34283
-466.76562
-510.30877
-551.55179
-588.9537
-620.92214
-645.90334
-662.47066
-669.43191
-665.91592
-651.48306
-626.21029
-590.69523
-546.04981
-493.88253
-436.15325
-375.01662
-312.62088
-250.9099
-191.53256
-135.735
-84.393168
-38.011709
3.1919613
39.238234
70.30633
96.683682
118.71464
136.76053
151.24004
162.53231
170.12804
181.6151
841.33987
864.75343
911.90534
931.83195
915.72573
882.23742
823.93675
763.14949
688.81358
619.25019
-450.69301
-441.29277
-435.74292
-420.66946
-419.59573
-403.50304
-407.50854
-393.06071
-401.87998
-395.71416
-614.96403
-605.78331
-600.9604
-584.76423
-583.3679
-564.02906
-566.48118
-545.95437
-551.03189
-533.6153
-781.65954
-770.75853
-764.41499
-745.2538
-742.54415
-719.65756
-721.21539
-696.49287
-702.94091
-682.39276
-933.50414
-922.33057
-916.48011
-895.89484
-893.0528
-867.04502
-867.42939
-837.00664
-839.57728
-800.80405
-1089.1636
-1075.7485
-1068.2802
-1044.6312
-1041.006
-1012.0478
-1013.0206
-981.21825
-988.21029
-960.24032
-1228.7152
-1214.5566
-1207.2896
-1181.8333
-1178.1558
-1145.6771
-1145.3394
-1107.0772
-1108.7399
-1063.3395
-1363.1472
-1349.0182
-1342.8255
-1316.0559
-1313.0402
-1277.7767
-1277.7999
-1235.6454
-1236.1636
-1188.5459
-3232.3736
-3168.6461
-3164.1522
-3068.1085
-3076.15
-2956.3936
-2967.9639
-2830.1381
-2836.5133
-2676.5079
-1623.8054
-1607.7803
-1602.4853
-1571.8622
-1570.2251
-1528.9415
-1530.3382
-1479.9505
-1482.2211
-1423.0848
-1760.9449
-1741.7856
-1734.9532
-1700.2848
-1698.0151
-1652.4415
-1654.0895
-1599.4218
-1603.0271
-1542.5796
-1892.2737
-1870.157
-1862.3541
-1824.0095
-1821.6286
-1771.5751
-1773.1786
-1712.7459
-1715.4352
-1644.9371
-2011.853
-1989.4087
-1983.3065
-1943.279
-1942.7658
-1889.6145
-1892.972
-1828.2593
-1830.3685
-1750.7587
-2134.5688
-2110.6964
-2105.5915
-2062.8978
-2063.919
-2007.5334
-2014.0484
-1948.103
-1959.6398
-1901.3646
-2264.4513
-2236.2472
-2229.5375
-2181.3935
-2181.3575
-2117.9499
-2122.0971
-2044.3682
-2047.5594
-1952.2197
-2385.5385
-2355.2404
-2349.4693
-2297.9978
-2299.5876
-2231.9104
-2238.2412
-2156.06
-2161.1381
-2061.0138
-2505.822
-2473.277
-2468.6037
-2413.4138
-2416.7233
-2344.6908
-2354.354
-2270.1012
-2285.5239
-2204.8437
-2632.3368
-2594.7129
-2588.7481
-2527.1422
-2529.7485
-2449.5962
-2457.0787
-2360.334
-2367.0689
-2249.1137
-2751.152
-2710.2753
-2705.1361
-2638.7095
-2643.0011
-2557.0092
-2566.4946
-2464.0004
-2471.685
-2350.267
-2866.4108
-2822.5409
-2818.9227
-2747.5828
-2754.1579
-2662.4763
-2675.3067
-2568.9966
-2584.6445
-2476.2378
-2982.6779
-2934.1623
-2931.2497
-2853.2881
-2860.867
-2760.8571
-2773.3194
-2655.8733
-2667.0931
-2534.8529
-3099.0354
-3045.9389
-3044.4777
-2959.367
-2968.0937
-2859.2175
-2871.8339
-2744.9542
-2755.6938
-2612.9747
-1506.5792
-1488.9225
-1480.4426
-1449.7823
-1446.0922
-1407.3206
-1408.1346
-1363.1221
-1367.5535
-1322.1246
353.95676
358.09599
359.84373
366.06542
360.21172
357.97687
339.4847
324.8284
293.56197
264.37183
-266.74521
-258.85447
-254.95529
-242.88273
-243.51779
-231.25069
-236.74636
-226.71672
-235.68238
-230.41225
542.46049
550.14239
575.12858
594.98341
594.88746
587.99069
559.78218
529.42314
483.43324
433.91614
122.67262
129.72127
133.43799
142.33754
139.49538
143.92444
132.73426
129.80398
111.7978
104.65764
-77.737573
-70.218228
-66.70639
-56.827004
-59.313424
-51.992078
-61.810854
-61.492139
-80.876342
-100.28713
2692.5338
4097.636
4164.6017
4173.7173
3954.7956
3669.0614
3332.7762
2984.8443
2625.1408
2206.9873
-3160.7086
-1393.9557
-1103.9972
-395.65594
-86.48388
190.38888
330.7033
407.52763
429.52546
396.45997
-3332.7152
-3267.8349
-3268.525
-3166.6679
-3178.7677
-3050.5863
-3064.2856
-2918.7643
-2925.4535
-2764.0777
-3459.3952
-3385.0014
-3385.6582
-3272.6509
-3285.7114
-3145.8372
-3159.4529
-3003.0375
-3004.4799
-2833.585
-3582.7185
-3499.126
-3500.9195
-3376.5569
-3391.5521
-3239.7024
-3254.5339
-3088.0708
-3088.9099
-2920.6147
-3704.5856
-3611.3129
-3614.5586
-3477.5286
-3494.2597
-3328.5464
-3342.9368
-3162.278
-3158.7284
-2976.4818
-3823.9934
-3720.8878
-3726.8531
-3576.2851
-3595.2928
-3414.7648
-3428.2628
-3232.6513
-3224.7418
-3021.0047
-3951.2451
-3835.2042
-3843.3359
-3676.8635
-3697.9093
-3501.2095
-3513.2127
-3302.7609
-3288.3096
-3065.1186
-4080.5187
-3950.2288
-3961.4365
-3777.8454
-3802.077
-3589.1848
-3601.0929
-3378.3904
-3358.8052
-3126.2045
-4208.2913
-4062.688
-4078.2722
-3875.9593
-3904.0951
-3674.3115
-3686.7709
-3454.2042
-3435.7613
-3215.6338
-4339.5172
-4174.3506
-4193.6037
-3968.7428
-3999.3023
-3748.8949
-3756.8512
-3506.9237
-3472.957
-3215.096
-4465.4754
-4279.359
-4304.3563
-4055.0222
-4089.2007
-3818.2294
-3823.5272
-3562.6037
-3520.6034
-3277.0131
-4595.6741
-4381.2581
-4410.2739
-4131.0528
-4166.9675
-3872.322
-3871.0009
-3594.9644
-3537.397
-3280.8062
-4702.1556
-4459.8824
-4497.582
-4186.6945
-4225.6216
-3907.3738
-3898.7153
-3611.0731
-3542.058
-3290.8403
-4809.4168
-4527.9651
-4572.9216
-4222.6061
-4260.5549
-3915.2351
-3891.916
-3588.5039
-3496.0937
-3230.9641
-4902.0058
-4571.9592
-4625.1258
-4228.8129
-4262.8922
-3890.2073
-3847.9464
-3534.6498
-3425.9017
-3158.1429
-4971.4047
-4579.9821
-4642.3971
-4192.1508
-4216.7582
-3815.6487
-3744.194
-3418.61
-3271.2847
-2975.7415
-5004.9218
-4535.3062
-4609.7466
-4098.0245
-4105.9863
-3680.4549
-3576.0272
-3253.9542
-3087.9685
-2847.8052
-5008.2949
-4424.5631
-4505.3377
-3917.9742
-3889.8759
-3439.2844
-3278.3291
-2945.2228
-2727.1269
-2435.2446
-4942.7484
-4196.6439
-4277.8992
-3613.5149
-3529.106
-3072.4424
-2861.3815
-2540.5168
-2301.5444
-2050.2846
-4783.2964
-3803.4566
-3866.809
-3138.4442
-2968.3066
-2519.6305
-2266.8948
-1972.205
-1747.197
-1569.0016
-4595.694
-3241.0228
-3182.4927
-2388.0888
-2084.5011
-1642.5107
-1356.9997
-1090.91
-888.37068
-742.56306
-3312.3606
-1510.344
-1207.8487
-476.05591
-147.89552
150.1139
311.66127
411.20907
455.03875
452.5952
2502.8466
3949.7201
4041.3318
4071.4924
3869.7509
3599.0777
3276.1023
2938.1747
2588.7572
2205.0934
10080.858
8809.971
7884.5801
6978.8714
6190.6238
5498.6353
4896.1508
4364.3526
3866.7906
3437.5054
10083.821
8840.7217
7923.8012
7022.7597
6234.506
5539.548
4932.4596
4397.4561
3894.7838
3430.4766
888.07014
1280.6026
1351.5812
1291.429
1201.0023
1091.3254
985.76866
879.31795
781.54124
799.48815
1473.9012
1586.2723
1513.7835
1429.4781
1325.6973
1214.482
1100.6243
982.46554
-4517.6577
-3182.8267
-3124.3304
-2346.9031
-2052.5036
-1625.4931
-1353.48
-1103.1349
-915.61887
-784.34299
-4750.7801
-3782.1454
-3843.2102
-3127.6246
-2960.2226
-2522.6004
-2277.5226
-1993.8939
-1779.9445
-1613.0891
-4937.5849
-4198.8161
-4277.843
-3622.7402
-3538.3761
-3090.8965
-2883.9308
-2571.5377
-2340.238
-2098.0008
-5022.1954
-4443.3614
-4521.7275
-3941.2386
-3912.7036
-3469.7774
-3310.8898
-2985.2497
-2773.2633
-2490.7492
-5031.5209
-4565.2574
-4637.5724
-4131.4303
-4138.6089
-3719.0245
-3615.5094
-3299.86
-3138.4911
-2905.5213
-5005.9616
-4616.9116
-4677.549
-4231.7943
-4255.1633
-3858.9207
-3787.7332
-3467.1527
-3322.8178
-3033.5849
-4941.1717
-4612.8443
-4664.5491
-4271.8774
-4304.5639
-3935.9454
-3893.3879
-3584.1168
-3477.0467
-3214.156
-4850.9723
-4570.8083
-4614.6239
-4267.3523
-4304.0191
-3962.3648
-3938.7125
-3639.3342
-3548.8946
-3290.2608
-4744.2259
-4502.9305
-4539.7221
-4231.3417
-4269.0183
-3953.9189
-3944.5381
-3660.2932
-3591.8795
-3345.8479
-4636.8729
-4423.2249
-4451.5066
-4174.353
-4209.0531
-3917.1148
-3914.7721
-3641.7582
-3584.059
-3332.5184
-4505.0084
-4319.5058
-4343.8858
-4096.2524
-4129.2338
-3860.5589
-3864.5101
-3606.1185
-3562.9444
-3323.1862
-4377.03
-4212.379
-4231.1149
-4007.6921
-4037.1241
-3788.7513
-3795.2597
-3547.7535
-3512.3517
-3258.8733
-4243.7046
-4098.5472
-4113.686
-3912.6073
-3939.6808
-3711.7085
-3722.6327
-3492.2938
-3472.0594
-3255.521
-4113.8803
-3983.9891
-3994.8012
-3812.2787
-3835.4919
-3624.1924
-3634.4695
-3413.6788
-3391.9784
-3161.9007
-3982.8006
-3867.1284
-3874.9205
-3709.4203
-3729.5525
-3534.3575
-3544.8551
-3336.306
-3320.0236
-3099.5716
-3853.9704
-3751.2128
-3756.8984
-3607.2434
-3625.462
-3446.3969
-3458.5747
-3264.8883
-3255.4507
-3054.3924
-3733.0955
-3640.1571
-3643.182
-3507.0273
-3523.102
-3358.8412
-3372.157
-3193.527
-3189.0483
-3009.7787
-3609.7278
-3526.449
-3528.0552
-3404.504
-3418.9109
-3268.4107
-3282.2542
-3117.6042
-3117.5758
-2951.4196
-3484.8596
-3410.7566
-3411.2462
-3298.9806
-3311.5
-3172.856
-3185.5554
-3030.7419
-3031.4302
-2862.3685
-3356.6341
-3292.0193
-3292.5559
-3191.3716
-3202.9656
-3075.8908
-3088.7202
-2944.5917
-2950.4248
-2790.7074
-3254.7259
-3191.2665
-3186.6529
-3091.249
-3098.8528
-2980.1438
-2990.9642
-2854.5446
-2860.2308
-2702.6117
-3119.9342
-3067.0765
-3065.4941
-2980.9575
-2989.2606
-2881.3136
-2893.1435
-2767.4608
-2777.0306
-2636.1056
-3002.1547
-2953.8688
-2950.8593
-2873.4465
-2880.6598
-2781.5581
-2793.3318
-2677.1911
-2687.4151
-2557.5939
-2884.4935
-2840.8459
-2837.1575
-2766.3512
-2772.6201
-2681.8412
-2694.0674
-2589.1172
-2603.8547
-2497.7399
-2767.817
-2727.1605
-2721.9786
-2656.0781
-2660.1261
-2575.053
-2584.0677
-2483.0627
-2490.3123
-2371.6088
-2647.4863
-2610.071
-2604.0609
-2542.9318
-2545.2759
-2465.9283
-2472.8432
-2377.2716
-2383.1403
-2266.8243
-2519.4699
-2487.1144
-2482.3863
-2427.6263
-2430.6594
-2359.3445
-2368.4011
-2285.1646
-2299.5817
-2220.3194
-2397.7453
-2367.6347
-2361.8245
-2310.7764
-2312.1313
-2245.1767
-2251.0084
-2169.9437
-2174.3478
-2076.2173
-2275.2515
-2247.2326
-2240.4944
-2192.7596
-2192.5092
-2129.7912
-2133.4588
-2056.7717
-2059.2053
-1965.5976
-2144.0221
-2120.3185
-2115.1812
-2072.8699
-2073.6807
-2017.9383
-2023.9742
-1958.9819
-1969.7155
-1912.7815
-2019.9756
-1997.6996
-1991.5795
-1951.9315
-1951.2427
-1898.7403
-1901.713
-1838.0238
-1839.6695
-1761.8249
-1899.0521
-1877.1083
-1869.2962
-1831.3152
-1828.7627
-1779.3053
-1780.5051
-1720.9462
-1723.0021
-1653.8126
-1766.4865
-1747.4872
-1740.6389
-1706.3083
-1703.8644
-1658.8375
-1660.0788
-1606.2025
-1609.151
-1549.9234
-1628.2136
-1612.3316
-1607.0129
-1576.7045
-1574.8942
-1534.1183
-1535.1103
-1485.4488
-1486.9876
-1429.007
-1509.8421
-1492.3505
-1483.8785
-1453.5484
-1449.7254
-1411.4737
-1411.9547
-1367.7221
-1371.6129
-1327.5037
-1365.4595
-1351.4767
-1345.2862
-1318.8325
-1315.6945
-1280.9267
-1280.6241
-1239.1659
-1239.0593
-1192.3542
-1230.092
-1216.0882
-1208.8469
-1183.7207
-1179.9641
-1148.0061
-1147.4356
-1109.9512
-1111.2283
-1067.1518
-1089.6466
-1076.3916
-1068.9692
-1045.661
-1041.9935
-1013.567
-1014.3707
-983.36131
-990.06395
-963.33761
-933.18898
-922.16271
-916.35843
-896.1072
-893.2462
-867.77378
-868.06709
-838.48191
-841.08565
-803.70244
-780.48244
-769.72854
-763.42733
-744.56834
-741.80785
-719.3563
-720.72192
-696.53128
-702.6643
-682.40063
-613.06777
-604.01931
-599.22348
-583.29692
-581.82815
-562.85167
-565.06768
-544.9272
-549.54354
-532.50489
-448.20995
-438.95488
-433.45322
-418.65852
-417.54091
-401.80759
-405.61848
-391.57424
-399.94624
-394.35819
-263.95946
-256.20593
-252.36336
-240.57698
-241.20224
-229.3065
-234.65373
-225.05311
-233.57365
-228.89607
-74.814851
-67.444113
-64.021812
-54.459056
-56.993865
-50.089422
-59.853346
-60.055115
-79.185973
-99.247622
125.49819
132.39393
135.99294
144.55174
141.60981
145.58163
134.35301
130.81088
112.87053
104.71999
356.37106
360.39174
362.00846
367.9077
361.9494
359.26308
340.69236
325.40339
294.19089
264.12359
544.56143
551.98717
576.75916
596.3382
596.20719
588.93546
560.66951
529.6875
483.69824
433.28104
841.81165
864.82323
912.1042
932.0781
916.24545
882.46306
823.96977
762.13276
687.00126
615.53992
1061.0034
429.45895
2299.4744
2177.0706
1937.4745
1844.3598
1744.2323
1630.9933
1509.2166
1448.0414
918.84344
1989.144
1980.7629
1831.4043
1753.3336
1669.0971
1577.0925
1484.3592
1447.0469
920.08032
1992.1294
1986.1774
1839.0902
1762.4343
1679.2962
1588.2539
1497.2
1459.0237
798.61221
1474.0174
1586.1533
1513.4915
1428.3656
1323.6462
1210.9681
1095.2749
973.14853
887.04311
1279.8667
1351.536
1292.42
1202.3547
1093.0909
987.2892
880.78236
780.27905
80.006829
-94.850214
992.20769
1300.4174
-2482.7734
-2420.2475
1476.0655
-1421.094
-1412.3399
974.32047
-2547.4373
-2439.431
-2541.8473
-2573.6807
1445.5892
-1375.9882
-1527.6925
1154.697
964.74494
1813.5322
296.08347
300.96593
-2442.4638
-2413.4864
1531.837
-4.8981618
-3.4103165
1320.1317
1187.2023
-35.358695
-36.527163
486.72903
487.96498
1354.6597
1548.6084
-2601.6266
-2557.6597
-245.21705
-246.21873
-2232.8274
-2211.5152
-2953.6035
-2991.2632
1431.4433
-1117.3756
-1114.591
964.74494
-2231.6991
-2270.9605
-2169.6219
-2254.5441
-2064.5254
-2039.8483
-2628.7888
-2713.0014
-1758.1528
-1773.6564
-1412.2667
-1419.0215
-1964.8259
-1982.2713
-1713.9777
-1700.8061
1943.456
-1530.0446
-1542.1268
-2274.2462
-2245.4659
-2814.6887
-2888.3026
-2642.4223
-2719.816
1914.7444
-2764.6641
-2728.5647
612.88261
616.58912
-1069.1658
-1261.7556
-2622.5106
-2663.5258
-1279.7183
-1270.3042
-753.57699
-550.52133
-1600.3329
-1613.0151
-1819.8046
-1754.7181
-1933.9859
-1918.5496
-1381.8346
-1388.9392
-1082.2157
-1079.0665
-853.02908
-860.97358
2281.8797
-279.34654
-158.22953
1883.3012
-1661.5667
-1673.3884
-1375.2526
-1368.4209
-1647.8098
-1635.9423
1262.6567
-1680.7944
1569.8548
-1789.0198
-1204.363
-1196.8433
-2175.2446
-2203.3102
-10.847721
-13.184299
480.7268
250.83074
-978.54776
-976.40671
243.98086
249.15187
2014.0401
-1745.2694
-1760.4546
1846.8939
550.59758
553.22677
-1991.3402
-2009.3216
-1535.4639
-2501.5851
-2540.3963
-1367.8563
-1521.0536
-1534.9889
69.213149
70.32751
1857.87
-982.05235
-867.52197
-1456.908
-1448.6438
-1492.9949
-1504.4903
-1910.8525
-1932.7006
-2722.4845
-2762.9441
1998.2378
-2155.1246
-2184.7575
1565.0594
1348.1396
1182.5959
-2645.2767
-2562.4537
-1532.2802
-1539.9571
-1189.9064
-1195.2187
556.05874
550.54713
-349.0553
-340.25421
-2475.0017
-2442.0536
-120.66171
-307.88802
-1064.0416
-1060.0813
923.33943
-2459.3294
-2491.6151
-2567.2605
-2602.1658
1711.4937
-1845.8804
-1863.583
2175.402
1605.6251
1069.7242
-3104.7606
-3059.3571
-2246.5613
-2218.4787
-2385.7896
-2340.6871
1717.1103
-423.97953
-427.59729
1711.4937
-292.47267
-286.93689
-2467.0658
-2417.8255
-2483.437
-2450.5203
-818.6328
-826.74575
-2149.3601
-2144.2322
553.22677
-827.60028
-824.88492
1851.599
-702.07914
-700.67529
385.69929
386.28019
-1247.9696
-1242.7971
1937.2815
-2546.4725
-2513.2001
1717.035
550.59758
-3031.2494
-3103.4645
-2502.4842
-2590.2292
-1960.5148
-1833.7243
1644.89
-465.47251
-385.32644
-2775.4515
-2836.3719
-779.92053
-771.21085
-1902.2913
-1883.3319
-936.02239
-926.33292
-2556.4046
-2535.1475
-998.03501
-993.6164
-715.43892
-710.83936
-824.88492
-827.60028
2438.7702
-409.5249
-406.80877
-2707.9722
-2755.0611
2192.6968
-2379.0951
-2412.8739
-673.37846
-672.29105
-841.20362
-852.61736
-2182.3081
-2187.2585
1321.8272
-2734.9743
-2658.6589
-1436.3743
-1443.7639
630.60109
638.99702
-776.34208
-766.25835
-2310.7593
-2345.2262
-2306.1762
-2329.5948
-2499.8595
-2545.2022
-2049.8653
-2167.5337
-2014.3241
-2111.0021
-2556.9304
-2528.9701
-3037.7671
-3004.0178
-2800.3634
-2767.0435
-2385.7267
-2415.1485
-2074.2388
-2118.3902
-2103.8887
-2115.9234
-1301.9445
-1299.1619
-2149.3601
-2144.2322
-350.76768
-347.92611
-2336.4126
-2311.8276
1244.8449
879.11574
895.33439
-3032.3785
-628.91404
-3080.8535
-629.11828
-2761.4235
-2724.0646
-2271.8688
-2243.7537
-2381.9474
-2287.8773
93.493339
93.217258
-430.65702
-428.87796
-2160.0579
-2134.7628
-2326.5231
-2363.4964
-531.7109
-532.0262
694.80302
-233.99377
-230.59337
-1760.0846
-1779.1815
904.98718
-1145.7862
-2187.31
-2217.543
-2563.7826
-2495.7571
-1244.2129
-2263.3717
-2217.9613
-2997.0865
-2963.6652
-594.03463
-581.92227
-2102.4472
-2079.1435
-2830.9238
-2874.2092
-278.69445
-281.32068
-2361.8285
-2391.5543
-2374.0585
-2409.7396
-2211.5423
-2107.5115
-530.65342
-527.60584
221.3032
222.10097
-2025.8558
-2020.7768
-1688.3444
-1675.5618
-703.8665
-700.98348
-558.76651
-560.12254
-2312.9199
-2414.0859
-2670.1002
-2644.3424
-1645.7847
-1633.5573
-154.34469
-152.65415
610.54014
922.91555
-2839.6732
-2803.7604
1156.6641
-484.65202
-485.8029
-2604.4764
-2668.6187
-2253.5657
-2224.1998
1404.0233
-3169.6815
-3212.3742
-2294.3491
-2333.2232
-2769.6471
-2849.6814
-1738.4218
-1757.1388
-2680.6744
-2734.324
916.21354
-221.25849
-214.53757
-2574.2513
-2605.2204
-2626.0679
-2661.2864
-1429.8922
-1425.7563
-1738.4218
-1757.1388
-1796.2534
-1776.8591
-2090.1694
-2120.8505
-3192.5895
-3137.2523
630.60109
638.99702
-1090.7374
-1084.5173
-2111.5462
-1999.6433
-753.14007
-754.81035
76.597272
77.48429
-67.702445
-67.195693
-1919.5152
-1935.9402
-2805.1653
-2767.0705
671.64799
414.06213
-2498.5687
-2465.8384
-2455.6177
-2370.9317
-2105.4995
-2084.3472
-2418.6948
-2331.379
-1909.8734
-1781.6543
-1558.0899
-2299.3587
-2265.8604
-971.8375
-966.71042
1380.4027
-972.71036
-978.36192
1431.4433
-1472.8178
-2392.8718
-2418.1328
-2451.6759
-2486.1778
1069.7242
-2460.9152
-2566.6429
923.33943
-277.29064
-275.8217
-1553.8958
-1569.2856
-607.37562
-721.75121
-1844.2984
-1827.7924
675.63288
680.79624
-2462.263
-2520.376
-1025.7113
-1028.9578
1407.4681
-2002.2179
-1985.5192
-1453.5492
-1463.642
918.96674
-2177.5298
-2198.4694
-1221.1128
-1227.7039
925.99138
-238.55722
-242.9396
1290.3298
-1676.1802
-1691.2571
297.80101
297.66344
1539.4686
-552.27133
-546.28783
-2702.9744
-2676.534
-1176.138
-1170.1054
215.82473
315.51213
1803.9293
1436.1269
-2940.077
-2891.5048
610.54014
922.91555
-224.98181
-226.21012
-2954.5958
-2918.4408
-2187.2585
-2182.3081
-1327.2618
-1336.6763
-1372.9473
-1205.8481
-1579.7459
-1566.882
-1290.491
-1285.4369
-872.60884
-868.11912
-1941.2519
-1953.3641
1529.1022
2662.6941
-173.72912
-343.91617
-2890.7275
-2825.9278
1678.3709
417.1988
237.62234
-3094.5188
-3025.5446
-2677.1217
-2709.6713
1696.0157
-1772.6475
-1761.112
-1362.5105
-1361.9506
-1684.3183
-1680.8896
-1359.6419
-1353.1036
-1137.2179
-1138.7516
-1362.5105
-1361.9506
-1684.3183
-1680.8896
-1945.7006
-1939.1361
-2677.1855
-2643.0528
3.5445726
4.535561
-1939.1361
-1945.7006
-1138.7516
-1137.2179
1330.0016
1235.0427
1262.6567
-2254.2376
-2270.1697
-2067.6982
-2082.7871
-2525.5715
-2436.5677
506.05085
1826.0124
1937.4379
-2374.5379
-2351.2415
-2060.5998
-2080.1382
-2565.8216
-2661.6299
2001.0685
-2594.3724
-2517.6944
-2409.6736
-2431.0601
498.69502
1895.5051
-1041.2276
-1037.4146
2612.4595
-2136.4519
-2110.0184
-2412.156
-2451.5114
-1369.9723
-1360.6716
1244.8449
-1796.4572
-1808.9522
668.92596
667.97375
-2290.734
-2340.368
-1602.6308
-1588.0619
1109.3135
1235.5702
-1857.0958
-1835.9501
847.59564
1828.469
934.4546
644.99063
850.58089
-2446.1804
-2476.5325
-947.76148
-950.29101
-2307.5581
-1468.0922
-2432.264
-1404.2321
-476.58268
-469.27751
-2070.6925
-2101.6543
491.93397
481.26754
455.90149
450.16892
916.21354
-451.22597
-343.18083
1600.1086
630.60109
638.99702
2032.3083
1203.7482
-2275.1472
-2323.0249
1325.4028
1431.4433
1493.2259
847.59564
850.58089
-106.60377
-105.12744
1806.492
-975.62069
-994.2641
-2129.2044
-2205.5184
1213.5994
1254.2441
-2187.2585
-2182.3081
810.98671
811.40956
553.22677
1550.6597
1690.3901
1529.8697
465.10991
838.57626
-1163.0639
-1076.8476
550.59758
-221.25849
-214.53757
1824.3
3163.9316
3277.0762
792.83543
796.17697
-2020.7768
-2025.8558
1866.2997
-827.60028
-824.88492
-832.16838
-912.62837
1952.6443
-157.36097
-158.3947
-9.1945315
-7.3980625
-3205.2545
-3250.4319
523.75681
520.96779
634.98203
432.12136
1670.8525
1837.131
202.47126
319.997
1949.5376
-2721.5886
-2797.7229
-1594.6495
-1732.5242
-1642.4825
-1650.443
218.66527
218.64061
-1182.596
-1179.9136
40.147771
47.339978
-2725.8004
-2653.0643
-2377.924
-2354.454
-2617.0888
-2637.385
-1909.5482
-1913.2491
-2020.7768
-2025.8558
-811.22791
-816.04675
-3252.4782
-3195.8137
-3126.4774
-3091.9817
-544.16635
-548.33816
286.65945
95.857086
-2905.364
-2937.7325
-2182.3081
-2187.2585
1625.5481
-1238.9726
-1246.99
-2014.4152
-2031.9604
422.35838
423.8616
1037.7222
913.51397
-544.16635
-548.33816
-282.53448
-286.62604
-2167.9795
-2171.7668
-2253.5657
-2224.1998
-2644.3424
-2670.1002
-1738.4218
-1757.1388
-2224.1998
-2253.5657
687.50302
683.10714
-975.62069
-994.2641
-3186.9202
-3147.2093
-2858.7183
-2828.4194
-1801.2793
-1787.6413
-975.62069
-994.2641
-1331.6252
-2144.2322
-2149.3601
-1326.2836
-1935.7541
-1911.7783
-221.25849
-214.53757
-683.61591
-683.45783
215.82473
315.51213
-2286.6063
-2261.8607
-2772.4547
-2798.6924
-1076.9308
-1074.0358
-1532.5241
-1522.9096
2062.5383
-2395.1291
-2433.2169
1639.8293
1713.3325
-2191.678
-2226.9222
-1168.1346
-1161.0563
259.50929
566.70307
-1057.823
-1053.8543
-1853.598
-1836.3832
-852.26775
-846.91504
-1144.3237
-1139.6286
-1608.8717
-1598.3099
-923.4549
-919.13554
-1970.1276
-2098.041
-2324.4064
-2352.1877
1972.8458
-2383.5247
-2433.3994
-2411.223
-2463.4388
-2459.2581
-2515.0286
-2597.7999
-2633.6023
-2557.4549
-2594.7664
1583.518
-2869.6547
-2924.0127
-2853.692
-2818.9465
1569.8548
-2785.5938
-2866.864
-2328.6816
-2426.075
1182.5959
-2283.9569
-2257.2995
-7.4249206
-11.251167
916.21354
-2548.6279
-2646.7543
-2368.5601
-2303.7163
-552.27133
-546.28783
-3087.9618
-3026.7386
-2304.4822
-2331.2393
1857.9357
-1542.284
-1549.0598
-2311.4443
-2345.3646
-126.07601
-124.69522
40.147771
47.339978
-1902.9767
-1913.842
1220.2987
-2600.4703
-2635.9969
-2213.0809
-2227.2933
-2487.5113
-2508.3178
-972.29887
-969.38046
-1684.3183
-1680.8896
-1741.1333
-1739.2434
-1361.9506
-1362.5105
-1909.5482
-1913.2491
-1137.2179
-1138.7516
215.82473
315.51213
923.33943
1069.7242
-1979.0272
-2081.1258
-2899.6246
-2965.7559
638.99702
630.60109
921.59688
964.79756
-376.01245
-378.94765
-2540.4397
-2504.6223
-2696.7828
-2732.0823
576.59409
587.41597
1193.4367
1432.7259
1462.3387
-2610.1274
-2699.581
-361.72137
-363.15144
1525.7071
1185.4471
1396.0205
1581.9851
)
;

boundaryField
{
    oversetFaces
    {
        type            overset;
        coupledFringe   true;
        conservativeCorrection true;
        setHoleCellValue yes;
        holeCellValue   0;
        value           nonuniform 0();
    }
    back
    {
        type            empty;
    }
    out
    {
        type            fixedValue;
        value           uniform 0;
    }
    bottom
    {
        type            zeroGradient;
    }
    in
    {
        type            zeroGradient;
    }
    top
    {
        type            zeroGradient;
    }
    front
    {
        type            empty;
    }
    wall
    {
        type            zeroGradient;
    }
    cylinder
    {
        type            zeroGradient;
    }
}


// ************************************************************************* //
