/*--------------------------------*- C++ -*----------------------------------*\
| =========                 |                                                 |
| \\      /  F ield         | foam-extend: Open Source CFD                    |
|  \\    /   O peration     | Version:     4.1                                |
|   \\  /    A nd           | Web:         http://www.foam-extend.org         |
|    \\/     M anipulation  |                                                 |
\*---------------------------------------------------------------------------*/
FoamFile
{
    version     2.0;
    format      ascii;
    class       volScalarField;
    location    "0.15";
    object      p;
}
// * * * * * * * * * * * * * * * * * * * * * * * * * * * * * * * * * * * * * //

dimensions      [0 2 -2 0 0 0 0];

internalField   nonuniform List<scalar> 
4393
(
-20.28707
-19.298686
-36.57181
-47.782759
-63.286328
-79.180108
-97.548468
-117.97098
-141.06682
-166.97654
-195.97285
-228.16486
-263.57911
-302.07649
-343.33829
-386.8282
-431.77822
-477.18327
-521.82348
-564.29886
-603.09006
-636.62629
-663.37351
-681.92057
-691.08383
-689.99381
-678.18464
-655.70106
-623.09828
-581.41095
-532.1577
-477.19367
-418.56608
-358.32241
-298.3295
-240.19711
-185.16292
-134.1364
-87.674708
-46.071954
-9.3877724
22.472108
49.717277
72.620518
91.483165
106.67291
118.52799
126.537
138.1544
-17.847524
-19.005864
-35.783874
-47.09328
-62.448645
-78.25997
-96.524464
-116.86172
-139.88549
-165.74961
-194.73583
-226.96667
-262.48216
-301.15677
-342.68291
-386.53079
-431.93239
-477.87371
-523.11844
-566.24189
-605.6947
-639.8708
-667.19902
-686.22878
-695.7402
-694.83247
-683.03612
-660.34035
-627.27554
-584.93181
-534.87495
-479.02551
-419.50523
-358.43232
-297.71987
-239.01333
-183.55413
-132.24911
-85.634136
-43.982257
-7.327311
24.446115
51.565327
74.312498
92.99306
107.92729
119.39821
127.58319
133.075
-17.166019
-18.812748
-35.103974
-46.220031
-61.193544
-76.661008
-94.552539
-114.53879
-137.23984
-162.83908
-191.64407
-223.80964
-259.40818
-298.34523
-340.33805
-384.87084
-431.17491
-478.21599
-524.72159
-569.21353
-610.07818
-645.63383
-674.22943
-694.32731
-704.62482
-704.14025
-692.34312
-669.20976
-635.2803
-591.67056
-540.0429
-482.44678
-421.15893
-358.4448
-296.30971
-236.47245
-180.17804
-128.32695
-81.408862
-39.6528
-3.0378185
28.597405
55.52249
78.051147
96.517036
111.24053
122.47105
130.7545
134.94341
-15.521026
-17.712294
-33.182307
-44.094552
-58.656558
-73.820439
-91.395109
-111.11214
-133.58963
-159.04438
-187.81352
-220.09247
-255.99625
-295.47346
-338.27738
-383.91375
-431.61503
-480.31818
-528.69915
-575.20173
-618.11965
-655.66175
-686.06365
-707.66311
-719.0419
-719.10669
-707.24217
-683.36629
-648.01766
-602.37766
-548.25844
-487.91085
-423.8562
-358.59471
-294.26777
-232.71004
-175.16179
-122.51259
-75.174766
-33.309459
3.1890261
34.549304
61.101117
83.199003
101.2043
115.43673
126.12739
133.87101
137.03651
-15.058046
-17.3862
-32.102956
-42.517897
-56.342041
-70.797647
-87.612615
-106.59555
-128.38254
-153.24645
-181.57855
-213.64242
-249.62407
-289.54259
-333.21042
-380.16983
-429.65939
-480.57557
-531.52215
-580.83162
-626.66754
-667.08318
-700.15412
-724.03557
-737.1384
-738.19994
-726.47488
-701.78687
-664.66024
-616.34951
-558.88198
-494.79668
-426.97403
-358.26315
-290.98348
-227.13959
-167.94446
-114.27135
-66.412058
-24.431716
11.897952
42.900001
68.990843
90.58674
108.09526
121.85599
132.10729
139.44371
142.02853
-13.067532
-15.395676
-28.89354
-38.781936
-51.90328
-65.796891
-82.050348
-100.54412
-121.91782
-146.49619
-174.72231
-206.93071
-243.38526
-284.18632
-329.21788
-378.06828
-429.98708
-483.81777
-538.07459
-590.94749
-640.43857
-684.40529
-720.72953
-747.33758
-762.43467
-764.55134
-752.7776
-726.81837
-687.17855
-635.19454
-573.17786
-504.04726
-431.17755
-357.91275
-286.77623
-220.01212
-158.75598
-103.85819
-55.428178
-13.403212
22.612427
53.06302
78.476904
99.348284
116.14498
129.24447
138.91732
145.77608
148.09988
-12.836239
-15.121448
-27.677662
-36.788422
-48.836162
-61.647113
-76.72621
-94.046245
-114.27672
-137.82321
-165.21509
-196.89889
-233.26209
-274.5341
-320.71486
-371.47157
-426.08514
-483.33208
-541.6155
-598.93898
-653.10229
-701.71194
-742.41193
-772.82457
-790.88313
-794.82773
-783.50787
-756.40515
-713.9556
-657.56653
-589.93619
-514.49066
-435.29255
-356.39955
-280.54055
-210.30408
-146.65568
-90.421482
-41.441339
0.50862687
36.045485
65.76147
90.323049
110.31574
126.2762
138.62285
147.65532
153.96979
155.99555
-10.057206
-12.065072
-22.89158
-31.134113
-42.129784
-54.060755
-68.266049
-84.801485
-104.34592
-127.37573
-154.49753
-186.26558
-223.19165
-265.64139
-313.74318
-367.25294
-425.4948
-487.15038
-550.49029
-613.28389
-673.0944
-727.22168
-773.04332
-807.80377
-829.12694
-834.91928
-823.75183
-794.85217
-748.58016
-686.37578
-611.42836
-527.79005
-440.44525
-354.47827
-272.75317
-198.36156
-131.92792
-74.25997
-24.79691
16.884788
51.695024
80.404445
103.85001
122.7254
137.65164
149.10166
157.41907
163.19686
165.04786
-10.173648
-12.097601
-21.881697
-29.141661
-38.77771
-49.276182
-61.88463
-76.757229
-94.607005
-116.01005
-141.69174
-172.37092
-208.75582
-251.43291
-300.74723
-356.61532
-418.4676
-484.8668
-553.93167
-623.12756
-689.73905
-750.6847
-803.05976
-843.62685
-869.63896
-878.55521
-868.55098
-838.35763
-788.12133
-719.21549
-635.50663
-541.86014
-444.53975
-350.17409
-261.56393
-182.56793
-113.17304
-54.201638
-4.5066995
36.564509
70.296876
97.660308
119.68846
137.18785
150.86639
161.24789
168.7147
173.84399
175.45471
-6.3722675
-7.7819565
-15.219057
-21.208527
-29.349513
-38.544424
-49.841774
-63.49166
-80.222797
-100.70357
-125.76787
-156.29028
-193.16845
-237.20937
-288.98344
-348.56886
-415.53306
-488.23766
-564.62084
-641.75502
-716.62143
-785.6706
-845.72865
-892.92112
-924.07978
-936.15281
-926.89035
-894.47219
-838.85714
-761.17628
-666.15996
-559.60315
-449.47336
-344.76274
-247.73167
-163.45741
-90.77912
-30.614512
19.049146
59.120944
91.374601
117.0035
137.27409
153.11396
165.32597
174.48601
181.0152
185.46795
186.87134
-6.9868982
-8.3715825
-14.789399
-19.705767
-26.305886
-33.80489
-43.137089
-54.639993
-69.061777
-87.171046
-109.93998
-138.46012
-173.91801
-217.4817
-270.11995
-332.22565
-403.69195
-482.61718
-566.76045
-652.66641
-736.98002
-815.5423
-884.99737
-940.65169
-978.9279
-996.17289
-989.59411
-956.25795
-895.57085
-808.01516
-699.58492
-577.24939
-451.35885
-334.7205
-228.04695
-138.40677
-62.619261
-1.8726158
47.10976
85.483566
115.6376
138.9866
157.05159
170.86949
181.33099
189.05169
194.4824
198.14221
199.28466
-2.0927672
-2.7038417
-6.0872146
-9.2409137
-13.774801
-19.380324
-26.756153
-36.347366
-48.924923
-65.375475
-86.821433
-114.5783
-150.12036
-194.97371
-250.51062
-317.40066
-395.96107
-483.75799
-578.32639
-675.4782
-771.55621
-861.63843
-942.41823
-1008.0091
-1054.3286
-1076.9646
-1072.5728
-1036.9487
-969.21427
-868.63917
-742.90144
-600.05504
-453.54972
-322.4772
-203.97789
-108.523
-29.471482
31.357188
79.093357
115.09688
142.54985
163.08453
178.5114
189.96662
198.42507
204.52998
208.75188
211.55904
212.43808
-3.2570058
-3.9760417
-6.4900132
-8.6290132
-11.611074
-15.433661
-20.642198
-27.732754
-37.448026
-50.7347
-68.830382
-93.287045
-125.95347
-168.90483
-224.23149
-293.17924
-377.06183
-472.7117
-577.5432
-686.34986
-795.21718
-898.07252
-992.05501
-1069.5563
-1126.2269
-1157.0897
-1158.5007
-1123.7118
-1050.584
-935.68432
-789.37955
-621.01127
-448.34517
-301.33741
-169.55064
-69.235806
12.146553
71.513217
116.68152
149.06859
172.8314
189.75454
201.9398
210.57732
216.69968
220.94915
223.7968
225.6403
226.21225
2.5357794
2.8595482
4.0386424
4.2284869
4.013145
2.8832257
0.56960668
-3.5302062
-10.181486
-20.473031
-35.845562
-58.176499
-89.761561
-133.27762
-191.58716
-266.35627
-360.27535
-468.55166
-588.39381
-713.00683
-838.43254
-957.05573
-1067.6096
-1159.8872
-1229.1357
-1269.3477
-1276.4277
-1240.2722
-1158.9103
-1024.6908
-851.95314
-650.10828
-442.00781
-276.56236
-128.16501
-23.346919
60.225179
116.97919
158.62452
186.3826
205.65233
218.30066
226.74637
232.19515
235.71896
237.93391
239.29406
240.10699
240.35871
1.0266648
1.0797941
2.9229391
3.9240418
5.0678425
5.5513159
5.3084629
3.7441645
0.20724365
-6.3490582
-17.370232
-34.887309
-61.558341
-100.76884
-156.61607
-231.62975
-331.6452
-449.53113
-582.77152
-722.36745
-864.83494
-999.84786
-1129.1555
-1237.8204
-1321.1365
-1373.21
-1392.0503
-1361.8084
-1278.1129
-1123.5703
-919.13632
-674.12691
-418.12608
-234.47603
-67.842353
37.787364
120.97448
171.79936
207.4824
228.55438
241.86431
249.15897
253.11911
254.86178
255.43809
255.38589
255.10897
254.79716
254.69397
7.1219877
8.415361
14.383009
18.24192
22.882786
27.010015
30.891317
33.869734
35.314489
34.054171
28.411222
15.906844
-6.8109571
-44.17801
-101.94337
-183.06727
-298.11634
-434.68296
-590.39635
-752.39235
-918.26142
-1073.2942
-1226.6132
-1356.6807
-1459.2117
-1527.9672
-1561.6396
-1533.4747
-1442.5178
-1258.4189
-1014.2168
-712.92852
-389.05246
-187.88069
2.5529019
106.56198
188.9343
231.83244
260.29563
273.43436
279.91649
281.19038
280.20686
277.92583
275.34614
272.8935
270.89979
269.41791
268.9508
5.8623467
6.7750736
13.320834
17.73948
23.420218
28.763179
34.280435
39.370629
43.610216
46.014839
45.116353
38.545289
22.875575
-6.8858548
-58.410218
-134.97834
-257.39284
-405.4553
-578.56293
-758.43703
-946.48756
-1120.3448
-1302.4036
-1455.883
-1576.0064
-1657.432
-1712.1734
-1701.6785
-1623.3445
-1412.9264
-1120.452
-742.13734
-316.97894
-106.12949
108.8721
200.84523
276.11013
304.49682
321.4325
323.44116
321.04666
314.95372
308.19095
301.36961
295.32391
290.28785
286.47268
283.76163
282.9081
11.202891
13.330503
23.906482
31.420077
41.071823
50.866918
61.745584
73.183029
84.942898
96.095498
105.09498
109.15051
103.93513
82.741738
33.967438
-45.13914
-192.37497
-369.91061
-578.88952
-791.53675
-1014.6099
-1209.9677
-1426.4428
-1608.4153
-1752.6924
-1863.6897
-1961.369
-1964.847
-1887.0106
-1624.404
-1275.535
-802.26373
-228.31442
-24.610227
225.93414
299.42579
367.8887
379.47
384.05656
374.04063
362.28365
348.48153
335.74767
324.27853
314.71736
307.08117
301.44494
297.5118
296.27881
11.187461
12.967447
24.410929
32.4019
42.909318
53.566031
65.568374
78.429177
92.136892
106.0216
118.93948
128.56548
131.1419
120.40766
82.08642
19.092889
-139.99349
-331.62609
-563.89922
-793.35367
-1043.2162
-1249.5252
-1517.6688
-1739.2435
-1909.5482
-2020.7769
-2144.2323
-2182.3081
-2167.9796
-1888.889
-1472.7698
-854.3658
-28.589845
136.32019
413.92955
443.22963
489.17548
471.62916
456.31351
429.59473
405.7596
382.72972
363.20604
346.67525
333.40386
323.08864
315.60664
310.4491
308.83175
14.422083
16.992446
31.541375
42.204947
56.412236
71.557619
89.383184
109.72642
133.12845
159.49876
188.31807
217.62348
243.43422
258.06087
237.97552
192.56197
-13.196262
-255.80173
-548.33815
-827.60029
-1138.7516
-1361.9506
-1680.8896
-1939.1361
-2103.8887
-2250.527
-2514.5856
-2616.4598
-2644.3425
-2224.1999
-1738.4219
-975.62081
215.82463
259.50921
596.31613
571.41783
602.09418
556.31201
523.34787
481.05696
446.06643
414.42333
388.55793
367.29344
350.55487
337.74046
328.54036
322.24588
320.27664
16.843273
19.191732
35.476958
46.942701
62.341552
78.557406
97.601751
119.26003
144.19352
172.42741
203.71525
236.50607
267.64076
291.70439
279.33762
275.99564
40.14782
-221.25846
-552.27133
-833.44819
-1175.7198
-1339.7242
-1775.5086
-2100.1069
-2354.2525
-2481.1763
-2717.6105
-2833.0724
-3026.2867
-2734.9198
-2206.9911
-1151.0754
759.14536
610.54004
923.33937
788.85381
760.54697
665.17337
600.93819
536.72769
487.12922
445.3839
412.52644
386.34287
366.13858
350.90187
340.06917
332.7095
330.40576
16.738362
19.060852
36.584517
49.381324
66.986729
86.189432
109.55615
137.39919
171.3249
212.70647
263.33295
324.43833
396.21097
479.00143
528.28296
630.60113
296.08352
-72.416123
-496.9756
-852.48091
-1306.6007
-1513.6882
-2007.3505
-2473.915
-2498.1055
-2468.4601
-3217.9615
-3568.729
-4175.4274
-3233.7748
-2580.877
-1427.6505
1383.1238
683.97166
1156.6641
916.21351
872.66748
742.70731
659.7337
580.08945
520.01587
470.62093
432.31307
402.19987
379.1804
361.9554
349.77394
341.53141
338.95579
22.637862
24.407757
45.020541
59.287892
79.070946
100.42975
126.34047
157.05393
194.29166
239.42762
294.2201
359.69647
435.06355
524.57327
550.59752
738.8766
296.91219
-73.889809
-608.71496
-891.66982
-1492.6526
-1176.2809
-2117.9499
-2449.5962
-2860.867
-3178.7678
-3477.5287
-3777.8455
-4055.0223
-4260.555
-4105.9864
-2266.8949
2846.0761
1706.6896
1671.1613
1244.8449
1051.1001
855.7132
728.88757
626.31106
551.59105
493.40476
449.32753
415.43235
389.84626
370.88899
357.56348
348.58647
345.77931
18.112397
19.691984
38.959146
52.62929
71.980095
93.189129
119.42398
151.2802
191.18112
241.80106
307.39159
394.23106
509.62299
684.33141
847.59557
1501.2741
882.23755
139.49541
-420.66946
-916.48014
-1349.0183
-1760.945
0
0
0
0
0
0
0
0
0
0
4071.4922
827.58667
1801.9792
1262.6567
1107.2078
893.68765
759.62138
649.46485
569.33328
507.18608
460.20375
424.22519
397.13409
377.11792
363.07353
353.6273
350.67733
29.966669
27.080589
50.970823
66.462201
89.126691
113.85181
144.61402
182.14519
229.4761
290.00952
369.04208
475.30869
611.70063
841.7079
964.74492
1630.9933
0
0
0
0
0
0
0
0
0
0
0
0
0
0
0
0
0
4397.4558
2247.3724
1711.4936
1231.5418
976.56588
796.69862
672.89815
583.36646
516.88556
467.16242
429.59811
401.47806
380.80643
366.34025
356.62971
353.59437
18.142904
19.738211
39.049299
52.746657
72.137614
93.387983
119.67397
151.59159
191.5707
242.29418
308.03154
395.0958
510.89901
686.45988
850.58128
1517.5835
882.46477
141.61109
-418.65808
-916.3587
-1351.4774
-1766.4872
0
0
0
0
0
0
0
0
0
0
4173.7172
3646.1477
2069.3048
1569.8548
1177.8211
947.62544
783.62662
666.72037
580.6407
515.90927
467.04299
429.93969
402.05593
381.51588
367.12023
357.44944
354.42947
22.757765
24.53589
45.264037
59.599789
79.479112
100.93273
126.95413
157.79191
195.17551
240.48503
295.49138
361.23599
436.96583
527.13699
553.22747
746.42252
305.2481
-66.66447
-599.74148
-887.6012
-1486.2104
-1177.2228
-2129.7903
-2465.9276
-2880.6594
-3202.9652
-3507.0271
-3812.2785
-4096.2523
-4304.0191
-4138.6089
-2277.5226
2348.4934
2182.7345
1801.8023
1431.4432
1127.8129
920.77444
766.91809
655.55048
572.48708
509.98327
462.62383
426.64662
399.56458
379.59984
365.59379
356.17914
353.23547
16.90588
19.227017
36.909471
49.810229
67.561828
86.916507
110.4653
138.52157
172.70756
214.41277
265.45383
327.09907
399.59224
483.42245
533.572
638.99841
300.96809
-68.02303
-493.26989
-851.14114
-1305.9799
-1515.3732
-2011.4108
-2479.4735
-2516.3417
-2497.8309
-3247.738
-3606.4103
-4222.3003
-3315.1391
-2697.683
-1732.5412
1469.3075
1484.7199
1404.0233
1182.5958
991.02663
836.3439
715.58935
622.37403
550.45857
494.78075
451.78977
418.68127
393.51497
374.83768
361.67397
352.79811
350.02447
17.083249
19.44898
35.948234
47.552294
63.1359
79.537374
98.795597
120.69397
145.90735
174.47221
206.16192
239.44865
271.2177
296.13959
284.597
283.64045
47.341606
-214.53566
-546.28596
-829.75066
-1173.5051
-1341.1422
-1781.4407
-2107.9302
-2365.7449
-2496.5509
-2734.2876
-2851.1305
-3045.1431
-2756.1675
-2219.1449
-1230.689
733.7898
922.91546
1069.7242
969.63042
864.49213
754.15165
661.48455
584.9544
523.86462
475.33756
437.22721
407.51543
384.72744
367.70611
355.6538
347.50096
344.94948
14.669272
17.26198
32.053048
42.882176
57.310216
72.681039
90.766587
111.40168
135.14104
161.90316
191.18209
221.02332
247.45565
262.78927
243.26655
198.86189
-7.7971466
-250.83395
-544.16504
-824.88381
-1137.2171
-1362.5099
-1684.3177
-1945.7001
-2115.9228
-2267.2862
-2534.0703
-2639.2719
-2670.1001
-2253.5657
-1757.1389
-994.26418
315.51205
566.70301
771.8367
757.50327
718.95012
653.79719
592.39516
536.30192
489.02155
449.79195
418.07337
392.79568
373.10284
358.226
347.60949
340.38883
338.12972
11.505692
13.324973
25.058324
33.2422
43.999903
54.906272
67.190581
80.361158
94.41981
108.70462
122.08481
132.246
135.4445
125.42207
87.788835
25.73918
-133.52574
-325.44835
-558.41489
-789.10482
-1040.1723
-1248.2811
-1518.3087
-1741.1328
-1913.2487
-2025.8554
-2149.3598
-2187.2583
-2171.7667
-1890.9122
-1466.973
-851.29971
31.551916
311.32856
540.32294
584.12558
591.53877
561.40556
525.22006
486.8506
452.13854
421.83201
396.51108
375.83843
359.4551
346.92324
337.90208
331.72871
329.79374
11.512446
13.682742
24.567006
32.291887
42.217982
52.286627
63.471436
75.239862
87.36568
98.921078
108.36371
112.89951
108.19422
87.516126
39.172318
-39.478155
-186.90741
-364.67185
-574.17953
-787.68652
-1011.7126
-1208.4768
-1426.6657
-1610.3676
-1756.6834
-1869.0562
-1966.6607
-1968.6546
-1887.4076
-1618.0554
-1253.9223
-764.04451
-139.60859
132.3926
353.20624
431.64537
470.26515
469.04078
455.33027
434.0425
411.96517
390.93909
372.41421
356.70871
343.93329
333.97746
326.71905
321.70796
320.13729
6.2494533
7.2174052
14.119437
18.77602
24.761436
30.404582
36.255186
41.703444
46.337271
49.174984
48.753425
42.702324
27.590114
-1.5986119
-52.600032
-128.68006
-251.04341
-399.18785
-572.62306
-753.04136
-941.6759
-1116.2748
-1299.0264
-1452.9541
-1573.4767
-1654.7708
-1708.4848
-1696.1969
-1614.5237
-1398.6392
-1095.8023
-705.24115
-247.6909
5.5358799
211.33492
309.23765
367.42783
387.0715
390.60603
383.36094
372.18224
359.53753
347.37557
336.4659
327.25904
319.8994
314.44162
310.62912
309.43081
7.4860105
8.8333896
15.164858
19.270353
24.227917
28.664806
32.886116
36.222928
38.053116
37.203599
31.996856
19.948213
-2.3043282
-39.218071
-96.584362
-177.36371
-292.32719
-428.90639
-584.8121
-747.15725
-913.4465
-1069.0226
-1222.8634
-1353.2356
-1455.7619
-1523.721
-1555.3585
-1523.7716
-1427.4256
-1235.2562
-978.68494
-662.80465
-314.24338
-86.671024
99.856139
206.40859
276.41581
311.48757
328.89658
333.76089
332.40935
327.59977
321.54335
315.3317
309.6761
304.93187
301.305
298.72003
297.90704
1.4745813
1.5939259
3.8505716
5.125944
6.6187004
7.4413538
7.5699028
6.396649
3.280312
-2.8272173
-13.370861
-30.387112
-56.544157
-95.248226
-150.63181
-225.2428
-325.03349
-442.78375
-576.00582
-715.66048
-858.1891
-993.2581
-1122.5038
-1230.8753
-1313.6075
-1364.5179
-1381.3957
-1348.1186
-1259.8577
-1098.7128
-884.61311
-627.77093
-353.8814
-151.99259
15.873408
124.45609
200.57423
245.94776
273.50101
287.88182
294.65572
296.60899
296.00389
294.10537
291.78229
289.53437
287.67648
286.28781
285.84713
2.9462636
3.3308489
4.9209141
5.3859139
5.5227611
4.7325874
2.7880653
-0.92844236
-7.1735483
-17.039125
-31.96631
-53.837876
-84.957649
-128.01707
-185.90037
-260.28691
-353.92871
-461.98613
-581.6813
-706.18417
-831.47797
-949.90755
-1060.0879
-1151.6696
-1219.7603
-1258.0824
-1262.3167
-1222.1947
-1135.417
-994.03862
-811.97272
-599.43388
-377.86224
-200.06336
-49.598899
56.983424
135.65114
187.88032
223.02237
245.06374
258.70535
266.59115
270.90612
272.9898
273.79958
273.9324
273.78082
273.55668
273.48293
-2.7586502
-3.403948
-5.4572276
-7.2937961
-9.892149
-13.346345
-18.155638
-24.832108
-34.108983
-46.936204
-64.551753
-88.512945
-120.67638
-163.13013
-217.98155
-286.4885
-369.99683
-465.30845
-569.83435
-678.33315
-786.84175
-889.24605
-982.60046
-1059.1995
-1114.5864
-1143.586
-1142.3966
-1104.0411
-1026.1359
-905.03717
-750.87824
-573.51804
-390.31522
-233.88914
-98.916331
3.3820455
82.083736
138.30564
178.67166
206.48268
225.60261
238.42894
246.97938
252.58205
256.21729
258.53081
259.95936
260.8218
261.08595
-1.6424413
-2.1877375
-5.1197854
-7.9743141
-12.125341
-17.364701
-24.34484
-33.528384
-45.676851
-61.680267
-82.660588
-109.9369
-144.98815
-189.34814
-244.39858
-310.81538
-388.93005
-476.28714
-570.4099
-667.07416
-762.5727
-851.92751
-931.74323
-996.0313
-1040.5991
-1060.8783
-1053.4153
-1013.8913
-941.27555
-834.76036
-702.00128
-551.51203
-396.81897
-258.773
-137.31851
-40.332449
36.988552
95.34951
139.31588
171.519
195.05722
212.03091
224.24688
232.96916
239.1589
243.4764
246.37728
248.26503
248.85527
-6.4493295
-7.7554917
-13.675208
-18.267881
-24.457433
-31.566027
-40.477802
-51.548789
-65.517136
-83.155087
-105.43426
-133.44952
-168.39125
-211.43332
-263.55053
-325.13896
-396.09619
-474.50321
-558.10397
-643.41163
-727.02984
-804.75164
-873.15164
-927.45483
-963.98938
-978.9714
-969.51338
-932.55655
-867.40867
-774.52447
-659.94582
-531.01507
-398.34884
-275.97176
-166.2387
-74.961642
0.05404206
59.131818
105.33271
140.68939
167.63636
187.96183
203.24135
214.6371
223.05785
229.14974
233.36591
236.17447
237.04958
-5.8871141
-7.2269391
-14.178253
-19.848229
-27.579949
-36.38557
-47.263217
-60.482353
-76.761122
-96.771016
-121.34405
-151.35624
-187.70632
-231.20337
-282.41924
-341.43088
-407.80285
-479.87955
-555.57942
-631.94193
-705.90613
-773.87263
-832.60332
-878.15296
-907.27848
-916.83767
-904.53146
-868.4806
-808.5923
-726.02252
-625.60176
-513.44011
-397.8059
-288.50956
-188.77137
-103.06195
-30.736691
28.200651
75.719533
113.33403
142.9185
165.95985
183.80537
197.49878
207.87922
215.56089
220.97897
224.64805
225.80509
-9.6076619
-11.450418
-20.707778
-27.628201
-36.832935
-46.92393
-59.09489
-73.520244
-90.901922
-111.81929
-136.99557
-167.15064
-202.99291
-245.10946
-293.8447
-349.1119
-410.33546
-476.06238
-544.39192
-612.76026
-678.41519
-738.23121
-789.24844
-828.16768
-852.17508
-858.65112
-845.72725
-812.08677
-757.8589
-684.46871
-595.90335
-497.29934
-395.21843
-296.87125
-205.66311
-125.1929
-55.722104
2.4835348
50.613
89.748283
121.3021
146.48342
166.42296
182.03769
194.08546
203.13508
209.59256
214.00541
215.39092
-9.5414702
-11.476075
-21.787962
-29.694281
-40.258731
-51.78102
-65.546058
-81.6304
-100.70111
-123.23717
-149.84183
-181.06878
-217.42789
-259.28291
-306.75861
-359.60478
-417.13606
-478.01739
-540.49831
-602.3195
-661.00952
-713.82837
-758.10772
-791.0441
-810.21461
-813.47416
-799.37945
-767.14151
-717.12148
-650.82505
-571.56396
-483.61572
-392.22162
-302.8742
-218.8238
-143.06462
-76.365041
-19.189434
29.09688
69.224527
102.23339
129.08808
150.72572
167.9421
181.41487
191.66528
199.06676
204.1906
205.83587
-12.251476
-14.454402
-26.462832
-35.222447
-46.822943
-59.212966
-73.840426
-90.699573
-110.44762
-133.4928
-160.36082
-191.49722
-227.28687
-267.95623
-313.50048
-363.57953
-417.46371
-473.91337
-531.31114
-587.63394
-640.64964
-687.92806
-727.07178
-755.66002
-771.58449
-773.04374
-758.87676
-728.56143
-682.55687
-622.34679
-550.75289
-471.39721
-388.56682
-306.62214
-228.55784
-156.94724
-92.833342
-36.826121
11.318335
52.051221
86.115344
114.2652
137.26737
155.80321
170.47033
181.73801
189.94036
195.65868
197.4969
-12.525389
-14.777708
-27.737771
-37.277027
-49.94999
-63.419834
-79.21684
-97.243246
-118.12574
-142.19118
-169.87798
-201.51854
-237.37269
-277.53622
-321.88661
-370.0033
-421.12383
-474.07522
-527.35146
-579.11769
-627.34754
-669.86728
-704.52576
-729.21731
-742.11885
-741.73782
-727.16669
-698.11854
-655.12984
-599.61253
-533.99207
-461.35222
-385.25462
-309.26862
-236.10566
-168.02966
-106.21886
-51.38496
-3.5572038
37.498211
72.292062
101.40508
125.46126
145.04373
160.68246
172.80658
181.72379
188.03707
190.18916
-14.462899
-16.708982
-30.863526
-40.919305
-54.284444
-68.308853
-84.660829
-103.1713
-124.46301
-148.81092
-176.60139
-208.09553
-243.47482
-282.75311
-325.73561
-371.95506
-420.63742
-470.66275
-520.61482
-568.80216
-613.36116
-652.31564
-683.71078
-705.67319
-716.58979
-715.18247
-700.71161
-673.01899
-632.67165
-581.00253
-520.14838
-452.79383
-381.98014
-310.73329
-241.51479
-176.36426
-116.51959
-62.7615
-15.307984
25.909956
61.225803
91.080775
115.98253
136.43096
152.89615
165.76978
175.32922
182.16369
184.59048
-14.956706
-17.070809
-31.98548
-42.539618
-56.641071
-71.370772
-88.477739
-107.71611
-129.69014
-154.61839
-182.83237
-214.52433
-249.80387
-288.61345
-330.6982
-375.55357
-422.399
-470.15526
-517.47918
-562.79255
-604.36494
-640.38013
-669.04913
-688.68814
-697.86291
-695.4729
-680.91424
-654.12833
-615.69915
-566.8828
-509.59219
-446.20532
-379.38116
-311.76201
-245.60097
-182.77243
-124.53274
-71.707536
-24.643421
16.606653
52.243661
82.60013
108.09196
129.15244
146.20471
159.62029
169.67022
176.94704
179.96553
-16.568047
-18.134135
-33.854699
-44.606993
-59.113805
-74.143168
-91.563656
-111.0689
-133.26483
-158.33658
-186.58594
-218.16435
-253.13849
-291.4074
-332.6798
-376.42919
-421.87353
-467.96229
-513.40385
-556.69829
-596.20842
-630.22838
-657.08399
-675.21813
-683.31517
-680.39076
-665.92991
-639.93721
-603.00139
-556.31403
-501.634
-441.12711
-377.19289
-312.21738
-248.29919
-187.19754
-130.16888
-78.066325
-31.320027
9.932766
45.800997
76.540351
102.50275
124.07722
141.65852
155.61857
166.24731
174.09074
178.14102
-17.264803
-18.34675
-34.557319
-45.503585
-60.39117
-75.762616
-93.553273
-113.40591
-135.91984
-161.25046
-189.67341
-221.30747
-256.18654
-294.17817
-334.96584
-378.00883
-422.5257
-467.48645
-511.63631
-553.53004
-591.59649
-624.20774
-649.77252
-666.8242
-674.13399
-670.80333
-656.37213
-630.86242
-594.86055
-549.52619
-496.51714
-437.86159
-375.79349
-312.53802
-250.09044
-190.13601
-133.92561
-82.328355
-35.825355
5.3917893
41.371872
72.318281
98.537638
120.3849
138.22586
152.43197
163.32696
171.08983
176.44868
-19.696175
-18.627313
-35.326914
-46.173079
-61.206572
-76.659274
-94.552651
-114.48979
-137.07524
-162.45113
-190.884
-222.47916
-257.25693
-295.07116
-335.5941
-378.27839
-422.34249
-466.76528
-510.30843
-551.55147
-588.95339
-620.92184
-645.90305
-662.47039
-669.43166
-665.91569
-651.48286
-626.21012
-590.69508
-546.04969
-493.88244
-436.15318
-375.01657
-312.62083
-250.90985
-191.53251
-135.73496
-84.393126
-38.01167
3.191998
39.238267
70.30636
96.683709
118.71467
136.76055
151.24006
162.53233
170.12806
181.61512
841.33998
864.75354
911.90546
931.83207
915.72586
882.23755
823.93688
763.14962
688.8137
619.2503
-450.69303
-441.29279
-435.74293
-420.66946
-419.59572
-403.50302
-407.50852
-393.06069
-401.87996
-395.71415
-614.96405
-605.78334
-600.96042
-584.76423
-583.36789
-564.02904
-566.48116
-545.95435
-551.03188
-533.6153
-781.65958
-770.75856
-764.41501
-745.25381
-742.54414
-719.65754
-721.21537
-696.49286
-702.9409
-682.39276
-933.50419
-922.33061
-916.48014
-895.89485
-893.0528
-867.04501
-867.42938
-837.00663
-839.57727
-800.80405
-1089.1637
-1075.7485
-1068.2802
-1044.6312
-1041.006
-1012.0477
-1013.0205
-981.21824
-988.21029
-960.24032
-1228.7153
-1214.5566
-1207.2896
-1181.8333
-1178.1558
-1145.6771
-1145.3394
-1107.0771
-1108.7399
-1063.3395
-1363.1472
-1349.0183
-1342.8255
-1316.056
-1313.0402
-1277.7767
-1277.7998
-1235.6454
-1236.1636
-1188.5459
-3232.3737
-3168.6462
-3164.1523
-3068.1085
-3076.1501
-2956.3936
-2967.9639
-2830.1382
-2836.5134
-2676.5079
-1623.8055
-1607.7804
-1602.4853
-1571.8622
-1570.2251
-1528.9415
-1530.3382
-1479.9504
-1482.2211
-1423.0848
-1760.945
-1741.7857
-1734.9533
-1700.2849
-1698.0151
-1652.4415
-1654.0894
-1599.4217
-1603.0271
-1542.5796
-1892.2738
-1870.1571
-1862.3542
-1824.0095
-1821.6286
-1771.5751
-1773.1786
-1712.7459
-1715.4352
-1644.9371
-2011.8531
-1989.4087
-1983.3065
-1943.2791
-1942.7658
-1889.6145
-1892.972
-1828.2593
-1830.3685
-1750.7587
-2134.5688
-2110.6965
-2105.5916
-2062.8978
-2063.919
-2007.5334
-2014.0484
-1948.103
-1959.6398
-1901.3646
-2264.4513
-2236.2473
-2229.5376
-2181.3935
-2181.3575
-2117.9499
-2122.0971
-2044.3682
-2047.5594
-1952.2197
-2385.5386
-2355.2405
-2349.4693
-2297.9978
-2299.5876
-2231.9104
-2238.2412
-2156.06
-2161.1381
-2061.0138
-2505.822
-2473.277
-2468.6037
-2413.4138
-2416.7233
-2344.6908
-2354.354
-2270.1012
-2285.5239
-2204.8437
-2632.3369
-2594.713
-2588.7481
-2527.1423
-2529.7485
-2449.5962
-2457.0787
-2360.334
-2367.0689
-2249.1137
-2751.1521
-2710.2754
-2705.1362
-2638.7096
-2643.0011
-2557.0092
-2566.4947
-2464.0004
-2471.685
-2350.267
-2866.4109
-2822.541
-2818.9228
-2747.5828
-2754.1579
-2662.4763
-2675.3067
-2568.9966
-2584.6446
-2476.2378
-2982.678
-2934.1624
-2931.2497
-2853.2881
-2860.867
-2760.8571
-2773.3194
-2655.8733
-2667.0931
-2534.853
-3099.0355
-3045.939
-3044.4778
-2959.3671
-2968.0937
-2859.2175
-2871.8339
-2744.9543
-2755.6939
-2612.9747
-1506.5792
-1488.9226
-1480.4426
-1449.7823
-1446.0922
-1407.3206
-1408.1346
-1363.1221
-1367.5535
-1322.1246
353.95679
358.09602
359.84377
366.06546
360.21177
357.97693
339.48476
324.82846
293.56202
264.37187
-266.74523
-258.85448
-254.9553
-242.88273
-243.51778
-231.25067
-236.74634
-226.7167
-235.68236
-230.41224
542.46056
550.14246
575.12865
594.98349
594.88754
587.99078
559.78227
529.42322
483.43332
433.9162
122.67262
129.72128
133.438
142.33756
139.49541
143.92448
132.73429
129.80401
111.79783
104.65766
-77.737579
-70.218232
-66.706389
-56.826994
-59.313403
-51.99205
-61.810824
-61.492112
-80.87632
-100.28712
2692.5337
4097.6359
4164.6016
4173.7172
3954.7955
3669.0613
3332.776
2984.8442
2625.1406
2206.9872
-3160.7087
-1393.9557
-1103.9972
-395.65602
-86.483967
190.38878
330.7032
407.52753
429.52537
396.45989
-3332.7153
-3267.835
-3268.525
-3166.668
-3178.7678
-3050.5863
-3064.2856
-2918.7644
-2925.4535
-2764.0778
-3459.3953
-3385.0015
-3385.6583
-3272.651
-3285.7115
-3145.8373
-3159.4529
-3003.0376
-3004.48
-2833.5851
-3582.7186
-3499.1261
-3500.9196
-3376.557
-3391.5522
-3239.7025
-3254.534
-3088.0709
-3088.91
-2920.6147
-3704.5857
-3611.313
-3614.5586
-3477.5287
-3494.2598
-3328.5465
-3342.9369
-3162.278
-3158.7285
-2976.4818
-3823.9935
-3720.8879
-3726.8532
-3576.2851
-3595.2929
-3414.7649
-3428.2628
-3232.6514
-3224.7419
-3021.0048
-3951.2451
-3835.2042
-3843.3359
-3676.8636
-3697.9094
-3501.2096
-3513.2128
-3302.761
-3288.3097
-3065.1187
-4080.5188
-3950.2289
-3961.4365
-3777.8455
-3802.0771
-3589.1848
-3601.0929
-3378.3904
-3358.8052
-3126.2045
-4208.2914
-4062.6881
-4078.2723
-3875.9594
-3904.0952
-3674.3116
-3686.771
-3454.2043
-3435.7613
-3215.6338
-4339.5172
-4174.3506
-4193.6038
-3968.7429
-3999.3024
-3748.8949
-3756.8513
-3506.9238
-3472.957
-3215.096
-4465.4754
-4279.3591
-4304.3564
-4055.0223
-4089.2008
-3818.2295
-3823.5273
-3562.6038
-3520.6034
-3277.0131
-4595.6741
-4381.2581
-4410.274
-4131.0529
-4166.9676
-3872.322
-3871.001
-3594.9645
-3537.397
-3280.8063
-4702.1557
-4459.8825
-4497.5821
-4186.6946
-4225.6217
-3907.3739
-3898.7154
-3611.0732
-3542.0581
-3290.8403
-4809.4169
-4527.9651
-4572.9217
-4222.6062
-4260.555
-3915.2352
-3891.9161
-3588.504
-3496.0937
-3230.9641
-4902.0059
-4571.9593
-4625.1259
-4228.813
-4262.8923
-3890.2074
-3847.9465
-3534.6499
-3425.9017
-3158.1429
-4971.4047
-4579.9822
-4642.3972
-4192.1509
-4216.7583
-3815.6488
-3744.1941
-3418.6101
-3271.2847
-2975.7415
-5004.9219
-4535.3062
-4609.7467
-4098.0246
-4105.9864
-3680.455
-3576.0273
-3253.9542
-3087.9685
-2847.8053
-5008.295
-4424.5632
-4505.3377
-3917.9743
-3889.8759
-3439.2845
-3278.3291
-2945.2228
-2727.1269
-2435.2446
-4942.7484
-4196.6439
-4277.8993
-3613.515
-3529.1061
-3072.4425
-2861.3816
-2540.5168
-2301.5444
-2050.2846
-4783.2965
-3803.4567
-3866.8091
-3138.4443
-2968.3067
-2519.6306
-2266.8949
-1972.2051
-1747.1971
-1569.0016
-4595.6941
-3241.0229
-3182.4928
-2388.0889
-2084.5013
-1642.5108
-1356.9998
-1090.9101
-888.37076
-742.56313
-3312.3607
-1510.3441
-1207.8489
-476.05604
-147.89566
150.11377
311.66115
411.20896
455.03865
452.5951
2502.8464
3949.72
4041.3317
4071.4922
3869.7507
3599.0775
3276.1022
2938.1746
2588.7571
2205.0932
10080.858
8809.9709
7884.58
6978.8712
6190.6236
5498.6351
4896.1506
4364.3524
3866.7904
3437.5052
10083.821
8840.7216
7923.801
7022.7596
6234.5058
5539.5478
4932.4594
4397.4558
3894.7836
3430.4764
888.07031
1280.6028
1351.5814
1291.4292
1201.0024
1091.3256
985.76884
879.31812
781.5414
799.48833
1473.9013
1586.2725
1513.7837
1429.4783
1325.6975
1214.4822
1100.6245
982.46561
-4517.6577
-3182.8267
-3124.3304
-2346.9032
-2052.5036
-1625.4931
-1353.4801
-1103.135
-915.61892
-784.34304
-4750.7801
-3782.1454
-3843.2102
-3127.6247
-2960.2226
-2522.6004
-2277.5226
-1993.8939
-1779.9445
-1613.0891
-4937.5849
-4198.8161
-4277.843
-3622.7402
-3538.3762
-3090.8965
-2883.9308
-2571.5377
-2340.238
-2098.0008
-5022.1954
-4443.3613
-4521.7275
-3941.2386
-3912.7037
-3469.7774
-3310.8898
-2985.2497
-2773.2632
-2490.7492
-5031.5209
-4565.2573
-4637.5724
-4131.4303
-4138.6089
-3719.0245
-3615.5094
-3299.86
-3138.4911
-2905.5212
-5005.9615
-4616.9116
-4677.5489
-4231.7942
-4255.1633
-3858.9207
-3787.7332
-3467.1527
-3322.8178
-3033.5849
-4941.1717
-4612.8442
-4664.549
-4271.8774
-4304.5639
-3935.9453
-3893.3879
-3584.1168
-3477.0467
-3214.1559
-4850.9723
-4570.8083
-4614.6238
-4267.3523
-4304.0191
-3962.3648
-3938.7125
-3639.3341
-3548.8945
-3290.2607
-4744.2259
-4502.9305
-4539.722
-4231.3416
-4269.0183
-3953.9189
-3944.538
-3660.2932
-3591.8794
-3345.8478
-4636.8728
-4423.2248
-4451.5065
-4174.353
-4209.053
-3917.1148
-3914.772
-3641.7582
-3584.0589
-3332.5183
-4505.0084
-4319.5057
-4343.8857
-4096.2523
-4129.2337
-3860.5589
-3864.5101
-3606.1184
-3562.9443
-3323.1861
-4377.0299
-4212.3789
-4231.1149
-4007.692
-4037.124
-3788.7513
-3795.2596
-3547.7534
-3512.3515
-3258.8732
-4243.7045
-4098.5471
-4113.6859
-3912.6072
-3939.6806
-3711.7084
-3722.6325
-3492.2936
-3472.0592
-3255.5208
-4113.8802
-3983.989
-3994.801
-3812.2785
-3835.4917
-3624.1923
-3634.4693
-3413.6787
-3391.9782
-3161.9005
-3982.8005
-3867.1282
-3874.9204
-3709.4202
-3729.5523
-3534.3573
-3544.8549
-3336.3058
-3320.0234
-3099.5713
-3853.9702
-3751.2127
-3756.8982
-3607.2432
-3625.4618
-3446.3966
-3458.5745
-3264.888
-3255.4505
-3054.3922
-3733.0954
-3640.157
-3643.1818
-3507.0271
-3523.1018
-3358.8409
-3372.1568
-3193.5267
-3189.048
-3009.7784
-3609.7276
-3526.4488
-3528.055
-3404.5037
-3418.9106
-3268.4104
-3282.2539
-3117.6039
-3117.5755
-2951.4193
-3484.8595
-3410.7564
-3411.246
-3298.9804
-3311.4997
-3172.8556
-3185.555
-3030.7416
-3031.4299
-2862.3682
-3356.634
-3292.0192
-3292.5557
-3191.3713
-3202.9652
-3075.8904
-3088.7198
-2944.5913
-2950.4245
-2790.7071
-3254.7259
-3191.2664
-3186.6527
-3091.2487
-3098.8524
-2980.1434
-2990.9638
-2854.5442
-2860.2304
-2702.6114
-3119.9342
-3067.0764
-3065.4939
-2980.9572
-2989.2601
-2881.3131
-2893.143
-2767.4603
-2777.0302
-2636.1053
-3002.1548
-2953.8688
-2950.8591
-2873.4462
-2880.6594
-2781.5575
-2793.3313
-2677.1907
-2687.4147
-2557.5936
-2884.4935
-2840.8459
-2837.1573
-2766.3508
-2772.6196
-2681.8406
-2694.0669
-2589.1167
-2603.8544
-2497.7396
-2767.8172
-2727.1606
-2721.9785
-2656.0777
-2660.1255
-2575.0523
-2584.0671
-2483.0621
-2490.3119
-2371.6085
-2647.4865
-2610.0711
-2604.0608
-2542.9315
-2545.2754
-2465.9276
-2472.8425
-2377.2711
-2383.14
-2266.8241
-2519.4701
-2487.1145
-2482.3862
-2427.6259
-2430.6588
-2359.3438
-2368.4003
-2285.1641
-2299.5814
-2220.3192
-2397.7456
-2367.6349
-2361.8245
-2310.776
-2312.1307
-2245.1759
-2251.0076
-2169.9431
-2174.3474
-2076.2172
-2275.2519
-2247.2329
-2240.4944
-2192.7592
-2192.5085
-2129.7903
-2133.4579
-2056.771
-2059.2049
-1965.5975
-2144.0226
-2120.3189
-2115.1813
-2072.8695
-2073.6799
-2017.9373
-2023.9732
-1958.9812
-1969.7151
-1912.7814
-2019.9762
-1997.7
-1991.5795
-1951.9311
-1951.2419
-1898.7392
-1901.712
-1838.023
-1839.6691
-1761.8248
-1899.0528
-1877.1088
-1869.2963
-1831.3148
-1828.7618
-1779.3041
-1780.5039
-1720.9452
-1723.0016
-1653.8124
-1766.4872
-1747.4877
-1740.639
-1706.3079
-1703.8635
-1658.8362
-1660.0775
-1606.2015
-1609.1504
-1549.9232
-1628.2144
-1612.3322
-1607.0131
-1576.7041
-1574.8932
-1534.1169
-1535.1088
-1485.4476
-1486.9869
-1429.0067
-1509.843
-1492.3511
-1483.8787
-1453.548
-1449.7243
-1411.4722
-1411.9531
-1367.7208
-1371.6121
-1327.5033
-1365.4604
-1351.4774
-1345.2864
-1318.8321
-1315.6934
-1280.9251
-1280.6224
-1239.1645
-1239.0584
-1192.3537
-1230.0929
-1216.0889
-1208.8471
-1183.7202
-1179.963
-1148.0044
-1147.4338
-1109.9497
-1111.2273
-1067.1512
-1089.6476
-1076.3923
-1068.9695
-1045.6606
-1041.9923
-1013.5653
-1014.3688
-983.35973
-990.06289
-963.33706
-933.18992
-922.16345
-916.3587
-896.10675
-893.245
-867.77203
-868.06517
-838.48026
-841.08453
-803.70184
-780.48338
-769.72928
-763.42761
-744.56791
-741.80665
-719.35452
-720.71996
-696.52957
-702.66312
-682.39999
-613.06868
-604.02004
-599.22375
-583.29649
-581.82694
-562.84987
-565.06568
-544.92544
-549.54231
-532.50419
-448.2108
-438.95557
-433.45347
-418.65808
-417.5397
-401.80578
-405.61645
-391.57244
-399.94497
-394.35748
-263.96022
-256.20654
-252.36356
-240.57652
-241.20102
-229.30468
-234.65168
-225.05127
-233.57233
-228.89532
-74.815475
-67.444598
-64.021921
-54.458544
-56.99262
-50.087582
-59.851264
-60.053235
-79.184629
-99.246896
125.49774
132.3936
135.99295
144.55233
141.61109
145.5835
134.35514
130.81283
112.87196
104.7208
356.37079
360.39157
362.00859
367.90835
361.95071
359.26496
340.69452
325.40541
294.19242
264.1245
544.56131
551.98712
576.75937
596.33887
596.20847
588.9373
560.67165
529.68956
483.69988
433.28209
841.81161
864.82326
912.10443
932.07872
916.24662
882.46477
823.97181
762.1348
687.00295
615.54109
1061.0036
429.45901
2299.4745
2177.0706
1937.4745
1844.3597
1744.2323
1630.9933
1509.2166
1448.0414
918.84363
1989.1442
1980.763
1831.4045
1753.3337
1669.0973
1577.0927
1484.3593
1447.047
920.0803
1992.1293
1986.1771
1839.0899
1762.4341
1679.296
1588.2538
1497.2
1459.0237
798.61215
1474.0173
1586.1533
1513.4918
1428.3662
1323.6471
1210.9693
1095.2761
973.14958
887.04309
1279.8668
1351.5364
1292.4209
1202.3561
1093.0927
987.29111
880.78404
780.2803
80.006618
-94.85041
992.2082
1300.4172
-2482.7734
-2420.2477
1476.0653
-1421.0936
-1412.3401
974.32032
-2547.4374
-2439.4312
-2541.8473
-2573.6804
1445.589
-1375.9885
-1527.6927
1154.6968
964.74492
1813.5321
296.08352
300.96809
-2442.4636
-2413.4865
1531.8368
-4.8967824
-3.4103694
1320.1316
1187.2022
-35.35872
-36.526754
486.72906
487.96568
1354.6604
1548.6081
-2601.6264
-2557.6598
-245.2171
-246.21733
-2232.8271
-2211.5152
-2953.6036
-2991.263
1431.4432
-1117.3751
-1114.5911
964.74492
-2231.6992
-2270.9604
-2169.6219
-2254.5441
-2064.525
-2039.8484
-2628.7888
-2713.0014
-1758.153
-1773.6559
-1412.2667
-1419.0214
-1964.826
-1982.271
-1713.9774
-1700.8062
1943.4557
-1530.0448
-1542.1264
-2274.2458
-2245.4659
-2814.6888
-2888.3026
-2642.4224
-2719.8161
1914.7441
-2764.6638
-2728.5648
612.88314
616.5892
-1069.166
-1261.7558
-2622.5107
-2663.5257
-1279.7177
-1270.3043
-753.57716
-550.52151
-1600.333
-1613.0148
-1819.8046
-1754.7181
-1933.9858
-1918.5496
-1381.8347
-1388.9389
-1082.2155
-1079.0665
-853.0291
-860.97317
2281.8794
-279.34665
-158.22964
1883.301
-1661.5669
-1673.388
-1375.2523
-1368.4209
-1647.8098
-1635.9423
1262.6567
-1680.7945
1569.8548
-1789.0199
-1204.3626
-1196.8434
-2175.2447
-2203.3098
-10.847789
-13.18271
480.72661
250.83056
-978.54734
-976.40674
243.98082
249.15275
2014.04
-1745.2695
-1760.4543
1846.8935
550.59752
553.22747
-1991.3402
-2009.3212
-1535.4641
-2501.5852
-2540.3962
-1367.8565
-1521.0537
-1534.9885
69.213907
70.327467
1857.8701
-982.05247
-867.52209
-1456.9077
-1448.6438
-1492.995
-1504.49
-1910.8526
-1932.7001
-2722.4845
-2762.9439
1998.2381
-2155.1247
-2184.757
1565.0592
1348.1395
1182.5958
-2645.2769
-2562.4539
-1532.2802
-1539.9571
-1189.9064
-1195.2185
556.0588
550.54786
-349.05537
-340.25272
-2475.0015
-2442.0537
-120.66189
-307.8882
-1064.0412
-1060.0813
923.33937
-2459.3295
-2491.615
-2567.2605
-2602.1655
1711.4936
-1845.8805
-1863.5827
2175.4017
1605.6248
1069.7242
-3104.7605
-3059.3571
-2246.5609
-2218.4788
-2385.7894
-2340.6872
1717.1101
-423.97859
-427.59735
1711.4936
-292.47271
-286.93599
-2467.0657
-2417.8256
-2483.4368
-2450.5204
-818.63285
-826.74513
-2149.3598
-2144.2323
553.22747
-827.60029
-824.88381
1851.5988
-702.07846
-700.67535
385.69934
386.28071
-1247.9693
-1242.7971
1937.2813
-2546.4723
-2513.2002
1717.0348
550.59752
-3031.2495
-3103.4645
-2502.4843
-2590.2293
-1960.515
-1833.7245
1644.8898
-465.47257
-385.32651
-2775.4516
-2836.3719
-779.91969
-771.21093
-1902.2909
-1883.332
-936.02178
-926.33299
-2556.4044
-2535.1476
-998.03446
-993.61646
-715.43787
-710.83948
-824.88381
-827.60029
2438.77
-409.5249
-406.80841
-2707.9723
-2755.0611
2192.6965
-2379.0952
-2412.8736
-673.37749
-672.29114
-841.20369
-852.61661
-2182.3081
-2187.2583
1321.8267
-2734.9744
-2658.659
-1436.3743
-1443.7637
630.60113
638.99841
-776.34114
-766.25846
-2310.7595
-2345.2259
-2306.1763
-2329.5944
-2499.8597
-2545.2022
-2049.8655
-2167.5338
-2014.3242
-2111.0023
-2556.9301
-2528.9701
-3037.7669
-3004.0179
-2800.3633
-2767.0436
-2385.7268
-2415.1481
-2074.239
-2118.3902
-2103.8887
-2115.9228
-1301.9441
-1299.162
-2149.3598
-2144.2323
-350.76774
-347.92487
-2336.4123
-2311.8277
1244.8449
879.11651
895.33439
-3032.3786
-628.91408
-3080.8534
-629.11778
-2761.4234
-2724.0647
-2271.8685
-2243.7538
-2381.9476
-2287.8775
93.493324
93.217613
-430.65705
-428.87744
-2160.0576
-2134.7629
-2326.5232
-2363.4961
-531.71051
-532.02621
694.80285
-233.99377
-230.59304
-1760.0848
-1779.1811
904.98702
-1145.7862
-2187.3102
-2217.5428
-2563.7827
-2495.7574
-1244.213
-2263.3715
-2217.9615
-2997.0862
-2963.6652
-594.03474
-581.92097
-2102.4468
-2079.1436
-2830.9239
-2874.2091
-278.69391
-281.3207
-2361.8287
-2391.5539
-2374.0586
-2409.7393
-2211.5424
-2107.5117
-530.65343
-527.60546
221.30323
222.10137
-2025.8554
-2020.7769
-1688.3442
-1675.5618
-703.86617
-700.98349
-558.76573
-560.1226
-2312.92
-2414.086
-2670.1001
-2644.3425
-1645.7844
-1633.5574
-154.34472
-152.65354
610.54004
922.91546
-2839.673
-2803.7605
1156.6641
-484.65139
-485.80294
-2604.4765
-2668.6187
-2253.5657
-2224.1999
1404.0233
-3169.6815
-3212.3741
-2294.3492
-2333.2229
-2769.6472
-2849.6814
-1738.4219
-1757.1389
-2680.6745
-2734.324
916.21351
-221.25846
-214.53566
-2574.2514
-2605.2202
-2626.068
-2661.2862
-1429.8921
-1425.7563
-1738.4219
-1757.1389
-1796.253
-1776.8592
-2090.1695
-2120.8501
-3192.5894
-3137.2524
630.60113
638.99841
-1090.7371
-1084.5173
-2111.5463
-1999.6436
-753.14009
-754.8099
76.597281
77.484616
-67.701127
-67.195747
-1919.5152
-1935.9399
-2805.1651
-2767.0706
671.64787
414.06201
-2498.5684
-2465.8385
-2455.6177
-2370.9317
-2105.4991
-2084.3473
-2418.6949
-2331.3792
-1909.8736
-1781.6545
-1558.09
-2299.3583
-2265.8606
-971.8367
-966.7105
1380.4024
-972.71037
-978.36162
1431.4432
-1472.8179
-2392.8719
-2418.1325
-2451.676
-2486.1777
1069.7242
-2460.9154
-2566.643
923.33937
-277.28902
-275.82175
-1553.896
-1569.2851
-607.3757
-721.75129
-1844.2982
-1827.7924
675.63351
680.79628
-2462.2633
-2520.376
-1025.7113
-1028.9571
1407.4686
-2002.2175
-1985.5193
-1453.5494
-1463.6415
918.9666
-2177.5298
-2198.4691
-1221.1129
-1227.7034
925.9919
-238.55729
-242.93788
1290.3295
-1676.1804
-1691.2567
297.80102
297.66388
1539.4683
-552.27133
-546.28596
-2702.9741
-2676.5341
-1176.1377
-1170.1055
215.82463
315.51205
1803.929
1436.1267
-2940.0769
-2891.5049
610.54004
922.91546
-224.98184
-226.20929
-2954.5955
-2918.4408
-2187.2583
-2182.3081
-1327.262
-1336.6758
-1372.9475
-1205.8484
-1579.7457
-1566.882
-1290.4906
-1285.4369
-872.60859
-868.11912
-1941.2519
-1953.3641
1529.1018
2662.6939
-173.72933
-343.91637
-2890.7275
-2825.9278
1678.3707
417.19867
237.6222
-3094.5188
-3025.5447
-2677.1218
-2709.671
1696.0155
-1772.6476
-1761.112
-1362.5099
-1361.9506
-1684.3177
-1680.8896
-1359.6417
-1353.1036
-1137.2171
-1138.7516
-1362.5099
-1361.9506
-1684.3177
-1680.8896
-1945.7001
-1939.1361
-2677.1853
-2643.0529
3.5448531
4.5355604
-1939.1361
-1945.7001
-1138.7516
-1137.2171
1330.0015
1235.0425
1262.6567
-2254.2376
-2270.1695
-2067.6982
-2082.787
-2525.5717
-2436.5679
506.05078
1826.0122
1937.4376
-2374.5376
-2351.2415
-2060.5999
-2080.1379
-2565.8218
-2661.63
2001.0683
-2594.3725
-2517.6947
-2409.6736
-2431.0598
498.6956
1895.5048
-1041.2269
-1037.4147
2612.4597
-2136.4515
-2110.0185
-2412.1562
-2451.5113
-1369.9718
-1360.6718
1244.8449
-1796.4572
-1808.9521
668.92669
667.97387
-2290.7342
-2340.368
-1602.6303
-1588.062
1109.3133
1235.57
-1857.0954
-1835.9502
847.59557
1828.4688
934.45443
644.99047
850.58128
-2446.1805
-2476.5322
-947.76148
-950.29076
-2307.5583
-1468.0922
-2432.2642
-1404.2322
-476.58276
-469.27638
-2070.6926
-2101.6539
491.93395
481.26858
455.9015
450.1699
916.21351
-451.22613
-343.18098
1600.1084
630.60113
638.99841
2032.3081
1203.7481
-2275.1474
-2323.0248
1325.4026
1431.4432
1493.226
847.59557
850.58128
-106.60377
-105.12713
1806.4917
-975.62081
-994.26418
-2129.2044
-2205.5184
1213.5994
1254.2443
-2187.2583
-2182.3081
810.98693
811.40963
553.22747
1550.6595
1690.3899
1529.8696
465.10972
838.57606
-1163.0641
-1076.8478
550.59752
-221.25846
-214.53566
1824.2998
3163.9314
3277.0759
792.83566
796.17697
-2020.7769
-2025.8554
1866.3001
-827.60029
-824.88381
-832.16844
-912.62842
1952.6441
-157.36101
-158.39362
-9.1945721
-7.3972257
-3205.2545
-3250.4318
523.7569
520.96847
634.98187
432.1212
1670.8522
1837.1309
202.47118
319.99691
1949.5372
-2721.5886
-2797.7229
-1594.6497
-1732.5244
-1642.4825
-1650.4429
218.66561
218.64061
-1182.5957
-1179.9136
40.14782
47.341606
-2725.8003
-2653.0643
-2377.9238
-2354.454
-2617.0888
-2637.3847
-1909.5482
-1913.2487
-2020.7769
-2025.8554
-811.22791
-816.04645
-3252.4781
-3195.8138
-3126.4772
-3091.9818
-544.16504
-548.33815
286.65929
95.856917
-2905.364
-2937.7323
-2182.3081
-2187.2583
1625.5478
-1238.9727
-1246.9895
-2014.4152
-2031.9602
422.35837
423.86295
1037.722
913.51382
-544.16504
-548.33815
-282.53453
-286.62435
-2167.9796
-2171.7667
-2253.5657
-2224.1999
-2644.3425
-2670.1001
-1738.4219
-1757.1389
-2224.1999
-2253.5657
687.50277
683.10689
-975.62081
-994.26418
-3186.9201
-3147.2093
-2858.7181
-2828.4194
-1801.2792
-1787.6414
-975.62081
-994.26418
-1331.625
-2144.2323
-2149.3598
-1326.2836
-1935.7537
-1911.7784
-221.25846
-214.53566
-683.61592
-683.45746
215.82463
315.51205
-2286.6059
-2261.8608
-2772.4548
-2798.6921
-1076.9301
-1074.0359
-1532.524
-1522.9096
2062.5381
-2395.1292
-2433.2166
1639.8296
1713.3323
-2191.6782
-2226.9218
-1168.134
-1161.0564
259.50921
566.70301
-1057.8227
-1053.8543
-1853.5976
-1836.3834
-852.2674
-846.91505
-1144.3234
-1139.6286
-1608.8712
-1598.3101
-923.45441
-919.13558
-1970.1278
-2098.0411
-2324.4064
-2352.1874
1972.8457
-2383.5249
-2433.3993
-2411.2232
-2463.4388
-2459.2582
-2515.0287
-2597.8
-2633.6022
-2557.455
-2594.7662
1583.5177
-2869.6548
-2924.0127
-2853.6919
-2818.9466
1569.8548
-2785.5939
-2866.8641
-2328.6818
-2426.0751
1182.5958
-2283.9565
-2257.2996
-7.4249771
-11.249903
916.21351
-2548.6281
-2646.7544
-2368.5601
-2303.7163
-552.27133
-546.28596
-3087.9617
-3026.7386
-2304.4823
-2331.239
1857.936
-1542.284
-1549.0597
-2311.4444
-2345.3644
-126.076
-124.69482
40.14782
47.341606
-1902.9767
-1913.842
1220.2986
-2600.4704
-2635.9968
-2213.0809
-2227.2932
-2487.5113
-2508.3175
-972.29854
-969.38046
-1684.3177
-1680.8896
-1741.1328
-1739.2435
-1361.9506
-1362.5099
-1909.5482
-1913.2487
-1137.2171
-1138.7516
215.82463
315.51205
923.33937
1069.7242
-1979.0274
-2081.126
-2899.6247
-2965.7559
638.99841
630.60113
921.59657
964.7982
-376.01166
-378.94769
-2540.4396
-2504.6224
-2696.7829
-2732.0821
576.59503
587.41598
1193.4366
1432.7257
1462.3385
-2610.1275
-2699.5811
-361.72091
-363.15146
1525.7069
1185.4469
1396.0203
1581.9848
)
;

boundaryField
{
    oversetFaces
    {
        type            overset;
        coupledFringe   true;
        conservativeCorrection true;
        setHoleCellValue yes;
        holeCellValue   0;
        value           nonuniform 0();
    }
    back
    {
        type            empty;
    }
    out
    {
        type            fixedValue;
        value           uniform 0;
    }
    bottom
    {
        type            zeroGradient;
    }
    in
    {
        type            zeroGradient;
    }
    top
    {
        type            zeroGradient;
    }
    front
    {
        type            empty;
    }
    wall
    {
        type            zeroGradient;
    }
    cylinder
    {
        type            zeroGradient;
    }
}


// ************************************************************************* //
