/*--------------------------------*- C++ -*----------------------------------*\
| =========                 |                                                 |
| \\      /  F ield         | foam-extend: Open Source CFD                    |
|  \\    /   O peration     | Version:     4.1                                |
|   \\  /    A nd           | Web:         http://www.foam-extend.org         |
|    \\/     M anipulation  |                                                 |
\*---------------------------------------------------------------------------*/
FoamFile
{
    version     2.0;
    format      ascii;
    class       surfaceScalarField;
    location    "0.2";
    object      phi;
}
// * * * * * * * * * * * * * * * * * * * * * * * * * * * * * * * * * * * * * //

dimensions      [0 3 -1 0 0 0 0];

internalField   nonuniform List<scalar> 
6703
(
5.5611233e-06
8.0746873e-06
-1.3635811e-05
9.5536921e-06
2.9405481e-05
-3.339805e-05
1.1766757e-05
6.0972267e-05
-6.3185332e-05
1.0827646e-05
0.0001056097
-0.00010467059
4.3870101e-06
0.00016599431
-0.00015955367
-1.0870194e-05
0.00024390785
-0.00022865065
-3.8455896e-05
0.00033900995
-0.00031142425
-8.0705865e-05
0.00044829345
-0.00040604348
-0.0001380552
0.00056723096
-0.00050988163
-0.00020873815
0.00069248174
-0.0006217988
-0.00029012958
0.00082457504
-0.00074318361
-0.00038046251
0.00096800268
-0.00087766975
-0.00047963038
0.0011289512
-0.0010297833
-0.000588964
0.0013134156
-0.0012040819
-0.00071064373
0.0015273199
-0.0014056402
0.0017778758
-0.0016420513
-0.00084646822
-4.607218e-08
8.1207595e-06
-3.0131823e-07
2.9660727e-05
-1.0695715e-06
6.174052e-05
-2.9617494e-06
0.00010750188
-7.0753714e-06
0.00017010793
-1.5216334e-05
0.00025204882
-3.0295545e-05
0.00035408916
-5.6125044e-05
0.00047412295
-9.642753e-05
0.00060753345
-0.00015350254
0.00074955675
-0.00022773939
0.00089881189
-0.00031854125
0.0010588045
-0.0004257311
0.001236141
-0.0005502307
0.0014379151
-0.00069374845
0.0016708377
0.0019416098
-0.0008574824
1.5500946e-07
7.9657501e-06
6.0222387e-07
2.9213513e-05
1.2755399e-06
6.1067204e-05
1.9070394e-06
0.00010687038
1.8608152e-06
0.00017015415
-9.5471542e-08
0.0002540051
-6.0587343e-06
0.00036005243
-1.9097689e-05
0.0004871619
-4.281891e-05
0.00063125467
-8.0254198e-05
0.00078699204
-0.00013270982
0.00095126752
-0.00019995756
0.0011260523
-0.00028203622
0.0013182197
-0.00037987346
0.0015357524
-0.00049517653
0.0017861408
0.0020765981
-0.00063016489
5.6176763e-07
7.4039824e-06
2.4050241e-06
2.7370256e-05
5.813427e-06
5.7658801e-05
1.0895635e-05
0.00010178817
1.7382107e-05
0.00016366768
2.4366289e-05
0.00024702092
3.0041177e-05
0.00035437754
3.1414165e-05
0.00048578891
2.461915e-05
0.00063804969
6.0061887e-06
0.000805605
-2.6407803e-05
0.00098368151
-7.2404634e-05
0.0011720491
-0.00013085617
0.0013766712
-0.00020102141
0.0016059176
-0.0002830009
0.0018681203
0.0021691196
-0.00037552232
8.9593081e-07
6.5080516e-06
3.9486887e-06
2.4317498e-05
9.8383982e-06
5.1769092e-05
1.9145557e-05
9.2481013e-05
3.2111608e-05
0.00015070163
4.8309403e-05
0.00023082313
6.6277511e-05
0.00033640943
8.3239081e-05
0.00046882734
9.5210762e-05
0.000626078
9.7844983e-05
0.00080297078
8.7976155e-05
0.00099355034
6.4904947e-05
0.0011951203
3.0385318e-05
0.0014111908
-1.3419537e-05
0.0016497225
-6.579469e-05
0.0019204954
0.0022321487
-0.00012882378
1.1275229e-06
5.3805287e-06
5.0575846e-06
2.0387437e-05
1.2832528e-05
4.3994148e-05
2.5520698e-05
7.9792844e-05
4.3967339e-05
0.00013225499
6.8406149e-05
0.00020638432
9.7980463e-05
0.00030683512
0.00013033257
0.00043647523
0.00016154769
0.00059486289
0.00018679646
0.00077772202
0.00020178234
0.00097856445
0.00020445431
0.0011924483
0.00019585627
0.0014197889
0.00017880899
0.0016667698
0.00015611203
0.0019431924
0.0022581681
0.00013009257
1.2666605e-06
4.1138682e-06
5.7594114e-06
1.5894686e-05
1.4816329e-05
3.493723e-05
2.9948041e-05
6.4661133e-05
5.2614882e-05
0.00010958815
8.3818585e-05
0.00017518061
0.00012352376
0.00026712994
0.0001700647
0.00038993429
0.00021985839
0.0005450692
0.00026781452
0.00072976589
0.00030865978
0.0009377192
0.00033888347
0.0011622247
0.00035829171
0.0014003806
0.00036966909
0.0016553924
0.00037707326
0.0019357882
0.0022522823
0.00038295911
1.3053461e-06
2.808522e-06
6.0071423e-06
1.119289e-05
1.5647493e-05
2.529688e-05
3.2098359e-05
4.8210266e-05
5.7397945e-05
8.428856e-05
9.33707e-05
0.00013920786
0.00014098723
0.00021951341
0.00019957614
0.00033134538
0.00026623656
0.00047840878
0.00033593984
0.0006600626
0.00040265418
0.00087100487
0.00046136212
0.0011035167
0.00051015555
0.0013515872
0.00055096101
0.0016145869
0.00058839508
0.0018983541
0.0022134844
0.00062719291
1.2698146e-06
1.5387074e-06
5.9220663e-06
6.540638e-06
1.5611027e-05
1.5607919e-05
3.2439783e-05
3.138151e-05
5.8880472e-05
5.7847872e-05
9.7472515e-05
0.00010061582
0.00015020664
0.00016677929
0.00021762375
0.00026392826
0.00029793082
0.0003981017
0.00038669244
0.00057130098
0.00047760533
0.00078009198
0.00056442892
0.0010166931
0.00064348066
0.0012725355
0.00071541681
0.0015426508
0.00078516756
0.0018286034
0.0021391586
0.00085949342
1.1132894e-06
4.2541806e-07
5.2326926e-06
2.4212348e-06
1.3954996e-05
6.8856159e-06
2.946417e-05
1.5872336e-05
5.4561039e-05
3.2751003e-05
9.2498673e-05
6.2678181e-05
0.00014645008
0.00011282788
0.00021849147
0.00019188688
0.00030831653
0.00030827664
0.00041239556
0.00046722196
0.00052441199
0.00066807555
0.00063721168
0.00090389343
0.00074565304
0.0011640941
0.00084918925
0.0014391146
0.00095323387
0.0017245588
0.0020234718
0.0010689206
9.9234057e-07
-5.669225e-07
4.8232599e-06
-1.4096845e-06
1.3127517e-05
-1.4186413e-06
2.812447e-05
8.7538319e-07
5.2701624e-05
8.1738488e-06
9.0296456e-05
2.5083349e-05
0.0001444632
5.8661133e-05
0.00021806008
0.00011829
0.00031179191
0.00021454482
0.00042317033
0.00035584354
0.00054677122
0.00054447466
0.0006760052
0.00077465945
0.0008055958
0.0010345035
0.00093370168
0.0013110087
0.0010628864
0.001595374
0.0018847297
0.0012016285
2.5325337e-06
-3.0994562e-06
7.7631394e-06
-6.6402903e-06
1.7351178e-05
-1.100668e-05
3.3459829e-05
-1.5233268e-05
5.8710751e-05
-1.7077073e-05
9.5541866e-05
-1.1747766e-05
0.00014477757
9.4254299e-06
0.00020787826
5.5189308e-05
0.00028623556
0.00013618752
0.00037992085
0.00026215825
0.00048677573
0.00043761977
0.0006025434
0.00065889178
0.00072197428
0.00091507261
0.00084060504
0.0011923779
0.00095632105
0.001479658
0.0017692199
0.0010718309
-6.2606771e-06
-7.45995e-06
1.3720627e-05
-1.3070671e-05
-2.6832681e-05
3.3642676e-05
-2.1838769e-05
-5.4872227e-05
6.3640325e-05
-3.3745231e-05
-9.3412899e-05
0.00010531936
-5.0199212e-05
-0.0001437851
0.00016023908
-7.2889678e-05
-0.00020626872
0.00022895918
-0.00010377386
-0.00027969248
0.00031057666
-0.00014498394
-0.00036161718
0.00040282726
-0.00019820902
-0.00044944576
0.00050267085
-0.00026469436
-0.00054211197
0.00060859731
-0.00034522826
-0.00064106683
0.00072160073
-0.00044028803
-0.00074969034
0.00084475011
-0.00055019083
-0.0008718501
0.00098175289
-0.00067539782
-0.001010977
0.001136184
-0.00081758582
-0.0011698817
0.0013120697
-0.0013513537
0.0015172679
-0.00098349998
-1.2629685e-06
-6.1969815e-06
-5.827258e-06
-2.2268392e-05
-1.514828e-05
-4.5551206e-05
-3.0938741e-05
-7.7622438e-05
-5.5121686e-05
-0.00011960216
-8.9724991e-05
-0.00017166541
-0.00013672482
-0.00023269264
-0.00019784936
-0.00030049264
-0.00027443359
-0.00037286154
-0.0003675348
-0.00044901076
-0.000478354
-0.00053024763
-0.0006087041
-0.00061934024
-0.00076121471
-0.00071933949
-0.00093923268
-0.00083295903
-0.0011463323
-0.00096278205
-0.0011121008
-0.0013855852
-1.3739631e-06
-4.8230184e-06
-6.3033171e-06
-1.7339038e-05
-1.6389662e-05
-3.546486e-05
-3.3607579e-05
-6.0404521e-05
-6.0212106e-05
-9.2997629e-05
-9.8547733e-05
-0.00013332979
-0.00015077597
-0.00018046441
-0.00021863067
-0.00023263794
-0.00030337748
-0.00028811472
-0.00040608449
-0.00034630375
-0.00052808441
-0.0004082477
-0.00067134767
-0.00047607699
-0.00083860571
-0.00055208144
-0.0010333031
-0.00063826161
-0.0012597256
-0.00073635961
-0.00084759019
-0.0015242362
-1.5797651e-06
-3.2432533e-06
-7.2443502e-06
-1.1674453e-05
-1.8777035e-05
-2.3932176e-05
-3.8293498e-05
-4.0888058e-05
-6.8119058e-05
-6.3172069e-05
-0.00011055662
-9.0892228e-05
-0.00016760994
-0.00012341109
-0.00024080785
-0.00015944002
-0.00033129522
-0.00019762735
-0.00044020741
-0.00023739157
-0.00056911
-0.00027934511
-0.00072024098
-0.00032494601
-0.00089652039
-0.00037580202
-0.0011014739
-0.00043330808
-0.0013387808
-0.00049905272
-0.00057605502
-0.001610316
-1.6826148e-06
-1.5606385e-06
-7.6470445e-06
-5.710023e-06
-1.9726511e-05
-1.1852709e-05
-4.0124099e-05
-2.049047e-05
-7.1254847e-05
-3.2041321e-05
-0.0001155078
-4.6639276e-05
-0.00017498802
-6.3930869e-05
-0.00025139498
-8.3033061e-05
-0.00034615828
-0.00010286405
-0.00046076387
-0.00012278598
-0.00059705694
-0.00014305204
-0.00075737712
-0.00016462583
-0.00094454421
-0.00018863493
-0.0011619012
-0.00021595113
-0.0014144417
-0.00024651221
-0.0002778566
-0.0017126401
1.6053197e-07
7.9619433e-06
-8.1224753e-06
6.2700604e-07
2.9201559e-05
-2.9668033e-05
1.3383927e-06
6.1046382e-05
-6.1757769e-05
2.0322049e-06
0.00010684207
-0.00010753589
2.0778178e-06
0.00017012342
-0.00017016903
2.4737375e-07
0.00025398223
-0.00025215179
-5.5530848e-06
0.00036006171
-0.00035426125
-1.8391609e-05
0.0004872333
-0.00047439478
-4.1875797e-05
0.0006314122
-0.00060792801
-7.9039343e-05
0.00078724019
-0.00075007664
-0.0001311941
0.00095157069
-0.00089941593
-0.00019810765
0.0011262996
-0.001059386
-0.00027981742
0.0013182441
-0.0012365343
-0.000377253
0.0015354079
-0.0014379723
-0.00049204945
0.0017853551
-0.0016705587
0.0020751718
-0.0019411546
-0.00062606668
-1.5605906e-06
-4.7881008e-11
-7.2704958e-06
-1.1778543e-10
-1.9122745e-05
-4.5945221e-10
-3.9611789e-05
-1.4262838e-09
-7.1650274e-05
-2.8358004e-09
-0.00011828604
-3.5110742e-09
-0.00018221649
-4.2238447e-10
-0.00026526129
1.1745568e-08
-0.00036816456
3.9217416e-08
-0.00049103567
8.5126931e-08
-0.00063423254
1.4483306e-07
-0.00079906299
2.0461369e-07
-0.00098794259
2.4466712e-07
-0.001204132
2.3832959e-07
-0.001450772
1.2775609e-07
-2.2877647e-07
-0.0017283998
-1.5659753e-06
1.5659275e-06
-7.2935318e-06
5.7274387e-06
-1.9179568e-05
1.1885577e-05
-3.9722869e-05
2.0541875e-05
-7.1839572e-05
3.2113867e-05
-0.00011857872
4.6735641e-05
-0.00018263482
6.4055674e-05
-0.00026581856
8.3195491e-05
-0.00036885733
0.00010307798
-0.00049183464
0.00012306244
-0.00063507227
0.00014338246
-0.00079982804
0.00016496039
-0.00098843855
0.00018885518
-0.001204021
0.00021582081
-0.001449587
0.00024569371
0.00027656718
-0.0017263829
-1.6853933e-06
3.2513207e-06
-7.6589445e-06
1.170099e-05
-1.9755841e-05
2.3982473e-05
-4.0181288e-05
4.0967322e-05
-7.1351829e-05
6.3284407e-05
-0.00011565606
9.103987e-05
-0.00017519416
0.00012359377
-0.00025165256
0.0001596539
-0.00034643584
0.00019786125
-0.00046099086
0.00023761746
-0.00059710882
0.00027950042
-0.00075705869
0.00032491025
-0.00094357633
0.00037537282
-0.0011599123
0.0004321568
-0.001410742
0.0004965234
0.00057068446
-0.0017048593
-1.5692178e-06
4.8205385e-06
-7.1983076e-06
1.733008e-05
-1.8662788e-05
3.5446954e-05
-3.8070875e-05
6.0375409e-05
-6.7742168e-05
9.29557e-05
-0.00010997601
0.00013327371
-0.0001667724
0.00018039017
-0.0002396495
0.000232531
-0.00032972515
0.0002879369
-0.00043808499
0.0003459773
-0.00056622487
0.0004076403
-0.0007163052
0.00047499058
-0.00089118768
0.0005502553
-0.0010944391
0.00063540818
-0.0013300033
0.00073208766
0.00084041881
-0.0015997377
-1.3604806e-06
6.1810191e-06
-6.2447981e-06
2.2214397e-05
-1.6244554e-05
4.544671e-05
-3.3323764e-05
7.7454619e-05
-5.9727833e-05
0.00011935977
-9.7793105e-05
0.00017133898
-0.00014967336
0.00023227042
-0.00021709172
0.00029994935
-0.00030129549
0.00037214067
-0.00040332646
0.00044800828
-0.00052449534
0.00052880918
-0.00066678622
0.00061728147
-0.00083302043
0.00071648951
-0.0010268438
0.00082923151
-0.0012533343
0.0009585782
0.0011107445
-0.00152366
-1.2620595e-06
7.4430786e-06
-5.8219209e-06
2.6774259e-05
-1.5131928e-05
5.4756716e-05
-3.0900358e-05
9.3223049e-05
-5.5044253e-05
0.00014350366
-8.9584905e-05
0.00020587963
-0.00013649409
0.00027917961
-0.00019750298
0.00036095824
-0.00027396442
0.00044860212
-0.00036698041
0.00054102427
-0.00047784487
0.00063967364
-0.00060855352
0.00074799012
-0.00076209725
0.00087003324
-0.00094254478
0.001009679
-0.0011544079
0.0011704413
0.0013547763
-0.0013984396
-6.2607111e-06
1.370379e-05
-1.3083749e-05
3.3597296e-05
-2.1878059e-05
6.3551027e-05
-3.3824276e-05
0.00010516927
-5.033114e-05
0.00016001053
-7.3086835e-05
0.00022863533
-0.00010404859
0.00031014136
-0.00014535544
0.00040226509
-0.00019871076
0.00050195744
-0.00026539483
0.00060770834
-0.00034625097
0.00072052977
-0.00044182881
0.00084356797
-0.00055249172
0.00098069614
-0.00067853923
0.0011357266
-0.00082084805
0.0013127501
0.0015177978
-0.00098386956
2.5311542e-06
5.740144e-07
-3.1051686e-06
7.7496808e-06
1.4359774e-06
-6.654504e-06
1.731063e-05
1.4748191e-06
-1.1035769e-05
3.3372214e-05
-7.7374806e-07
-1.5287836e-05
5.8552943e-05
-8.0050589e-06
-1.717567e-05
9.5293212e-05
-2.4818767e-05
-1.1921501e-05
0.00014442264
-5.8267011e-05
9.1375792e-06
0.00020738661
-0.00011772771
5.4763746e-05
0.00028556526
-0.00021377802
0.00013559937
0.00037902223
-0.00035484357
0.0002613866
0.00048559271
-0.00054321716
0.00043664668
0.00060101039
-0.00077310447
0.00065768679
0.00071998655
-0.0010325536
0.00091357746
0.00083784392
-0.0013083968
0.0011905394
0.00095187921
-0.0015912754
0.0014772401
-0.0018787529
0.0017631704
0.0010674617
9.9111568e-07
-4.1710128e-07
4.817451e-06
-2.3903579e-06
1.3112631e-05
-6.8203608e-06
2.8095659e-05
-1.5756776e-05
5.2654531e-05
-3.2563931e-05
9.0228844e-05
-6.239308e-05
0.00014437611
-0.00011241428
0.0002179626
-0.00019131421
0.00031170526
-0.00030752068
0.00042313249
-0.00046627079
0.00054684498
-0.00066692965
0.00067629694
-0.00090255643
0.0008063028
-0.0011625595
0.00093527286
-0.0014373669
0.0010667306
-0.0017227331
-0.0020226702
0.0012106479
1.112669e-06
-1.5297702e-06
5.2301843e-06
-6.5078732e-06
1.3949079e-05
-1.5539256e-05
2.9453016e-05
-3.1260713e-05
5.4543273e-05
-5.7654188e-05
9.2474795e-05
-0.0001003246
0.00014642504
-0.00016636452
0.00021847836
-0.00026336753
0.00030834011
-0.00039738244
0.00041249306
-0.00057042375
0.000524629
-0.00077906559
0.00063759206
-0.0010155195
0.00074622241
-0.0012711898
0.00084992161
-0.0015410661
0.00095387586
-0.0018266873
-0.0021366849
0.0010678905
1.269062e-06
-2.7988322e-06
5.9188407e-06
-1.1157652e-05
1.5603371e-05
-2.5223786e-05
3.2426092e-05
-4.8083434e-05
5.8860665e-05
-8.4088762e-05
9.7450108e-05
-0.00013891404
0.00015019175
-0.00021910616
0.00021763629
-0.00033081207
0.0002980022
-0.00047774835
0.0003868636
-0.00065928514
0.00047791984
-0.00087012183
0.00056492164
-0.0011025213
0.00064416818
-0.0013504364
0.00071630242
-0.0016132003
0.00078627799
-0.0018966629
-0.0022116212
0.00086121429
1.3046076e-06
-4.1034398e-06
6.0041919e-06
-1.5857236e-05
1.5640971e-05
-3.4860565e-05
3.2087796e-05
-6.4530259e-05
5.738528e-05
-0.00010938625
9.3362662e-05
-0.00017489143
0.0001409983
-0.00026674179
0.00019963101
-0.00038944478
0.00026636999
-0.00054448733
0.000336192
-0.00072910715
0.00040306026
-0.00093699009
0.00046193587
-0.0011613969
0.00051087238
-0.0013993729
0.00055174887
-0.0016540768
0.00058911323
-0.0019340273
-0.0022500782
0.00062757027
1.2663319e-06
-5.3697717e-06
5.758486e-06
-2.034939e-05
1.481548e-05
-4.391756e-05
2.9950065e-05
-7.9664844e-05
5.2626573e-05
-0.00013206275
8.3853187e-05
-0.00020611804
0.00012360341
-0.00030649202
0.00017022153
-0.0004360629
0.00022013261
-0.00059439841
0.00026824823
-0.00077722277
0.00030928627
-0.00097802813
0.00033971114
-0.0011918218
0.00035929347
-0.0014189552
0.00037079553
-0.0016655789
0.00037826234
-0.0019414941
-0.0022560177
0.00038420184
1.1282504e-06
-6.4980221e-06
5.0615587e-06
-2.4282699e-05
1.2844508e-05
-5.1700509e-05
2.5549093e-05
-9.2369429e-05
4.4026078e-05
-0.00015053974
6.8516683e-05
-0.00023060865
9.8173295e-05
-0.00033614863
0.00013064698
-0.00046853658
0.00016202839
-0.00062577982
0.00018748656
-0.00080268095
0.00020271363
-0.00099325519
0.00020563247
-0.0011947406
0.00019725664
-0.0014105794
0.00018040118
-0.0016487234
0.00015784455
-0.0019189375
-0.002230011
0.00013183789
8.9820596e-07
-7.396228e-06
3.9595903e-06
-2.7344083e-05
9.8678956e-06
-5.7608815e-05
1.9208583e-05
-0.00010171012
3.2229489e-05
-0.00016356064
4.8510961e-05
-0.00024689012
6.6600179e-05
-0.00035423785
8.3727562e-05
-0.00048566397
9.5912521e-05
-0.00063796478
9.8803245e-05
-0.00080557167
8.9221532e-05
-0.00098367348
6.6445132e-05
-0.0011719642
3.221048e-05
-0.0013763447
-1.1305946e-05
-0.001605207
-6.3341833e-05
-0.0018669016
-0.0021673501
-0.00012600281
5.6571526e-07
2.4231911e-06
5.8607584e-06
1.0992716e-05
1.7555494e-05
2.4647609e-05
3.0471472e-05
3.2040805e-05
2.5488229e-05
7.1567467e-06
-2.4946045e-05
-7.0610679e-05
-0.00012871131
-0.00019851035
-0.0002800568
-0.00037223503
-4.0221136e-08
-8.0822541e-06
-2.7613777e-07
-2.9432116e-05
-1.0071128e-06
-6.1026794e-05
-2.8388249e-06
-0.00010570417
-6.8638201e-06
-0.00016614404
-1.4884481e-05
-0.00024413113
-2.9809877e-05
-0.00033933586
-5.5455919e-05
-0.00044874873
-9.5544715e-05
-0.00056783922
-0.00015237011
-0.00069325124
-0.00022630964
-0.00082547641
-0.00031676274
-0.00096893292
-0.00042358752
-0.0011297096
-0.00054779697
-0.0013137629
-0.00069121299
-0.0015271426
-0.0017771079
-0.00085525968
5.5702088e-06
-1.3652463e-05
9.5808159e-06
-3.3442723e-05
1.1826963e-05
-6.3272941e-05
1.0940221e-05
-0.00010481743
4.5729079e-06
-0.00015977672
-1.0592256e-05
-0.00022896596
-3.8080374e-05
-0.00031184774
-8.0239447e-05
-0.00040658966
-0.0001375059
-0.00051057276
-0.00020810407
-0.00062265307
-0.00028938499
-0.00074419549
-0.00037956804
-0.00087874988
-0.00047859748
-0.0010306801
-0.00058798146
-0.0012043789
-0.00070997847
-0.0014051456
-0.001641591
-0.00084549538
-1.3599401e-06
-1.7587753e-06
3.1187153e-06
-2.048208e-06
-6.0306847e-06
6.7189527e-06
-1.6680007e-06
-1.1616886e-05
1.1236679e-05
6.4870299e-07
-1.8123753e-05
1.5807049e-05
6.6099747e-06
-2.4360384e-05
1.8399112e-05
1.9617276e-05
-2.7637367e-05
1.4630066e-05
4.6009123e-05
-2.2786988e-05
-3.6048595e-06
9.1738149e-05
-1.0724075e-06
-4.4656619e-05
0.00016098896
4.9313602e-05
-0.00011856441
0.00025547176
0.00014027781
-0.00023476061
0.00037247465
0.00028094011
-0.00039794299
0.0005055159
0.00047204983
-0.00060509108
0.00064710929
0.00070442763
-0.00084602103
0.00079204104
0.00096218077
-0.0011071125
0.00093956156
0.0012288206
-0.0013763411
0.0014934384
-0.0016485823
0.0010947055
1.7258645e-07
-1.9313617e-06
8.1224193e-07
-6.6703402e-06
2.2740408e-06
-1.3078685e-05
5.2327963e-06
-2.1082508e-05
1.0868091e-05
-2.9995678e-05
2.1235883e-05
-3.800516e-05
3.98531e-05
-4.1404204e-05
7.2385776e-05
-3.3605084e-05
0.00012578073
-4.0813559e-06
0.00020563971
6.0418837e-05
0.0003157505
0.00017082931
0.00045649467
0.00033130566
0.00062602646
0.00053489585
0.00082259649
0.00076561073
0.0010469229
0.0010044941
0.0012367753
0.0013035861
9.7664564e-08
-2.0290263e-06
5.2381261e-07
-7.0964882e-06
1.5369899e-06
-1.4091862e-05
3.5589764e-06
-2.3104495e-05
7.3185303e-06
-3.3755232e-05
1.4090555e-05
-4.4777184e-05
2.6091035e-05
-5.3404684e-05
4.7034759e-05
-5.4548808e-05
8.2732332e-05
-3.9778929e-05
0.00013935094
3.8002338e-06
0.00022288767
8.7292571e-05
0.00033891814
0.00021527519
0.00049106546
0.00038274853
0.00068120517
0.00057547102
0.00090950271
0.00077619661
0.00097032527
0.0011759527
-2.3070887e-07
-1.7983174e-06
-1.0318788e-06
-6.2953183e-06
-2.5866235e-06
-1.2537117e-05
-5.02092e-06
-2.0670198e-05
-8.287905e-06
-3.0488247e-05
-1.1933728e-05
-4.1131361e-05
-1.4667524e-05
-5.0670888e-05
-1.3614101e-05
-5.5602232e-05
-3.1376083e-06
-5.0255421e-05
2.6578275e-05
-2.5915649e-05
8.5684528e-05
2.8186317e-05
0.00018193962
0.0001190201
0.00032132708
0.00024336107
0.00051005706
0.00038674104
0.00075050448
0.00053574919
0.0006771354
0.0010436944
-6.2615833e-07
-1.1721591e-06
-2.8288524e-06
-4.0926242e-06
-7.2167327e-06
-8.1492369e-06
-1.4429124e-05
-1.3457806e-05
-2.5008543e-05
-1.9908828e-05
-3.9150521e-05
-2.6989383e-05
-5.6265954e-05
-3.3555454e-05
-7.4246208e-05
-3.7621978e-05
-8.8265195e-05
-3.6236434e-05
-8.8768392e-05
-2.5412452e-05
-6.0838125e-05
2.5605089e-07
1.1099372e-05
4.7082603e-05
0.00013914006
0.00011532038
0.00032903821
0.00019684289
0.00058458782
0.00028019958
0.00035773355
0.00090398967
-1.1671646e-06
-4.9944758e-09
-5.2416149e-06
-1.8173833e-08
-1.3353292e-05
-3.7559512e-08
-2.6746237e-05
-6.486157e-08
-4.6552996e-05
-1.0206936e-07
-7.3390851e-05
-1.5152849e-07
-0.00010672991
-2.1639592e-07
-0.00014405034
-3.0154812e-07
-0.00017987209
-4.1468554e-07
-0.00020471712
-5.6741508e-07
-0.00020368435
-7.7672486e-07
-0.00015553455
-1.0671982e-06
-3.878513e-05
-1.4290329e-06
0.00015989563
-1.8378689e-06
0.00044224197
-2.1467683e-06
-1.9523577e-06
0.00080192788
-1.1658058e-06
1.1608113e-06
-5.2362704e-06
4.0522908e-06
-1.3341033e-05
8.0672036e-06
-2.6723925e-05
1.331803e-05
-4.6517674e-05
1.969168e-05
-7.3340264e-05
2.6671061e-05
-0.00010666314
3.3106479e-05
-0.00014396849
3.7003801e-05
-0.00017977878
3.5395611e-05
-0.00020462051
2.4274308e-05
-0.00020360472
-1.7925121e-06
-0.00015560748
-4.9064443e-05
-3.9207222e-05
-0.00011782929
0.0001588689
-0.00019991399
0.00044044921
-0.00028372709
-0.00035908281
0.00079757967
-6.2579113e-07
1.7866024e-06
-2.8276479e-06
6.2541476e-06
-7.2145297e-06
1.2454085e-05
-1.4426273e-05
2.0529774e-05
-2.5006283e-05
3.027169e-05
-3.9151561e-05
4.081634e-05
-5.6275734e-05
5.0230651e-05
-7.4276377e-05
5.5004444e-05
-8.8342567e-05
4.9461801e-05
-8.8950775e-05
2.4882516e-05
-6.1266527e-05
-2.947676e-05
1.0204704e-05
-0.00012053567
0.00013748687
-0.00024511146
0.00032622594
-0.00038865306
0.00057988957
-0.00053739071
-0.00067574437
0.00089655113
-2.3456916e-07
2.0211716e-06
-1.04881e-06
7.0683885e-06
-2.6292638e-06
1.4034539e-05
-5.1062508e-06
2.3006761e-05
-8.4382061e-06
3.3603645e-05
-1.2178125e-05
4.4556259e-05
-1.5045105e-05
5.309763e-05
-1.4180565e-05
5.4139905e-05
-3.9792726e-06
3.9260509e-05
2.5314438e-05
-4.4111937e-06
8.3797068e-05
-8.795939e-05
0.00017921247
-0.00021595108
0.00031746178
-0.00038336076
0.00050471521
-0.00057590649
0.00074345872
-0.00077613423
-0.00096685619
0.0010345705
9.2170774e-08
1.9290008e-06
4.9879271e-07
6.6617666e-06
1.472352e-06
1.306098e-05
3.4270095e-06
2.1052103e-05
7.0819196e-06
2.9948735e-05
1.3699588e-05
3.7938591e-05
2.5479252e-05
4.1317967e-05
4.6111995e-05
3.3507161e-05
8.137665e-05
3.9958545e-06
0.00013741223
-6.0446776e-05
0.00022020511
-0.00017075226
0.00033529789
-0.00033104386
0.00048625088
-0.00053431375
0.00067482286
-0.00076447848
0.00090108796
-0.0010023993
-0.0012325763
0.0011668081
1.6882067e-07
1.7601802e-06
7.9494443e-07
6.0356428e-06
2.22847e-06
1.1627454e-05
5.1369915e-06
1.8143582e-05
1.068982e-05
2.4395907e-05
2.0928381e-05
2.770003e-05
3.9348758e-05
2.289759e-05
7.1594053e-05
1.2618665e-06
0.00012459528
-4.9005375e-05
0.00020396112
-0.00013981261
0.00031348313
-0.00028027428
0.00045355808
-0.00047111881
0.00062236982
-0.00070312548
0.00081823962
-0.00096034828
0.0010420384
-0.0012261981
-0.0014881518
0.0012976139
-1.3642073e-06
3.1243874e-06
-2.0614893e-06
6.7329249e-06
-1.698963e-06
1.1264928e-05
5.8527412e-07
1.5859344e-05
6.4887177e-06
1.8492463e-05
1.9395477e-05
1.4793271e-05
4.5627093e-05
-3.3340261e-06
9.1146855e-05
-4.4257895e-05
0.00016015795
-0.00011801647
0.00025439239
-0.00023404705
0.00037116993
-0.00039705182
0.00050405238
-0.00060400126
0.00064561026
-0.00084468336
0.00079067668
-0.0011054147
0.00093846023
-0.0013739817
-0.001646007
0.0010963154
2.6722563e-07
-6.7979142e-08
6.3292032e-07
1.1315948e-06
1.5884532e-06
1.5731306e-06
2.902448e-07
-3.4881439e-06
-1.141233e-05
-2.5502793e-05
-4.8156627e-05
-8.2258413e-05
-0.00013134556
-0.00019970093
-0.00029259102
-0.00041684456
2.6811652e-07
-6.8164249e-08
6.3550015e-07
1.1374296e-06
1.5997866e-06
1.5930062e-06
3.2192469e-07
-3.4404811e-06
-1.1342392e-05
-2.5398156e-05
-4.7992921e-05
-8.1992684e-05
-0.00013091991
-0.00019911483
-0.00029219079
-0.00041651393
9.7639735e-08
-1.9218823e-08
3.2679926e-07
8.9830813e-07
2.2151011e-06
5.0868704e-06
1.0890424e-05
2.1396274e-05
3.8979177e-05
6.6318729e-05
0.00010591359
0.00015959912
0.00022849322
0.00031361795
0.00041687638
0.00053403974
9.7921645e-08
-1.9259209e-08
3.2792053e-07
9.0170172e-07
2.2237405e-06
5.1060406e-06
1.0926611e-05
2.14593e-05
3.9082408e-05
6.6480045e-05
0.00010615682
0.00015995753
0.00022900911
0.00031427453
0.00041759146
0.00053822899
0.0011678474
-0.0033315968
0.0021637493
0.0079135962
-0.008270052
0.00035645581
0.0011655503
-0.003186999
0.0020214487
0.0079135962
-0.0023322217
-0.00011707987
0.0024493016
-0.0082270251
0.005101459
0.0031255661
-0.001170961
0.0044438421
-0.003272881
0.0074234121
0.003142339
-0.010565751
0.0077333865
0.0022034238
-0.0099368103
0.0013233222
-0.0017401667
-0.001949612
0.001533098
0.0035282036
0.0064902131
-0.010018417
-0.0036503826
-0.0037890052
0.0074393877
-0.0076902007
0.003614824
0.0040753767
-0.0016459038
0.0040425506
-0.0023966468
0.0035943546
9.0490788e-05
-0.0036848454
0.0074715321
-0.0077518462
0.00028031413
0.00078564074
0.0016188864
-0.0024045271
0.0016613695
-0.0018845111
0.00022314157
0.0064049765
-0.0023453626
-0.0040596138
-0.00076156159
-0.0015706601
-0.007685606
0.0040352235
-0.0094453971
0.0095085868
-6.3189723e-05
0.00077150058
0.0085315609
-0.0093030615
8.8499339e-05
-0.005709706
0.0056212067
0.0045025805
0.0013253834
-0.0058279639
-0.0040253571
-0.0060076437
0.010033001
0.0065237024
-0.002181944
-0.0043417584
0.0013237542
0.0065102962
-0.0078340504
-0.0023963111
0.0057420159
-0.0033457047
0.0067156037
-0.0022130231
0.002032348
-0.001502071
-0.00053027696
-0.00017779712
0.008476369
-0.0082985719
0.0063585971
0.00015574302
-0.0065143401
0.0011194361
-0.0061664567
0.0050470206
0.0087842025
-0.0074548683
-0.0013293342
0.0077324901
-0.008166574
0.00043408391
-0.0047589075
0.0058783435
0.0056840103
-0.003324559
-0.0023594512
-0.0088109813
0.0017477925
0.0070631888
0.0030218148
-0.0043850992
0.0013632844
0.010066498
-0.0043504867
-0.0057160113
0.0074234121
-0.0024258613
0.00579136
-0.0033654986
0.0077333865
-0.00082577289
0.0036667979
-0.002841025
-0.0019246266
0.0066031236
-0.004678497
-0.0098402417
0.0042229114
0.0056173303
-0.0074234121
0.011273205
-0.0038497929
-0.0077333865
0.011375361
-0.0036419744
0.0033077671
-0.00026132755
-0.0030464395
-0.0037952639
0.0016927522
0.0021025117
0.0013884655
-0.0026865489
0.0012980834
0.00093181058
0.001226828
-0.0021586386
-0.0031224408
0.005910955
-0.0027885142
0.00044807547
0.0056013249
-0.0060494004
0.00093774741
-0.0019417196
0.0010039722
-0.0055380507
0.0035404118
0.0019976389
-0.010554603
0.0012040517
0.0093505511
0.0085018132
-0.0031334692
-0.005368344
0.0077993043
0.00070250897
0.0056004437
0.0041986949
-0.0097991386
0.0052366241
0.0044635229
-0.009700147
-0.0024956792
0.0051234868
-0.0026278076
0.0010558885
-0.0044163152
0.0033604267
-0.0067486179
0.0070076355
-0.00025901757
0.0043777596
-0.0079633368
0.0035855772
0.0044731324
0.0018125115
-0.0062856439
-0.0010362549
0.0062980264
-0.0052617715
-0.0091183772
0.0071937506
-0.0025012543
0.0069766429
-0.0044753886
0.0015992337
0.0019951209
-0.0048656245
0.0044479132
0.00041771137
0.0048626761
0.0062771012
-0.011139777
0.0087891782
-0.0081333892
-0.00065578903
0.00055460289
-0.0025950357
0.00481513
-0.0022200943
0.0068986372
-0.0033883891
-0.0035102481
0.0097553472
-0.0087886947
-0.00096665253
0.0078641396
-0.006980212
-0.00088392765
0.0025518617
-0.0039662088
0.0014143471
-0.0025839324
0.0012620884
0.001321844
0.0013450711
-0.0037413823
-0.011217653
0.0078495693
0.0033680835
0.0023468874
0.0051246447
0.0024306001
-0.0092341108
0.0068035106
-0.0045721303
0.00766592
-0.0030937897
-0.0010223373
-0.006053111
0.0070754483
0.0031004427
-0.0025459312
-0.00055451149
0.00050297659
0.0082862016
0.0053305242
0.0001668347
-0.0054973589
-0.007711759
0.0031353302
0.0045764288
0.00054589912
0.0035824945
-0.0041283936
0.0032263788
0.0024576314
0.0043795327
0.0024867373
-0.0068662701
0.0045931815
-0.0017895248
-0.0028036566
-0.0047089713
-0.005368559
0.003036153
-0.0018706026
-0.0011192821
-0.0015015937
0.0026208758
-0.0029351858
0.0056546667
-0.0027194809
-0.0030586306
0.0079213067
-0.0057558406
0.0075866405
-0.0018307999
-0.0059478015
-0.0017639575
-3.8622398e-05
0.0077711125
0.0082060984
-0.0076042308
-0.0006018676
-0.0052471216
-0.0024430791
-0.011431304
0.0075236034
0.0039077003
-0.011160218
0.0080164398
0.003143778
0.0058384338
-0.0026090627
-0.0032293711
0.0013635961
-0.0037894574
0.0023193335
-0.0054417743
-3.083977e-07
0.0042380159
-0.0042377075
0.0031944094
-0.0042306644
-0.0016232162
0.004645031
0.0019645963
0.0044403802
0.0065736409
0.0031817064
0.0038199025
-0.0038202109
0.0029794986
0.0071724618
-0.01015196
0.0099309742
-0.0056916985
-0.0042392757
-0.0022305916
0.0047925072
-0.0025619155
-0.00012064733
0.0015091128
0.0020528986
-0.0011210881
0.0011796428
0.00068254062
-0.0018621834
0.010376583
-0.01055438
0.0013231486
0.00019992392
-0.0015230725
0.0016009268
-0.0006969371
-0.0076233688
0.0082091188
-0.00058574994
-0.0023828059
0.0013979624
0.00098484352
0.0035865182
-0.0038311601
0.00024464193
-0.0055844944
0.0051274931
0.00045700134
0.0019338407
-0.00099609325
-0.00048384153
0.0048792574
-0.0043954159
-0.0046820193
0.0085648875
-0.0038828682
0.0035078784
0.0065586197
0.0077769269
-0.0033991673
0.0034678476
0.0023705861
-0.0034935654
0.0026677925
0.0064235824
-0.0074459197
-0.0035053022
0.0023860201
0.0056494002
0.0025566982
0.0053232594
-0.01083317
0.005509911
0.003028362
0.0015328698
-0.0016499497
-0.0032633052
0.0044311527
0.007174183
-0.007174183
-0.0021707806
-0.0013908754
0.0067213996
0.0012449608
-0.0038399965
-0.00037348096
0.0062832354
-0.0059097545
-0.0040679883
0.009668432
-0.0042491592
0.0094857833
0.0083563927
-0.0048616644
-0.0034947283
0.0043973829
0.0029884142
-0.0052190059
0.0058219209
-0.007632138
0.0018102171
0.0059595179
-0.0058710186
0.00072383468
-0.00047462167
-0.0069472967
0.0074219184
0.0090258435
0.0016096502
-0.010635494
-0.0062044629
0.0091839614
-0.0044574996
0.0050846925
-0.0045860518
0.005213622
-0.00042436848
0.0048039012
0.00012753318
0.0036398522
-0.0037673854
-0.0058397855
-0.00028441264
0.0061241982
0.0034818273
-0.0081638465
-0.0081899499
0.0078164689
0.0061013503
0.0027242766
-0.0088256268
-0.00088130388
-0.0034327528
0.0043140567
-0.0036637652
0.0071919688
-0.0061591278
0.0025245022
0.0036346256
0.0037478645
-0.0032019654
0.0011433921
-0.0065586406
0.0054152486
0.0064577607
-0.0071869435
0.00072918277
0.0056905068
0.0026658859
-0.010120141
0.0053612332
0.00050421168
0.0073599279
0.006267209
0.0048159183
-0.0088412754
-0.0013246595
0.0038765213
-0.0071036888
0.0056034774
0.0015002114
-0.0073236708
0.006442367
0.0037605394
0.0050052874
-0.0087658268
0.0069054162
7.1226708e-05
-0.0045474791
0.0056908711
-0.0021249616
-0.0049787273
-0.0011995666
-0.0022108257
0.0034103922
0.0027407114
-0.0046507062
0.0019099947
0.00079184275
0.002959719
-0.0037515618
-0.0066792325
0.0018699764
0.004809256
0.0010678412
0.0078325756
-0.0089004168
-0.006038413
-0.0029528868
0.0089912998
0.0017245267
0.0047991757
-0.002375656
-7.5224762e-05
0.0024508808
-0.0064696261
-0.0012822201
0.0080193195
-0.0072478189
0.0071116126
-0.00065385188
-0.0055900096
-0.0030145408
0.0086045504
-0.0046049484
-0.0020265877
0.0066315361
-0.00076312185
0.0031026525
-0.0023395307
-0.00038344133
0.0059869187
-0.0028332812
-0.0036347995
0.0064680807
0.0040801352
-0.00037945377
-0.0037006814
-0.0053346417
0.0049070771
0.00042756468
-0.0066410871
0.0036612101
0.002979877
-0.0059649342
0.0038399727
0.0038858916
-0.0076748968
0.0090258435
0.0012165118
0.0025626946
-0.0037792064
0.0093807384
-0.0075069971
-0.0018737413
-0.0064017345
0.0076701211
-0.0031969887
-0.0059614763
-0.0016618926
0.00032541892
-0.0056833411
0.0053579222
-0.0070060362
0.0080738775
0.0037616953
-0.0073273828
0.0035656875
0.0035676759
0.0047804986
-0.0083481745
-0.0045169822
0.0035452192
-0.0047447857
0.0031881679
-0.0036720095
-0.0079149029
-0.0035164007
0.0070974196
-0.00079939324
0.0073550777
-0.0060728411
-0.0012822366
0.0057207961
0.0047100163
-0.010430812
0.0013566521
-0.0046812112
-3.4902791e-05
0.0025593248
-0.002524422
-0.002717703
0.0039342149
-0.0033403148
0.0090611109
-0.0094040158
0.0092545402
0.00014947554
-0.0011991939
0.0060784513
0.00026121649
-0.0026368725
0.0025286092
-0.0025457419
1.7132779e-05
0.001886978
-0.009017319
0.0071303409
-0.0031666096
-0.00019174592
0.0033583555
-0.00093653064
-0.0047845068
0.0057210375
0.0046838243
0.0022215919
0.0016057237
0.0071447304
-0.0087504541
-0.0041452773
0.0019344516
0.006847315
0.001620957
-0.008468272
0.00017791377
0.0076546618
0.0037367627
0.002978841
0.010218912
-0.0018980965
-0.0083208157
-0.0039582158
-0.00090740872
-0.0079263908
0.0026077927
0.0053185981
0.00081097878
-0.0039122279
0.0031012492
-0.0055187338
0.0055194198
-6.8599516e-07
-0.0014321556
0.0077907527
0.0077999861
-0.011576992
0.003777006
0.0042201021
0.0021265395
-0.0063466416
-0.0030770071
-0.00023808703
0.0033150941
-0.00092568022
-0.0023652824
0.0032909626
0.002903676
0.00051488674
0.0088658516
-0.0032541082
0.0070158036
0.0025858812
-0.00092451165
0.0070666883
0.0018168203
-0.0088835085
0.003128436
-0.0030009028
-0.0054376609
0.0026043797
0.0098447772
-0.00078746111
0.0084021668
-0.0076147056
0.00073358953
-0.0081884578
-0.010015717
0.0056447748
0.0043709417
0.0093037482
-0.002703958
-0.00492818
-0.0073445117
-0.0014664696
-0.0053027732
0.0071152847
-0.0037301644
-0.0044968606
0.0078702185
-0.0065464643
-0.0076310949
0.0084563084
-0.00082521353
-0.0057134396
0.0059937537
-0.0026718552
-0.0026627865
0.00077140596
0.0065836718
-0.00014584217
-0.0054386522
-0.0036000281
-0.0025590997
-0.0012246292
0.0080585372
-0.006833908
-0.0031606998
0.0039716786
-0.0059325279
0.0061583579
-0.00022582999
9.1134298e-05
-0.0078087652
0.0077176309
0.0073876385
-0.00065042193
-0.0067372166
0.0031826434
-0.003686605
0.00050396165
0.0064699481
-0.0073943697
0.0009244216
0.00054330101
0.0061514539
-0.0066947549
0.0049659596
-0.0041805808
-0.00078537884
-0.0030978343
0.0022422677
0.00085556657
0.0017870255
-0.0025485871
-6.5982241e-06
-0.0060318147
-0.00062452638
-0.0061240916
-0.0081822786
0.0080649729
-0.0079738386
-0.0038592516
-0.0016787991
-0.0040331752
0.0018421087
0.0021910665
0.0049614102
-0.004212681
-0.00074872921
0.0015580727
-0.0077557062
0.0061976335
6.1871664e-05
0.0024667375
-0.0028950758
-0.00027153382
0.0048898108
-0.0002059865
-0.0045173456
-0.0063158248
0.0058922579
-0.0014443447
0.0021065306
-0.010376583
0.008270052
0.0067731956
-0.003678939
-0.0030942566
-0.00087856904
-0.0047577067
0.0056362758
-0.004387217
0.0022052731
-0.0041157596
0.0034408562
0.0006749034
-0.0022855604
0.00016259501
0.0021229654
-0.0028560971
-0.00022091005
0.0044879708
0.0014042871
-0.00066342003
-0.0051763655
0.0053221214
0.00032727889
-0.0031742109
-0.0040044773
0.0071786883
0.0023921001
0.00086180921
-0.0032539093
-0.0072067462
0.0090014667
-0.0017947205
0.0064593217
-0.0033239915
0.010968128
-0.0071724995
-0.0037956287
-0.0058031464
-0.0075447168
0.00459183
-0.0059676314
0.0015734641
0.0043941672
-0.0056991491
0.0062424502
0.00087444949
-0.0031600099
-0.0036981358
-0.0029810966
0.0037883634
-0.0028773383
-0.00091102513
0.0057514186
-0.0058972608
-0.006947729
0.0085058017
-0.00099518297
0.0071416591
-0.0061464762
-0.00757483
0.0024559624
0.0051188675
-0.005373925
0.0055076353
-0.00013371026
0.0036672038
-0.0027864908
-0.00088071301
0.0082936092
-0.004073507
0.005876536
0.00058278572
0.0040540705
0.0054729916
-0.0095270621
-0.00089010774
-0.0013198669
0.0022099746
-0.0025824866
0.0038892604
-0.0013067738
-0.0022428547
0.0003011351
-0.011911588
0.007394606
0.0020234026
-0.0067925962
0.0047691936
-0.00025971654
-0.0035966013
0.0038563179
0.0034623408
-0.0043288977
0.00086655698
0.0064916744
0.0011806195
-0.0076722939
-0.0084677625
0.0021230536
0.0063447089
-0.0057808395
8.1690365e-05
0.0028484832
0.00081872059
-0.0080327503
-0.0013712654
0.001225526
0.003875933
0.0030650064
-0.0022866113
-0.00077839513
0.0036592027
0.0066847241
-0.010343927
0.0065338439
0.00085379463
0.0029209302
0.00086743324
0.0027352214
0.0040379742
-0.0038777813
0.0015324186
0.0078940234
0.0023248888
-0.0083334366
0.0021289738
-0.0033103571
0.0018087634
0.0058657318
-0.0027994032
-0.0030663286
-0.004317759
0.0057031236
-0.0037982708
-0.0019048527
0.0042046747
0.00076128489
-0.0063261794
0.00843271
0.0057880338
-0.0030473224
0.0024178541
-0.0086822466
0.007029995
0.0016522516
-0.0062535965
0.0047041653
0.0015494312
0.0038968117
-0.0043249015
0.00042808978
-0.00084593345
0.0073361466
-0.001310975
-0.004882692
0.0024394067
0.0024432852
0.0053270501
0.00037790556
-0.0063455369
-0.0058698099
0.0034574549
0.002412355
-0.00062422148
-0.0070068734
-0.0019185718
-0.0057670342
0.0042960059
0.00066540432
0.0043901474
-0.0024005808
-0.0019895666
-0.0023002537
0.0030350905
-0.00073483678
-0.0017873733
-0.00045548146
-0.0088557651
0.0016703433
0.0071854218
-0.0032782066
-0.0029753899
0.003723601
-0.0025330593
-0.0011905417
-0.001016973
0.0044848207
0.004507775
-0.0024171099
-0.0020906651
0.0057389081
-0.0029687981
-0.00277011
0.0055741815
0.0036803587
-0.0049031027
0.0069508529
-0.0020477502
-0.0067224494
0.00082518863
-0.00036894591
-0.0022135407
-0.0011667765
0.0043931554
-0.0079690381
0.0048314789
0.0098185068
-0.0057644362
0.0064267692
0.0052555972
-0.0040291293
-0.001226468
0.0068858665
0.00075810305
-0.0076439695
0.002302482
0.0053625933
-0.0041066377
-0.0012559557
0.0074294728
-0.0076568968
0.00022742405
0.0029268389
0.0028120692
0.0060598539
0.0065776889
-0.0040184118
-0.0025592771
-0.0016941471
0.0057757802
-0.0040816331
-0.0017407126
-0.0020545513
0.0058039889
0.0051641394
-0.0015658043
0.0086324925
0.0015153319
0.00093658677
-0.0024519186
-0.001426341
0.0075777949
3.4717443e-05
-0.0036350667
0.0036003492
-0.0057578213
0.0035743274
0.0021834939
-0.0023158282
0.0103098
-0.00078215352
-0.009527646
-0.0041900579
0.0057957816
0.0063772858
0.0014227002
-0.0015673
-0.0059774169
-0.0058485467
-0.0081232885
-0.0034537035
-0.0063797192
-0.0069390113
-0.00086975396
-0.0030114682
-0.0039358285
0.0025432214
-0.010641522
0.0080983001
0.002198483
-0.01074262
0.0085441372
-0.0068195413
0.010478744
-0.0055566557
0.0071776127
-0.0018417622
0.0034346211
0.0018347233
-0.0052693444
0.0065846189
-6.9299916e-06
-0.0041627159
-0.0061225337
0.01028525
-0.010979549
0.0043006806
0.0066788681
0.0019038165
-0.0078363443
-0.0061357839
0.0022235559
0.0056353528
-0.005191687
-0.00044366577
0.0085708885
-0.001685022
0.0084534873
0.00054492041
-0.0089984077
0.0089292276
-0.0067307446
-0.0063125437
0.0019234393
0.0069316619
-0.0088551012
0.0031039929
0.0036041686
-0.0067081615
-0.00019535937
0.0017962861
-0.0080834458
0.0024001047
-0.0034908942
0.0093674302
0.0051171114
-0.00052604289
-0.0045910685
0.00509125
-0.00054481521
-0.0045464348
-0.00060695752
0.010022899
-0.0094159417
0.0038244604
0.0020864946
-0.0033642438
0.0020035589
0.0013606848
0.0029103571
0.0057340437
0.0032572561
0.008234589
0.00051468602
0.0069147868
-0.0068435098
-0.0031722067
-0.01017036
-0.0050859121
-0.0068256761
0.0062058918
-0.0056231061
-0.0039830446
0.000711863
0.0032711816
-0.0076348128
0.0067888794
0.0022069039
-0.0059450406
0.0037381368
-0.0029884915
0.0045619556
-0.00085798359
-0.00027657054
0.0011345541
0.0074027333
0.0034585459
-0.010861279
0.0094156208
-0.004011632
-0.0054039888
-0.0061779986
-0.0065439254
-0.0054981512
0.0020900998
0.0034080514
0.0071845596
-0.0026965889
-0.0059893638
0.0083362512
-0.0075802481
0.0029752997
-0.0063153725
-0.00027724865
0.0065926212
0.003254491
0.0052770699
-0.0046102297
-0.0011975695
-0.0017710987
0.0029686683
0.0073594556
-0.004177807
-0.0031816486
-0.0020398972
0.0013429601
-0.0029352037
0.0075270337
0.0054933741
-0.0018931883
-0.0036001858
0.00039283605
0.0076106601
-0.0080034962
-0.0070758891
0.00011746203
0.006958427
0.00035110384
-0.0093133116
0.007486878
0.0018264336
0.0097698633
-0.0090117603
-0.00073459931
0.0024273515
0.0017726178
0.0046973303
0.0015416484
-0.0087483946
9.709055e-05
0.0065962501
-0.0061481747
-0.0044269422
-0.0045121064
-0.0028115644
0.004956637
0.0075991147
-0.0062737313
0.00064672297
-0.0047441012
0.0040973782
-0.0049998447
0.0082543357
-0.002011128
0.0056300996
-0.0036189716
-0.0018830244
-0.0012148098
-0.010677639
0.0096140006
0.0010636387
0.00052001936
0.0055425107
-0.00606253
0.00053319466
0.0050426308
0.001775605
-0.0015309631
-0.0074648264
-0.00042500979
0.0047301189
-0.0043051091
-0.0086370625
0.0010022497
0.0019117606
0.0058875437
0.0041553867
-0.0045803965
0.0069438091
0.0033269916
-0.010270801
-0.00082932781
-0.0013307055
0.0021600333
0.0015081703
0.0074210573
-0.0064131025
-0.0071648767
0.0076848961
-0.0043133619
-0.00014413777
0.0061888959
7.5746874e-05
-0.0062646428
-0.0049800555
-0.0056975837
-0.0016432854
-0.0023898898
0.002879367
0.0047125909
-0.0075919579
0.0068457556
-0.0072128219
0.00036706634
0.0085336988
-0.009256003
0.0024891907
-0.0044637684
-0.00012228336
-0.0078049158
0.0065802866
-0.00068578735
-0.0027294917
0.003415279
-0.0029913918
0.0087575876
-0.0057661957
-0.0074263336
0.003148184
-0.0023590248
-0.0046646488
0.0070236736
-0.0014575827
0.0082007071
-0.0067431244
-0.0020898305
0.005698884
-0.0036090535
0.0076636361
0.0026461634
-0.0033011513
0.0029216976
-0.0060379638
0.0025306522
0.00056979052
-0.0014660488
0.0055012723
-0.0060720778
0.002575504
-0.0051214352
-0.0022574466
-0.0043836405
-0.0073973479
0.0018073382
-0.0024494136
0.0021923073
-0.0069192368
-0.0023049607
0.003191081
0.0018936115
-0.0040605874
0.0078211268
-0.0038717476
-0.0065490085
-0.0011078884
-0.0039103138
-0.0009520402
0.002131683
0.0088173062
-0.0041781982
-0.001786736
-0.0060238803
-0.00053476036
0.0064911776
-0.0021684036
-0.004322774
0.003513979
0.0034936565
-0.00060246984
-0.0053453316
0.0060997569
0.0042506252
-0.010350382
-0.0029095837
0.0067715482
-0.0038619645
0.0049841908
-0.0029301306
-0.0020540601
0.0059697657
-0.00084512103
-0.0063261879
0.0048998468
0.0031129951
0.0021006269
0.0055700035
-7.6629323e-05
-0.0013518554
0.0015517794
-0.0047319813
0.00057084302
0.0048149214
-0.0053857645
4.6106929e-05
0.0048958519
-0.0051555684
0.010020502
-0.0031747467
-0.0026231635
-0.0017931517
0.0041348014
-0.0027432728
-0.0013915285
0.0017370476
0.0039660759
-0.0081870778
0.00017911825
0.0080079595
0.0087996772
-0.0046179328
-0.0041817444
-0.0049063911
0.00167702
0.0049592498
-0.0028572726
-0.0021019772
0.00018974789
0.0038580969
-0.0040478448
0.0020007355
-0.0031473696
-0.00016157327
0.0039814758
0.0027258507
0.0024970304
0.0035730415
-0.0060700719
-0.0063648278
0.0017926975
0.0034728968
0.0021817699
-0.002762777
0.0026012037
0.0054305755
-0.0086047864
0.00054242117
0.0022834177
-0.0028258388
-0.0042305902
0.0083052081
-0.0040746179
-0.0016289976
0.0023147834
0.0022783981
-0.0043158954
0.0071952623
-0.006319452
0.0088761501
0.0061859347
-0.0036889043
-0.0026980966
-0.0030597248
0.00035677281
0.0038812431
0.00070423679
0.00066263141
-0.0013668682
-0.0033379146
0.00022937935
0.0031085353
-0.0063637265
0.0042426929
0.0021210336
0.0010031821
0.0067144488
-0.0024583805
0.0015682728
0.0018343286
-0.0032887091
0.0014543805
-0.0097599102
0.0064195953
-0.0031929798
0.0052188779
-0.0071374497
0.0041229477
0.0032365079
0.0094053216
-0.0090542178
-7.4722655e-05
0.0023169903
-0.0012737054
-0.0010285598
0.0023022651
-0.0051367478
0.00035224098
0.0014998822
-0.0028365578
0.0027846174
0.0052803555
0.0026606317
-0.0021182105
0.0023476496
0.0043788393
0.0056211607
-0.0055072978
-0.0045679909
0.0026814403
-0.002756163
0.0055439036
0.0024023584
-0.0019728682
-0.00042949029
-0.010044482
0.0037319383
-0.003940182
0.0030145018
0.0066488753
-0.0057659828
-0.0008828925
0.0028438273
-0.00039452567
0.01021638
-0.0054276349
-0.0047887448
0.0043891248
0.00056751221
-0.00032810041
0.0024306121
0.0015518248
-0.0043824425
0.0090924587
0.0054233874
-0.0080688753
0.0026454879
-0.0010145105
-0.00099112306
-0.00070190389
0.0016930269
-0.0011984149
-0.0021658289
0.0048340363
-0.0047993188
-0.0014363771
-0.0062523504
0.0067972708
-0.0021447119
0.00061934897
0.001525363
0.0044205744
0.00062205641
0.0093055711
-0.0060253758
-0.0032801954
0.0072118707
-0.0044237458
-0.0027881249
0.0072052168
0.0071262017
0.0016517992
-0.0056702111
-0.0034713642
0.0021467047
0.0074027333
0.0032841372
-0.00040624561
-0.0028778915
-0.0030671071
-0.0013358174
-0.0029913234
0.0043271408
-0.00022832061
0.003802648
0.01055438
-0.0086309405
0.0085702048
-0.0019670812
0.0010738769
-0.0012386541
0.0021131036
0.0018515503
0.00088125812
-0.0027328084
-0.0043422654
0.007066542
-0.0032760435
-0.0064838667
-0.0062448893
-0.0011524586
0.0055646357
0.0032350415
-0.0066056019
0.0056927002
0.00091290175
0.0026554376
-0.002983538
0.0012693502
0.0063172903
0.0049925915
-0.010492532
0.0054999401
-0.0027941435
0.0052808808
0.011428898
-0.0016590345
0.0038950856
-0.0010466024
0.0070067057
0.00048017229
0.00033228495
0.0052690399
-0.0086958056
0.0080715841
-0.0077301467
0.001740783
0.0041279691
-0.0033361263
0.0010875022
-0.0024888608
0.00084671556
0.0016421453
0.0013312321
-0.001612044
0.00028081183
-0.002149122
0.0071453657
-0.0049962437
0.0033236545
0.001968333
0.00093611701
-0.00290445
0.0021942511
-0.0020761238
-0.00011812731
-0.0058375268
-0.0026302357
-0.0032081309
-0.001674561
-0.002297436
-0.0016687728
-0.001691255
9.1517288e-05
0.000943711
0.0022389324
-0.00036609302
0.009104991
-0.008738898
0.0039984893
-0.0010775592
0.0027162908
-0.00087812229
-0.0018381685
-0.0020016471
-0.00014306485
-0.0027631147
0.0043545275
0.0013795161
0.0016848803
-0.00098064349
-0.0021120581
0.0074425793
-0.0053305212
0.0019153726
0.00047064752
-0.0056735555
0.0014953573
-0.00051698456
0.0023513132
0.0022892701
-0.0010700303
-0.0012192397
0.0036779924
-0.0040502275
0.0067100181
-0.0023554905
0.0031876926
0.00053590842
-0.0061904346
0.0051952516
0.0035602875
-0.0039358099
0.00095707994
0.0023270572
0.0068415647
-0.0050037873
0.00024608056
-0.00034311666
-0.0030859835
0.0058621053
-0.0027761218
0.00042064891
-0.0061876831
-0.0077045601
0.0022845891
0.0054199711
-0.0019853122
-0.002366067
0.0043513792
-0.0030144871
-0.0069319442
0.0063249867
0.0051247503
-0.0098337216
-0.0072660113
-0.00019881508
0.0064207263
-0.0082154468
0.0052449837
0.0010162808
0.0021714119
0.0069438091
-0.0021327094
0.00281525
-0.0038366106
-0.0033157763
0.007152387
-0.0019402622
0.0011109344
0.0021282975
0.0031272998
0.0043245315
0.0033455895
-0.0050501018
0.0021924808
0.0031701125
0.0050279276
-0.00086677859
-0.0057372788
0.0066040574
0.0043823625
-0.0097509215
-0.00011599857
-0.0040618085
6.6945439e-07
0.001329727
0.00086452416
0.0098407726
-0.0025021406
-0.007338632
-0.0072358844
0.001186484
0.00078752738
-0.005492356
0.0047048286
0.008016208
-0.0081228278
0.00010661981
-0.001699077
0.0046094341
0.0026465376
0.00069693854
0.0024435932
-0.0024503398
0.0023751151
0.0034579875
-0.0076885776
0.0052430834
-0.0029237499
-0.0020941682
0.0075247437
-0.0067875116
0.0018545937
0.0045877733
-0.0086981709
0.0072405882
-0.0053655463
-0.0037528308
-0.0026697752
0.0061043963
0.0071482885
0.0028722138
-0.0010408399
0.0020830756
-0.0010422356
-0.00087551573
-0.004791661
0.0056671768
-0.0048406022
-0.010095585
0.0009349405
0.0025242473
-0.0034591878
0.0070116932
-0.0009726626
-0.0056329393
0.0048189929
-0.007055376
0.00062676111
0.00081644755
-0.0014432087
0.00074373427
-0.0053348028
0.00077146039
-0.0053178952
0.0017913342
0.0040743976
0.0026997643
0.0023262658
-0.0031171577
0.00079089186
0.0040536708
-0.0070682116
0.0027719118
-0.0095026563
0.0083365475
-0.001131574
0.0060634859
-0.0049319119
0.00089914662
0.0052867881
-0.00085493692
0.0024541706
-0.0034690595
0.0036588074
0.0025118195
0.0086315932
-0.001865591
-0.0067660022
0.00090900527
0.0026289475
-0.0035379527
-0.001339297
0.004487481
0.0049197033
-0.0076146871
0.00063447514
0.0075406586
0.00099304021
0.0072450448
0.0027549552
-0.0011036411
-0.0068701975
0.0032960243
0.0034139938
-0.0028868794
0.0028484435
3.8435925e-05
-0.0095146372
0.0056638853
0.003850752
0.0078587706
-0.00051579811
-0.0030068112
0.0035226093
0.0068598811
-0.0015511061
-0.00017729372
0.0030511574
-0.0027918231
-0.00025933438
-0.0036210604
-0.00046045694
0.0093366071
0.0052821415
0.0041334793
-0.0058698174
0.0018471964
0.0040226211
-0.0069642001
0.0089169588
-0.0024962325
-0.00063237726
-0.0080634284
0.0057921341
-0.0061352508
0.0069795023
-0.0051721641
-0.0010649606
0.0043285985
-0.003263638
-0.00068883999
-0.0046139332
0.0081393744
-0.002749693
-0.0053896814
-0.0089355977
0.0086734578
0.00026213992
0.010854798
-0.0053818063
0.00082707698
-0.0039744466
0.0071416591
0.0055948399
0.0042459327
-0.0017453222
0.0061311525
0.0005121562
-0.0066433087
-0.0025060329
-0.0070086044
0.0026240401
-0.0053221366
0.0035486707
-0.0066424604
0.010318995
-0.0068111161
0.0011098547
-0.0039092579
-0.0010516282
0.0047709334
-0.0037193053
0.0068314639
-0.011328714
0.0058214164
-0.0083907979
0.0062416758
-0.0044167654
0.0039009673
0.00055670694
0.0060921684
0.0049214771
0.00071387569
0.0039651996
-0.004960391
0.00099519134
0.0018684454
0.0078495693
0.0046934063
-0.0078965484
0.0032786157
0.0046038045
0.00051968236
-0.0086396508
0.0065275927
0.0091073612
-0.0016994315
-0.0074079297
-0.0033030845
0.0060960729
-0.0027929884
0.0079770793
0.00069838698
-0.0086754663
-0.0077025458
-0.0036261684
-0.00028496456
0.0054692881
-0.0051843235
0.0021003875
-0.005186371
0.0013817322
0.0024828371
-0.0019119941
-0.0094998564
0.0025679122
-0.0028992666
0.00012803901
0.0027712275
-0.0049567343
0.007356839
0.0022286875
0.0085864709
0.0046842457
-0.0045072278
0.0047941107
0.0023155388
0.0042690801
0.0015372699
-0.0029797485
0.0014424786
-0.0069007414
-0.0052769561
-0.00039249521
-0.0052252182
-0.0048703666
0.0083071919
-0.0069276758
0.0036132808
-0.0025970001
8.8055864e-05
0.0071569889
0.0060719335
-0.0028837656
0.0056508718
-0.0053185868
0.0019907422
0.0060254658
0.0057837991
-0.0028972424
-0.0028865567
-0.0046628651
0.00097458478
0.0036882803
-0.0024194894
0.0034942636
-0.0010747742
-0.0032260754
0.0067991168
-0.0087945566
0.0062028982
0.0025916585
-0.002857947
0.0016192929
-0.0035093837
-0.005724727
0.0022705851
-0.0014849444
0.0069868625
-0.00049568499
0.0046393874
0.0027816698
0.0041896614
-0.011675548
0.0074858863
-0.0025237539
0.0055514511
0.002753757
-0.0037156196
0.00055491976
-0.0031053104
0.0058405318
0.00090585045
0.0047580348
0.0062068575
-0.0052036754
-0.0062358893
0.0029317077
0.0026726558
0.0012224298
0.0080164398
-0.00043910862
0.0053574337
-0.0092193982
0.0038013621
0.0030166301
-0.00045730529
0.0018708599
0.0029569528
-0.0048278127
-0.0001629634
0.0065006904
-0.00068827806
0.002225548
-0.0068092099
0.0037038995
0.0053716905
-0.0073982782
-0.008619933
0.006754342
0.002752411
0.0012460784
-0.0027807375
0.0012296314
0.0027976574
-0.0048087854
0.0036992067
0.003398213
-0.0040528466
0.0071543237
-0.0031014771
-0.00018715011
-0.0030907872
0.00067129784
-0.0012677444
-0.0022256052
0.0034933496
0.004104863
0.0042313882
0.0058368052
0.0043664917
-0.0052420074
0.0033435449
0.0062222748
-0.00023833889
-0.005983936
0.0062427121
-0.010424457
0.0034302158
0.0011743644
0.0036985543
-0.00064739685
0.0016832913
-0.0057361379
-0.0084873099
0.0088457271
-0.00035841719
0.0069247838
0.0026937773
-0.00092931401
0.0037184033
-0.0027890893
-0.0008743771
0.0088514564
-0.0065348261
-0.00045638297
-0.0047437003
0.0052000833
0.0012839979
0.0058651806
-0.0047206116
0.0004829041
0.0049331814
-0.0042864585
0.0020764381
0.0022221398
0.0039090126
-0.00536092
0.0017608919
0.002757603
-0.0048474335
0.0017434764
0.002145784
-0.0035316822
-0.0022343006
-0.00059532767
0.0055346942
-0.0028710312
-0.002663663
0.003663691
-0.0062227907
-0.00051896051
0.005122765
0.0016615651
0.0054016237
-0.0016708774
-0.0078661961
0.0069994175
0.0030831732
0.0058598785
0.0032066666
-0.0090665451
-0.0053536089
-0.0015709041
0.0069245131
-0.0090463193
0.0073468878
0.00082989117
-0.0017819314
-0.007264963
0.00680858
0.0074005603
-0.0028241314
-0.002662618
-0.0027791563
0.0033603031
0.0090198954
-0.0055619079
0.0026846714
-0.0054343644
0.0066419201
-0.0038398761
-0.00048502541
0.0022644697
-0.0015711479
-0.0012095896
0.0027777335
0.0030060655
-0.0036744454
-0.0049626171
-0.00035795001
-0.0056035263
-0.0064915889
0.006884425
0.0021967796
-0.0020627698
0.0040925398
-0.0020297699
-0.0035528535
0.00080958071
0.0012870443
0.0031974975
-0.0044845419
-0.0055960264
-0.00034901425
0.0025437356
-0.0057518665
-0.00098455107
-0.0021754588
-0.003975339
0.0013037891
0.0026715499
-0.0079556628
0.0042812173
-0.004677443
-4.3168632e-05
0.0062801699
0.0027280923
-0.0037930528
-0.0032580632
0.0036546317
-0.0010426239
-0.0026120078
-0.008467699
0.00069612849
-0.005872494
-0.005382137
0.0086171785
-0.0016697205
0.0077694774
0.0032113508
0.0012198018
-0.0002494913
0.0048141299
-0.0045646386
-0.0043880129
0.0016366509
-0.0032723695
0.00021622957
-0.0021601654
0.0019439359
0.0011053218
-0.0020898728
0.0062839701
-0.0019975874
-0.00387223
0.0076319389
-0.0079169035
0.0033120268
-0.0052052152
-0.0063146584
0.0030115739
0.011126234
-0.003932483
0.0046290329
0.0039755176
0.00061522573
0.0019505811
-0.00085620364
0.0024244764
-0.0023735446
0.0032409779
-0.00012365147
0.0020166209
-0.0018929694
-0.0089355977
-0.0033998533
0.0010263087
-0.0031211179
0.0010228894
0.0020982285
0.0028587073
0.00060656851
0.0018333948
-0.0048395966
0.0094337201
-0.0045941235
0.0048643462
0.00030145317
-0.0067145557
0.0086414896
-0.0088909809
-0.0056544354
0.00044218165
0.0052122538
-0.0038757631
-0.0019940468
0.0040743461
0.0071021916
0.0028978084
-0.0074464982
0.0046349338
0.0028169439
-0.0021050809
-0.0019705848
0.0025416653
-0.00057108046
-0.00076485983
-0.0018177987
0.0025826586
-0.0069384242
0.00011900466
0.0068194195
-0.003814746
0.0018294338
-0.0023416951
0.0031604156
0.010506952
-0.00074475724
0.0026761256
-0.0019313684
0.0012426412
0.0016984075
-0.0065380042
-0.0042967611
0.0057921185
-0.0008673756
-0.0061362543
-0.0024847159
0.0052823733
0.0029472073
0.0039096661
-0.00044315834
0.0026421661
-0.0021990077
0.0015267149
-0.0009201464
0.0071200058
0.0031989887
-0.0042627212
0.0086415605
0.0034521656
-0.004843041
-0.0039135583
0.0043705596
0.00093865831
-0.0065930937
-0.0064207084
0.0051384882
-0.0058257927
-0.0026419063
-0.0022813268
-0.0039304027
-0.0031209186
-0.00023473932
0.0033556579
-0.0004351253
-0.0067776966
-0.003323975
0.00098227997
0.0092673423
-0.0034074638
-0.0040795665
0.0072024633
0.0021749366
-0.0093773999
-0.00090012701
0.0036272342
-0.0027271072
-0.0001571752
0.0034283568
0.0075944887
-0.0049098173
0.0056822693
-0.0067299278
0.0008470646
0.0042661406
-0.0051132052
0.0051282494
-0.0035853666
0.0080938655
0.0001472442
-0.0082411097
-0.0037555971
-0.00089510905
0.0012926468
0.0027499037
-0.00086903156
-0.0013340712
0.0034105093
-0.0019034651
0.00068848792
-0.0042850893
0.00078738398
0.00073933093
-0.007059409
0.0087578165
-0.001374886
0.0065382166
-0.0006761113
0.0039751731
-0.005174367
-0.0043735979
-0.0014958199
-0.0017622433
0.0012645962
0.0082211871
0.0014344341
0.0082339979
-0.0029125779
-0.003373066
-0.0049522978
0.0036164804
-0.005276437
0.0012867358
0.0029674816
0.0056936674
-0.0012995001
0.0070849953
0.0086471857
-0.0081899499
0.0042754207
-0.0021471233
-5.2205978e-05
-0.0068862182
-0.0032722768
0.00028873873
0.0043893284
-0.0021968476
-0.00027767384
0.0019143247
-0.0017267833
-0.0015455862
0.0096461015
-0.0064067088
-0.0032393927
0.00072335028
0.0023416561
0.0045572352
-0.0069782337
-0.00062599717
-0.0042608259
0.00033042316
0.009170915
-0.00069454606
0.00082324295
0.0028278528
0.00056727206
-0.0042023387
0.0027521811
-0.0044049156
0.00032534904
-0.0050545045
0.0060776578
-0.0010231533
0.0018460606
-0.002531848
0.00049131945
0.0025448335
-0.0051586319
0.0095560148
-0.0031111512
0.0033252192
0.0063208823
-0.0028775541
0.0049676539
0.0067989003
-0.0026940374
0.0062341516
0.0013603371
0.0016693373
0.004675329
-0.0063446663
-0.0025826232
0.0053402263
-0.0095482353
0.0049802444
-0.0049755029
0.0028447356
0.0070849525
0.0015666062
-0.0042293927
0.0026806074
0.0058842801
-0.0036576735
0.0019635263
-0.00049675158
-0.0033155289
-0.0034719827
-0.0022632055
-0.00037578219
0.0031927261
-0.0027528722
-0.00036804639
-0.0032599442
-0.0056878113
0.0010231625
0.0010919627
-0.0030648309
0.00029960804
0.0068451224
-0.00014554653
0.0027920841
-0.0011511199
-0.0011120856
0.0033281989
-0.00050518952
0.0006041107
0.0037850141
-0.0026833456
0.0078474849
-0.010567606
0.0049557809
0.0056118255
-0.010801574
0.002314264
-0.0094565154
-9.1719882e-05
-0.0080520691
0.0042154585
-0.0016131341
-0.00017423917
0.0039342145
-0.0035563089
-0.0049204324
0.00025756738
-0.0020805058
0.00038925081
0.0051625651
-0.0039965019
-0.0011660632
-0.002496213
-0.0051786837
0.00055142766
0.0038691467
-0.0036431357
0.00074386917
0.0027274434
-0.0036275704
-0.00079776733
0.007601278
-0.0047474342
0.0019064092
-0.00012256673
-0.004031342
-0.00052217975
-0.0023646997
-0.003169635
0.0012577074
0.0070243879
-0.0082820954
0.0025658342
0.00092842943
-0.0062283543
0.0052125609
0.0004553566
-0.0056679175
0.00071763151
0.002842656
0.00074408589
0.0029339065
0.0052859257
0.0013850755
-0.0066710012
0.0029574309
0.0028233161
-0.0057807469
0.0055352838
0.0029210246
-0.0026781923
0.0045129156
0.0086734578
0.0013300366
0.0067638289
0.00055694553
0.00027086523
-0.0062482821
0.0078437223
-0.0057442747
-0.0043372609
0.0094053216
0.0057665073
0.0033090259
-0.0045969045
0.0012878785
-0.0059368889
0.0091924856
-0.0034197598
-0.0057727259
-0.0041307333
-0.0055724167
0.0016588584
0.00054645266
0.0064816597
-0.0070281123
-0.0010210302
-0.0012730146
0.0022940449
-0.0041773616
0.0024062629
-0.0017794243
-0.0042730777
0.0051233335
0.0062274061
-0.0013341666
-0.0048932394
0.0007166345
-0.0037079579
-0.0068395959
0.0047454276
0.0074578532
-0.0022452923
-0.0038858117
0.0042162348
-0.0048116424
-0.005277326
-0.0051765542
0.00075978874
-0.0014974693
-0.00413547
-0.0024975172
0.0007399717
0.0017575455
0.0051198939
0.003941217
-0.0082862446
0.0082862446
-0.0040243176
0.0043496666
0.0016172752
0.0055739545
-0.0050275018
-0.0012871086
-0.00059740251
-0.009757028
0.004480591
0.005530826
-0.0011643343
0.0071902474
-0.003184085
0.0015407997
-0.0079840739
0.0092417813
0.00068255849
-0.0054266597
0.002708187
-0.0059141019
0.0032059149
-0.0030876214
-0.00035041207
0.0034380335
-0.0022711767
0.0067582009
-0.0044870243
-0.0026835922
-0.0050234061
0.0077069983
0.0058144255
0.001270527
0.0051067286
-0.0055893817
0.00048265304
-0.0041154327
-0.001717058
0.0015397642
-0.0072220745
0.0045181165
0.00023867953
0.002863973
0.00025600646
0.0011137045
-0.0028544171
0.0020749437
0.0020940497
0.0054244302
0.0021862299
0.0098038696
-0.0028790859
-0.0069247837
-0.010131187
0.0051313427
-0.0024267062
0.0014355832
0.0055057813
-0.0056217799
0.0096791575
-0.0060377349
-0.0036414226
-0.0051542821
0.001698951
-0.0085265548
0.0013145997
-0.0023554396
-0.00062223787
-0.007361836
-0.0027447989
0.00066867513
-0.0080240433
-0.0051309087
0.00478017
-0.00074219583
0.0092406663
-0.0064017345
-0.00086920929
-0.00074392481
-0.00061684458
-0.0015158648
0.00067343818
0.0021703891
0.0042653332
-0.0034778058
0.0020787142
-0.0023400418
0.0059391975
-0.0058900757
-4.9121783e-05
-0.0035525881
-0.00034047882
0.0038930669
-0.0062332831
0.00077220858
0.0054610746
-0.0041105057
-0.0029000033
0.0031162329
-0.0069988728
-0.0034319396
-0.0029277964
-0.00026518339
-0.0070643301
0.00083597589
-0.0079554754
0.0010768876
0.0028529342
-0.00019230255
-0.00046723195
0.0017293203
-0.0087922254
0.0087922254
0.0048192293
-0.0018720221
0.00050744019
-0.0016585601
-0.0020398063
-0.0048414503
0.0066283326
-0.0017868823
0.0042365402
-0.00031294778
-0.006042267
-0.0011480299
-0.0073405545
0.0084885844
0.0064984967
-0.00027109064
0.00099021582
-0.0022323833
0.0012421675
-0.0052825311
-0.0018549185
0.0086704769
-0.0086471857
0.00071383576
0.0027852512
-0.0034990869
0.0083202968
0.0021584472
0.0041014339
-0.0022305741
0.0055869104
-0.0039175731
0.00018394265
-0.008139418
-0.006532776
-0.00068929851
-0.0043930135
-0.0026423652
0.0021387665
0.0005035987
0.003694812
-0.0042323269
-0.00080046636
-0.0065400881
-0.0014521277
0.0051133378
-0.00016745496
-0.00048246681
-0.0039026324
0.0024806956
-0.004257394
-0.0026620681
-0.00062664097
2.5366225e-05
-0.0029554968
0.0037921689
-0.00061853983
-0.0028938238
0.0035123637
-0.0041440241
0.00084040577
0.0006935515
-0.0015339573
0.0027238557
0.0018262782
-0.0045501339
0.0028059152
-0.00016604252
0.0042504636
-0.0040844211
0.0036102443
0.0039675506
-0.0029750159
-0.00245713
-0.0064784677
-0.004987859
0.0031595405
0.0018283184
0.0051262892
0.0045528683
0.0041285549
0.0025928447
-0.0022268264
0.0016099818
0.00080618117
-0.0050738549
0.0042676737
-0.00148909
-0.00099022523
0.0024793153
0.0026075692
-0.00090077238
0.0054491749
-0.0045484026
-0.0007526263
-0.0075955482
-0.0011551065
0.0034385241
-0.00061211635
-0.0014683894
-0.0075130192
-0.00038352926
-0.0058325478
0.0030084164
-0.0028702796
0.0022487228
-0.00087705702
-0.0013716658
8.0081216e-05
-0.0029373538
-0.0047143358
0.0017075246
0.0019093011
-0.0042745834
-0.0019890214
-0.0059725043
0.0041328014
0.0018397029
0.0013881286
-0.00088191006
-0.002305089
0.0033245146
-0.010224238
0.0044799636
-0.005792453
0.00095100267
0.00011442473
0.0032019479
-0.00026009317
0.0044172729
-0.0041571797
0.0042191175
0.0015566628
0.0022348442
-0.0038138705
0.0034019246
0.0004119459
-0.00035250251
0.0054592311
-0.0030016902
-0.0020655732
-0.0025720495
-0.00054906835
0.0072858649
-0.0052659974
0.0029948207
-0.0094434814
0.0011449096
-0.0012868384
0.0072527037
-0.0059658653
0.0074858863
0.0035640244
-0.0028463929
0.0096138026
-0.007490749
-0.00050652732
0.0036620216
-0.0029179357
0.0018517707
-0.0055406751
0.00038960909
-0.0068254413
0.0071250494
-0.0009962029
-0.0069674327
0.0055009631
0.0013848906
-4.9839246e-05
0.0073971135
-0.002278246
0.00096793105
-0.0050502062
-0.0017831305
0.0068333366
0.00010379737
-0.0062390481
0.0025287584
0.0023034742
-0.0048322326
-0.0017133448
-0.0057996744
0.00036501083
-0.0045717824
0.0020870665
-0.0053393479
-0.010013103
0.0069544727
-0.0066766515
0.0015180196
0.0087066803
-0.0073217897
-0.0021304715
0.0039437868
-0.0018133154
-0.0031732209
-0.003172316
0.0028571467
-0.0083611075
0.0055039609
-0.0041711279
-0.0029541405
0.0027693626
0.0001847779
0.0035255967
0.00029652264
-0.0038221193
-0.0027701537
0.0039459687
-0.001175815
0.0047600788
0.0033850911
-0.0081451699
0.0030312506
-0.00095253635
0.0024250032
-0.0029471829
0.0040505745
-0.0024989119
0.0079514089
-0.005452497
-0.003937314
-0.0029470537
0.0054758121
-0.0044996191
0.0063468154
0.0033606396
0.00042409351
-0.0037847331
0.006721976
-0.0045491228
0.0020997091
0.0076874538
-0.00097300495
0.0070442428
-0.0060396425
-0.0053903661
-0.00018641239
-0.0065258829
0.0067122953
-0.0079574861
-0.0031685213
-0.0089704746
0.0016703969
0.0073000777
0.0062445061
0.0037783931
0.0083982754
-0.0065648806
0.0049800439
0.0079557784
-0.0057808418
-0.001992931
-0.0063516969
0.0020849382
-0.0034048051
-0.0078877579
0.0063700526
0.0015177053
-0.0096876964
0.0064218549
0.0032658414
-0.0076056317
0.00012567899
0.0074799528
-0.0049626072
0.0054747634
-0.0030050324
0.0042920768
-0.00067569548
0.0055715474
-0.0032749668
0.002934488
-0.00023302403
-0.005476682
0.0039742094
0.0057952925
-0.0052806065
0.0065438072
-0.0067302196
0.0025234202
-0.00020863681
0.0067481256
-0.0020638799
0.0014206688
-0.002289878
-0.0022226461
0.0069827249
0.0026552734
0.0023369312
-0.0076194623
-0.0018981582
-0.0017108102
0.0022785193
0.0013761124
0.0035100052
-0.00026944146
-0.0035435255
0.0038129669
0.00271338
0.0028041491
-0.0021163618
-0.00074158518
-0.003377247
0.0017014985
-0.00066692793
0.00076760237
-0.0028333434
0.002065741
-0.0078742251
0.0097006587
-0.0040612827
-0.0011577231
-0.006274835
-0.0039494033
-0.0037846642
0.011833934
-0.0063683541
-0.00546558
-0.004669675
0.0020870518
-0.0016814006
0.0042251362
0.001032605
-0.0020536353
0.0020422651
0.0012486974
-0.0065630428
-0.0047614267
-0.0053697607
-0.00094152561
0.0041763772
0.0012108467
-0.0053872239
0.0067159033
-0.0083907979
-0.0086396508
-0.0020306002
-0.0050073371
-0.0043207891
-0.0030735806
0.00064659056
-0.0034715982
0.0028250076
-0.0065439184
-0.006147925
-0.004577122
0.010725047
0.00091922912
-1.9036115e-05
0.0048530724
-0.0057371994
0.005085335
-0.0018582093
-0.0032271257
0.00099125651
0.0067856704
-0.0064718783
0.0068719019
0.0048138422
-0.00012818446
-0.0046856577
0.0047787087
-0.00052824515
0.0055333712
-0.0018776051
-0.0036557661
0.0018123601
0.0036594459
0.00826416
0.00027997719
0.0080830071
1.5292961e-05
-0.0028984187
-0.0018940834
-0.0027430415
0.0029578326
-0.0026840581
0.0082736817
-0.0078795893
0.010083013
-0.0010826831
0.0028766625
0.0014504783
0.0055886972
-0.00081950358
0.0054588524
0.0045411476
0.0053498123
-0.0025219595
0.00060412978
-0.0026901137
0.0020859839
0.0021990553
-0.003227615
0.0037773988
-0.0032769088
-0.00050048997
0.0013156085
-0.0011686319
-0.0014214804
0.0041738913
-0.0020573249
-0.0035450989
-0.0010040239
-0.00088569681
0.0022126821
-0.0013269853
0.00050589233
-0.0037787734
0.0049108977
-0.00049362482
-0.001400205
0.0040728608
-0.0046733608
-0.005687458
0.0060258628
-0.0024851357
-0.0021382813
-0.0031338613
0.003847697
-0.0058155718
0.0017089589
0.0040575485
-0.00074713778
0.0017140342
-0.00096689637
-0.0019597341
0.0052833887
0.0017141296
0.00066032965
0.0046264584
0.004634998
-0.0011171963
-0.0008324157
0.0085544536
0.0055217626
-0.002554281
0.00039074854
-0.0048903676
0.0015201208
-0.00019679859
0.0072576082
-0.0072576082
0.0070138998
-0.00043361321
-0.0010775353
0.0012565275
-0.00043600561
-0.0026104339
-0.0010640923
-0.0048042727
0.0012452644
0.0063560136
0.005693216
0.0038760131
-0.0095692292
-0.0052940027
0.0071978192
0.0052581273
-0.0015944363
0.0085396157
-0.0030807632
-0.0026027548
-0.0020832009
0.0036240006
0.0040814701
0.0050235209
0.0018154477
-0.0039466894
0.0039922191
-4.5529665e-05
-0.0021585723
-0.0019495339
0.0062740654
0.0043962898
-0.0026592422
-0.0090542178
-0.0019995525
-0.0035438519
0.0055434044
-0.0046791179
0.0060410814
-0.0043421304
-0.0045845803
-0.002025844
0.0066104243
0.0066617219
0.0012595848
-0.0017278206
0.00078664313
0.00094117747
0.00030754028
-0.0044430103
-0.0046505954
0.004381154
0.0019795632
0.0017978355
-0.001375041
0.00018491266
0.0011901283
-0.0050913785
-0.0082918574
0.0022054278
-0.0036457301
0.00023640274
-0.0080482389
0.0014169011
-0.0028036355
0.0081610692
0.0025959012
0.0039425042
-0.0048432766
0.001465174
-0.0063839069
-0.00060582673
-0.0016548623
0.0015312108
-0.0014113089
3.6267942e-05
0.0039794634
0.0021661685
-0.0022472347
-0.0037337584
0.0059809931
-0.0027138322
-0.0028079037
-0.0023627774
-0.0023846568
-0.0015073797
0.0042312354
-0.0026339728
-0.0027332484
0.0053672212
0.0072607796
-0.0017182689
-0.0071323455
0.0071323455
-0.0031086202
0.0034548137
0.00038410973
-0.00013312054
-0.006964985
0.0070981055
-0.0052123727
0.0030022254
0.0022101472
-0.00096445011
-0.0030320518
-0.0032495883
0.0040217969
-0.0086309405
-0.00066023193
-0.00079254777
0.0014527797
-0.0008129169
0.0018563899
-0.001043473
0.0049860459
-0.00029611852
-0.0027449499
0.0013080967
0.0023904576
-0.003427278
0.0043073505
-0.0034521597
0.00081008462
0.0062038152
-0.0044916474
0.0072733172
-0.0046029408
0.0068316282
0.0056690637
-0.0048628825
0.0059685509
-0.0067937644
-0.0023819766
0.00020896731
-0.003039714
0.0028307467
0.0071145046
-0.00015607754
0.0028699975
0.0040045103
-0.0032432254
-0.0017076883
-0.0059374265
-0.0031088928
0.0039872865
-0.003596538
0.0041661036
-0.0046614619
-0.0085780425
0.0025249316
0.0066808913
0.00017287586
-0.003436057
0.0030846394
-0.0027161033
0.00066155203
0.0036275225
0.0041936043
-0.008465192
0.008465192
-0.0055036921
-0.0031162409
-0.00228248
0.0065053914
-0.0020118359
0.0095426854
-0.0082126488
-0.0037242892
-0.001593606
-0.0036645104
0.0062283898
-0.0025638794
-0.0063363527
0.0035327172
-0.0024173141
-0.0031233609
-0.00036472486
-0.0059101102
-0.0017209436
0.00641435
0.0033284196
0.00086668696
-0.0041951065
-0.0026013729
-0.0038402009
-0.0014946018
-0.00079972773
0.0086680579
-0.00077090581
-3.1423579e-05
0.0030584979
-0.001968927
-0.0013424356
0.0013128665
-0.003194685
0.0098577128
-0.0066630277
0.0012518093
-0.0025864756
-0.0020760103
0.0060632969
-0.0036879897
-0.00045550223
-0.0031774684
-0.0014194361
-0.0012210225
-0.007366509
0.0077229648
-0.0020169345
0.0026534132
0.0056785509
-0.002751712
0.0013028856
0.0033065485
0.0044510351
-0.0067117023
0.0022606673
-0.0040903123
0.0037399002
-0.0041238722
0.00017718273
0.0042398398
-0.005804184
0.0011333029
0.0059970381
-0.0039558009
-0.00043221205
-0.0026246291
-0.0043588537
-0.00087375364
-0.0047480262
0.0030911885
0.0057746631
-0.00055474533
0.00024760198
-0.001736692
-0.0022542791
0.002292715
-0.0028086969
0.00083976993
0.0082622886
-6.1581526e-05
0.0059850654
-0.0084910983
0.0012799208
-0.0032164678
-0.00028118322
-0.003389633
0.0036708162
-0.0038560418
-0.00092774918
-0.0028797396
0.0038074888
0.002424751
0.0039811871
-0.0033157828
-0.001911
0.0029695966
0.0056168742
-0.00058344855
0.0062739554
-0.0033802138
0.0055674846
0.0015478002
-0.0075464387
-0.0081282842
0.0056261436
-0.006147925
-0.00935348
0.0060266017
0.0033268783
-0.0012340499
0.0043604103
-0.008684293
0.0072641117
0.0014201813
0.00048902766
0.0029518286
0.00079896773
-0.0015461055
0.0047593537
0.0047833317
-0.0074110884
0.0041308931
0.0075775881
-0.0041802931
0.005889252
-0.0038723052
0.0010686485
-0.0037588522
-0.004857174
-0.0095222807
0.0050953384
-0.0048910657
-0.0015214979
0.00086126599
0.00085155138
-0.0016644683
0.0028889102
-0.0016343969
-0.006676156
0.0018908844
0.0047852716
-0.0032447763
-0.0031018653
-0.0093374812
0.0045258389
-0.0041645219
0.0017709379
0.0057751191
-0.0040842632
-0.0071185356
0.00097036093
-0.0071440883
0.0026974918
0.0021217375
0.0016660486
0.001365202
-0.0022624381
4.8078116e-05
0.0028399118
-0.0028879899
0.0013406751
0.0061956869
-0.0059682629
-0.0054261775
0.0008711621
0.0045550154
-0.0037188189
-0.0050009661
0.0016215303
0.0028659507
-0.0056525137
-0.0017939845
-0.0024772084
-0.0023393012
0.0028283289
-0.0030051867
-0.0070655538
-0.0025972258
-0.0031288485
0.0023639887
0.0022352322
-0.0071978394
-0.0019108634
-0.0052540133
0.0001675412
-0.0021150875
0.0013366923
-0.0029044049
1.058112e-05
-0.0031426776
0.0023979203
0.0014276288
0.0041665454
-0.005887489
0.0057377709
-0.0036620403
0.0027041597
0.0093071087
-0.0096718335
0.00083549758
0.0017061677
-0.0022291107
0.000411312
-0.006622753
0.00037040259
0.0068100436
0.0023868498
-0.00096618109
0.001066201
-0.0046873458
-0.0046501355
0.0077011732
-0.0031641936
0.0064260409
-0.0032618473
-0.0044719724
-0.0021302509
0.0027822368
-0.00154714
-0.0075480303
0.00080490593
-0.00087485391
0.0027064879
0.0094279321
-0.0040525422
-0.0053753899
0.00060728832
-0.00333678
0.0004685932
-0.003745502
0.003247786
-0.0026011954
-0.0012060849
-0.0070403404
-0.0023131396
0.0028399746
-0.0054739474
0.0082852799
-0.0073108172
-0.00097446277
-0.0056542753
0.0026069529
0.00026138168
0.0040039515
-3.9768118e-05
0.002056389
-0.0045116834
-0.0013894921
0.0059425304
-0.0045574548
-0.0063912145
0.0027076406
-0.0020261553
0.003334252
0.0061464762
-0.0022635114
-0.0053175938
0.0028110373
0.0025065565
0.0088444864
-0.0010280175
-0.0078164689
0.0002749873
-0.0017708072
0.0064079413
-0.0017037761
0.0011893641
-0.0028970524
0.0090159576
-0.0057328041
-0.0032831536
0.00057241807
0.0061965702
-0.0034320845
-0.0027644857
0.0023956265
-0.0061844115
0.0076663376
-0.0040692891
-0.0072229703
0.0028724836
-1.4227464e-05
-0.0045073875
0.0043204174
-0.0034847967
-0.0035795335
0.0026640715
-0.0025360325
0.00064067955
0.0061565913
0.0037725126
0.0034800663
0.00083131217
0.0070180557
-0.0078493679
-0.00050549712
0.0026758862
-0.0030480135
-9.1594527e-05
-0.0024541474
-0.0036632484
0.0047731031
-0.003341385
0.0031496391
-0.0013567783
-0.0044917684
-0.0014422964
0.0011646226
0.00020918336
-0.0019359667
0.0060421794
0.0026512979
-0.0086934774
0.0052184147
0.0088444864
0.003259429
-0.00016176975
0.0064784677
0.0038881621
-0.01036663
0.0027312149
0.0017433285
-0.0063279088
0.0026196545
0.0036179507
-0.0018684935
0.0052971166
0.00071237144
-0.0060094881
-0.003411765
-0.0065661831
0.0024926761
0.0046067139
-0.0027367375
0.00017746721
-0.0036488314
-0.005699298
0.0025351044
0.0059483352
-0.0032825084
0.0030444213
0.0070519567
0.0029480433
-0.0073488165
0.0048916864
0.0028495009
0.0058822219
-0.0036469897
-0.0010618828
0.0012143975
0.0013162547
0.0032160645
0.0035181777
0.006799896
0.0089613975
-0.0073517473
-0.0019341234
0.0060669249
0.0071448015
-0.0072779221
0.0024298429
0.0029199694
-0.0054467713
0.0029263414
0.0032702288
0.0027445118
0.0029340391
-0.0012435155
-0.0080046173
0.0045848575
0.00097527984
0.0058877946
0.0034941448
-0.0067266152
0.001978589
0.0044148276
-0.0014578748
0.0022509137
-0.0086348206
0.0056721677
-0.010489821
0.0048176537
0.0022438549
-0.0036006332
0.00099649252
-0.001567573
0.00092006986
0.0016625887
-0.00044905977
0.0025878262
0.0028852559
0.0056569574
-0.0099728527
-0.0025566182
-0.0022756143
-0.0057798711
0.0010345697
0.0016415559
0.00049883164
0.0021338039
0.0036806982
0.0046045817
0.0061867027
0.00081271485
0.00087430827
-0.0082568519
0.0063627685
0.0078933832
-0.0051974508
-0.00073333657
-0.007627771
0.0036499857
0.0026968297
0.0044962534
-0.0041093562
-0.0080610964
0.0047371049
0.0020924275
-0.0030201767
-0.0030812451
-0.0021104419
-0.0061365373
0.0030346719
0.0073651561
-0.0020275649
0.0022662444
-0.0063797192
-0.0057689418
0.0039895174
-0.00084631202
-0.00088150858
0.0044236454
0.00065887749
0.0070422958
-0.004995917
0.0062411814
0.0040597952
0.0044279618
-0.0015512994
0.0035232342
0.00019516906
-0.0047516598
-0.0061011177
-3.541962e-05
0.0079125998
-0.0026676161
0.0058765696
0.00031013305
4.1874e-05
0.0022366453
-0.0060139545
0.0015385659
-0.0017825118
0.0030312093
-0.0049622222
0.0018801678
0.0030820544
-0.0020352336
-0.0016551725
0.0032219259
-0.0015667534
0.00048005156
-0.00046549297
0.0022477235
0.0040263419
0.00073599261
0.0017195933
-0.0024555859
-0.00546558
-0.0010395066
-0.0017002102
0.0034593052
-0.0011699656
0.0023135458
-0.0011435801
-0.0019947031
-0.0023258558
-0.003104303
-0.003238672
0.0073183116
-0.0040796396
0.0025874497
0.00097930572
0.0017606917
0.0047228186
-0.0064835103
-0.00039985083
0.0035887361
-0.0068523895
0.0078454297
0.0039037591
-0.0080044544
-0.0001621196
0.0025153664
-0.0028356778
-0.0023766949
-0.0019797386
0.006037287
-0.0080789674
0.0051998815
0.0050177897
0.0056474491
-0.0029432894
0.0079985962
-0.0013851321
-0.0028752928
0.0066536859
-0.00047468514
-0.0019439528
0.0024186379
-0.0058178149
0.0062978665
0.0074839093
0.0098041378
-0.0047850375
0.0031923274
0.0015927101
0.0052516997
0.0069557215
0.0011096832
0.0080776866
-0.0019506593
0.005600645
-0.0042745838
-0.0022779773
-0.0030396165
0.004033716
0.0011988166
0.0043387338
0.0026849398
-0.0016900564
0.0021468979
0.0020385419
0.00042378723
-0.0049833565
0.0029575124
0.0019659545
0.00051796129
-0.0024839158
-0.0050725563
-0.0023385321
-0.0012758271
0.0056453195
-0.00088600123
-0.0041476364
-0.0054844107
0.0038135333
0.004513266
-0.0056771347
-9.1807103e-05
0.0026412369
0.0053573593
-0.0040307061
-0.0024908733
0.0014794605
-0.00024437596
-0.0012350846
-0.0021973197
-0.0039069189
-0.0011849126
-0.0009542929
-0.0051033742
0.0060576671
0.0088761518
-0.0070607041
0.00034911611
0.0024661339
-0.0022068824
0.0056958695
7.8793601e-05
0.0056721677
0.0047074324
0.0099633241
-0.0010019267
0.0017204046
0.0056438635
-0.0073642681
-0.007131055
0.00048774629
-0.00075059116
-0.0055231402
0.0044119791
0.0053642686
-0.0039137903
-0.00071796874
-0.0077731295
0.0055555491
0.0021784712
0.0066869452
-0.0026054751
-0.0034290957
0.0099625807
-0.0033008588
0.00064215563
-0.0020985945
0.0029383644
-0.0031028639
-0.00036873422
-0.0053716538
0.011161884
-0.0048171756
-0.00017996771
-0.001479251
-0.0010406354
-0.0011884754
0.0066227007
-0.0066227007
0.0012387729
0.0047037574
-0.0036271874
-0.0026844967
0.0087056735
-0.0055542015
-0.003151472
-0.0013056246
-0.0022876608
0.0035932853
-0.0036853573
0.00073121672
-0.00078761913
0.0018456614
-0.0010580422
0.0030944988
0.0019104824
0.0020817367
-0.0015669388
0.00086886684
0.0046058965
0.0056003187
-0.008860675
0.003158353
0.00030574706
-0.0058772167
0.0055247142
0.010081334
-0.00092354404
0.0073391761
0.002624148
0.0057004868
0.0031924159
0.002689806
0.010032928
-0.0029574797
0.0052837441
-0.0030360205
0.0040856551
0.0025247693
-0.00092384751
-0.003514344
0.0059702202
-0.0071489213
0.0049676712
-0.0022989929
-0.0026686783
0.0036199626
0.0079411454
0.00090458167
-0.0017505122
0.0064059921
0.0035565886
-0.0071142182
-0.0007198322
0.010805434
-0.004480491
0.0078655821
0.0017731843
0.00010950423
0.002089551
-0.0028326019
-0.000142414
-0.00025332899
0.0016889121
-0.0010185401
0.0045113609
-0.0090990107
0.0045876498
-0.0020009317
0.0039814138
7.2072856e-05
0.0034535239
0.005931842
-0.0033274623
0.00021562896
-0.0078303346
0.001017829
0.00099296888
0.00059843448
-0.0015914034
0.0014663481
-0.00012887195
0.0034895115
-0.0036960304
-0.0030305848
-0.0049087664
0.0027615306
0.0052093137
-0.0055677309
-0.0039744961
0.0069270785
-0.0073925715
0.0051980532
0.0026777681
-0.0030448624
-0.0028584149
-0.0012166106
0.00018449374
0.0015216739
0.0014321903
-0.0082433064
0.005862324
-0.0026538801
0.0023150706
0.0089405491
0.00036655956
0.0053810426
-0.0017326533
0.006584887
0.0025910408
-0.0029555624
-0.0027155805
0.0055609555
0.00027628276
0.0014433105
-0.0054366228
0.0068688131
-0.0022317537
0.00036913716
-0.0021439482
0.0062296033
0.001536515
-0.001125203
0.00089894107
-0.0024349179
0.0015359768
-0.0023290192
0.003042716
-0.0031655325
0.00014708018
-0.0015139484
0.0034606544
0.0058906213
0.0037678454
-0.0024968545
-0.00011544884
0.0048520384
0.00062667158
-0.0054787099
0.0041677988
-0.0040009641
0.0078259913
0.0029501709
0.0037367743
-0.0039467391
-0.002301543
0.0059334181
0.0060595188
-0.0032008115
0.0032677953
0.00016738547
-0.007884953
0.0077175675
0.0028773391
0.0072241311
0.0029826173
0.0050253422
-0.00017383165
0.0063776469
0.00050076436
0.00057001437
0.0010467623
-0.0016167767
0.006508153
-0.0069559666
1.5794048e-05
0.0016066675
-0.00050732912
0.0068633427
0.0021380775
0.0044488496
-0.0024702606
-0.0023308647
-0.00046095839
0.0035283295
0.0014393417
-0.0030431589
-0.0053755777
0.0031578235
-0.0046266225
-0.00038071459
-0.0072231251
-0.0039019439
0.00014838458
-0.0014717331
0.0055461307
-0.00098999582
0.0017162897
-0.00072629389
0.00037992099
-0.0042674371
0.004386508
-0.00011907089
-0.0052747468
-0.0037114725
0.0045017687
-0.0076448255
0.0046969189
0.0023536537
0.0018854239
0.00084609068
0.0013139427
-0.0057277412
-0.0067203027
-0.0013688349
-0.00039340834
-0.0024269583
-0.00079240735
-0.002104645
0.0026295568
-0.0078724958
0.00067383151
0.0012404932
-0.0012670238
-0.00027856245
0.0035945941
0.0018316596
-0.0054262538
0.0054048002
-0.0027635633
-0.0014922305
-0.00011981347
-0.0090564513
-0.0039395041
6.006003e-05
0.0038794441
-0.010304998
-0.00038456207
0.0037574336
-0.0015663671
-0.0036598004
-0.0071156295
0.0063976608
-0.00073483913
0.0034246451
-0.0026021843
-0.00067578293
-0.0054598906
-0.0046032882
0.00038704115
0.0034588065
-0.0032813393
0.001318589
-0.0033676588
0.0045785055
0.0040379421
0.0039116647
-0.0013455183
0.0015804868
-0.0018320695
0.004338626
0.0064115667
-0.0031804561
-0.0053235822
-0.00016082849
0.0040291248
-0.0068865047
-0.0093080321
0.005710879
0.0054265906
0.0021301864
0.00059690912
0.0047202641
-0.00699851
0.0055264989
0.00053301992
0.00073700784
0.0066228166
-0.0035315112
0.0043336865
-0.0014280619
0.0064546256
0.0023898608
0.0023635051
-0.005104381
0.0027408759
-0.0014281881
-0.0039979895
-0.0041739644
0.0086853254
0.0023460018
0.0052847522
0.0063538806
-0.0026970725
-0.0047154686
-0.00266301
-0.002920614
-0.0011079353
0.0016779497
-0.0017407866
-0.0026257285
0.0043665151
-0.0018832848
-0.00049327465
0.0023765594
-0.0079608987
0.0018655158
-0.0014855948
0.0043811673
-0.0077467569
-0.0013380833
-0.0020667218
0.0074223704
0.0012150362
-0.0086374066
0.0065747145
-0.0045641375
-0.002010577
0.00040885891
-0.0073811271
0.0069722682
-0.0042009433
-0.0012743497
0.0054752931
0.0068408432
-0.0066252142
-0.0019951408
0.0049651671
-0.0028270896
0.0012912733
-0.00075723353
0.00086719608
0.0020123956
0.0069666637
0.0012621329
0.00073894688
-0.0020010797
-0.0026985429
-0.0065252135
0.0059169326
-0.0024931898
0.0011341172
-0.0044615795
0.0055018814
-0.0084574015
0.0031826238
0.0014322401
-0.0033155248
0.0031372852
-0.0059676908
0.0078361363
0.0018191274
0.0017869108
0.0072052168
0.0071262017
0.00097458369
-0.0078002598
0.0012459898
0.0012316417
-0.0076306713
0.0061296985
0.0071945293
-0.001497001
-0.0058260341
-0.00034678253
0.0050670466
0.0054636696
0.00022903058
0.0046653047
0.0013923624
0.0066260644
0.0079449075
0.0033575579
0.001076398
0.00032004344
-0.0064026235
0.0037085862
-0.00017977202
-0.0028652084
0.00061092931
-0.0056874157
0.0027458551
0.0029415606
-0.0010425731
0.0056550726
0.0016300823
-0.00015062173
-0.0047335562
-0.0053971062
0.0077606113
-0.0053412411
-0.0036391246
-0.001566013
0.0039551285
0.0038982792
-0.0053700123
-0.0035777276
0.00067498661
0.0015955985
-0.0051225544
0.00081744532
-0.0010804047
0.0042727321
0.0001498153
-0.0035663922
-0.0015561622
0.0056807695
0.0024104014
0.0078564543
0.0085195218
-0.0036278353
-0.0050181743
-0.0068738085
0.0010559936
-0.005412019
-7.033049e-06
-0.0023876711
-0.006544337
0.0089320082
-0.00089916453
-0.0013910549
-0.0084490501
0.0045992571
-0.0087572639
0.0051152895
-0.0014206459
-0.0099158062
0.0049919858
-0.0072222727
-0.0016328284
-0.0055834786
-0.0015787024
-0.0035956646
0.0048140011
0.002696141
-0.0056519694
0.0024778121
0.0028002135
-0.0065590658
-0.00097257142
-0.0014623464
-0.00045817673
0.0012341363
-0.0020217554
0.005330139
-0.0045572545
0.0025632077
-0.0025353541
-0.00053108711
-0.007974046
-0.00048335551
-0.0077037294
0.0050361133
-0.00017536837
0.0013257492
0.0012949814
0.0026118739
-0.001788909
-0.00082296486
0.0026446594
0.0033384344
-0.0059830937
-0.0031066689
0.0036636144
0.0046131412
0.0019615732
-0.00058142838
-0.0053213593
0.0081502321
-0.0024545642
-0.0056956678
0.0020360343
-0.00079004446
0.0042602873
0.0007048798
0.008690731
-0.00091961856
-0.0029631088
0.0067408878
0.0032591122
0.0035054732
-0.0012455128
-0.0049369097
-0.0014163294
0.0053279941
0.0070736914
-0.0074827693
-0.0068225499
-0.0035213769
-0.0022637881
0.0049599291
-0.0029043396
0.002320493
-0.0046938468
-0.0054177936
-0.0013921976
0.00021556615
0.004938737
-0.00015872051
0.0077325689
-0.0060450412
0.0008002419
0.0057913285
-0.0088337911
0.0021967174
0.0066370737
-0.0059433697
0.0027185867
0.003224783
0.0044350138
0.0033226677
-0.0031419096
-0.00017868039
-0.0013233906
-0.006721976
0.0050358494
0.00057028047
0.0011145998
-0.0011040099
-0.0016257962
0.00051786089
0.00085823108
-0.010289196
0.00041338733
-0.0040731878
-0.0027278207
0.0039313338
-0.0021050556
-0.0038537473
0.0026128159
-0.0056807695
0.0054892539
0.0011311924
-0.0022747725
-0.0051066082
-0.0035868691
0.0025954476
-0.0071707566
0.0020999471
0.0055608403
-0.0027208656
-0.0009182678
0.0019935755
-0.0051573161
0.00029725648
0.0053184958
-0.0024332399
0.006708538
-0.00064045296
-0.0010240153
-0.0034854985
-0.0042190263
0.0014825771
-0.0031378138
-0.0021394491
0.0052772629
-0.0080527813
0.002365143
-0.00062212353
-0.0016094236
0.0020618614
0.0017076664
-0.0010326797
-0.001214192
0.0051124712
-0.0039320626
-0.00026888074
-0.001017264
-0.0032124657
0.0051573161
-0.0079810791
-0.0062416758
0.00023702139
-0.0018918837
-5.8628461e-05
-0.0038808757
-0.0065275927
0.0061974331
0.00064773231
-0.0050630903
0.0074635562
-0.004765998
-0.0026975582
0.0013996467
0.0010211357
-0.0019937071
-0.001761541
0.0064546256
-0.00042690552
-0.0063750165
0.0071351849
-0.00076016838
-0.0049818257
0.0025582275
-0.00017771329
-0.0039039198
-0.0034834611
-0.0017912858
-0.00444478
-0.00024087771
-0.0064325134
-0.0096482534
0.0057157704
0.0071492145
-0.0055954627
0.0068408432
-0.00043907625
0.0027243415
-0.0010983688
-0.0016259727
0.0062105292
-0.0011746797
-0.0042179624
0.0016370191
-0.00085037597
-0.0018621439
0.0047020557
0.003928997
0.0040710801
-0.0014074013
-0.0019391061
-0.00644815
-0.0011637619
-0.0020840343
0.00093974934
-0.0027280923
-0.0053462886
-0.0043496863
0.0047630736
0.0037433323
0.0013947973
0.002198488
-0.0029458327
0.0053491601
0.00091804883
0.0015168029
-0.0018925851
0.0038334794
-0.0017117419
-0.00084064779
-0.0023869672
-0.0064215732
0.005904862
-0.0032586986
0.0035134019
-0.0027536131
0.002035748
-0.0014568905
-0.0030615058
0.00072197511
-0.00056560179
0.0060522028
-0.005486601
0.0044827821
-0.00594783
-0.0016477182
-0.0059169326
-0.0020826828
0.00088426786
0.0040334437
-0.0012250114
-0.0069280004
0.0070317978
-0.0023912669
0.0054747932
0.00090557289
0.00073144621
0.00010119533
-0.0070661803
-8.2878067e-05
0.0039837775
-0.0026680571
0.0044045373
-0.00068810288
-0.00019328258
0.00077197585
-0.0040356138
4.8003125e-05
0.0021272916
-0.0077216382
0.00042449823
0.0072971399
-0.0027335733
-0.0027301453
0.0039499471
0.0036116229
-0.0015458819
-0.0021157807
-0.0023494936
0.0032892429
6.812305e-05
-0.0033018039
0.0041325166
0.006200716
-0.006200716
0.0054489226
-0.0015535294
-0.0038953932
-0.0021430746
-0.0050800505
0.0021529669
0.0007594554
-0.0042389941
0.0018895005
-0.0057201861
-0.0069914092
-0.0012240376
-0.0019152333
0.00264645
0.0059649188
-0.0054798947
0.0032161066
0.0055850322
0.0065406774
-0.0021347614
-0.0021829976
-0.0052402488
0.0018419288
0.0066418727
-0.00079261032
0.0056446487
0.0085139751
0.0082364801
4.091288e-05
-0.0042977724
0.00070210775
0.0043045275
-0.002926366
0.001062164
0.001864202
-0.0029526159
-0.0036404778
-0.0020893338
0.0015349461
0.00052144294
-0.00033972001
-0.0049262774
0.0061930415
0.00050698817
-0.0014697015
0.00096271333
0.0031834539
0.0032402363
0.0037074411
0.001620553
0.0063019967
-0.0034524958
0.0055368534
-0.0028182668
-0.00017222045
-0.0066252142
0.0078160951
-0.0021003247
-0.0044644072
-0.0030526857
0.0014841928
0.00061673308
0.0020511147
-0.0035716812
0.0024556083
0.0023830016
-0.0063236787
0.001563268
0.0035916686
-0.006054093
-0.0056547601
0.0053716538
-0.0024304999
-0.0054699996
-0.00090828877
0.0052064934
0.00025104783
0.00060574981
-0.0041808681
-0.002920214
-0.0040711952
-0.00056717471
-0.0009789308
-0.003119495
0.0064650846
-0.0039614157
0.0065855637
-0.0051842553
0.0015548036
-0.0064980501
0.0011237182
-0.0076701824
-0.0010922077
-0.0014563793
0.0072103756
-0.0035243363
-0.00059953588
-0.0061799898
-4.3703109e-05
-0.005479437
-0.0046170284
-0.0018401334
0.0049001694
-0.0010918856
0.0072177116
0.007971005
0.0011034539
0.00034932583
-0.0054358584
-0.0049038681
0.0049038681
-0.0064873648
0.00068769038
0.00053435474
0.0015434257
0.00026533764
-0.0057492447
0.0057492447
0.0034454072
0.00081339116
0.0052064934
0.0061086155
-0.0030799432
-0.00153399
-0.0026798148
0.0072947036
-0.0046148888
0.0029313708
-0.00019555556
-0.0027358152
0.0027869925
-0.0017248284
-0.0050644278
0.0050644278
0.0005657511
-0.0053271778
-0.0023922673
-0.0050696671
-0.0048671432
0.0055308246
-0.0049650735
-0.0051328568
-0.0050349265
-0.0024494226
0.0011408069
-0.004907056
0.0052681449
0.0046728222
0.0038576624
-0.00034426053
-0.0016336605
0.00068611789
0.0048671432
-0.0050349265
-0.0049432207
0.0057540017
-0.0057540017
0.0029475989
-0.0021355781
-0.0012907049
-0.0015535149
-0.0039263797
0.0055759787
-0.0063939071
-0.0014057641
-0.0075423368
0.0031850431
0.0043572937
-0.0043891927
-0.00063465549
0.0016814178
-0.0016532161
-0.0047375499
-0.0036854419
0.0073004708
0.0056631064
-0.00074780818
0.0016090742
0.0042632942
-0.0020411544
-0.003120054
0.0022304894
0.004043466
0.0039553982
0.0047803031
-0.0010810965
0.0025379386
-0.0070019957
-0.0042417665
0.006113319
-0.0015729425
-0.0071404413
0.0040209463
0.0024407052
-0.0036866194
-0.0043302603
-0.0012591214
-0.00024156106
0.00073895789
0.0024704124
-0.0005993579
0.0020433768
-0.001961122
-0.00053206779
0.0036476661
-0.00019414227
0.00072628927
-0.0018114923
0.0078808489
0.003963123
-0.006883337
-0.0047475938
-0.0016463134
0.0088597113
-0.0049184943
-0.0042377468
0.0050467129
-0.0056381469
0.005015909
0.0043336456
0.0044082288
-0.0052008391
0.0035965791
-0.00010706755
0.00078675358
5.9337105e-05
-0.0002802442
-0.0010885907
0.00082091169
-0.00013246965
0.0042095758
0.0014675191
0.0044192616
-0.0070990764
-0.006649751
0.004358964
0.002290787
0.0038828557
0.0014357423
0.0033771305
-0.0068184776
-0.00053326972
-0.0029683464
-0.0038501311
0.0053376425
-0.0019295911
-0.0032597189
0.0035759495
-0.00045971665
0.00058971235
-0.0068042018
0.002189313
0.0015611082
0.0019308079
-0.0032673606
0.00056325416
0.00030689821
-0.0046296722
0.00077774913
-0.004154668
0.0089045611
-0.002005364
0.0020462769
0.00076130467
-0.0042845238
-0.0038977635
0.0065975278
9.7834763e-05
-0.0044280951
-0.0025086626
-0.005618377
-0.0075939738
0.004599017
-0.0053588207
0.0049236954
0.00066330662
0.0011253281
0.00059108665
0.0038950057
-0.0001568689
-0.0056883484
0.0075610948
-0.0074227005
-0.00057912362
-0.0010466726
-0.0030279597
0.0032051424
-0.00051918219
0.0072830111
-0.002237791
0.0068254408
0.0029743003
-0.00312469
-0.0027832555
-0.0016104906
-0.00071701664
0.00146452
-0.00074750341
0.004205573
0.0003563826
-0.0029755466
0.00039090273
0.0068392782
-0.0072301809
-0.0065019283
-0.0032454224
-0.0024907154
0.0027975736
-0.0011749646
0.0061984855
0.0014395698
0.0025503909
0.005022695
-0.00024239187
-0.0039649111
-0.0011097885
-0.00044927942
-0.0029323626
0.0019150713
0.0043036271
-0.0054179382
0.0039712373
0.0025340888
0.0025329578
-0.003164775
0.0038786507
-0.0058727575
-0.0047542132
-0.0019957848
-0.0016555825
-0.0014352048
-0.0035406634
0.0037404222
-0.00019975879
0.0040036893
0.00093894434
-0.0015735998
-0.003429064
-0.00071004378
0.0052821173
-0.00057783769
-0.003996313
-0.0036811901
0.0061330658
-0.001703743
0.0054916013
-0.0036639919
0.0015284138
-0.0060082054
0.0060881288
7.513286e-06
0.0066343594
-0.007216446
0.0044331905
-0.0035671974
0.0024154787
-0.0024763775
-0.0047989518
0.0043989111
-0.0065733162
0.0043280238
-0.0026360172
-0.0070488864
0.0054341038
-0.006425275
-0.00063987007
-0.0011309372
-0.0044019205
-0.0022143522
0.0018245978
-0.0013539503
-0.00072756559
0.0018310195
0.0022625693
-0.00019454702
0.0063276128
0.0056107694
-0.0027987002
0.0038385062
-0.0035412497
0.0054274243
-0.00041316344
-0.0033165916
0.0016801244
0.0011476727
0.00082407533
0.0034312173
0.0022178539
-0.0017138923
0.0035463568
0.00076160225
-0.0018050752
0.0012274135
-0.0014016527
-0.00087578474
-2.8299727e-05
0.0019868122
0.0035695494
-0.00039330351
0.0028563724
-0.0060262197
0.0052009823
0.00088714649
0.0063444999
0.0052866313
0.0016560485
-0.005357858
0.0037018095
-0.0059042376
0.0042579242
0.0016330142
0.0050806489
-0.0047737507
0.005525259
0.00040115216
-0.0027834224
-0.00058380327
0.0051896998
-0.0028591523
-0.0048100708
0.0052927239
0.0018719373
0.00060875826
0.0048339553
-0.00082259667
-0.0015792014
0.0059072253
-9.3912102e-05
0.0011550966
0.0027243475
-0.0069910649
0.0047767127
0.00492378
0.0067146679
0.0006108865
0.00085363355
-0.0056754594
0.0007665556
1.4316214e-07
0.0011714598
0.0027129871
-0.0039134773
0.0027154795
0.00071518824
0.0023319052
0.0028503439
-0.0033353693
0.0019425794
-0.0014330165
-7.0183017e-05
-0.0066985294
0.0022283415
-0.0029383853
0.0025049195
-0.0005741116
-0.0043923601
0.0062904414
-0.002266922
-0.0045915634
-6.8412703e-05
0.0066155732
-0.0048058099
0.0016067664
-0.00070119355
-0.0062688533
0.0086140703
-0.00077366624
-0.0077910651
0.00087393397
-0.0016199783
0.00064635436
-0.0070500717
-0.00025662363
0.0011240578
-0.00033044269
0.0012398766
0.0008113959
0.00036006389
-0.00082434411
0.00035786892
0.0028496341
-0.00010021707
-0.0013327994
-0.00062390354
0.0010362076
-0.0040641673
-0.00069295963
-0.0026277843
-0.0016448642
0.0064281959
-0.0033252094
0.0014447202
-0.0019080058
0.0013017267
0.00017078952
0.0046022305
-0.0015485847
0.003712334
-0.0022556923
0.0017188326
0.0017572887
-0.0053708228
-0.0010110961
0.0062990915
0.00091780122
-0.0059234014
-0.0022238575
0.0059413998
-0.00065740248
-0.0052026523
0.002256047
0.00089500853
-0.00080552976
-0.0010867125
0.0060493296
0.0022043568
-0.0018103311
0.00052854824
-0.0041390667
0.0046720866
0.0067635249
0.003690454
-0.0026781966
-0.0027416928
0.0039576234
-0.0060849149
-0.0027145674
0.00085867359
-0.0050984562
0.00085282915
-0.0049918959
0.0006778392
0.0013133567
0.0025780648
0.0054406024
0.0014519649
0.0032063018
0.0036933081
0.00036346197
0.00070717553
-0.0027921475
0.0016302452
0.00095175898
)
;

boundaryField
{
    back
    {
        type            empty;
    }
    out
    {
        type            calculated;
        value           nonuniform List<scalar> 
20
(
0.01007753
0.0093449636
0.010071717
0.010075289
0.010081536
0.010088968
0.01007881
0.010080531
0.010075579
0.01007074
0.010083798
0.010073647
0.010072886
0.0092739986
0.01007274
0.010075583
0.010063179
0.010086794
0.010080282
0.010071429
)
;
    }
    bottom
    {
        type            calculated;
        value           uniform 0;
    }
    in
    {
        type            calculated;
        value           nonuniform List<scalar> 
20
(
-0.01
-0.01
-0.01
-0.01
-0.01
-0.01
-0.01
-0.01
-0.01
-0.01
-0.01
-0.01
-0.01
-0.01
-0.01
-0.01
-0.01
-0.01
-0.01
-0.01
)
;
    }
    top
    {
        type            calculated;
        value           uniform 0;
    }
    wall
    {
        type            calculated;
        value           uniform 0;
    }
    front
    {
        type            empty;
    }
}


// ************************************************************************* //
