/*--------------------------------*- C++ -*----------------------------------*\
| =========                 |                                                 |
| \\      /  F ield         | foam-extend: Open Source CFD                    |
|  \\    /   O peration     | Version:     4.1                                |
|   \\  /    A nd           | Web:         http://www.foam-extend.org         |
|    \\/     M anipulation  |                                                 |
\*---------------------------------------------------------------------------*/
FoamFile
{
    version     2.0;
    format      ascii;
    class       volScalarField;
    location    "0.9";
    object      p;
}
// * * * * * * * * * * * * * * * * * * * * * * * * * * * * * * * * * * * * * //

dimensions      [0 2 -2 0 0 0 0];

internalField   nonuniform List<scalar> 
4242
(
-0.60145997
-0.5839312
-0.56643332
-0.54467415
-0.52033901
-0.49260119
-0.46139895
-0.42679741
-0.38908539
-0.34885425
-0.30700704
-0.26470121
-0.22331194
-0.18455921
-0.14991476
-0.11644247
-0.71078211
-0.68847039
-0.66955374
-0.64650672
-0.62101456
-0.59229854
-0.56047931
-0.52561299
-0.48788069
-0.44762054
-0.40534728
-0.36175219
-0.31771652
-0.27447979
-0.23360315
-0.19494401
-0.88191388
-0.8544018
-0.83347505
-0.80717807
-0.77803558
-0.7451497
-0.70867172
-0.66861595
-0.62518204
-0.57873618
-0.529818
-0.47912688
-0.42748871
-0.37587522
-0.32552002
-0.27833023
-1.0860653
-1.0534534
-1.0300347
-0.99897253
-0.96461956
-0.92564219
-0.88220426
-0.83425313
-0.78200674
-0.72589299
-0.66657855
-0.60496276
-0.54213352
-0.47927622
-0.41759928
-0.35947558
-1.2400216
-1.2033864
-1.1785188
-1.1438559
-1.1060168
-1.0628043
-1.0144851
-0.9609231
-0.90233355
-0.83915721
-0.77211781
-0.70221908
-0.63070872
-0.55898505
-0.48836216
-0.42005254
-1.3195314
-1.280113
-1.254916
-1.2184103
-1.1791223
-1.1340191
-1.0835475
-1.0275076
-0.96610474
-0.89976434
-0.82921202
-0.7554682
-0.67981471
-0.60373145
-0.52872452
-0.45694434
-1.3250779
-1.2846959
-1.2602132
-1.2237969
-1.184844
-1.1400653
-1.0899664
-1.034351
-0.97340969
-0.90755349
-0.83748961
-0.76421519
-0.68898195
-0.61324315
-0.5384021
-0.46678716
-1.2594772
-1.2202202
-1.1971823
-1.1627071
-1.1256049
-1.0831253
-1.0356226
-0.98297747
-0.92537905
-0.86323907
-0.79724061
-0.72832863
-0.65766753
-0.58659577
-0.51629014
-0.4489974
-1.1285646
-1.0926327
-1.0717001
-1.0409554
-1.0072936
-0.96909506
-0.92644889
-0.87931996
-0.82790646
-0.77261443
-0.71408155
-0.65316679
-0.59090957
-0.52851634
-0.46704967
-0.40849498
-0.94199139
-0.91153602
-0.89322416
-0.86783717
-0.83930485
-0.80729058
-0.77170997
-0.73255449
-0.69002037
-0.64447569
-0.59646043
-0.54667264
-0.49592538
-0.44514529
-0.39515681
-0.34755139
-0.70828117
-0.68574686
-0.67111497
-0.65254218
-0.63111206
-0.60734808
-0.58119021
-0.55257914
-0.52165487
-0.48869378
-0.45406494
-0.41819528
-0.38150349
-0.3443477
-0.30678352
-0.26866105
-0.50027785
-0.48651935
-0.47586732
-0.46436319
-0.44997058
-0.43317471
-0.41452157
-0.39423577
-0.37254252
-0.34975978
-0.32623338
-0.30225089
-0.2779585
-0.25333262
-0.22813173
-0.19992912
-0.16594823
-0.1540058
-0.14401094
-0.13208596
-0.11877813
-0.10410713
-0.088223626
-0.071384279
-0.053954528
-0.036404811
-0.01929107
-0.0032314691
0.011047127
0.022709975
0.031873264
0.041323377
0.057678741
0.065450197
0.07247266
0.080369845
0.088926609
0.098026105
0.10746593
0.11694832
0.12607219
0.13433874
0.14118029
0.14600225
0.14818352
0.14705632
0.14234632
0.13576755
0.26725267
0.27133666
0.2751265
0.2791194
0.28315561
0.28702656
0.29044456
0.29303393
0.29433366
0.29381839
0.29094327
0.285191
0.27606258
0.26309176
0.2464934
0.22888623
0.43358928
0.43502392
0.43617655
0.43701471
0.43735142
0.43691878
0.43536942
0.43227464
0.42713439
0.41940782
0.40856456
0.39412219
0.3756189
0.35268589
0.32589509
0.29845483
0.53972052
0.53973152
0.53932473
0.53828408
0.53636688
0.53325897
0.52857071
0.52184081
0.51255396
0.50017904
0.48422144
0.46424724
0.43985378
0.41089503
0.37886611
0.34881337
-0.88473235
-0.85718092
-0.83621746
-0.80987609
-0.78067462
-0.74771418
-0.71114149
-0.67096896
-0.62739705
-0.58079756
-0.53172167
-0.48088439
-0.4291272
-0.37746368
-0.32727192
-0.28042017
0.56366386
0.56315486
0.56212845
0.56041053
0.55776632
0.55390067
0.5484564
0.54101734
0.53112108
0.51828629
0.50205621
0.48204937
0.45801
0.42990079
0.39819202
0.36449498
0.56476999
0.56424719
0.56319029
0.56142345
0.55870881
0.55474879
0.54918578
0.54160676
0.53155759
0.51857134
0.50221013
0.4821117
0.45804223
0.43002332
0.39869327
0.36588542
0.54039951
0.54039277
0.53995773
0.53887679
0.53690452
0.53372443
0.52894564
0.52210777
0.51270012
0.50020149
0.48413235
0.46407529
0.43964908
0.41077624
0.37910504
0.34964138
0.43266619
0.43411041
0.43527488
0.43612251
0.43646354
0.43602742
0.43446438
0.43134399
0.42616623
0.41839474
0.40750943
0.39302326
0.37438961
0.35108979
0.3240634
0.29854448
0.26581074
0.26993007
0.27376081
0.2778014
0.28189221
0.28582425
0.28930947
0.2919717
0.29334968
0.29292124
0.29015207
0.28451463
0.27536265
0.26193561
0.24507366
0.23128312
0.057325628
0.065134194
0.072193246
0.080138604
0.088756212
0.0979311
0.1074633
0.11705781
0.12631647
0.13474488
0.14178423
0.14684231
0.14925264
0.14829011
0.14387003
0.13744288
-0.16501691
-0.15305844
-0.14306031
-0.13112494
-0.11780391
-0.10311692
-0.087214692
-0.070354206
-0.052902372
-0.0353327
-0.018205481
-0.0021491087
0.012068634
0.023514696
0.032219913
0.041349402
-0.50223372
-0.48843026
-0.47774285
-0.4662121
-0.4517879
-0.43495188
-0.41625021
-0.39590638
-0.37414386
-0.35127919
-0.32765585
-0.30355386
-0.27909272
-0.25418179
-0.22827645
-0.19963036
-0.71098393
-0.68838637
-0.67370822
-0.65508163
-0.63358932
-0.60975334
-0.58351289
-0.55480864
-0.52378294
-0.49071844
-0.45599557
-0.42005893
-0.38335127
-0.34628416
-0.30897414
-0.27211314
-0.94537
-0.9148395
-0.896475
-0.87101852
-0.84240565
-0.81029484
-0.77460068
-0.73531504
-0.69263776
-0.64694589
-0.5987945
-0.5489014
-0.49809753
-0.44732908
-0.39734139
-0.34995069
-1.1322879
-1.0962791
-1.0752927
-1.044471
-1.0107208
-0.97241363
-0.92963753
-0.88235732
-0.83077517
-0.77530746
-0.71660941
-0.65556249
-0.59322821
-0.53083615
-0.4693817
-0.41117612
-1.2632874
-1.2239572
-1.2008665
-1.1663134
-1.1291208
-1.0865281
-1.0388876
-0.98607957
-0.92829668
-0.86596113
-0.79977361
-0.73070075
-0.65992612
-0.58878998
-0.51836824
-0.45117957
-1.3288185
-1.2883698
-1.2638372
-1.2273471
-1.1883063
-1.1434165
-1.09318
-1.0373998
-0.97626989
-0.91021172
-0.83995026
-0.76650487
-0.69114595
-0.61531496
-0.54034035
-0.4688448
-1.3231259
-1.2836481
-1.2584051
-1.2218329
-1.1824625
-1.1372545
-1.0866517
-1.0304531
-0.96886743
-0.90233033
-0.83158506
-0.75767466
-0.6818973
-0.60571352
-0.53060333
-0.45894004
-1.2434253
-1.2067377
-1.181829
-1.1471079
-1.1091936
-1.0658853
-1.0174447
-0.9637347
-0.90497368
-0.84161234
-0.77439229
-0.70434072
-0.63272014
-0.56091617
-0.49027682
-0.4221147
-1.0892176
-1.0565602
-1.0331031
-1.00199
-0.96756968
-0.92850611
-0.88495818
-0.836872
-0.78446794
-0.72818295
-0.66870089
-0.6069439
-0.54401543
-0.48111027
-0.41952331
-0.36163524
-0.71315635
-0.69081551
-0.67186846
-0.64878895
-0.62325287
-0.59448191
-0.56259274
-0.52763857
-0.48979846
-0.44941071
-0.40699358
-0.36324752
-0.31907625
-0.27578163
-0.23500036
-0.19615878
-0.60329556
-0.58575767
-0.56824778
-0.54648143
-0.52213048
-0.49436675
-0.46312237
-0.42845607
-0.39065123
-0.35029813
-0.30830791
-0.26586414
-0.22439477
-0.18569542
-0.15129314
-0.11820665
-0.060466195
-0.0574848
-0.053735932
-0.050800645
-0.050338387
-0.05289144
-0.058216626
-0.065907143
-0.075424011
-0.085959823
-0.096455527
-0.10571272
-0.11253058
-0.11590472
-0.11555806
-0.11093087
-0.084315869
-0.082607704
-0.081925871
-0.081575768
-0.080536636
-0.079350416
-0.079407143
-0.081442217
-0.084918352
-0.088798729
-0.092358445
-0.09484942
-0.095409878
-0.093371871
-0.088757437
-0.081919535
-0.095801367
-0.094237885
-0.093115373
-0.09210479
-0.091538235
-0.09158038
-0.091231697
-0.08931061
-0.086181658
-0.083654664
-0.082394087
-0.080211084
-0.075273106
-0.066997247
-0.055908054
-0.042754545
-0.10367616
-0.10251567
-0.1015947
-0.10085286
-0.10032424
-0.10011942
-0.10060852
-0.10254963
-0.10638784
-0.11020949
-0.10914435
-0.10033291
-0.082366105
-0.059270959
-0.034919462
-0.011513296
-0.076575558
-0.076590276
-0.076994867
-0.077890562
-0.079347157
-0.081442286
-0.084243844
-0.087787091
-0.092012706
-0.096747848
-0.099314053
-0.093320964
-0.074653272
-0.045707647
-0.012275054
0.020903411
-0.019056609
-0.019778564
-0.021046184
-0.02292319
-0.025487561
-0.028788462
-0.03280647
-0.037469474
-0.042805377
-0.048881065
-0.054268475
-0.052868005
-0.039546009
-0.014588046
0.016692245
0.045627416
-0.025061936
-0.025731295
-0.026865609
-0.028524723
-0.030776065
-0.033664199
-0.037180008
-0.041295715
-0.046144596
-0.051921918
-0.057073167
-0.054744705
-0.040921799
-0.017117982
0.0099852059
0.038225978
-0.080922521
-0.08081463
-0.081080619
-0.081833608
-0.083139068
-0.085067876
-0.087678715
-0.09099872
-0.094997323
-0.09963984
-0.1024841
-0.096656368
-0.076713427
-0.047876647
-0.015668289
0.01668256
-0.10749538
-0.10622425
-0.10522559
-0.10443118
-0.10386119
-0.10362048
-0.10407325
-0.10598001
-0.10981497
-0.11371529
-0.11278675
-0.10404111
-0.085077238
-0.061450779
-0.036710404
-0.011790106
-0.098095363
-0.096433567
-0.095246845
-0.094191545
-0.093594588
-0.093650426
-0.093401281
-0.091609931
-0.088566882
-0.086094335
-0.084885789
-0.082695096
-0.077596328
-0.069012611
-0.057581882
-0.0439004
-0.085111659
-0.08333992
-0.082635693
-0.082327022
-0.081366802
-0.080258507
-0.080407201
-0.082583016
-0.086242237
-0.09030155
-0.094007509
-0.096599029
-0.097202931
-0.09514374
-0.090548369
-0.082878286
-0.060307037
-0.057299951
-0.05354565
-0.050646701
-0.050267284
-0.052954453
-0.058451826
-0.066341757
-0.076078112
-0.086843455
-0.097564018
-0.10702438
-0.1140065
-0.11751511
-0.11743037
-0.11249754
-0.286451
-0.35505037
-0.33525856
-0.31727366
-0.29615252
-0.2725693
-0.24689371
-0.21941485
-0.19068689
-0.16146772
-0.13262218
-0.10519291
-0.08061935
-0.059402737
-0.036939197
-0.28809385
-0.35644075
-0.33669301
-0.31868866
-0.2975399
-0.2739199
-0.24819406
-0.22064707
-0.19183329
-0.16251566
-0.13357492
-0.10606858
-0.081402583
-0.059897975
-0.037769034
-0.164835
-0.22954189
-0.2296381
-0.22229991
-0.21860772
-0.21614088
-0.21334206
-0.20992189
-0.2058065
-0.2008303
-0.19470999
-0.18703387
-0.17740305
-0.16574744
-0.14540569
-0.16435567
-0.228835
-0.22883378
-0.22144542
-0.21769027
-0.21514625
-0.21226452
-0.2087606
-0.20456577
-0.19952395
-0.19336675
-0.18570803
-0.17612597
-0.16476229
-0.14838173
-0.20148807
-0.20352155
-0.17770849
-0.17706923
-0.018827913
-0.037691205
0.10292092
-0.035769528
-0.073506704
0.0058065151
0.0067381126
0.017854232
0.017538569
-0.023324167
-0.029897247
1.9668339e-05
0.061689361
-0.063861595
0.010701936
-0.088485921
-0.025526476
-0.11478481
-0.079995307
-0.083577757
-0.087004866
0.064357943
0.019781294
0.024320626
0.039552374
0.003445723
-0.021712666
-0.084806564
-0.043506273
-0.14734127
0.0049382125
-0.016147746
-0.041408392
-0.061986652
0.052306302
-0.033402237
0.0013749826
0.048431514
-0.039337296
-0.027908837
0.035332974
0.00089501748
0.017195152
-0.14377884
0.016870412
0.13030454
-0.013941988
0.035083712
0.013819062
0.01337753
-0.1857267
0.22913344
0.065047002
-0.032655408
-0.17226035
-0.053900481
-0.034733679
0.0071826753
0.023748649
-0.021605761
-0.018744245
0.013519997
0.012471681
-0.024661956
-0.20116376
-0.021148622
0.0043448821
-0.01387497
-0.039024608
-0.014893305
0.010240081
-0.073860375
0.015263175
-0.001018482
-0.0013736567
0.020324176
-0.038063374
0.01011336
-0.0030695431
-0.0043777871
-0.018093846
-0.14846314
-0.15640213
-0.018298404
-0.031113493
-0.046722833
0.022456012
-0.00017505185
-0.16703562
-0.0013318465
-0.027490036
0.0026789723
0.14576517
-0.050921401
0.04179305
0.052543749
8.0076004e-05
0.11613977
-0.18155679
0.057693715
-0.0010344077
-0.029686313
0.0032270242
0.0010781884
-0.028616179
-0.069261963
-0.038516411
-0.00088536693
-0.038763419
-0.15218448
-0.20351391
0.075270866
-0.041483303
0.030790248
-0.092359841
-0.0026619064
0.087329524
0.0010049377
-0.00062919971
0.078843333
0.073722324
-0.041044852
0.045705587
-0.039909115
-0.12102
0.039041862
-0.016560527
-0.1531678
-0.045171569
0.065497127
-0.047614284
0.032330811
0.0002173456
0.00072613202
0.0030099907
-0.050874993
0.12046978
-7.6032067e-05
-0.186361
-0.025827814
0.040505908
-0.030907867
-0.077007458
-0.02527407
-0.00027283843
-0.00014585375
-0.024550919
-0.041333552
-0.0094699322
0.011030637
0.010239775
-0.020068897
0.0096984571
0.086133286
-0.0019761695
0.035340578
-0.16232023
-0.017460904
-0.003255704
0.0010609394
-0.37516974
-0.3751976
0.045670147
0.067488129
-0.01366386
-0.00057647201
-0.0099254763
0.010087512
-0.084665964
-0.00022289111
-0.080283396
0.13705223
0.01227268
0.00098882818
-0.017728865
0.044840685
-0.0086020809
-0.00037989414
-0.022808742
-0.019437584
0.013682756
-0.077504523
-0.061235261
0.011320314
0.015330794
0.019047608
0.042824081
-0.0012313416
0.010387204
-0.034856261
-0.0013956395
0.0020657371
-0.09486775
0.061963446
-0.020559161
0.025884263
0.0015285
0.0070250271
0.0072265833
0.15348781
0.013208065
0.010865245
-0.11312037
-0.0091948402
0.068545466
0.024923206
0.056720763
-0.0033865055
0.085375921
0.00087617217
-0.020308126
-0.014246571
-0.01061797
0.0047798366
-0.0011799606
0.00071356501
-0.0013367877
0.036123349
0.049824182
0.030153491
-0.034275998
-0.042689956
-0.0059492708
-0.00068115198
-0.029792894
0.073541289
0.070715622
-0.00059915326
-0.050579904
0.030738428
0.07319413
0.10264004
-0.0017593475
-0.058789357
-0.1045429
0.0090137527
-0.0058713221
0.03960056
-0.031411362
-0.0013815048
0.0054566728
0.00087966892
0.015001951
-0.059862418
0.097725431
-0.018613922
-0.058093516
0.024788695
0.0027888252
-0.062567052
0.014731665
0.14254244
0.00091751521
0.0007573285
-0.069138961
0.00056468784
0.058937708
0.010760926
-0.0012153383
-0.027735297
-0.03491645
0.00010845495
-0.0013210069
-0.0020528999
-0.021142665
-0.01007781
0.0054175971
-0.041844603
0.0018259966
-0.027227845
-0.00049605704
-0.023098415
-0.010129092
0.060949894
-0.091012798
-0.0035353084
0.088946794
0.070648117
-0.010734005
0.0037983311
-0.014698957
-0.0028547202
0.0062945125
-0.13594912
0.033705454
-0.088001778
0.0017622891
-0.014865435
0.012485481
-0.0085742412
0.01316125
0.044539097
-0.13256756
0.00033916833
0.090274749
-0.041809438
0.0079055121
0.041095126
0.013061579
-0.040111417
0.0039439179
-0.10208373
-0.071425632
0.10482187
0.14190959
-0.044864024
0.011880658
-0.0076865586
-0.025030766
0.0468297
-0.10832886
-0.036371075
0.0015506937
-0.040832155
-0.01278055
-0.00054440964
0.0069303215
0.0047898998
0.17252645
-0.040172687
-0.11453323
0.054961182
0.00030820939
-0.0010344103
0.0065225737
-0.019802782
-0.11895945
0.0028576283
0.0018936264
-0.00011172259
0.22736278
-0.016623413
-0.015605776
0.032819527
-0.04506717
-0.10664049
-0.026007143
0.001776686
-0.0019646449
0.0044614814
-0.14356331
-0.045892786
0.0023004298
0.078797096
-6.4188413e-05
0.0032306895
-0.13895774
0.0038397287
-0.071490632
0.00071318073
0.0012436807
-0.20195104
0.025851156
0.0095241777
-0.025863644
-0.14086648
-0.040668116
-0.0035847064
-0.10769982
0.021429422
0.01478195
0.02897511
0.00047604549
-0.18393628
0.11337017
0.051560875
0.0091699025
-0.14005976
0.001912194
0.063076339
-0.13746905
-0.16395919
0.15067459
-0.0058062943
0.0078124041
0.015967026
0.023365644
-0.05803057
-0.16039061
0.008947098
-0.051722488
0.065691007
0.051524308
-0.02402514
-0.057256647
-0.014221132
-0.032745175
4.4855595e-05
0.0062326793
-0.21501798
0.00025776574
0.014854656
-0.21104749
0.00090688879
0.0087057532
-0.028077621
-0.0071980426
0.023664455
0.20873376
-0.042120612
0.00050097439
-0.067150139
0.006066747
-0.10950874
0.032295606
-0.056425921
-0.021259908
-0.0067950299
0.02640222
-0.00025496174
-0.01464608
0.026233203
-0.0010788147
-0.013089425
-0.01167389
0.0094906721
0.010905959
-0.00015561088
-0.030997833
0.0015829843
-0.044434313
-0.0044100643
-0.021120563
0.021130554
0.068825235
0.1063299
-0.11469811
0.0007001595
0.056116021
0.0033706548
0.012435282
0.010670287
-0.037878051
-0.040179648
0.055762021
0.0053526957
0.003054496
-0.10687257
-0.10422781
-0.020790739
-0.15763187
-0.090474668
-0.029730205
0.0028242173
-0.11684183
-0.044047781
5.8026044e-05
0.00020854476
-0.022555569
0.032854201
7.8999779e-05
-0.082354786
-0.11399736
0.00053667722
-0.059972233
0.0049466502
-0.040867322
-0.010621706
0.00043981189
0.012312599
0.013656486
0.077762536
0.011375607
-0.031554642
0.0078712443
0.027106282
0.022293904
0.044429705
0.058331416
-0.039334506
0.020474312
-0.0016291186
0.096190497
-0.011462754
-0.0081762978
-0.037841166
-0.0019392272
-0.0005011455
0.2354237
-0.0040205409
-0.03729388
-0.1014598
-0.051678717
0.00012872295
-0.076679889
-0.15861897
0.0013535094
0.037858781
0.020338253
-0.18595392
0.032093054
0.00028116699
-0.060502068
-0.033423559
-0.15485058
-0.03924785
-0.0084664959
0.014352105
0.00093774807
-0.016994326
0.018142108
-0.011000714
0.10099337
0.0099202405
0.0086713215
-0.054231654
-0.36008664
-0.028565595
0.00035026258
0.050176105
0.0014974862
-0.0029776805
-0.041817298
-0.022939178
-0.10171729
-0.36002444
-0.0050038408
0.02319067
-0.0042235463
0.028376879
-0.0021624793
-0.029968059
0.014500162
-0.0057137406
-0.18220412
-0.018684235
-0.10926874
0.0097275321
-0.14914746
0.069278118
0.011414015
-0.16167448
0.066041957
0.0088645028
-0.2081265
0.063243061
0.014917116
0.015213526
0.025603268
0.022681055
-0.33234595
-0.055502612
-0.1210898
0.00065402936
-0.11777201
0.06055431
0.029322799
0.029091455
0.014523986
-0.048436266
-0.029225661
0.002606619
-0.00023067803
0.060118624
-0.098661988
-0.03598761
0.0059901391
-0.33355135
0.10324179
-0.12495218
-0.052099388
-0.010149372
-0.15074244
-0.094429525
-0.0021525219
-0.21771805
-0.046733763
-0.018632958
0.023529463
0.0251717
-0.029109729
-0.1020932
-0.14016695
0.064450828
0.099478721
0.093486902
0.016052565
-0.0054428515
0.028023779
0.056734996
0.10527691
0.042865712
0.14250854
0.0012618633
0.021545373
0.043231948
0.0016589346
-0.024593546
-8.8454322e-05
0.036130118
0.069948469
0.018288219
-0.21473266
0.022637154
-0.0098864051
0.23504581
0.032953666
-0.00051499898
0.22481776
0.065731591
-0.034314653
-0.036071553
0.051759893
0.22344951
-0.08903996
-0.018263696
0.052059158
-0.0055961736
0.13012771
0.052629194
0.057171958
-0.039934529
1.8047419e-05
0.065032444
0.0583332
0.23429471
0.01492559
0.0008038201
0.023065141
-0.057170791
-0.059651998
-0.040842627
-0.18581361
0.23322458
-0.030773021
-0.00077868277
-0.027545003
0.10750912
0.086993521
-0.10397368
-0.097523313
0.0068040426
0.052491406
-0.11808429
-0.18176261
-0.05378723
-0.085385511
0.01137237
0.010773841
-0.011199519
-0.02687492
-0.011388771
0.0067250961
-0.025821193
-0.074956717
0.035585923
-0.036815259
-0.01209881
-0.11674439
0.19151192
-0.084572592
0.011866679
-0.00057721396
0.0082662915
0.023130015
-0.031276114
0.22003101
-0.027203699
0.00049351807
0.037569528
-0.00064978667
-0.17865896
-0.0014271821
-0.050488314
0.0017430612
-0.027280849
0.0045386733
-0.12055453
0.098292275
-0.12109171
-0.00065448334
0.018771268
-0.078068864
0.075941559
-0.0022014199
0.10441679
-0.027878186
0.27915656
-0.01571168
-0.020499216
-0.17551344
0.16741963
-0.12879418
0.0005580326
0.00082402883
0.003049585
1.4046908e-05
-0.16826535
0.028809792
0.023372151
0.0083793921
-0.31123715
0.0018819398
0.028354606
-0.0010224808
-0.31101512
0.012082016
0.0013086691
-0.08737096
-0.00024875844
0.0048949459
0.059422565
-0.046450055
-0.23218529
0.017175446
-0.021319953
7.9739474e-05
-0.001417695
-0.037529842
-0.052850557
0.022203648
-0.011770054
0.028209217
-0.021439268
0.095724893
-0.23064725
-0.011383271
-0.026661325
-0.22627657
0.026280925
0.060228484
0.00014713929
-0.046117778
-0.0012269649
0.054930183
0.045617629
-0.060551232
0.010420441
0.00056370059
-0.032651827
0.019130808
0.074435902
0.023517777
-0.017168919
0.058928795
0.0023889771
-0.22539081
0.039129326
-0.009605917
-0.069918804
-0.0065188348
-0.017751631
-0.040495829
-0.0019745051
-0.028904761
-0.045616575
0.0093368447
-0.00034355275
-0.083645035
-0.039187679
-0.035915085
-0.033862931
-0.015038647
-0.14883926
-0.089828272
-0.0877617
0.02494928
-0.084692051
0.10901072
0.0066193263
0.016865809
-0.038634637
0.018690396
-0.13339636
0.0038768598
-0.072857768
-0.14772837
-0.042993404
-0.01063125
-0.077904769
-0.032508893
-0.018235819
-1.2719737e-05
-0.037971253
0.052058098
-0.010152144
0.0018405028
0.024304629
0.054684787
-0.048913219
0.10387455
-0.064273584
0.33015651
0.040210065
-0.065520098
-0.02232366
0.00034503797
0.021242383
0.072364611
-0.036019604
0.0015370588
-0.0010172648
0.0087909738
0.025090776
-0.011240831
0.0013897207
-0.0038722521
-0.00024148846
0.10053308
-0.00091354393
0.047107892
0.070150217
0.059859367
0.054743516
0.044281967
0.021299169
0.00065993379
0.024266477
-0.039808463
-0.017365322
-1.945962e-06
-1.3670201e-05
0.10661625
-0.0520708
-0.1054589
0.01143731
0.062178312
-0.018024437
0.067977113
0.028797908
-0.033009451
0.13149475
0.00053522507
-0.0099508736
-0.017276571
0.00012893052
-0.00011178838
-0.01043438
0.0052376262
0.23150557
-0.0086474394
-0.01960564
0.040041959
0.0017580884
0.0036283891
0.0012523353
-0.0012342558
0.064218695
-0.030595196
-0.024290581
-0.0043407146
0.030935081
0.0082061302
0.014097151
-0.01393466
-0.00042751024
-0.00043131108
0.016027205
0.050491905
0.026222844
-0.050506341
0.00029593064
0.00076346624
-0.082754322
0.018274845
-0.0077641717
-0.019568992
0.21512459
-0.046865899
0.21389277
-0.11186277
-0.053598972
0.0053959439
-0.027117384
0.026415919
0.0010314266
0.083464763
0.0013353732
0.05231166
-0.010553861
-0.05029888
-0.06563417
-0.21368594
0.01660209
-0.00099853315
-0.025232481
0.061023778
-0.041872295
0.066521834
-0.040883949
-0.014378221
0.049854796
0.022129385
-0.0021127754
0.0099190682
-0.0097912761
-0.21023751
0.0038427538
0.32407183
-0.16160774
-0.049549251
0.0054008264
0.18654821
0.024307434
-0.23166465
-0.036522372
0.0013943336
-0.020942303
-0.04197086
-0.19957638
-0.018914749
0.023200218
-0.19649034
-0.038925993
0.03762947
0.0044607779
-0.0085453356
-0.017255052
-0.00068430648
-6.3012651e-06
4.7428319e-05
0.024314524
0.0053263018
-0.0023358866
-0.021446167
0.069806152
0.043075411
0.10687994
0.05674341
-0.10837796
-0.15776568
-0.0045545826
-0.061346169
0.007998222
-0.20419605
-0.089652378
-0.037487224
-0.031396848
-0.063831151
0.060185837
-0.03941433
0.00066317273
-0.041570141
-0.0092268414
0.055963913
-0.01811933
0.0057876451
0.0040484212
-0.20930142
-0.032449488
0.0030154935
0.0006980828
-0.0014168469
0.030751046
0.01594678
0.29096629
0.001883368
0.0007958243
-0.0044990867
-0.014120223
-0.19552734
-0.11030674
-0.05342017
-0.061608523
-0.050937009
0.1012631
0.16752633
-0.18283294
1.3941063e-05
0.073493082
-0.21624342
-0.019196452
0.020359755
-0.15638758
-0.17052038
0.034176462
0.00099219975
0.025209743
-0.00052065339
-0.01676914
-0.061426871
0.058373802
0.12944902
-0.15488762
0.0048469997
0.14540438
-0.005238546
0.022369314
-0.01112103
0.088033478
-0.015744699
-0.013561496
0.0058416577
0.00065116333
-0.010362363
-0.11599323
0.26559552
-0.13043678
-0.12076861
-0.0047627708
-0.1101541
0.16731276
-0.10590486
0.056745995
-0.050620355
-0.091897972
0.0017271073
0.0083083255
0.012755341
-0.05607984
0.0069398637
-0.15166648
0.024020682
0.046376302
0.11973207
-0.070857007
-0.078516769
0.05988516
-0.020263758
0.0020193055
-0.0066388621
-0.22167156
-0.13485951
-0.025505381
-0.022158644
-0.04507729
0.002234121
0.024732965
0.071082679
0.027225746
-0.14773258
0.0014000518
-0.085644003
-0.00913202
0.0042144498
0.12312153
0.061012004
0.00046034792
0.059174005
-0.026464986
0.072328416
0.0096486839
-0.018786534
0.034650686
0.16122579
-0.39425992
0.048538562
-0.0033417409
-0.11449769
0.00047415848
-0.39402716
-0.001589191
0.040931361
-0.074834885
9.960793e-05
0.031430304
-0.017175105
0.016884615
-0.162585
-0.23498119
-0.0064676319
-0.0034764756
0.0033558224
-0.0095758239
0.10197062
-0.12559679
-0.10975036
0.061952621
0.0021129917
-0.140672
0.004294139
0.03017253
0.041042972
-0.12243499
0.0071632381
0.0079137096
-0.033458488
-0.01732454
-0.078100727
-0.00016425431
0.0025482981
-0.19197745
0.0083741794
0.0066662771
-0.034154296
-0.01113929
-0.26923098
-0.0080230186
0.20062381
-0.26616262
0.097890465
-0.12208716
-0.0027969186
0.072451277
-0.0051839781
-0.031131025
-0.35988887
-0.042746976
0.26467916
0.0018071539
-0.18794836
-0.11285607
0.027700363
-0.35909123
0.024225197
-0.0052729802
0.11247451
0.0071474429
0.016139679
-0.0021637388
0.081473239
-0.035719599
2.7034788e-05
-0.0080975823
-0.14438742
7.1081935e-05
0.015663759
-0.042365314
-0.030846171
0.0021416111
0.00051564166
0.032495339
0.33238281
-0.0047606157
0.077644786
-0.066787702
0.047354856
0.019126773
0.018271982
0.20596633
-0.0045701826
0.064942277
0.086110842
-0.060284255
0.069065283
-0.17912955
-0.040330465
-2.5580077e-05
0.016208993
-0.008633264
0.00026016159
-0.023223148
0.0093655809
0.011997293
-0.096541831
0.29068444
-0.10149086
0.054618073
-0.17532348
0.046383992
0.034470267
-0.049154116
0.13223585
0.055363155
0.024154943
0.035317843
-0.009868021
-0.0024410209
0.015088433
-0.021071544
-0.0093327745
-0.30939645
-0.30823631
-0.0038698334
-0.022581989
-0.0081913075
0.0013339797
-0.040971577
-0.0036548741
-0.0059750178
-0.11858
-0.001145094
-0.038287496
-0.052966777
-0.00010643565
-0.037789095
0.026503249
-0.02652488
0.0017978405
0.01791351
-0.38455634
0.07511869
0.0015911437
-0.0446809
0.066031588
-0.063304097
-0.384231
-0.002172832
0.0024463104
-0.081284437
0.035870279
-0.0087616827
-0.31322496
-0.00010261364
0.10350728
-0.042075251
0.0023701158
-0.00043781258
-0.019694283
-0.31045403
0.06334645
0.0017817381
-0.093151433
-3.9850494e-05
-0.042584826
-0.15850158
0.048365317
0.05374524
-0.0029094913
0.036969095
-0.0052533452
-0.086689324
-0.15465792
0.008029448
-0.016112556
-0.036279109
-0.068627482
-0.0036682912
0.31031508
-0.0011958165
0.1678452
0.0083132611
0.18892285
-0.091128239
-0.087311445
-0.0074210346
0.019299797
0.019627378
0.080914125
-0.0461984
0.00028046516
0.095045507
0.039190556
-0.003596093
-0.038242764
-0.0035584448
0.071560488
0.030476173
0.00048129965
0.0064523496
-0.0078176683
-0.022480128
-0.013818474
0.021047816
0.018605233
-0.04194351
0.0075010077
-0.19811408
0.031371091
0.047473184
0.015510556
-0.025467036
-0.0017536539
-0.00073240736
0.20676914
-0.0174214
-0.023312769
-0.0015614186
0.077520281
0.12754474
-0.14980911
-0.019216504
-0.0079412645
0.079731668
0.27340291
-0.00020403074
0.0023248149
0.036615544
-0.0061164111
0.00015851363
0.001670157
-0.049218568
0.063906433
0.00012698041
-0.029315796
-0.068906649
0.019755703
-0.00019991225
-0.0418265
-0.0089663135
-0.0017840818
-0.0020776827
-0.081490996
-0.030793019
-0.21101735
-0.080038101
0.00019420544
-0.0046241428
-0.022125636
0.073327798
0.063332508
0.03703204
-0.10632287
-1.9199554e-05
0.046677498
-0.081452036
-0.2068868
0.044442765
6.1812554e-06
0.029825454
0.0029980618
-0.17694419
-0.2306439
0.0045805277
0.049301458
0.049933136
-0.0052821749
-0.12266297
0.0001924433
-0.020176392
0.0045358872
0.08683107
-0.090229904
0.053362595
0.087875851
-0.0014876728
0.15725898
0.27163439
0.031052866
0.0057591433
-0.12507876
0.053678442
-0.084910606
0.098186795
0.01380924
-0.10033617
0.025448985
0.13519851
0.10387957
0.00032337482
-0.00012158608
-0.20039567
-0.0017648185
0.098592788
0.006194605
0.004809155
-0.22687598
0.0053861343
0.018693211
0.10423973
-0.25964973
-0.066707776
-0.12067883
-0.094689152
0.15996811
0.00090883068
0.0080992774
-0.04187036
0.047239074
-0.027019194
4.9325516e-05
-0.27772779
-0.0023320013
-0.0023406876
-0.27543294
0.0033039011
-0.27957766
-0.0031456515
-0.0026053228
-0.01854136
0.00067036967
0.023463436
0.067747941
0.0066294756
-4.4163043e-05
-0.036990006
-0.0021110752
-0.040116539
0.016019657
-0.011050743
0.01762029
0.030578655
-0.1963197
-0.27613906
-0.1356032
0.00037842145
-0.00098315682
0.00025455912
0.0065354661
0.00096787215
0.026584598
0.0084385023
0.00038435765
0.046502903
0.08521601
-0.037362387
0.13634702
-0.027652622
-0.0050438582
-0.18247049
0.044317034
-0.3527448
0.077321001
-0.0012993997
-0.01360566
0.017906334
-0.040762147
-0.039480148
-0.23837322
-0.0081539587
0.027757686
-0.0034345217
0.055405582
-0.0010147089
0.006083097
-0.00050721864
0.00088469039
0.090297636
-0.013092184
-0.03079786
-0.026046764
0.032033588
-0.046411076
-0.016684642
-0.0014109401
-0.0018773596
-0.013049394
0.21289798
-0.036320896
-0.00064506553
-0.034776721
0.066295583
-0.057598051
-0.091482465
0.044322096
0.042312911
-0.3555269
-0.00056899483
-0.00058314001
0.050003047
-0.0016150372
0.019874975
-0.0045395849
-0.04373562
0.0054863555
0.060327588
0.030495705
0.22552884
-0.15441574
0.0039745267
0.022809209
-0.24229968
-0.24277747
0.21696378
0.055710137
-0.0091507325
-0.06311119
-0.0069156818
-0.0021720701
0.084279544
-0.00017811074
0.05960339
0.12241931
-0.0012481829
-0.1322181
0.10388434
-0.04934895
-2.3644436e-05
-0.0031950296
0.020016514
0.044106611
-0.028505376
0.0015956956
0.0036586791
0.0040064677
-0.091668194
-0.14941521
0.00068636882
-0.0043056176
-0.14124363
0.02231404
-0.00086927605
-0.00933195
0.05563115
-0.094565941
-0.00022110877
-0.026356937
0.0027371156
-0.0026678002
0.0082523768
-0.057911304
-0.25071499
0.010364006
0.28541569
0.075231581
0.0076922188
0.0066098706
0.05688914
0.00078483976
-0.18240609
0.0087236499
-0.18637762
0.018369103
0.018099608
-0.13070429
-0.062994166
-0.04400219
0.03297408
-0.16256673
-0.050472232
0.20778041
0.1521394
-0.019172451
0.31338496
0.030000647
-0.20720434
-0.0010515922
-0.26246208
0.26668698
0.0098877369
-0.24709877
-0.21083363
-0.0080277669
-0.0012851807
0.0003111916
0.071181499
0.24868107
-0.02143361
-0.066107282
0.015949862
0.027211485
-0.06305268
0.020931952
-0.016070652
0.0013711538
-0.032285187
-0.0065430728
-0.021007577
-0.16504517
0.017290048
-0.03672406
-0.01409056
-0.0053434306
-0.26951233
0.00034329153
-0.04242239
-0.20372478
0.019761721
0.043021041
-0.26874136
-0.0081484476
-0.046815462
0.00018967246
0.068806936
0.05814311
-0.083835078
0.030405795
0.28215126
0.05746394
-0.025635586
0.019605862
-0.0026870893
0.044754325
0.18898696
-0.0094638158
-0.012710321
-0.033562282
-0.27121068
-0.044381004
0.043571868
0.0052603177
-0.00084557415
0.0049767619
-0.04894678
0.023271192
0.16698568
-0.11962603
-0.069120469
-0.0046675015
0.021164812
-0.00058186661
-0.002150784
-0.0059136324
-0.29490158
0.064445837
0.028412934
0.090384689
-0.29182175
-0.0078911651
0.094156367
-0.12046207
-0.13276774
0.025792087
-0.10855929
-0.040780778
-0.27071052
-0.35002587
-0.34973365
0.12459277
-0.0012361056
-0.1401301
-0.065665713
-0.0018868112
0.0089801133
-0.030653589
-0.0078722832
-0.090833836
0.0028983161
-0.089919548
-0.041417827
0.0047072604
-0.10635665
0.015548191
0.082569417
-0.034420324
0.069628121
-0.054728806
-0.034046606
0.074020433
-0.020123233
-0.30613289
0.042656146
-0.022072699
-0.097947857
-0.0064180099
-0.040359598
0.012940548
-0.0041570739
0.0031946175
0.0017424449
0.088004258
0.0019977545
-0.040373103
0.021589578
0.0047388136
-0.0077685197
-0.012915114
-0.12612107
0.1320266
-0.0050571744
0.010708609
-0.029891828
0.00071195483
-0.00030371698
-0.0064128172
0.28341728
0.0011643045
-0.077380451
-0.23769852
0.1923558
-0.053494656
-0.022540297
-0.0057065675
0.03130343
0.12093991
-0.0060688484
-0.075288407
-0.0902771
0.064029053
0.01630017
0.044381527
-0.0016610724
-0.0003309393
0.072598691
-0.013616529
-0.019734597
-0.077424451
-0.091571798
0.00095168513
-0.087089563
0.19895412
-0.0078996224
-0.00017276646
-0.043517947
-0.016882714
-0.055094303
-0.00011871729
-0.028706342
0.043695111
0.010972843
-0.23386747
-0.31017469
-0.05292305
-0.01548389
-0.24378042
0.26408883
-0.038314562
-0.038218938
0.0052608191
0.009780047
-0.043335816
0.0029863252
-0.084855634
0.049151307
2.0904016e-05
-0.0047374399
0.044180841
-0.0011063674
0.057149142
0.054672151
0.043252899
-0.051141125
0.00034826893
0.044789529
-0.10327536
0.017666026
-0.051420473
-0.0047202836
0.056716819
0.00013719046
0.00014701808
0.035872481
-0.00053576669
0.010283272
-0.30813835
0.032482803
0.016225737
-0.12289259
-0.025555872
0.0013972871
-0.01787857
0.024370211
-0.0070269394
-0.038354881
0.042693103
-0.01128785
-0.025017367
0.096480335
0.00049079399
-0.00040853785
0.24541015
0.11785495
-0.05241129
-0.0052048659
-0.058654016
-0.025650708
0.027259883
0.049950625
-0.017519722
-0.060153345
0.00013978953
-6.5965345e-05
-0.058652213
0.068670979
-0.044422406
-0.0065280292
0.059360154
-0.039896005
0.0029015628
-0.00012014834
-0.18317932
-0.045853749
0.0030053667
-0.18733345
-0.053250588
0.047581759
0.26178085
0.00017590782
-0.00018079402
0.0001610179
-0.15235653
-0.00060492913
0.00052359249
0.00063700473
0.0012417153
-0.00033671787
-0.24336309
-0.061943832
0.0069192238
0.0024872537
-0.043546466
-0.069617503
-0.30870474
0.13298572
0.00015863325
0.061051992
-0.017919503
0.082403841
0.0825793
-0.061117471
-0.23933243
0.069248847
-0.050758118
-0.068527171
0.011015629
0.070062761
0.030219956
0.045133255
-0.0199161
-0.093190957
0.073323239
-0.010260503
0.0027082948
0.0026839527
0.027521891
0.0092090351
-0.00038782356
0.047245636
-0.0067776791
0.05050828
-0.0038669974
-0.0023116013
0.0069584804
0.028498056
-0.040085218
-0.00022057963
0.0051198273
-0.010741725
-0.096515864
-3.7752289e-05
-0.10052412
-0.0055155213
-0.0042680106
0.021975183
-0.0058625891
0.17030178
0.034490994
-0.011331356
0.068200174
0.0048693238
0.1401553
0.030142655
-0.053235677
-0.029175407
-0.1291726
-0.00079959133
-0.0080275504
0.0011119739
-0.10946705
-0.16570071
-0.016542631
-0.005265263
0.0014521384
-0.0015841206
0.16247251
0.043373289
-0.0010645806
-0.20139506
0.01281556
-0.00726767
-0.089095478
0.015200116
0.16093766
0.053263038
-0.037241699
0.0097255262
-0.2704059
-0.0017546306
-0.035755269
0.00017696444
0.00036023777
0.0010496567
-0.01456448
0.0058081292
0.02264058
-0.027206864
0.034913449
0.051697351
0.0042351971
0.0030255531
0.0030711137
-0.1265013
-0.02422497
-0.19643223
0.099847468
0.016268331
-0.053355551
-0.0062606593
0.090066685
-0.085354469
-0.00020493695
-0.050631981
-0.0063005525
-0.0067856787
0.0018748789
-0.0058173135
-0.078408035
0.0056075025
-0.26785665
-0.0076409395
0.015782854
0.016364353
-0.0072467451
-0.047077103
-0.026889265
0.0032594439
-0.033166482
0.090383603
-0.038535298
-0.092252876
0.17694873
0.00029836605
-0.05681694
0.033150329
-0.0054281528
-0.029797964
0.055245368
-0.043893489
0.076397829
-0.25041528
-0.13216124
-0.04203789
-0.009516479
-0.0059239691
-0.0031661572
0.026113147
0.0032730995
-0.15995989
-0.056340559
-0.0067355738
0.0082265723
0.009794037
0.027037205
0.017356539
0.23789243
0.0038404584
0.035151259
0.0004661161
-0.056222311
-0.12351369
-0.033435525
-0.0077593399
-0.038870576
-0.00069880616
0.0742283
-0.033977321
-0.014725445
-0.031257544
0.0014511674
-0.017766591
0.00034868657
-0.037596586
0.027520599
-0.065174262
0.059603773
-0.00052779529
0.060920387
-0.025153257
-0.033771434
0.0015544978
0.00073142118
0.048817155
0.088124978
0.00017407665
0.015759832
-0.29291256
0.0501749
0.001061578
-0.0068240058
0.022857131
-0.11554495
0.0031103368
0.0031262232
0.17623302
-0.0014227618
-0.065822663
0.020168367
-0.16083264
0.0075849478
-0.010522718
-0.044563967
0.0074984685
-0.057755592
0.0050186228
0.010174784
-0.0079583338
0.011368019
0.0039190477
-0.049092632
0.062223025
-0.1383121
-0.06165096
0.013762672
-0.0075546843
0.080671494
-0.28939407
0.006656896
-0.00016554165
-0.054952945
0.0026975723
-0.03713316
-0.007297697
0.042315777
-0.0017655266
-0.24606382
-0.10201985
-0.063607402
-0.075553447
-0.2872345
-0.007461845
0.11872446
-0.012702983
0.090576394
-0.04174853
0.0622858
-0.07723036
-0.023128236
-0.0022558725
-0.048533708
0.0064984627
-0.036965622
-0.00090507131
0.0013394995
-0.006912311
-0.081419317
-0.09106677
0.023155041
0.018450008
-0.014583401
0.0065758908
0.052334192
0.0030954536
-0.0054617291
-0.026191735
-0.072091935
0.0027084631
0.0012380604
0.030855926
-0.008553513
-0.12786793
-0.0046224655
-0.055196679
-0.012695848
0.02250111
0.017300612
0.0025532728
0.013652893
-0.11853618
-0.14933595
0.017597236
0.074519346
-0.038155569
-0.040706891
0.054176932
0.0060507088
0.018700392
-0.058934586
-0.064424547
0.047133898
-0.00059892843
-0.11748407
-0.015712306
-0.066138816
-0.043479387
-0.28921785
-0.060474545
0.0022365258
-0.0001343201
0.0039151892
-0.12197668
-0.010628716
0.030541255
-0.0046106873
-0.036285986
-0.080162067
-0.15140335
-0.0028638094
-0.013038513
0.028281299
0.17751047
0.00073904603
-0.038286681
0.00010385566
-0.0028737994
-0.044033249
-0.0064310313
0.055445
0.0003175426
0.0028078375
-0.059753843
0.056705834
-0.0069908369
0.010775871
0.03135877
-0.026316989
-0.043044057
-0.00075961666
-0.041410085
-0.05086991
0.0001208492
0.010574518
-0.0022381542
-0.0013144657
-0.0042892477
0.0057436559
0.0011096892
0.034555291
0.0062330045
-0.00026195157
-0.00015371108
-0.0049053923
-0.25567343
0.026902188
0.00027595608
-0.27129837
-0.001442476
0.096208588
-0.13389373
0.012480614
0.044740976
0.00019686047
0.071404775
-6.0129854e-05
-0.0014937251
0.012268482
0.002668333
-0.060262662
-0.012746564
-0.15476794
-0.0025470392
-0.0080763183
0.00016505091
0.081301074
-9.2834748e-05
-0.0083001533
5.8624383e-05
0.0043817176
-0.1593321
-0.00046682196
-0.036828609
0.065377693
-0.11819731
-0.04629599
-0.0068707665
-0.075912795
-0.00053980683
0.075502367
-0.047290354
-0.012490684
-0.0050795916
-0.060894663
0.19258317
0.062600573
0.062214746
0.032297409
-0.0013007259
-0.063156429
-0.00058699492
-0.024287145
0.018623265
-0.04823329
0.0077495843
-0.030040771
-0.03855381
-0.09246634
0.076784264
-0.051023441
-0.06094364
-0.044684353
-0.089441606
-0.0085242357
-0.044749288
-0.0013121457
-0.038093998
0.00033961341
0.087616791
-0.038845445
-0.017866249
-0.042827563
-0.0025888537
0.049870635
0.00081344183
0.024024678
-0.1320932
0.025353095
-0.00033561149
-0.0011192976
0.048420304
0.017866149
0.072841501
-0.026559842
-0.12803811
-2.1294258e-05
0.043233836
0.00074520333
0.0089965882
0.030627902
0.0044746619
-0.0053156028
-0.044150848
0.052856771
-0.12356377
-0.0087637679
0.046744477
-0.0061641122
0.0014156951
-0.040817642
-0.029684357
0.041379205
-0.066290707
-0.025533643
0.020914712
0.079250103
-0.031688558
-0.030622153
-0.0018043242
-0.0030863165
-0.091174688
-0.0074604072
0.037116962
0.0072782989
-0.044671191
0.01945226
-0.0040228781
0.00024760555
-0.074531501
0.013351293
-0.006214615
-0.0014400782
0.04650616
0.14210159
-0.047438489
-0.082909877
-0.051034012
-0.056996993
0.02922224
-0.036350737
-0.11346494
-0.058835406
-0.1313608
-0.0108582
0.012040653
-0.30643189
-0.16778829
0.034739085
0.01067026
0.052172269
0.01997418
-0.035580741
0.052393537
0.016449342
-0.10065072
0.0091747293
0.096130958
-0.083327557
0.014502797
-0.00603693
-0.00022402294
0.014428658
-0.089659689
0.076334658
0.055302312
-0.0062169659
-0.054729595
-0.002423301
-0.093383518
0.00053502435
-0.0062245135
0.15858749
-0.023757503
0.15784786
0.036866741
-0.039558231
0.055429682
-0.092949265
-0.079436817
0.0023769294
-0.0015982603
0.016293363
-0.13100775
-0.0010290324
-0.0016810869
0.12877358
0.022124366
-0.11098986
0.078506458
0.044970373
0.13738652
0.058829577
0.085950144
-0.052939875
-0.14358369
-0.0001044159
-0.052202669
-0.05201515
-0.040732449
-0.00042875571
-0.030323136
0.031031103
0.01951538
-0.083027671
0.072080677
-0.032933622
-0.021823044
0.01393928
-0.05547176
-0.035374397
0.0069429235
0.027027416
-0.00032607043
-0.060632872
-0.0041749097
-0.038349691
-0.00016577853
0.0056264686
0.0010072515
-0.26832144
0.011760241
0.0060944918
-0.082592321
-0.03400229
0.00059612471
0.029163468
0.0035318121
0.0028612573
-0.0035416581
0.0067458822
-0.005467622
-0.026681012
-0.047470135
0.014306179
-0.0016468997
-0.00055392599
0.10759224
-0.00064019512
-0.02444865
-0.095874253
-0.049521654
0.13348899
-0.049141341
0.0118539
0.02111698
0.085216917
0.13627352
0.041462008
-0.045783385
-0.098807668
0.023244098
0.0016612379
-0.010680329
0.19682288
-0.00032525764
0.00176332
0.0038234244
0.090018644
0.0033812047
-0.067666575
-0.029925183
0.14439388
0.17010841
-0.077103002
-0.13679035
-0.033538172
0.084016865
0.010198233
-0.0061252271
-0.0056756139
0.0052021595
-0.14009357
-0.00074153073
-0.024538102
0.17164582
0.0064396788
0.038013418
-0.0029064114
0.024804861
0.12781469
-0.030363449
-0.12140621
0.060194821
0.063468978
0.056938273
-0.10093714
0.0099373486
0.009571906
0.03565689
-0.15339115
0.15825946
-0.00020612042
-0.082744323
0.003225244
-0.28032938
-0.13565635
-0.042293489
0.0076354214
-0.024269399
-0.032284768
-0.0048773183
-0.036971053
0.0020072104
0.054879213
-0.063744747
-0.032988453
-0.0061256739
-0.042788643
-0.068293338
-0.017293086
0.016516074
0.020524926
-0.11903697
-0.053373543
0.0043607323
0.0012269194
-0.10921701
-0.26216737
0.053343131
-0.025424392
0.039275618
-0.1254576
0.0014224997
0.024043998
-0.017187101
-0.051364675
0.018458022
-0.12982019
-0.098335937
0.011817264
-0.12912473
0.037857043
0.083869329
-0.076357855
0.015310142
-0.024812108
0.14199106
0.0015058496
0.00053448158
0.0031887246
-0.0046668519
0.055469193
0.0026467486
0.017617587
-0.0039782296
-0.00051057792
0.094114712
-0.059833176
0.015805847
0.015216299
-0.064852639
-0.00071919787
-0.047597153
0.20874552
-0.035847335
0.033541903
0.030755925
-0.0009420074
-0.066290962
-0.029060464
-0.11052343
-0.017060841
-0.055661635
-0.030062215
-0.13601453
0.0070877009
-0.175422
0.076320497
-0.026756203
0.04755033
-0.003211369
-0.0015180331
-0.047133266
0.017683436
0.017288068
0.052500617
0.155231
-0.0026761905
-0.1107728
0.0035054825
0.05067579
-0.02840381
0.00077874142
-0.14844985
-0.067290989
-0.070002661
0.00094479583
0.08419149
0.039360296
0.044520757
-0.05693859
0.036584604
-0.0026667714
0.021805431
-0.011403833
-0.030403573
-3.0702103e-05
-0.071140732
-0.031696013
-0.10752776
0.0042017749
0.089292681
-0.041143095
-9.4897968e-05
0.020128452
0.0090309693
-0.0072290266
-0.045130375
-0.056605692
-0.088648427
0.010837242
0.029321929
-0.010938155
-0.00126565
-0.0019459798
0.013337483
-0.013010698
-0.1160554
-0.031896387
0.0096612284
0.095407639
0.01551755
-0.0040715483
0.0046543947
-0.039332724
-0.032457984
-0.019457235
-0.00014768169
-0.051208489
-0.00016482096
0.028846861
-0.0003274397
0.13520388
-7.9589833e-05
0.1241042
-0.19220986
0.0066267943
-0.014874733
-0.014249039
-0.088142457
-0.031064621
-0.11936974
-0.0011689798
-0.017528583
-0.00036379765
-0.092395617
-0.011590506
-0.15719219
-0.11489141
0.17535228
0.059681763
-0.0066560726
0.027252236
-0.031037258
-0.03898533
-0.028528799
0.00063858708
-0.032838634
0.0033168784
0.084608706
0.054709924
0.0066627913
0.0061367776
-0.018629061
0.0039618551
-0.0025478625
-0.016684334
0.0006676368
0.048532919
0.00076932992
0.029026116
-0.0021511202
-0.093993797
-0.018345779
0.015204944
-0.072868227
-0.12533662
0.070984093
0.020203037
-0.0081149617
-0.0037199579
-0.0073485672
-0.12698338
-0.033397832
0.0017616213
0.1183066
-0.039215007
-0.0070200943
-0.0023021765
0.017068477
0.10889136
0.031643963
0.042374194
-0.00033224029
0.041333121
-0.063080508
0.039889153
-0.025059225
0.022177723
0.088548548
-0.12706153
-0.0048572168
0.00063318717
-0.043963138
-0.0036977526
-0.0022905502
0.058523692
-0.2096873
0.021462084
0.089458661
-0.066968731
1.4544921e-05
-0.015196414
-0.0053549544
0.048403563
-0.0045978768
-0.027259351
-0.01766811
-0.030120609
-0.0048780613
0.057315792
-0.04923209
0.0066221564
-0.027290794
-0.00053822934
-0.14200116
0.066345395
0.011511502
-0.00028816908
0.0076827245
-0.022566162
-0.03310589
-0.021604046
-0.3116016
-0.036449646
0.037676166
-0.075161319
0.16873557
-0.001981175
0.056155388
0.027607158
-0.13122495
0.012496433
-0.11610117
0.11835202
-0.0039803824
-0.23952944
-0.0027766573
0.16979662
-0.00099657272
-0.067295799
0.0056072144
0.19322654
-0.034293627
-0.037108761
-0.01877192
0.10693757
0.0005510363
0.021898919
0.010395051
0.14898645
-0.00032925414
0.001914053
-0.0016186277
-0.030703594
-0.00024027585
-0.00040060821
-0.11275494
0.11560005
-0.0019967306
-0.0031721831
-0.02043547
-0.034303072
0.0011741277
-0.019507597
-0.10799804
0.002957006
-0.0043342869
-0.07544015
0.015819512
0.045991975
-0.032673247
-0.071211581
-0.11014601
-0.061854155
0.02934333
-0.00061075987
-0.073911991
0.0026134488
0.029820961
-0.034355518
-0.026602285
-0.00043130856
-0.018333525
-0.0029396477
-0.055902033
0.051664425
0.030374354
-0.0023246106
-0.0027597399
-0.059119541
-0.035789885
-0.0026227123
0.0013631398
0.036337108
-0.014905592
-0.00017539269
-0.059363177
0.03441476
-0.00092623135
-0.024790868
-0.012706145
-0.040438907
0.10650493
-0.00013715985
-0.07665409
0.036338749
-0.00063432579
-0.0019727476
0.0077420547
0.014631131
0.0023825765
0.015756259
0.0044136305
-0.00065523737
0.002675982
-0.072174988
-0.13822104
0.0066008097
0.0057150349
0.11527571
0.035564289
-0.079163091
-0.00023477612
0.025676257
0.032194095
0.0089673582
-0.012270432
-0.13311795
0.03684924
-0.097901624
0.009861438
-0.024328196
-6.3626829e-05
0.00095683436
-0.13353134
0.027353456
0.0024091371
0.0015540455
0.017973903
0.058919719
-0.12925067
0.11726144
0.05407825
-0.031977043
-0.014720037
0.015314837
0.0145242
0.087500799
0.1198912
-0.0018938258
0.15692399
0.00046702024
-0.078175112
-0.058088104
-0.016518578
0.070774759
-0.12882209
0.00027066275
-0.037714386
0.065170393
0.020770476
-0.014862206
-8.3566685e-05
0.00038144619
-0.014769369
0.16551729
0.011529373
-0.021657867
0.0076225811
-0.0025134152
0.056908033
0.00031146962
-0.0028553675
0.0015059588
-0.0084831942
-0.053801906
-0.17294262
-0.019514187
-0.0087776824
-0.0045301466
-0.0011557934
-0.028426113
-0.0038014315
0.054245379
-0.073577597
-0.11315725
-0.042404522
0.0013311044
-0.0023396221
-0.0090279024
-0.035490076
-0.10381819
-0.026628119
-0.045368192
-0.01226
-0.025910731
0.082356573
-0.0025917113
-0.12401337
-0.1400218
-0.020996919
0.047898035
0.060988278
-0.075216401
0.023993973
-0.18096893
0.039531229
0.00037882349
-0.042336986
9.489749e-05
-0.10268755
0.06023684
0.048348226
-0.036415763
0.0004921635
-0.002964688
-0.07941133
-0.18349073
-0.001713452
-0.00027315303
0.32614022
0.015415687
-0.36256208
-0.3622789
-0.0051776286
-0.10112279
-0.01881173
0.18576306
0.051056204
-0.060480262
-0.00066811952
0.032884194
-0.018333727
-0.19979374
-0.014887567
0.033292337
-0.00047219195
0.02029018
-0.019145696
0.019080286
-0.00057431074
-0.014912521
-0.025409211
-0.012142136
0.061232057
0.0065300443
0.035297611
-0.002974632
-0.039040729
0.019891004
-0.034085887
-0.014445097
-0.021291316
0.018192875
0.01930223
0.019205126
0.018391525
0.033346409
-0.022638903
0.047519072
-0.01814477
0.035616972
0.020624311
0.11394754
0.019996465
0.00053670168
0.0055831297
0.018934692
0.018814308
-0.030138528
0.018658339
0.019064064
0.014304842
-0.14552695
-0.14844291
0.039712403
-0.00068452009
-0.01640994
0.071391298
0.018640575
-0.0032743296
-0.034063981
-0.077457097
0.061069976
-0.049231735
0.018352964
-0.019842259
-0.085054636
0.32511993
-0.016052051
-0.0010114397
-0.21708457
0.0026434919
0.13005312
0.014931485
0.0042162053
0.043386668
0.10996731
0.0025335712
0.05232529
0.052299854
0.0076690632
-0.015692051
-0.017925334
-0.048406575
-0.058454012
0.11661466
-0.00036599886
-0.00041235345
0.0092195764
0.019051272
0.066804426
0.063474309
-0.014801829
-0.012775818
-0.08076769
0.0031302435
-0.051273525
-0.063589391
-0.0031611602
0.063203058
0.052399043
0.018377491
0.014593647
0.015531346
0.069852561
-0.0021755168
-0.21349692
-0.24027636
-0.0025811486
0.16732388
-0.032840202
0.018396598
-0.062419988
-0.0072833935
0.019026007
-0.022966794
-0.044098673
-0.041937137
-0.05230419
0.036824967
-0.00047057191
-0.08219885
-0.0040271414
-0.032229903
-0.0040175776
0.04354235
-0.079382832
-0.065160375
-0.00088789317
0.053946389
-0.073092657
-0.06686038
0.049988973
-0.06196226
0.024275242
-0.017746457
-0.00031023681
-0.00099974873
-0.014076479
-0.012210148
0.003508237
-0.05676231
-0.010181949
-0.0035186693
-0.0039853495
-0.057351252
0.078742011
-0.073105614
-0.00080065908
-0.014875301
0.013120495
-0.012493064
0.12265789
-0.082785889
0.00021960508
-0.00078435183
-0.013015274
0.0037232922
-0.044031845
0.003006702
0.033274971
-0.068133448
0.0005831847
-0.014030285
0.13133956
0.054055524
0.039209934
0.010011252
-0.0004385328
-0.093955623
-0.021506004
-0.00052295134
-0.061927202
-0.044631855
-0.0087387115
-0.0031919045
0.010012852
-0.002496957
-0.0033870991
-0.0011003372
-0.15230665
0.0053687033
-0.058774462
-0.0029754849
0.0047985587
-0.086496868
0.011457431
0.11648501
0.03855393
-0.0019071162
0.046283717
0.055364863
-0.005348969
-0.076790795
-0.00063989204
-0.020307188
-0.030382924
0.0019936338
0.00055434841
-0.014755031
0.052833277
0.025659653
0.015255354
-0.013421775
-0.079799871
0.005102144
-0.028725441
-0.00069422458
0.027562493
0.006578467
-0.0027042539
-0.0040662364
-0.00074602095
0.040548743
0.00049463304
0.19318338
-0.070044692
0.0047323181
0.03613817
-0.0044379537
-0.027704995
-0.04884472
-0.12570338
0.09348877
0.120686
-0.053755137
-0.06934665
0.028525915
0.14184066
0.0019283822
0.00049444312
0.0045508173
0.035656212
-0.028110672
-0.00035832908
0.10974862
0.012423327
0.010762994
0.063702498
-0.0030157569
-0.046224488
-0.07807194
-0.0041242502
-0.10692431
0.036450855
0.0063905224
-0.099228732
0.02039208
-0.044367872
-0.030924782
-0.067602383
-0.039280063
0.046990606
0.027840708
-0.098875226
0.038212654
0.14155395
0.0083951009
0.0031194145
0.0017623861
-0.010664452
-0.035364769
0.10184452
0.020150458
0.042386114
0.053073354
-0.033841488
0.060374524
-0.071849427
0.024338703
-0.0041531243
-0.047376672
0.04940222
0.002004362
0.0055024156
0.04442609
0.065992287
-0.10522302
0.034803724
-0.067183386
0.0020699469
-0.016643156
0.00023650095
-0.0012072644
-0.106277
-0.10869636
-0.0029479267
0.003228651
-0.045646518
-0.010260233
0.15557541
0.0050612552
0.00041784383
0.0014971891
0.11188971
-0.0049732832
-0.06494231
-0.00052015311
-0.011772289
-0.16324333
0.031205111
-0.0094711483
-0.0015074388
0.046622864
-0.088807049
0.038022861
0.0062304965
0.032639455
-0.067018391
-0.05499197
-0.029629406
-0.0080775416
-0.0069495845
-0.0016227946
-0.09623405
0.075407947
-0.025836419
0.013624774
0.026886725
-0.019556634
-0.19445172
-0.0038285325
0.083496078
-0.041219879
0.0065576354
-0.092797263
0.0061312695
0.017233972
0.040389233
0.039692309
-0.013692206
0.033430927
-0.065065029
-0.065216523
-0.068275006
0.011897019
-0.030165868
0.036852285
0.0046759824
0.018504292
0.062389467
-0.071085796
0.059597612
0.00028169033
0.012384569
0.010530626
-0.050271915
0.038370627
-0.098363661
-0.047285585
-0.062261125
0.0061654728
-0.069621031
-0.0021509277
-0.10549181
-0.077550894
-0.0051941848
0.06941956
-0.00058386657
0.040916044
-0.019099912
-0.076605304
-0.095406889
-0.0019910878
0.010944458
0.010852009
-0.052926969
-0.016217829
-0.011094997
-0.031723185
-0.010374308
0.048388492
0.0037118548
0.13773205
0.13776913
-0.012880843
-0.010012737
-0.011599251
-0.052784155
0.0043230039
0.011504966
0.014586391
-0.081503359
0.0046645615
-0.14504802
-0.050565161
-0.0094103891
-0.079902492
-0.12778411
-0.089101789
-0.0040250827
-0.03162282
-0.062818282
0.021396558
0.0045937344
-0.077875652
0.17363924
0.025179702
-0.096359739
0.076234314
0.0015035465
-0.02133818
-0.1524278
0.0096880342
-0.0039433938
0.012617755
-0.074163501
0.010758767
0.036397998
0.035698906
0.0014717962
0.095409923
0.002177488
-0.064997256
-0.039665909
-0.042714049
0.034158051
-0.034383346
0.047574444
-0.056655135
-0.032770613
-0.040165068
-0.004864946
0.0067191948
-0.086756006
0.19056055
0.00011430192
0.0099905436
0.0022907932
-0.056378782
0.016165129
-0.0016648929
-0.00071302364
0.0040118103
-0.10988722
-0.0017244732
0.0029107437
0.023415625
0.064790611
0.0089609336
-0.043077556
0.024894499
-0.067515146
-0.014788119
-0.054605892
0.066252266
-0.13273352
0.0212626
0.013558311
-0.065990854
-0.10073953
0.056670848
-0.046217024
0.035211455
-0.12142842
0.017022979
0.010092516
-0.2369557
-0.07628923
0.00013999832
-0.0044715474
-0.17701874
-0.23249669
-0.082789616
-0.015648225
-0.050040624
-0.045001323
-0.052123458
0.11657045
0.1378681
0.016879306
0.0309459
-0.09708946
-0.014781284
-0.1128432
-0.042037915
0.06048351
-0.010914192
0.072211028
-0.037682867
-0.06069635
0.0023610238
-0.1162149
0.0047038501
0.066162427
-0.0048726268
0.017597034
0.0023879575
-0.025209403
0.0070507818
-0.058569729
0.056329225
0.058715228
0.0057714298
0.088781498
-0.057512758
0.010768094
-0.034034053
-0.17696515
-0.0047889552
-0.063664158
0.0012438847
-0.026689857
-0.049163391
-0.037582206
-0.0060968148
-0.0041124995
-0.00047146666
0.065475425
0.026562064
0.00093682091
0.01623547
-0.0011373181
-0.003832125
0.00055921838
-0.030199398
0.007491464
0.1580831
0.0021441167
-0.13949815
-0.00044928783
0.0037946915
-0.022563652
-0.041174602
-0.087706038
-0.007089034
-0.09139341
0.027302972
0.0089292669
0.030103661
0.0016172267
0.0011984745
-0.092120272
0.14822902
0.049183778
-0.032836925
-0.012518072
0.0042614344
0.0041946183
-0.03752705
0.028160067
0.03240838
0.033363053
0.0011828195
-0.077337309
0.0036747724
-0.077260927
-0.03986645
0.082289322
-0.012616912
-0.00082051671
0.14584957
0.062404388
0.00042681236
-0.11731464
-0.033688199
-0.044459293
-0.10760382
-0.0081536353
-0.1116898
0.0031261063
0.0017940172
0.0035989971
0.0008563481
0.046242275
-0.044152045
-0.026216687
0.072592923
0.040958882
0.061070419
-0.01100896
0.00024922864
-0.0056943871
-0.056068465
-0.064082659
-0.037039505
0.038325565
-0.00029013332
-0.00038023183
-0.0092025708
0.036676359
-0.077421005
-0.092581717
0.0034103746
0.0011233594
-2.6512206e-05
0.021078211
0.11185962
0.0047987546
-0.0041493027
-0.072021726
0.037468897
-0.16208798
-0.0022357029
-0.14972394
-0.043538469
-0.13938902
0.025600152
-0.066634968
-0.016870634
0.039350338
0.042724029
-0.0036387691
-0.0834074
-0.076637582
-0.071498718
-0.045813265
0.036511761
-0.080092562
-0.074176144
-0.045069492
-0.06819902
0.043737402
0.050949297
-0.052287295
-0.092590856
-0.11661823
-0.19799586
-0.090833728
0.044304308
0.042781164
)
;

boundaryField
{
    back
    {
        type            empty;
    }
    out
    {
        type            totalPressure;
        rho             none;
        psi             none;
        gamma           1;
        p0              uniform 0;
        value           uniform 0;
    }
    bottom
    {
        type            zeroGradient;
    }
    in
    {
        type            zeroGradient;
    }
    top
    {
        type            zeroGradient;
    }
    wall
    {
        type            zeroGradient;
    }
    front
    {
        type            empty;
    }
}


// ************************************************************************* //
