/*--------------------------------*- C++ -*----------------------------------*\
| =========                 |                                                 |
| \\      /  F ield         | foam-extend: Open Source CFD                    |
|  \\    /   O peration     | Version:     4.1                                |
|   \\  /    A nd           | Web:         http://www.foam-extend.org         |
|    \\/     M anipulation  |                                                 |
\*---------------------------------------------------------------------------*/
FoamFile
{
    version     2.0;
    format      ascii;
    class       surfaceScalarField;
    location    "1";
    object      phi;
}
// * * * * * * * * * * * * * * * * * * * * * * * * * * * * * * * * * * * * * //

dimensions      [0 3 -1 0 0 0 0];

internalField   nonuniform List<scalar> 
6703
(
-2.8148922e-05
0.00014621802
-0.0001180691
-5.3340351e-05
0.00017999607
-0.00015480464
-7.7229357e-05
0.00021607458
-0.00019218558
-0.00010521031
0.00025668619
-0.00022870523
-0.00013734849
0.00030426836
-0.00027213018
-0.00017406883
0.00035999591
-0.00032327557
-0.00021581712
0.00042508711
-0.00038333883
-0.00026306613
0.00050094094
-0.00045369193
-0.00031638077
0.00058909568
-0.00053578104
-0.00037645366
0.00069126825
-0.00063119536
-0.00044412677
0.00080940128
-0.00074172817
-0.00052040605
0.00094573274
-0.00086945346
-0.00060646623
0.0011029582
-0.001016898
-0.00070375361
0.0012845915
-0.0011873041
-0.00081399726
0.0014955797
-0.001385336
0.0017426058
-0.0016195768
-0.0009370263
-2.0417117e-05
0.00016663513
-4.0856608e-05
0.00020043556
-6.0970412e-05
0.00023618839
-8.4695254e-05
0.00028041103
-0.00011238164
0.00033195475
-0.00014480152
0.00039241579
-0.00018274815
0.00046303374
-0.00022708696
0.00054527976
-0.00027879263
0.00064080135
-0.00033898427
0.00075145988
-0.00040898572
0.00087940273
-0.00049041924
0.0010271663
-0.00058530452
0.0011978435
-0.00069605566
0.0013953427
-0.00082514017
0.0016246642
0.0018915898
-0.00097412417
-7.6506509e-06
0.00017428579
-1.9866341e-05
0.00021265125
-3.3893944e-05
0.00025021599
-5.0723103e-05
0.00029724019
-7.0685331e-05
0.00035191698
-9.4385765e-05
0.00041611622
-0.00012245911
0.00049110708
-0.00015564521
0.00057846586
-0.00019478973
0.00067994587
-0.00024085664
0.00079752679
-0.00029494933
0.00093349543
-0.00035835063
0.0010905676
-0.00043258977
0.0012720826
-0.00051950449
0.0014822574
-0.00062112746
0.0017262871
0.0020099685
-0.00073950616
-2.8800845e-06
0.00017716587
-1.0675466e-05
0.00022044663
-1.8897981e-05
0.00025843851
-2.9080791e-05
0.000307423
-4.1273311e-05
0.0003641095
-5.5937678e-05
0.00043078059
-7.3510458e-05
0.00050867986
-9.452336e-05
0.00059947877
-0.00011958899
0.0007050115
-0.00014941337
0.00082735117
-0.0001848076
0.00096888966
-0.0002266979
0.0011324579
-0.00027612656
0.0013215113
-0.00033421055
0.0015403414
-0.00040190464
0.0017939812
0.0020867527
-0.00047868881
1.3798824e-06
0.00017578599
-2.4946062e-06
0.00022432112
-5.451972e-06
0.00026139587
-9.5373806e-06
0.00031150841
-1.438633e-05
0.00036895845
-2.0311768e-05
0.00043670603
-2.7513039e-05
0.00051588113
-3.6279298e-05
0.00060824503
-4.694977e-05
0.00071568197
-5.9932004e-05
0.00084033341
-7.5710541e-05
0.0009846682
-9.485557e-05
0.0011516029
-0.00011802583
0.0013446815
-0.00014595584
0.0015682714
-0.00017944
0.0018274654
0.0021286252
-0.00022131247
5.830228e-06
0.00016995576
6.3755566e-06
0.00022377579
8.5859248e-06
0.0002591855
1.0658793e-05
0.00030943554
1.3183352e-05
0.00036643389
1.6028231e-05
0.00043386115
1.922704e-05
0.00051268232
2.2747025e-05
0.00060472504
2.6537192e-05
0.0007118918
3.0504142e-05
0.00083636646
3.4503878e-05
0.00098066846
3.8330735e-05
0.001147776
4.1706905e-05
0.0013413054
4.4263968e-05
0.0015657143
4.5703129e-05
0.0018260262
0.002128667
4.56613e-05
1.0507659e-05
0.0001594481
1.617649e-05
0.00021810696
2.361004e-05
0.00025175195
3.2118472e-05
0.0003009271
4.2159915e-05
0.00035639245
5.3895873e-05
0.00042212519
6.7560441e-05
0.00049901775
8.3387659e-05
0.00058889782
0.00010161325
0.00069366621
0.0001224598
0.0008155199
0.00014612779
0.00095700047
0.0001727887
0.0011211151
0.00020258798
0.0013115061
0.00023563718
0.0015326651
0.00027210219
0.0017895612
0.0020894449
0.00031132428
1.5256296e-05
0.0001441918
2.6599137e-05
0.00020676412
3.9198097e-05
0.00023915299
5.4172881e-05
0.00028595232
7.172967e-05
0.00033883566
9.2371402e-05
0.00040148346
0.00011651388
0.00047487527
0.00014464065
0.00056077105
0.00017725142
0.00066105545
0.00021485965
0.00077791167
0.00025798215
0.00091387797
0.0003071315
0.0010719658
0.00036281278
0.0012558248
0.00042548161
0.0014699963
0.00049547607
0.0017195668
0.0020124318
0.00057248921
2.0395834e-05
0.00012379597
3.844937e-05
0.00018871058
5.6579617e-05
0.00022102275
7.8055159e-05
0.00026447678
0.00010306114
0.00031382968
0.00013244553
0.00037209907
0.00016683327
0.00044048753
0.00020693677
0.00052066755
0.00025350188
0.00061449034
0.00030731271
0.00072410083
0.0003691893
0.00085200138
0.00043999742
0.0010011577
0.00052068458
0.0011751376
0.00061233685
0.001378344
0.00071623328
0.0016156703
0.0018947789
0.00083388621
2.7513264e-05
9.6282707e-05
5.3735204e-05
0.00016248864
7.8739661e-05
0.00019601829
0.00010723932
0.00023597712
0.00013982755
0.00028124145
0.00017770456
0.00033422207
0.00022179915
0.00039639294
0.00027306877
0.00046939793
0.00033249989
0.00055505921
0.00040112449
0.00065547624
0.00048003132
0.00077309455
0.00057039956
0.00091078942
0.00067358954
0.0010719477
0.000791352
0.0012605816
0.00092621591
0.0014808064
0.0017377531
0.0010832417
3.006065e-05
6.6222058e-05
7.0955266e-05
0.00012159402
0.00010971727
0.00015725628
0.00014892084
0.00019677355
0.00019059604
0.00023956625
0.00023705341
0.00028776469
0.00029000763
0.00034343872
0.00035090615
0.00040849941
0.00042109147
0.0004848739
0.0005018597
0.00057470801
0.00059447928
0.00068047496
0.00070022133
0.00080504738
0.00082041931
0.00095174969
0.00095655025
0.0011244506
0.0011100462
0.0013273105
0.0015634107
0.0012843886
5.2901361e-05
1.3320696e-05
0.00010283875
7.1656639e-05
0.00014411452
0.00011598051
0.00018554715
0.00015534092
0.00023033209
0.00019478131
0.00028013311
0.00023796367
0.00033619443
0.0002873774
0.00039952324
0.0003451706
0.00047081763
0.00041357951
0.00055043673
0.00049508891
0.00063841954
0.00059249215
0.0007345556
0.00070891132
0.000838526
0.00084777929
0.00095009686
0.0010128798
0.0010686402
0.0012087671
0.0014379144
0.0011941365
-1.9486932e-06
-0.0001184785
0.00012042719
-1.5074686e-05
-0.00014193671
0.0001550627
-3.9375516e-05
-0.00016890247
0.0001932033
-6.7755183e-05
-0.00020073519
0.00022911486
-0.00010136208
-0.00023809572
0.00027170262
-0.00014103256
-0.00028181966
0.00032149014
-0.00018767013
-0.00033282982
0.00037946739
-0.0002422816
-0.00039213528
0.00044674675
-0.00030585444
-0.00046084103
0.00052441387
-0.00037930793
-0.00054015798
0.00061361147
-0.00046347508
-0.00063142318
0.00071559033
-0.00055908404
-0.00073614549
0.00083175446
-0.00066680941
-0.0008560932
0.00096381857
-0.00078765343
-0.00099335241
0.0011141964
-0.00092416748
-0.0011501553
0.0012866694
-0.0013295059
0.001488819
-0.0010834806
-1.818871e-05
-0.00010028979
-4.1265284e-05
-0.00011886013
-6.9374233e-05
-0.00014079352
-0.00010336098
-0.00016674845
-0.00014415936
-0.00019729734
-0.00019286847
-0.00023311056
-0.00025076013
-0.00027493815
-0.00031929097
-0.00032360444
-0.00040012372
-0.00038000828
-0.00049515168
-0.00044513002
-0.00060652434
-0.00052005052
-0.00073667924
-0.00060599059
-0.00088839581
-0.00070437663
-0.0010648108
-0.0008169374
-0.0012690294
-0.00094593673
-0.0010946601
-0.0015038752
-2.1377044e-05
-7.8912743e-05
-4.7486829e-05
-9.2750349e-05
-7.8799262e-05
-0.00010948109
-0.00011622517
-0.00012932254
-0.00016083486
-0.00015268765
-0.00021387294
-0.00018007247
-0.00027677213
-0.00021203897
-0.00035116744
-0.00024920913
-0.00043891196
-0.00029226376
-0.00054209625
-0.00034194572
-0.00066307696
-0.00039906982
-0.00080452283
-0.00046454472
-0.00096948345
-0.000539416
-0.0011614897
-0.00062493118
-0.0013849106
-0.00072251583
-0.00083336421
-0.0016462065
-2.1987602e-05
-5.6925141e-05
-4.9320806e-05
-6.5417144e-05
-8.2477487e-05
-7.6324405e-05
-0.00012232562
-8.9474408e-05
-0.00016996065
-0.00010505262
-0.00022667594
-0.00012335718
-0.00029396182
-0.00014475309
-0.00037351136
-0.00016965959
-0.0004672279
-0.00019854723
-0.00057723416
-0.00023193946
-0.0007058865
-0.00027041749
-0.00085580608
-0.00031462514
-0.0010299534
-0.0003652687
-0.0012317173
-0.00042316723
-0.0014645625
-0.0004896707
-0.00056769686
-0.0017302298
-2.4182395e-05
-3.2742747e-05
-5.3559424e-05
-3.6040116e-05
-8.8713647e-05
-4.1170182e-05
-0.0001306978
-4.749026e-05
-0.0001807581
-5.4992315e-05
-0.00024032423
-6.3791047e-05
-0.00031102145
-7.4055861e-05
-0.0003946839
-8.5997141e-05
-0.00049336784
-9.9863289e-05
-0.00060936886
-0.00011593844
-0.00074524856
-0.00013453778
-0.00090385934
-0.00015601436
-0.0010883647
-0.00018076337
-0.0013023909
-0.00020914104
-0.0015513256
-0.00024073591
-0.0002728674
-0.0018461551
-7.6508462e-06
0.00017439795
-0.0001667471
-1.9871464e-05
0.00021280455
-0.00020058393
-3.3903701e-05
0.00025041317
-0.00023638093
-5.0737435e-05
0.00029750233
-0.0002806686
-7.0703052e-05
0.00035227262
-0.00033230701
-9.4402789e-05
0.00041659454
-0.0003928948
-0.0001224667
0.0004917359
-0.00046367199
-0.00015562736
0.0005792611
-0.00054610043
-0.00019472103
0.00068089509
-0.00064180142
-0.00024070289
0.00079856801
-0.00075258616
-0.00029467659
0.00093450076
-0.00088052705
-0.00035794973
0.0010913566
-0.0010280834
-0.00043211395
0.0012725016
-0.0011983373
-0.00051908484
0.0014823374
-0.0013953665
-0.00062087278
0.001726382
-0.0016245941
0.0020105181
-0.00189235
-0.00073904087
-3.2481663e-05
-2.6108322e-07
-6.8261449e-05
-2.6032983e-07
-0.00010916903
-2.626006e-07
-0.00015639818
-2.6111496e-07
-0.00021113862
-2.5187162e-07
-0.00027469806
-2.3160549e-07
-0.00034855623
-1.9768889e-07
-0.0004344046
-1.4876997e-07
-0.00053418197
-8.5921227e-08
-0.00065010638
-1.4028877e-08
-0.0007847015
5.7334084e-08
-0.00094083043
1.1456901e-07
-0.0011217353
1.4151683e-07
-0.0013309901
1.1373985e-07
-0.0015716941
-3.1884749e-08
-4.4101941e-07
-0.0018441205
-3.3120791e-05
3.2859707e-05
-6.9451887e-05
3.6070767e-05
-0.00011092437
4.1209878e-05
-0.00015875069
4.7565208e-05
-0.00021412031
5.5117747e-05
-0.00027832916
6.3977249e-05
-0.00035283434
7.4307485e-05
-0.00043929329
8.6310186e-05
-0.00053959986
0.00010022065
-0.0006559183
0.00011630441
-0.00079071294
0.00013485198
-0.00094678142
0.00015618305
-0.0011272763
0.00018063638
-0.0013356242
0.00020846166
-0.0015748696
0.00023921349
0.00027104466
-0.0018463553
-2.4303236e-05
5.7162943e-05
-5.3937551e-05
6.5705082e-05
-8.9403956e-05
7.6676283e-05
-0.00013173478
8.9896037e-05
-0.00018216158
0.00010554454
-0.00024209756
0.00012391323
-0.00031314743
0.00014535736
-0.0003971194
0.00017028215
-0.00049603683
0.00019913808
-0.00061215276
0.00023242034
-0.0007479715
0.00027067072
-0.00090626962
0.00031448116
-0.0010901293
0.00036449603
-0.0013031034
0.00042143583
-0.0015502049
0.00048631498
0.00056110138
-0.0018402616
-2.1926987e-05
7.908993e-05
-4.9202615e-05
9.2980711e-05
-8.2292101e-05
0.00010976577
-0.00012204925
0.00012965318
-0.00016955402
0.00015304931
-0.00022608042
0.00018043962
-0.00029309349
0.00021237043
-0.00037225312
0.00024944178
-0.00046542039
0.00029230535
-0.0005746673
0.00034166726
-0.00070229589
0.00039829931
-0.00085088288
0.00046306814
-0.0010233907
0.00053700381
-0.0012233601
0.00062140527
-0.0014547283
0.00071768319
0.0008261256
-0.0017197525
-2.1235374e-05
0.0001003253
-4.7173128e-05
0.00011891847
-7.8272247e-05
0.00014086489
-0.00011543245
0.00016681338
-0.00015971083
0.0001973277
-0.0002123358
0.00023306459
-0.0002747208
0.00027475543
-0.00034847977
0.00032320076
-0.0004354467
0.00037927228
-0.00053770472
0.00044392528
-0.00065763584
0.00051823042
-0.0007980042
0.00060343651
-0.00096206348
0.0007010631
-0.0011536935
0.00081303531
-0.0013783216
0.00094231129
0.0010954686
-0.0016476646
-1.8108672e-05
0.00011843398
-4.1080387e-05
0.00014189018
-6.9055448e-05
0.00016883995
-0.00010287545
0.00020063339
-0.00014347111
0.00023792335
-0.00019194025
0.00028153374
-0.00024955844
0.00033237362
-0.00031779679
0.00039143911
-0.00039835367
0.00045982915
-0.00049319674
0.00053876835
-0.00060461666
0.00062965034
-0.00073530213
0.00073412198
-0.00088847338
0.00085423435
-0.001068038
0.00099259997
-0.0012778621
0.0011521353
0.0013350457
-0.0015174392
-1.8434966e-06
0.00012027747
-1.4903061e-05
0.00015494974
-3.9162905e-05
0.00019309979
-6.7490416e-05
0.0002289609
-0.00010104235
0.00027147528
-0.00014066033
0.00032115172
-0.00018725696
0.00037897025
-0.00024185526
0.00044603741
-0.00030547292
0.00052344682
-0.00037907719
0.00061237262
-0.00046357135
0.0007141445
-0.00055976459
0.00083031522
-0.00066835452
0.00096282428
-0.00079006309
0.0011143085
-0.00092633883
0.001288411
0.0014905859
-0.001081879
5.30443e-05
-6.6089199e-05
1.3044899e-05
0.00010315701
-0.00012145719
7.1344478e-05
0.00014463555
-0.000157137
0.00011565846
0.00018627156
-0.00019667223
0.00015503622
0.00023126711
-0.00023950258
0.00019450703
0.00028128708
-0.00028775624
0.00023773627
0.00033756975
-0.00034350778
0.00028722511
0.00040110855
-0.00040867096
0.00034513216
0.00047257648
-0.00048516689
0.00041369895
0.00055229185
-0.00057512018
0.00049540481
0.00064023422
-0.00068096186
0.00059301949
0.00073611292
-0.0008054988
0.00070962011
0.00083950004
-0.00095196736
0.00084858024
0.00094992815
-0.0011241233
0.0010136952
0.0010661809
-0.0013257081
0.0012094553
-0.0015603835
0.0014341887
0.0011923756
3.015221e-05
-9.6241409e-05
7.1193583e-05
-0.00016249856
0.00011011941
-0.00019606282
0.0001495022
-0.00023605502
0.00019137046
-0.00028137084
0.00023803862
-0.0003344244
0.00029122478
-0.00039669394
0.00035237506
-0.00046982124
0.00042282478
-0.0005556166
0.00050385711
-0.00065615251
0.00059672681
-0.00077383157
0.0007027088
-0.00091148079
0.00082320796
-0.0010724665
0.00095996665
-0.001260882
0.0011152677
-0.0014810091
-0.0017395648
0.001294449
2.7593511e-05
-0.00012383492
5.3901228e-05
-0.00018880628
7.8989283e-05
-0.00022115088
0.00010758412
-0.00026464985
0.00014028298
-0.0003140697
0.00017828851
-0.00037242993
0.00022252996
-0.00044093539
0.00027396148
-0.00052125277
0.00033356125
-0.00061521637
0.000402347
-0.00072493826
0.00048138878
-0.00085287334
0.00057184925
-0.0010019413
0.00067508707
-0.0011757043
0.00079286062
-0.0013786555
0.00092761761
-0.0016157661
-0.0018955157
0.0010835685
2.0433573e-05
-0.00014426849
3.8530504e-05
-0.00020690321
5.6703179e-05
-0.00023932355
7.8230199e-05
-0.00028617687
0.00010329776
-0.00033913726
0.00013275479
-0.00040188696
0.00016722546
-0.00047540606
0.00020741837
-0.00056144568
0.00025407149
-0.00066186949
0.00030795601
-0.00077882278
0.00036987582
-0.00091479315
0.00044068489
-0.0010727503
0.00052134023
-0.0012563597
0.000612976
-0.0014702913
0.00071700675
-0.0017197968
-0.0020136934
0.00083518445
1.5273463e-05
-0.00015954196
2.6632733e-05
-0.00021826248
3.9249503e-05
-0.00025194033
5.4247148e-05
-0.00030117452
7.1832312e-05
-0.00035672242
9.2507987e-05
-0.00042256264
0.00011668869
-0.00049958676
0.00014485435
-0.00058961134
0.00017749741
-0.00069451256
0.0002151196
-0.00081644497
0.00025822242
-0.00095789597
0.00030730469
-0.0011218326
0.00036286787
-0.0013119229
0.0004253711
-0.0015327945
0.00049515841
-0.0017895841
-0.0020901706
0.00057163556
1.0515399e-05
-0.00017005735
1.618802e-05
-0.0002239351
2.36277e-05
-0.00025938001
3.2144447e-05
-0.00030969127
4.2197334e-05
-0.00036677531
5.3947872e-05
-0.00043431317
6.762932e-05
-0.00051326821
8.3473242e-05
-0.00060545526
0.00010171024
-0.00071274956
0.00012255463
-0.00083728935
0.00014619632
-0.00098153766
0.00017279841
-0.0011484347
0.00020250782
-0.0013416323
0.00023545221
-0.0015657389
0.00027185751
-0.0018259894
-0.0021292497
0.00031093666
5.8349501e-06
-0.0001758923
6.3796729e-06
-0.00022447982
8.5923649e-06
-0.0002615927
1.0668857e-05
-0.00031176776
1.3199608e-05
-0.00036930606
1.6053796e-05
-0.00043716736
1.9265062e-05
-0.00051647947
2.2799975e-05
-0.00060899017
2.6605357e-05
-0.00071655494
3.0583771e-05
-0.00084126777
3.4585608e-05
-0.0009855395
3.8400241e-05
-0.0011522493
4.1749975e-05
-0.001344982
4.4279057e-05
-0.001568268
4.5732482e-05
-0.0018274429
-0.0021290862
4.5568938e-05
1.3834683e-06
-0.00017727577
-2.49312e-06
-0.00022060323
-5.4493533e-06
-0.00025863646
-9.5323848e-06
-0.00030768473
-1.437624e-05
-0.00036446221
-2.0292408e-05
-0.00043125119
-2.7478804e-05
-0.00050929308
-3.6222803e-05
-0.00060024617
-4.6862222e-05
-0.00070591552
-5.9804272e-05
-0.00082832572
-7.5535682e-05
-0.00096980809
-9.4632472e-05
-0.0011331525
-0.00011776098
-0.0013218535
-0.00014565088
-0.0015403781
-0.00017905138
-0.0017940424
-0.0020872664
-0.00022087111
-2.8778219e-06
-1.067651e-05
-1.8899808e-05
-2.9082205e-05
-4.1271789e-05
-5.5928443e-05
-7.3485619e-05
-9.4470696e-05
-0.00011949113
-0.00014924883
-0.00018455616
-0.00022635213
-0.00027570408
-0.00033374479
-0.00040140511
-0.00047815347
-2.0397703e-05
-0.0001463494
-4.0843066e-05
-0.00018013856
-6.0977364e-05
-0.00021624663
-8.4723282e-05
-0.00025692268
-0.0001124331
-0.00030459719
-0.00014487535
-0.00036045255
-0.0001828362
-0.00042571115
-0.00022716825
-0.00050176838
-0.00027882676
-0.00059014291
-0.00033890698
-0.00069250593
-0.00040871727
-0.00081071676
-0.00048990362
-0.00094689708
-0.00058459668
-0.0011036443
-0.00069543402
-0.0012845292
-0.00082520269
-0.0014948254
-0.0017415254
-0.00097602725
-2.8126651e-05
-0.00011822275
-5.3350407e-05
-0.00015491481
-7.7304196e-05
-0.00019229284
-0.00010536387
-0.000228863
-0.00013759788
-0.00027236317
-0.00017442838
-0.00032362206
-0.00021629269
-0.00038384684
-0.0002636467
-0.00045441437
-0.00031702847
-0.00053676114
-0.00037709408
-0.00063244033
-0.00044465184
-0.000743159
-0.00052071483
-0.00087083409
-0.00060658068
-0.0010177784
-0.00070398781
-0.001187122
-0.00081473595
-0.0013840773
-0.0016188584
-0.000937403
3.1253134e-05
-2.0159125e-05
-1.1094008e-05
0.0001020462
1.0330707e-07
-7.0896378e-05
0.00018590004
2.9143846e-05
-0.00011299768
0.00027494147
6.1469865e-05
-0.0001505113
0.000362682
0.00010036581
-0.00018810635
0.00044805412
0.00014342537
-0.00022879749
0.00053110204
0.00019171699
-0.00027476492
0.00061215848
0.0002468617
-0.00032791814
0.00069191994
0.00031043015
-0.00039019161
0.00077156207
0.0003840859
-0.00046372803
0.00085267252
0.00046986023
-0.00055097068
0.00093719485
0.00057017106
-0.00065469339
0.0010275253
0.00068764602
-0.00077797649
0.0011266043
0.0008251425
-0.00092422149
0.0012377924
0.0009860411
-0.0010972292
0.0011740729
-0.0013011048
0.0013648242
1.5267485e-05
-3.5426611e-05
5.3630942e-05
-3.826015e-05
0.00011307687
-3.0302086e-05
0.00019323934
-1.8692602e-05
0.00029599606
-2.3909025e-06
0.00041099935
2.8422076e-05
0.00053161794
7.1098408e-05
0.00065283081
0.00012564884
0.00077354647
0.00018971449
0.00089493298
0.00026269938
0.0010180295
0.00034676374
0.0011450495
0.00044315105
0.0012801476
0.00055254791
0.0014298321
0.00067545797
0.0016028488
0.00081302445
0.00096674139
0.0018101803
9.6651725e-07
-3.6393128e-05
1.3089226e-06
-3.8602555e-05
1.3641521e-05
-4.2634685e-05
4.286218e-05
-4.791326e-05
9.4803915e-05
-5.4332638e-05
0.00017287021
-4.9644216e-05
0.00027972169
-3.5753076e-05
0.00041717486
-1.1804332e-05
0.00057468078
3.2208569e-05
0.00073803357
9.9346587e-05
0.00089753027
0.00018726704
0.0010549799
0.00028570143
0.001214676
0.0003928518
0.0013839944
0.00050613958
0.0015720764
0.00062494245
0.00074896338
0.0017898544
2.0025786e-06
-3.8395707e-05
4.1939596e-06
-4.0793936e-05
7.0836353e-06
-4.552436e-05
1.0562435e-05
-5.139206e-05
1.4244587e-05
-5.8014789e-05
2.9750076e-05
-6.5149705e-05
6.6375479e-05
-7.2378479e-05
0.00013433251
-7.9761367e-05
0.0002404496
-7.3908516e-05
0.00038407472
-4.4278536e-05
0.0005476872
2.3654563e-05
0.00069262364
0.000140765
0.00086100418
0.00022447125
0.001050482
0.00031666178
0.0012674196
0.00040800487
0.00049204561
0.0015243373
-1.5292582e-06
-3.6866448e-05
-6.5199803e-06
-3.5803214e-05
-1.4449386e-05
-3.7594954e-05
-2.5478669e-05
-4.0362777e-05
-3.9854024e-05
-4.3639434e-05
-5.7833319e-05
-4.7170411e-05
-7.952413e-05
-5.0687668e-05
-0.00010565339
-5.3632105e-05
-0.00012428609
-5.5275817e-05
-0.00011353373
-5.5030896e-05
-3.5265671e-05
-5.4613496e-05
0.00010732374
-1.8244069e-06
0.00025873166
7.3063329e-05
0.00043391818
0.00014147526
0.0006455166
0.00019640644
0.0002228463
0.00091471591
-3.8370094e-05
1.5036454e-06
-7.6036973e-05
1.8636657e-06
-0.00011582518
2.1932494e-06
-0.0001586858
2.4978432e-06
-0.00020509079
2.7655579e-06
-0.00025524113
2.9799336e-06
-0.00030905704
3.1282339e-06
-0.00036590494
3.215801e-06
-0.0004244692
3.288442e-06
-0.00048294812
3.4480288e-06
-0.00054137742
3.8157978e-06
-0.00054717489
3.9730619e-06
-0.00047959041
5.4788545e-06
-0.00034993794
1.1822784e-05
-0.0001871081
3.3576601e-05
6.573017e-05
-2.9991967e-05
-3.5977349e-05
3.7480995e-05
-7.150666e-05
3.7392977e-05
-0.0001089574
3.964399e-05
-0.00014917601
4.2716455e-05
-0.00019262068
4.6210225e-05
-0.00023955131
4.9910568e-05
-0.00029002989
5.3606814e-05
-0.0003436513
5.6837202e-05
-0.00039934542
5.8982563e-05
-0.00045565576
5.9758375e-05
-0.00051578744
6.3947478e-05
-0.00051636235
4.5479714e-06
-0.0004437781
-6.7105394e-05
-0.00029853368
-0.00013342164
-7.2036302e-05
-0.00019292078
-0.00025108246
0.00024477633
-2.1494311e-06
3.9630426e-05
-7.2774972e-06
4.2521043e-05
-1.4994817e-05
4.736131e-05
-2.5473641e-05
5.3195279e-05
-3.8974186e-05
5.971077e-05
-5.578367e-05
6.6720052e-05
-7.610145e-05
7.3924594e-05
-0.00010074493
8.1480686e-05
-0.00011894881
7.7186439e-05
-0.00010837406
4.9183625e-05
-2.577134e-05
-1.8655241e-05
0.00012068339
-0.00014190676
0.00027624305
-0.00022266505
0.00045990331
-0.0003170819
0.00068116209
-0.00041417956
-0.000509017
0.00093909662
2.4140087e-06
3.7216417e-05
5.0911242e-06
3.9843928e-05
8.5126967e-06
4.3939738e-05
1.2575874e-05
4.9132102e-05
1.6904619e-05
5.5382025e-05
3.2387668e-05
5.1237003e-05
6.8699243e-05
3.7613019e-05
0.0001362747
1.3905226e-05
0.00024256355
-2.9102406e-05
0.00038751998
-9.5772807e-05
0.00055350972
-0.00018464498
0.00069598945
-0.00028438649
0.00086632687
-0.00039300247
0.0010569205
-0.00050767551
0.0012707687
-0.00062802781
-0.00075275014
0.0015145019
1.4058269e-06
3.581059e-05
2.3361333e-06
3.8913621e-05
1.5014452e-05
3.1261419e-05
4.4377463e-05
1.9769091e-05
9.62038e-05
3.5556883e-06
0.00017397381
-2.653301e-05
0.00028046497
-6.8878137e-05
0.00041770154
-0.00012333135
0.00057644137
-0.00018784223
0.00074196623
-0.00026129767
0.00090326127
-0.00034594002
0.0010619345
-0.00044305971
0.0012222288
-0.00055329681
0.0013915501
-0.00067699674
0.0015788079
-0.0008152857
-0.00096989859
0.0017959564
1.5479368e-05
2.0331223e-05
5.4020412e-05
3.7257658e-07
0.00011362524
-2.8343411e-05
0.00019383073
-6.0436397e-05
0.00029654444
-9.9158019e-05
0.00041234869
-0.00014233726
0.00053421176
-0.0001907412
0.00065690672
-0.00024602631
0.00077886299
-0.0003097985
0.00090129716
-0.00038373185
0.0010252083
-0.00046985117
0.0011527114
-0.00057056281
0.0012878724
-0.00068845779
0.0014372075
-0.0008263318
0.0016094151
-0.00098749335
-0.0011746251
0.0018141417
3.1153863e-05
-1.082264e-05
0.00010210352
-7.0577077e-05
0.00018643021
-0.00011267011
0.00027618575
-0.00015019193
0.00036483438
-0.00018780665
0.00045102914
-0.00022853202
0.00053484587
-0.00027455794
0.00061662385
-0.00032780429
0.00069703824
-0.00039021289
0.00077723249
-0.0004639261
0.00085875499
-0.00055137367
0.00094349403
-0.00065530185
0.0010337931
-0.00077875687
0.0011325976
-0.00092513633
0.0012434383
-0.001098334
-0.0013035723
0.0013723855
2.3534816e-06
-2.2083769e-06
3.2676965e-06
3.523363e-06
2.8684657e-06
7.4461642e-07
-3.6239633e-06
-1.1278486e-05
-2.3612711e-05
-4.2435448e-05
-7.0019115e-05
-0.00010915735
-0.0001632311
-0.00023622668
-0.00033315167
-0.00046214253
2.3523333e-06
-2.2044389e-06
3.2627874e-06
3.5146449e-06
2.8540904e-06
7.2217762e-07
-3.6572789e-06
-1.1324901e-05
-2.3672169e-05
-4.2501023e-05
-7.0069695e-05
-0.00010914933
-0.00016310918
-0.00023603478
-0.0003334427
-0.00046348207
2.9896609e-06
-2.2222595e-06
5.9780155e-06
1.0822304e-05
1.7522678e-05
2.6726931e-05
3.9394102e-05
5.6721979e-05
8.0208043e-05
0.00011168675
0.00015333257
0.00020765083
0.00027747419
0.00036603304
0.00047715434
0.0006077708
2.9869486e-06
-2.2266876e-06
5.9697823e-06
1.0799408e-05
1.7474367e-05
2.6640546e-05
3.9253032e-05
5.650549e-05
7.9893383e-05
0.00011125426
0.00015277573
0.00020699366
0.00027679646
0.00036545473
0.00047699264
0.00061380232
0.0015693289
-0.0035615486
0.0019922197
0.0085178668
-0.0088181363
0.00030026947
0.0012458559
-0.0032315111
0.0019856552
0.0085178668
-0.002224514
0.00033155678
0.0018929572
-0.0082594088
0.0050069438
0.0032524649
-0.001121022
0.0044040011
-0.0032829792
0.007765082
0.0029361692
-0.010701251
0.0080786529
0.0020099367
-0.01008859
0.0012769417
-0.0017390842
-0.0019548103
0.0014913283
0.0034573488
0.0064881375
-0.0099454864
-0.0036104543
-0.0038617606
0.0074722148
-0.0076592568
0.0033987685
0.0042604883
-0.0016692562
0.0040244898
-0.0023552337
0.0036736901
-0.00024695964
-0.0034267305
0.00732827
-0.0075959246
0.00026765459
0.00047517158
0.0017318716
-0.0022070432
0.0011774774
-0.0017068055
0.0005293281
0.0062733176
-0.0022799827
-0.0039933348
-0.0011085
-0.0011160139
-0.0076989417
0.0040884874
-0.0094789668
0.0093903772
8.8589575e-05
0.00072708087
0.0085231528
-0.0092502336
3.5545972e-05
-0.0056645399
0.0056289939
0.0046763554
0.0012035799
-0.0058799353
-0.0040580285
-0.0060429982
0.010101027
0.0063795878
-0.0021088626
-0.0042707252
0.0014435847
0.0064343977
-0.0078779824
-0.0023068705
0.0055914103
-0.0032845398
0.0067614511
-0.0020850957
0.0020294459
-0.0014514303
-0.00057801556
-0.00017286936
0.0083667129
-0.0081938435
0.0064319098
9.9674453e-06
-0.0064418773
0.0010470016
-0.0061309473
0.0050839456
0.0088502842
-0.0074623891
-0.0013878951
0.0076258434
-0.0080914784
0.00046563497
-0.0048025057
0.0058495074
0.0056018817
-0.00326012
-0.0023417617
-0.0086441922
0.0017035479
0.0069406443
0.0025284518
-0.0037263287
0.0011978769
0.0099537914
-0.0043089853
-0.0056448061
0.007765082
-0.0023326749
0.0056352055
-0.0033025305
0.0080786529
-0.00087440736
0.0037412399
-0.0028668325
-0.001948372
0.0066611132
-0.0047127412
-0.0098024172
0.0041661809
0.0056362364
-0.007765082
0.011656318
-0.0038912357
-0.0080786529
0.011758129
-0.0036794758
0.0031909797
-0.00055439998
-0.0026365797
-0.0039145133
0.0017501729
0.0021643404
0.00144256
-0.0027051157
0.0012625558
0.0009777953
0.0011595898
-0.0021373851
-0.003161336
0.0057123689
-0.0025510329
0.00066192229
0.005532349
-0.0061942713
0.00097525154
-0.0019126916
0.00093744007
-0.0054922723
0.0034874354
0.0020048369
-0.010521033
0.0011468763
0.0093741569
0.0085786711
-0.0031083137
-0.0054703574
0.0078920197
0.00068665139
0.0055338926
0.004095823
-0.0096297156
0.005181148
0.0043594634
-0.0095406113
-0.002460098
0.0050413436
-0.0025812456
0.00071218098
-0.0040209252
0.0033087442
-0.0066455692
0.0068938679
-0.0002482987
0.00419333
-0.0078970358
0.0037037058
0.0046275884
0.0018179509
-0.0064455393
-0.0010340176
0.0061990103
-0.0051649927
-0.0091745994
0.0072262274
-0.0026327896
0.0066828451
-0.0040500555
0.0018512771
0.001822413
-0.00453703
0.0040259
0.00051113002
0.0048610548
0.0062302082
-0.011091263
0.0087380867
-0.0080903737
-0.00064771297
0.0005210332
-0.0029527414
0.0049727199
-0.0020199785
0.0066833082
-0.0030558543
-0.0036274539
0.0097895511
-0.0088487747
-0.0009407764
0.0077193003
-0.0068491041
-0.00087019613
0.0029124751
-0.0040143462
0.0011018711
-0.0022811925
0.00088559255
0.0013955999
0.0013589541
-0.0036658247
-0.012065133
0.0085443697
0.0035207635
0.0023197181
0.0050085519
0.0024830335
-0.0091179422
0.0066349087
-0.004496579
0.0076027311
-0.0031061521
-0.0009912678
-0.0060186981
0.0070099659
0.0029099354
-0.0021547132
-0.0007552222
0.00048455131
0.0082535354
0.0055143255
4.2405812e-05
-0.0055567313
-0.007715514
0.0030008539
0.0047146601
0.00053016251
0.0036685154
-0.0041986779
0.0031900592
0.0024118225
0.0044039361
0.0024294446
-0.0068333806
0.0045925289
-0.0017405935
-0.0028519354
-0.0046869967
-0.0053052873
0.0030856558
-0.0018397999
-0.0007746775
-0.0015519994
0.0023266769
-0.0028943769
0.0056619786
-0.0027676017
-0.0030201931
0.0078812479
-0.0057550663
0.00763443
-0.0018793637
-0.0061001104
-0.0016154036
-7.7624073e-05
0.0077034675
0.0082561552
-0.0077001937
-0.00055596147
-0.0050775594
-0.0025816974
-0.011222381
0.0074243851
0.003797996
-0.011854233
0.0086046952
0.0032495376
0.0057537358
-0.0025873473
-0.0031663886
0.0013781855
-0.0037108605
0.0020483945
-0.0052097305
4.7006828e-05
0.0042381941
-0.004285201
0.0031251314
-0.004159149
-0.0015986246
0.0041270764
0.0018877332
0.0043855844
0.0065748525
0.0032146986
0.0038765073
-0.0038295004
0.0029727062
0.0070723195
-0.010045026
0.0098908046
-0.0056150561
-0.0042757485
-0.0021962936
0.0048100825
-0.0026137889
-6.3146819e-05
0.0015057068
0.0020627798
-0.0010849845
0.00091239889
0.00088179006
-0.001794189
0.010918795
-0.011091664
0.00086033049
0.00045435324
-0.0013146837
0.0011365913
-0.00022187535
-0.0074957985
0.0080752729
-0.00057947438
-0.0020842746
0.0013833932
0.00070088141
0.0039266189
-0.0036760055
-0.00025061345
-0.0056295707
0.0051326811
0.00049688961
0.0019384223
-0.00096317072
-0.00041680685
0.0035722029
-0.0031553961
-0.0047613823
0.0085526307
-0.0037912484
0.0034615424
0.006492249
0.0076858843
-0.0034925543
0.0034266436
0.0023270923
-0.0035599054
0.002685498
0.0063884868
-0.0073797546
-0.0031003869
0.0023257094
0.0056495323
0.0026066229
0.0052606275
-0.010818295
0.0055576678
0.0030952179
0.0016917088
-0.001360152
-0.0031055005
0.0046748294
0.0078114777
-0.0078114777
-0.0022056073
-0.0013291689
0.0068434944
0.0008294915
-0.0037822329
-0.00040971931
0.0063658603
-0.005956141
-0.0040765378
0.0096104304
-0.0042564239
0.0094375718
0.0084336587
-0.0048704037
-0.003563255
0.0040505186
0.0030565595
-0.0052528531
0.0058796519
-0.0076358061
0.0017561542
0.0059030967
-0.0058675507
0.00090978727
-0.00044719621
-0.0068605372
0.0073077334
0.0096882228
0.0016494218
-0.011337645
-0.0061118895
0.0090845957
-0.0041544955
0.0047269847
-0.004284478
0.0048561136
-0.00038233422
0.0047862703
8.0059526e-05
0.0036852306
-0.0037652901
-0.00577107
-0.00025817197
0.006029242
0.0033995541
-0.0081609365
-0.0089618094
0.0085520901
0.0059992358
0.002719902
-0.0087191378
-0.00072919832
-0.0034806473
0.0042098456
-0.0036821947
0.0071395436
-0.0060904095
0.0022940252
0.0037963843
0.0038081891
-0.0032780266
0.00082837773
-0.005702002
0.0048736243
0.0064726584
-0.0070902218
0.00061756341
0.0057634231
0.0026702356
-0.010107422
0.0053049167
0.00050059102
0.0072187093
0.0062086099
0.0048972227
-0.0089552512
-0.0010259515
0.0039384266
-0.007023447
0.0055670864
0.0014563605
-0.0071832194
0.006454021
0.0038405304
0.0048256314
-0.0086661618
0.0065088552
0.00017398992
-0.0045614985
0.0053898762
-0.0020687595
-0.0049546874
-0.0011617013
-0.0022440143
0.0034057156
0.0029258122
-0.0048734931
0.0019476808
0.00088240836
0.0029904762
-0.0038728846
-0.0067582405
0.0017602228
0.0049980177
0.0010822824
0.0077967367
-0.0088790191
-0.0059993491
-0.0030875254
0.0090868745
0.0016422564
0.0047373314
-0.0016425987
-5.5335098e-05
0.0016979338
-0.0063454823
-0.0012504423
0.0079944869
-0.007267406
0.0070196858
-0.00054702738
-0.0052788446
-0.0031391168
0.0084179615
-0.0045519077
-0.0019709019
0.0065228096
-0.0008041738
0.0031772682
-0.0023730944
-0.00034160206
0.0059086885
-0.003023129
-0.0033293463
0.0063524753
0.0037277622
2.3486267e-05
-0.0037512484
-0.0052956176
0.0048329662
0.0004626514
-0.0066610626
0.0037098899
0.0029511728
-0.0059185808
0.0038498213
0.0038286491
-0.0076904096
0.0096882228
0.0011708046
0.0026228138
-0.0037936184
0.0093417296
-0.0074044052
-0.0019373244
-0.0071679105
0.0078487289
-0.0032211405
-0.005876387
-0.0016194115
0.00034464957
-0.0056043866
0.0052597371
-0.0069672687
0.0080495512
0.0037511379
-0.0072646834
0.0035135455
0.0035905396
0.0048289837
-0.0084195233
-0.0045417897
0.003566703
-0.0047284043
0.0024089435
-0.0028257504
-0.0077840805
-0.0034383007
0.0069597409
-0.00076073064
0.0072113913
-0.0059537183
-0.0012576729
0.0056986667
0.0046667882
-0.010365455
0.0013743171
-0.0046344371
-7.3047977e-05
0.0012911575
-0.0012181095
-0.002769006
0.0039398106
-0.003299492
0.0089981587
-0.0091802154
0.009106013
7.4202409e-05
-0.0010509759
0.0046231788
0.00022525329
-0.001867852
0.0025142125
-0.0025928189
7.8606349e-05
0.0018413951
-0.0089884771
0.007147082
-0.0031044524
-0.00023551095
0.0033399634
-0.00092726496
-0.0046756238
0.0056028888
0.0043289838
0.0021798714
0.0015714902
0.0072425913
-0.0088140814
-0.0041469648
0.0019029506
0.0068599241
0.0015617067
-0.0084216309
0.00017707221
0.0076196645
0.0036717554
0.0030896957
0.010109018
-0.0018905407
-0.0082184773
-0.0035664233
-0.00097060668
-0.0077792911
0.0025405549
0.0052387361
0.000764825
-0.0039245445
0.0031597195
-0.0054706927
0.0054441299
2.6562859e-05
-0.0012679136
0.0076998234
0.0077608291
-0.011546341
0.0037855118
0.0042412576
0.0020152143
-0.0062564719
-0.0030162109
-0.00028101528
0.0032972261
-0.00087397637
-0.0023936647
0.003267641
0.0029370661
0.00057036383
0.0087713658
-0.0031989056
0.0069500435
0.0024314114
-0.001253934
0.0069959304
0.0017973822
-0.0087933126
0.0031100722
-0.0030300127
-0.0055230652
0.0024999362
0.0098207477
-0.00081508633
0.0084514747
-0.0076363884
0.00078365376
-0.0082460428
-0.0099225723
0.0055821467
0.0043404256
0.009279206
-0.0026551597
-0.0049806465
-0.0072142592
-0.001429933
-0.0055046914
0.0073226422
-0.0038425304
-0.0044168784
0.007903251
-0.0064596662
-0.0075608058
0.0083298901
-0.00076908432
-0.0056151748
0.0058828294
-0.0026248383
-0.0026707793
0.00076052552
0.0064508658
-0.00021226168
-0.005417309
-0.0038224502
-0.0022679594
-0.0013062066
0.0081628971
-0.0068566905
-0.0032215765
0.0039864015
-0.0059556141
0.0061897301
-0.00023411598
0.00011802242
-0.0079261234
0.007808101
0.0072048728
-0.00060951184
-0.0065953609
0.0033861627
-0.003514019
0.00012785634
0.0065575024
-0.0075680938
0.0010105914
0.00034396174
0.0061430349
-0.0064869966
0.004847137
-0.0040789245
-0.00076821248
-0.0030359272
0.002016828
0.0010190992
0.0011615703
-0.0022700703
0.00017077497
-0.0061701241
-0.00062100497
-0.0060245642
-0.0078908448
0.0082274872
-0.0081094648
-0.0038499026
-0.0016423697
-0.002519523
0.0011352752
0.0013842478
0.004842813
-0.0041137245
-0.00072908856
0.0015512266
-0.0076829943
0.0061317677
1.2704971e-05
0.0025015076
-0.0028872079
-0.00021724448
0.0047501293
-0.00042114553
-0.004503555
-0.0063147403
0.005533337
-0.0015074371
0.0021006586
-0.010918795
0.0088181363
0.0070179958
-0.0038162376
-0.0032017582
-0.00086719456
-0.0046561103
0.0055233048
-0.0043059655
0.0021971029
-0.0041428987
0.0035113128
0.00063158585
-0.0022607311
9.114277e-05
0.0021695883
-0.0028487907
-0.00016742018
0.0043607608
0.0011725762
-0.00067242006
-0.0050986499
0.0053785931
0.00027093923
-0.0032276055
-0.0039512761
0.0071788815
0.0025222237
0.0005560524
-0.0030782761
-0.0071089486
0.009003055
-0.0018941064
0.0064598896
-0.0034590357
0.010838757
-0.0070499195
-0.0037888378
-0.0057288647
-0.007605924
0.0045183985
-0.0060230258
0.0014778574
0.0045451683
-0.0057237953
0.006067757
0.00098711886
-0.0032478499
-0.0036070777
-0.0031511628
0.003695176
-0.0028699915
-0.00082518448
0.0057242736
-0.0059365353
-0.0068779241
0.0084291507
-0.0011199212
0.0078238357
-0.0067039146
-0.0072050979
0.0022131952
0.0049919027
-0.0053266044
0.0054333795
-0.00010677508
0.0035745145
-0.0027763364
-0.00079817809
0.008184438
-0.0039431803
0.0060013364
0.00045855322
0.0040584384
0.0054031825
-0.0094616209
-0.00088444314
-0.0014013701
0.0022858132
-0.0028644662
0.0038120439
-0.00094757771
-0.0022560128
0.00034332121
-0.011887563
0.0073457731
0.002172561
-0.00684748
0.0046749191
-0.00018643841
-0.0035455238
0.0037319622
0.0033958725
-0.0042890406
0.00089316816
0.0064198688
0.0011305869
-0.0075504557
-0.0084405545
0.0020809983
0.0063595562
-0.0056754008
-4.8394523e-05
0.0028555509
0.00071896356
-0.0078815817
-0.0012986337
0.0010933828
0.003913561
0.0030945128
-0.0022585593
-0.00083595355
0.0035917325
0.0066624403
-0.010254173
0.0064157072
0.0007891656
0.0029309376
0.00076423839
0.0027982331
0.0042197627
-0.0038083898
0.0015284071
0.0078079544
0.0023010637
-0.0082232558
0.0021113664
-0.0029203308
0.0013683314
0.0053965537
-0.0027475237
-0.00264903
-0.0042940944
0.0059211058
-0.0037339543
-0.0021871514
0.0040676055
0.00077953143
-0.0063290677
0.0084297263
0.0060292309
-0.0031034187
0.0022251547
-0.0086039488
0.0069366054
0.0016673434
-0.0053719476
0.0040522377
0.00131971
0.0038640698
-0.0043372552
0.00047318536
-0.0007857207
0.0072738582
-0.00089013811
-0.0049492671
0.002462343
0.0024869241
0.0053419394
0.00050747118
-0.006530497
-0.0056898257
0.0036111641
0.0020786616
-0.00069846872
-0.0068623371
-0.0018832941
-0.0058156476
0.0041621569
0.00068065615
0.0042890563
-0.0022572258
-0.0020318305
-0.0022515044
0.0030866853
-0.0008351809
-0.0017521399
-0.00050387288
-0.0087097446
0.001654979
0.0070547656
-0.0028531306
-0.002518817
0.0036099884
-0.0025750414
-0.001034947
-0.00097911544
0.004405759
0.0044051323
-0.0022679641
-0.0021371682
0.0058107626
-0.002886246
-0.0029245167
0.0055559889
0.003550024
-0.0049350979
0.006965558
-0.00203046
-0.0067122101
0.0007756748
-0.00080925726
-0.002055209
-0.0011260786
0.0043161378
-0.0078352642
0.0047561104
0.0097539672
-0.0056955288
0.0063438853
0.0050871433
-0.0039450121
-0.0011421312
0.0069235801
0.00064821065
-0.0075717908
0.002334022
0.0051890194
-0.0040195202
-0.0011694993
0.0073691749
-0.0077356304
0.00036645547
0.0030775589
0.0027332037
0.0060448378
0.0067846847
-0.0041143626
-0.0026703221
-0.0015861288
0.0055488186
-0.0039626898
-0.0018000648
-0.0021144485
0.0056644912
0.0051742661
-0.0015563484
0.0085522789
0.001204404
0.0012836324
-0.0024880365
-0.0012355265
0.0073785614
0.00011037727
-0.0035811698
0.0034707925
-0.0057338996
0.0035906479
0.0021432516
-0.0024716014
0.010458392
-0.00084030375
-0.0096180883
-0.0042468655
0.0058183557
0.0063294984
0.0014313307
-0.0014714406
-0.0061344834
-0.0057738007
-0.0080808101
-0.0034655308
-0.0070252491
-0.0070426526
-0.00088347086
-0.002986212
-0.0038743251
0.0025029551
-0.010450521
0.007947566
0.002167277
-0.010553473
0.0083861962
-0.0067996987
0.010391431
-0.0056258205
0.0071875272
-0.001803387
0.0037156778
0.0016690206
-0.0053846983
0.0067752694
9.4152967e-06
-0.0041599273
-0.0061917013
0.010351629
-0.010877226
0.0042144855
0.0066627403
0.0018985893
-0.0078542034
-0.0062104517
0.0022859072
0.0056414775
-0.0050394637
-0.00060201375
0.0085247781
-0.001601198
0.0084643902
0.00053293426
-0.0089973244
0.0087912184
-0.0066239413
-0.0062067895
0.0019112645
0.0068013035
-0.0087125681
0.0030969545
0.0035018967
-0.0065988511
-9.9403561e-05
0.0012359948
-0.0079547419
0.0023503553
-0.003341799
0.0093431354
0.0050061894
-0.00049447846
-0.004511711
0.004980919
-0.00051133426
-0.0044695848
-0.00062192167
0.0098757847
-0.009253863
0.0035010298
0.0022113391
-0.0032416197
0.0021506297
0.0010909901
0.0028567826
0.0056967342
0.0033901403
0.0081475247
0.00041494755
0.0069542274
-0.0067879325
-0.0031346398
-0.010202926
-0.0050688962
-0.0068186666
0.0061478259
-0.0056892727
-0.0039544426
0.00038297941
0.0035714632
-0.0075276566
0.0067419359
0.0021546313
-0.0058357303
0.0036810989
-0.003155909
0.0046337664
-0.00091250717
-0.00023449595
0.0011470031
0.0078042518
0.0034858644
-0.011290116
0.009334411
-0.0040135106
-0.0053209004
-0.0060910578
-0.0064576502
-0.0055462454
0.0021333256
0.0034129198
0.006733876
-0.0023731152
-0.0058424792
0.0081621972
-0.007468578
0.0029166703
-0.0062876421
-0.00022314455
0.0065107866
0.0033257544
0.0051973984
-0.0045497546
-0.0012457397
-0.0017385653
0.0029843049
0.0075250654
-0.0041263222
-0.0033987432
-0.0019340545
0.0017121792
-0.0030429308
0.0075613293
0.0055737501
-0.0019529379
-0.0036208122
0.00042812512
0.0078063898
-0.0082345149
-0.0071547746
0.00016060789
0.0069941667
0.00037446562
-0.009287619
0.0074890089
0.0017986101
0.0096721947
-0.009023984
-0.00077290157
0.0025230745
0.0017468046
0.0048106978
0.0016112264
-0.008720175
-0.00022668039
0.0066910486
-0.0060291264
-0.0044059898
-0.0045581165
-0.0026251029
0.0048231979
0.0076415647
-0.0064379848
0.00068922616
-0.0047439193
0.0040546932
-0.0048686648
0.0081944192
-0.0018995738
0.0054213259
-0.0035217521
-0.001589777
-0.0014461503
-0.010585791
0.0095140257
0.0010717656
0.00060553971
0.0053830704
-0.0059886101
0.00058142416
0.0049061169
0.0014789468
-0.0017295603
-0.0073346732
-0.00016110354
0.0043675648
-0.0042064613
-0.0085744873
0.0010468307
0.0019404141
0.0059516055
0.0038136509
-0.0039747544
0.0073679327
0.0033567951
-0.010724728
-0.00092447551
-0.0012417076
0.0021661831
0.0015001971
0.0072910213
-0.0062997629
-0.0070024912
0.0076080309
-0.00404803
-0.00010646548
0.0062705755
7.2343968e-06
-0.0062778099
-0.0049171037
-0.0056686876
-0.0009192301
-0.0016002929
0.0028400117
0.0046453945
-0.0074854062
0.0068814801
-0.007192819
0.00031133888
0.0086069587
-0.009300015
0.0022955433
-0.0041944439
-9.0034115e-05
-0.0079165615
0.0066103548
-0.00071706142
-0.0026816712
0.0033987327
-0.00295862
0.0087233784
-0.0057647584
-0.0074462239
0.0030916179
-0.0024470096
-0.0046477898
0.0070947993
-0.0015033994
0.0082418463
-0.0067384469
-0.0019830636
0.0054927965
-0.0035097329
0.0077107594
0.0027476327
-0.003108753
0.0031322393
-0.0062632471
0.0025229017
0.00038703368
-0.0014411385
0.0055296259
-0.005968381
0.0027248055
-0.0048795187
-0.0022309417
-0.0044301209
-0.0072224954
0.0019436507
-0.0023882059
0.0022383042
-0.0069339338
-0.0022744503
0.0028719902
0.0018549946
-0.003916404
0.0077569344
-0.0037790183
-0.0065559884
-0.001179642
-0.0038138648
-0.0007315739
0.0016439728
0.0087771038
-0.0041773083
-0.0017412726
-0.0053283803
-0.00037362165
0.0063464987
-0.0020929479
-0.0042535508
0.0034614448
0.0034324231
-0.00072811334
-0.0053719971
0.0060357492
0.0042573828
-0.010293132
-0.0029328063
0.0067774439
-0.0038446376
0.0049023905
-0.0028557521
-0.0020466384
0.0058542604
-0.00084570851
-0.0060138078
0.0047782813
0.0028154549
0.0020406587
0.0056256185
-5.1868344e-05
-0.0010855503
0.0015399036
-0.0046541597
0.00060210091
0.0047412122
-0.0053433131
0.00029784286
0.0048463493
-0.0050327877
0.0099853058
-0.0031038257
-0.0025719219
-0.0014490033
0.0042910584
-0.0026187989
-0.0016722595
0.0016523391
0.0042687666
-0.0081298285
0.00021976567
0.0079100629
0.0087224446
-0.0045444438
-0.0041780008
-0.0048595291
0.0016931405
0.0048809194
-0.0027860642
-0.0020948553
-0.00015085528
0.0038911139
-0.0037402586
0.0020549058
-0.0031538922
-0.00011452707
0.0039910343
0.0027430479
0.0025380727
0.0037902626
-0.0063283353
-0.0063188403
0.0018222613
0.0035117514
0.0021502272
-0.0027746865
0.0026601595
0.0053649438
-0.0085925492
0.00049844622
0.0023617323
-0.0028601785
-0.0041021036
0.0082527504
-0.0041506468
-0.0015030689
0.0023473227
0.0022452062
-0.0042665109
0.0071065226
-0.0063173922
0.0089240151
0.0064351945
-0.0038971218
-0.0026528999
-0.0030809996
0.00030643713
0.003931757
0.00063919751
0.00070183847
-0.001341036
-0.0031133183
0.00010261987
0.0030106985
-0.0063267877
0.0041915047
0.0021352831
0.00098745993
0.0068206411
-0.0025347732
0.0016503301
0.0017899706
-0.0032833901
0.0014934194
-0.0096916722
0.0063921802
-0.0033076748
0.0052649388
-0.0071482329
0.0040959495
0.003429116
0.009972776
-0.0095983104
-0.00013472908
0.0021515571
-0.0012748602
-0.0011035724
0.0023784326
-0.0050394889
0.00036386507
0.0011945619
-0.002883561
0.0028820644
0.0053454228
0.0026789608
-0.0021805146
0.0023209633
0.0043820111
0.0056179889
-0.0054875233
-0.0045116043
0.0018063249
-0.001941054
0.0055315839
0.0024445317
-0.0020980241
-0.00034650761
-0.0099109928
0.0037042033
-0.0039085127
0.0030345364
0.0067440016
-0.0057133201
-0.0010306815
0.0028381538
-0.0009451966
0.010017927
-0.0053533646
-0.0046645623
0.0042594853
0.00056371261
-0.00036087758
0.0025252179
0.0018672194
-0.0043681122
0.0090349003
0.0052861454
-0.007900203
0.0026140577
-0.00098317915
-0.001055879
-0.00064526086
0.0017011399
-0.0014040192
-0.0018376005
0.00478012
-0.0046697427
-0.0012636785
-0.0062544263
0.0067873605
-0.0017905259
0.00028908016
0.0015014457
0.0042869923
0.00061912462
0.0092047192
-0.0058658547
-0.0033388644
0.0070968931
-0.0042839348
-0.0028129583
0.00757978
0.0075017049
0.0017419202
-0.0058562828
-0.0034652159
0.0024392644
0.0078042518
0.0034401216
-0.00075088601
-0.0026892356
-0.0030294394
-0.0016075636
-0.0027929239
0.0044004874
-0.00019202363
0.0037826716
0.011091664
-0.0091803997
0.0086359491
-0.0019748359
0.0010885257
-0.0011875516
0.0021746705
0.0017760862
0.00091663892
-0.0026927251
-0.0042681348
0.0069880368
-0.0032282036
-0.0064634685
-0.0059084399
-0.0013140555
0.005476945
0.0032454996
-0.0069085574
0.0057590425
0.0011495149
0.0027318011
-0.0030926787
0.0012232936
0.0064111364
0.0049555818
-0.010388937
0.0054333551
-0.0028252608
0.0052547054
0.011397018
-0.0017248235
0.0038040689
-0.00094851803
0.0069871623
0.00050184661
0.00016143014
0.0053709189
-0.0086397337
0.007941265
-0.0075614322
0.0017189531
0.0043155663
-0.003433158
0.0011019012
-0.0025011115
0.00090512692
0.0015959846
0.0014390032
-0.0014465818
7.578624e-06
-0.00216588
0.0071181656
-0.0049522857
0.0033345963
0.0018918545
0.00097582553
-0.00286768
0.0021884516
-0.0021336673
-5.4784257e-05
-0.0058514851
-0.0025890694
-0.0032345629
-0.0017147042
-0.0020207678
-0.0019935784
-0.0017095578
-1.019471e-05
0.0012675154
0.0021186472
-0.00037822062
0.008966287
-0.0085880664
0.0039071939
-0.00097625633
0.0027455828
-0.00079832519
-0.0019472576
-0.0018785167
8.79908e-05
-0.0027274125
0.0044412892
0.001255445
0.0016630514
-0.0010238539
-0.0021317712
0.0074059284
-0.0052741572
0.0016879065
0.0006378029
-0.0056151552
0.0014378469
-0.00056198458
0.0023519552
0.002340663
-0.0014847342
-0.00085592874
0.0035150121
-0.0039931655
0.0067033173
-0.0022620281
0.0031439797
0.00046600872
-0.0063865936
0.0052666724
0.0033994765
-0.0038781653
0.0014001833
0.0020399384
0.0067567608
-0.0049100778
0.00025396751
-0.0004081625
-0.0030042604
0.0056863619
-0.0026821015
0.00037039772
-0.0061860453
-0.0075315789
0.0021862516
0.0053453274
-0.0017326605
-0.0023430758
0.0040757363
-0.0029743874
-0.0068008762
0.0061789545
0.0050644337
-0.0097514304
-0.007159091
-0.00017558214
0.0063259478
-0.0082200542
0.0052883152
0.0010804392
0.0020635405
0.0073679327
-0.001982349
0.002864139
-0.0038133349
-0.0034821532
0.0072954881
-0.0019859858
0.0010615103
0.0020809942
0.0030061491
0.0044193626
0.0034293663
-0.0050940986
0.0021439466
0.0030450728
0.0050358668
-0.0008666139
-0.0057380535
0.0066046674
0.0043583202
-0.0096636075
7.1075182e-05
-0.0041973974
1.9893525e-05
0.0013559365
0.00083251511
0.0098382603
-0.0025204482
-0.0073178121
-0.0071740788
0.00097980752
0.00074978751
-0.0054254776
0.0046756901
0.0079326371
-0.0080719758
0.00013933873
-0.0016817646
0.0045385472
0.0017332769
0.00074976636
0.0024620773
-0.0022000189
0.0021446838
0.0035616735
-0.007663777
0.0049273493
-0.0028789548
-0.0021511018
0.0075160456
-0.0066969843
0.0020012504
0.0044527706
-0.0087362673
0.0072328679
-0.0054037889
-0.0037708105
-0.002515792
0.0062314698
0.0071634067
0.0028218991
-0.0006663971
0.0020412024
-0.0013748053
-0.00081746276
-0.0047225265
0.0055399893
-0.0047358637
-0.010027902
0.0010002501
0.0024367994
-0.0034370495
0.0068949505
-0.0012516778
-0.0056568796
0.0047701895
-0.0069249566
0.00083178981
0.00053698111
-0.0013687709
0.0007220679
-0.0052337789
0.00074761339
-0.0052171982
0.0017525103
0.0036440434
0.0025387766
0.0024099687
-0.0031364093
0.00072644059
0.0038602527
-0.0069993695
0.0027624848
-0.0093864261
0.0082394298
-0.0013420289
0.0059958783
-0.0046538494
0.000941012
0.0054941825
-0.00059654627
0.0024478234
-0.0035208271
0.0033699718
0.0024863479
0.0084383645
-0.001813565
-0.0066247995
0.00097813701
0.0025382434
-0.0035163804
-0.0013291201
0.004420738
0.0049478397
-0.0074853856
0.00063628142
0.0075016955
0.0011052632
0.0072438131
0.0027561869
-0.0010988728
-0.007010592
0.0031894235
0.0035138937
-0.0028632668
0.0028648885
-1.621771e-06
-0.0095143638
0.0056334516
0.0038809122
0.0077422405
-0.00049943417
-0.0030613886
0.0035608227
0.0068268819
-0.0016278178
-0.00021630271
0.0029378424
-0.002602362
-0.00033548037
-0.0037753104
-0.00050818934
0.0094322044
0.0052660784
0.0040683326
-0.0052169397
0.0015387441
0.0036781956
-0.0069873839
0.0089211889
-0.0025952411
-0.00070897163
-0.0079307621
0.0057997246
-0.0062078871
0.0067230115
-0.0047793608
-0.0010520443
0.0041140712
-0.0030620269
-0.00076098799
-0.0047437034
0.0081133769
-0.0027996567
-0.0053137202
-0.009652969
0.009368394
0.00028457493
0.010770459
-0.0053672765
0.00086707906
-0.0040209713
0.0078238357
0.0056378364
0.0042004239
-0.0017224451
0.0061219414
0.00057065805
-0.0066925994
-0.0024873992
-0.0070269646
0.0026631749
-0.0053160748
0.0034852952
-0.0065914473
0.010210454
-0.006748912
0.0010136767
-0.0037612004
-0.0013210037
0.0049856321
-0.0036646285
0.0068882538
-0.011246431
0.0057589079
-0.0088362149
0.006670335
-0.0044649042
0.00396547
0.00072307544
0.0060209262
0.004786266
0.00085521148
0.00407442
-0.0051102023
0.0010357823
0.0018423459
0.0085443697
0.0047346162
-0.0078428683
0.0032984245
0.0045288764
0.00051246723
-0.0090747375
0.0069429664
0.008912303
-0.0016535843
-0.0072587187
-0.0035601561
0.0063121834
-0.0027520273
0.007889259
0.00071727917
-0.0086065382
-0.0076178554
-0.0036285759
-0.0003006963
0.0055069174
-0.0052062211
0.0020004062
-0.0050046666
0.0014569409
0.0024778869
-0.001875786
-0.0093035493
0.0025026731
-0.0028769401
9.2434488e-05
0.0027845056
-0.0048742794
0.0072246347
0.0021804862
0.0085116288
0.0046200827
-0.0045095995
0.0047264878
0.0023617038
0.0044135656
0.0014922411
-0.0029692954
0.0014770543
-0.0069081421
-0.0052338425
-0.00039124632
-0.0051640142
-0.0048638881
0.0083039737
-0.0070485287
0.0036439905
-0.0025635513
8.4559706e-05
0.0071592534
0.004932355
-0.0025234115
0.0056669549
-0.0055055247
0.0019440979
0.0059885392
0.0059494801
-0.002941851
-0.0030076291
-0.0048145655
0.0012756054
0.0035389601
-0.0023870845
0.003478871
-0.0010917866
-0.0032737132
0.0070639758
-0.0086033403
0.0060773557
0.0025259846
-0.0029222449
0.0017346933
-0.003507498
-0.0056104442
0.0020484524
-0.0015732808
0.0068617801
-0.00051528137
0.0045687153
0.002722306
0.0043137466
-0.012396738
0.0080829918
-0.0024769664
0.0055782626
0.0026744878
-0.0037511557
0.00052957924
-0.0032316146
0.0060298477
0.00085658698
0.0047768646
0.0062562713
-0.0052688114
-0.0061244046
0.0031060454
0.0025269357
0.0012771332
0.0086046952
-0.00050377651
0.0053736706
-0.0092183081
0.0037613126
0.0016184451
-0.00032728758
0.0022131759
0.0028466459
-0.0050598218
-0.00016497577
0.0064944234
-0.00073019519
0.0022224363
-0.0070604658
0.0038288512
0.0053248569
-0.0072957588
-0.0084601286
0.0066465636
0.0026038635
0.0013033304
-0.002916987
0.0012891692
0.0027781239
-0.0046776977
0.0036528222
0.0033069187
-0.0042091342
0.0071468574
-0.0029377232
-7.6833945e-05
-0.0030794668
0.00069238236
-0.0010424477
-0.0022167717
0.0032592194
0.0040419281
0.0041202691
0.0056991351
0.0043041515
-0.0051216143
0.0033405383
0.006335207
-0.00027522094
-0.0060599861
0.0061657611
-0.010343762
0.003428876
0.0011169387
0.0034290627
-0.00049122033
0.0015837785
-0.0057929127
-0.0085059014
0.0089013457
-0.00039544435
0.0070218584
0.0028274727
-0.00065396668
0.0036614528
-0.0030074861
-0.00089401747
0.0087832765
-0.0064624852
-0.00054571733
-0.004526936
0.0050726533
0.0012709164
0.0057809433
-0.0047210031
0.00043580217
0.0049397591
-0.0042505329
0.0020657131
0.0021832845
0.0039386568
-0.0052220183
0.0013995681
0.0027339646
-0.0047170281
0.0020093875
0.0018026564
-0.0033713901
-0.00234193
-0.00048208637
0.0053179631
-0.0026817828
-0.0026361803
0.0039060192
-0.0061739786
-0.0005021475
0.0050310239
0.0016511112
0.005289533
-0.0016537585
-0.0078663044
0.0069996905
0.0029700547
0.0057836114
0.003194882
-0.0089784934
-0.0052920963
-0.0017638412
0.0070559375
-0.0088796816
0.0072260973
0.00066650206
-0.001398076
-0.0071541275
0.0066084102
0.007378582
-0.0026639219
-0.0024655587
-0.0027441718
0.0032953684
0.0089526572
-0.0053909838
0.0026075089
-0.0054071655
0.0065306535
-0.0038140809
-0.00052317433
0.0022710488
-0.0016442283
-0.0012727588
0.0029187723
0.0030307078
-0.0036987643
-0.004875723
-0.00036622233
-0.0055101647
-0.006603261
0.0070313861
0.0022046447
-0.0017889545
0.0039309827
-0.0021420282
-0.0036655909
0.0010467921
0.0015286752
0.0030464992
-0.0045751745
-0.005502943
-0.00033278725
0.0025853388
-0.0058199017
-0.0010634182
-0.0021844317
-0.0038849016
0.0015291129
0.0023557887
-0.0078622886
0.0041635243
-0.0047135565
-7.446609e-06
0.0063302162
0.0027311353
-0.0037831796
-0.00323135
0.0033612087
-0.00073020539
-0.0026310033
-0.008440416
0.00071868957
-0.0058173395
-0.0052960509
0.0085415505
-0.0016847086
0.0077204578
0.0032078166
0.0014670128
-9.8883802e-05
0.0046782786
-0.0045793948
-0.0044219672
0.0015692462
-0.0032439913
0.00016781369
-0.0021346933
0.0019668797
0.0010635558
-0.002126974
0.0061644311
-0.0015575015
-0.0036594382
0.0076553572
-0.0079560535
0.0033022201
-0.005255158
-0.0065698928
0.0030097367
0.011223707
-0.0039974797
0.0046425558
0.0037754056
0.00066248956
0.0017280833
-0.0008788462
0.0025291763
-0.0023765058
0.0031407441
0.00016823665
0.0016875928
-0.0018558295
-0.009652969
-0.0033488249
0.00097231915
-0.0031816265
0.0010124498
0.0021691767
0.0029973115
-0.00012939553
0.0018763857
-0.0047578321
0.0092887932
-0.0045309611
0.005015432
0.000325752
-0.0066255149
0.0085983528
-0.0086972366
-0.0054458931
0.0002583044
0.0051875887
-0.0035708483
-0.0021189773
0.0033748535
0.0071009637
0.0028990363
-0.0073102459
0.0046851431
0.0025990599
-0.0022160805
-0.0020064382
0.0025292706
-0.00052283241
-0.00080332563
-0.0017707095
0.0025740351
-0.006998493
0.00016202203
0.006836471
-0.0035938908
0.0018612303
-0.002344913
0.0030638765
0.010724883
-0.00078477501
0.0026670297
-0.0018822546
0.0013989523
0.0016632564
-0.0064210886
-0.0042912708
0.0057291177
-0.00082436892
-0.0060678764
-0.0023524908
0.0051306147
0.0032844599
0.0040367831
-0.00036661197
0.0026312466
-0.0022646346
0.00018571794
-0.00031511347
0.0070526812
0.0031577732
-0.0042619465
0.0086439576
0.0035596734
-0.0048888423
-0.0039070498
0.0044039394
0.0010947488
-0.0065406419
-0.00628589
0.0050354476
-0.0057536602
-0.0026867559
-0.0023138696
-0.0037367058
-0.0027236788
-0.0001021847
0.0028258635
-0.00037590886
-0.0068169101
-0.0032751079
0.00093019489
0.0091797301
-0.0033961187
-0.0038835073
0.0071565562
0.0022006429
-0.0093571991
-0.00094958084
0.0036503743
-0.0027007934
0.00019265194
0.0033788112
0.0075306837
-0.0049231748
0.0056799521
-0.006878482
0.00064646213
0.0037923077
-0.0044387698
0.0050301427
-0.003491271
0.0081138652
0.00018435102
-0.0082982162
-0.0038729985
-0.0010004945
0.001314667
0.0027098228
-0.00089850326
-0.0013939601
0.0034596732
-0.0016108542
0.00064044037
-0.0041859641
0.00010823908
7.7478857e-05
-0.0069501196
0.0086133761
-0.0010467269
0.0063542624
-0.00066790044
0.0031834606
-0.0042344365
-0.0043389885
-0.0015426558
-0.0016886942
0.0013345101
0.0081030618
0.0014949575
0.0081154728
-0.0029263148
-0.0035192245
-0.0049450611
0.0033374976
-0.0052042381
0.0013221009
0.0029557672
0.0056604742
-0.0011153058
0.006855751
0.0093015205
-0.0089618094
0.0040970952
-0.002016101
-8.5778939e-05
-0.0069127141
-0.0033524905
0.00025981181
0.0042070575
-0.0020631109
-0.00035647625
0.0019257224
-0.0017775589
-0.0014664324
0.0096539938
-0.0063782734
-0.0032757204
0.00077224415
0.0023222687
0.004628869
-0.0069670025
-0.00073319115
-0.0040211652
0.00028445944
0.0090984439
-0.00073173107
0.00083372066
0.0028110137
0.00051637218
-0.004097542
0.002732594
-0.0041615684
0.00027806116
-0.0048379329
0.0056292516
-0.00079131868
0.0018111537
-0.0025282152
0.0005754117
0.0025102441
-0.0052805593
0.009331078
-0.0029199612
0.0033622963
0.0062916974
-0.0028823557
0.0050156812
0.0066519983
-0.0026100702
0.0062236191
0.0013070646
0.0016654699
0.004766496
-0.0064319659
-0.0024581397
0.0051921043
-0.0094656875
0.0049540832
-0.0049080905
0.0027693762
0.0069372566
0.0015227398
-0.0041935191
0.0027326778
0.0058199529
-0.0033799331
0.0017938043
-0.00055718603
-0.0032806585
-0.0034163258
-0.00099285622
-0.00065969203
0.0032587519
-0.0024436338
-0.00028004498
-0.003220665
-0.0057216115
0.0010738218
0.0010326764
-0.0031307005
0.00038566949
0.0068569218
-0.00013677599
0.0018700529
-0.00044199428
-0.00055086194
0.0034554918
-0.0002238792
0.00061009221
0.003649393
-0.002723225
0.0078974911
-0.010480135
0.0049333502
0.0055467844
-0.010858353
0.0023524521
-0.0093966756
-6.9011971e-05
-0.0081546065
0.0043412716
-0.001618433
-0.00013370689
0.003973139
-0.0034656678
-0.0047195621
-9.5003391e-05
-0.0021781299
0.00046857213
0.0051414006
-0.0037851839
-0.0013562167
-0.0025431473
-0.0051472623
0.00055487125
0.003732121
-0.0036483786
0.00077143851
0.0026831127
-0.0036326936
-0.00091272757
0.0075476363
-0.0048236628
0.0019568302
-7.033714e-05
-0.0037641111
-0.00047374666
-0.0023895201
-0.0032029963
0.0012137617
0.0070613336
-0.0082750953
0.0025327913
0.00094607972
-0.006408468
0.0052408563
0.00048503217
-0.0057258884
0.0006181879
0.0027812886
0.00064248555
0.0028725265
0.0054406211
0.0013661897
-0.0068068108
0.0029498547
0.0028660272
-0.005815882
0.0054850898
0.0028448003
-0.0028589949
0.0045280154
0.009368394
0.0013041315
0.0068097337
0.00078236089
0.0001965743
-0.0063310577
0.0076856252
-0.0056913631
-0.0043200941
0.009972776
0.0049359709
0.0032433819
-0.0045534062
0.0013100243
-0.0059155478
0.0090654451
-0.0033398981
-0.005725547
-0.0039755039
-0.005612982
0.0017059323
0.0005950661
0.006379386
-0.0069744521
-0.0013586093
-0.00081551894
0.0021741282
-0.0041831153
0.00244455
-0.0017654105
-0.0041159995
0.0051199664
0.0063867465
-0.001306911
-0.0050798355
0.00094354743
-0.0037364713
-0.006835484
0.0046843822
0.0075178671
-0.0022770108
-0.0037322008
0.0040166602
-0.0047620275
-0.0052508553
-0.0052405175
0.00077561335
-0.0012801727
-0.0043767069
-0.0024725518
0.00068938365
0.0017831681
0.0050974617
0.003900697
-0.008783225
0.008783225
-0.0038679102
0.0041459714
0.00077474114
0.0055255787
-0.0049305126
-0.0013362225
-0.00037058306
-0.0096839164
0.0044796783
0.0054127032
-0.0011085517
0.0071855234
-0.0017860204
0.00086679028
-0.008019024
0.0092327857
0.00063888821
-0.0053828075
0.0026864872
-0.0059854262
0.003298939
-0.0032539888
-7.9285506e-05
0.0033332743
-0.0020978874
0.0063985698
-0.0043006824
-0.0026730707
-0.0050724389
0.0077455096
0.0057185612
0.0012186954
0.0050532978
-0.0054685449
0.00041524714
-0.0042329931
-0.0018262948
0.0016099921
-0.0072645941
0.0046094345
0.00026098429
0.0029162839
0.00013740897
0.0011277974
-0.0029278622
0.0018874118
0.00190367
0.0055463683
0.0022600215
0.0096783152
-0.0027894874
-0.0068888278
-0.010048515
0.0051798503
-0.0024554598
0.0013995808
0.0056793422
-0.005608267
0.0095908608
-0.0060016256
-0.0035892352
-0.0052234606
0.0017623854
-0.0085641998
0.0015437092
-0.0022101063
-0.00065582665
-0.0073631973
-0.0027578994
0.00062423205
-0.0079828067
-0.0050805419
0.0048981971
-0.00067843443
0.0093157151
-0.0071679105
-0.00090661195
-0.0007118211
-0.0001058758
-0.0018764731
0.0011501542
0.0016879995
0.0042079733
-0.0034581858
0.0016378803
-0.0021922802
0.0058849577
-0.0058769545
-8.0031922e-06
-0.0023702457
-0.00027940915
0.0026496548
-0.0056231477
0.00070426847
0.0049188792
-0.0041580877
-0.0029005293
0.003068343
-0.0069719515
-0.0033935034
-0.0030053075
-0.00030236728
-0.0071810015
0.00077253348
-0.0079133015
0.0010589268
0.0029174949
-0.00023853408
-0.00067548888
0.0015610814
-0.0092623505
0.0092623505
0.0049926188
-0.001708159
0.00021969288
-0.00066168716
-0.0020767374
-0.0049913771
0.0067254887
-0.0017341116
0.004206125
-0.00025813847
-0.0061275942
-0.0011563708
-0.0072605638
0.0084169346
0.0067136038
-0.00032685726
0.00028026847
-0.0018325914
0.0015523229
-0.0053155112
-0.0018327216
0.0085975964
-0.0093015205
0.00092585143
0.0026437792
-0.0035696306
0.008273772
0.0021176592
0.0042543835
-0.0020412076
0.0056425621
-0.0039770922
0.00022336059
-0.0081366621
-0.0065159836
-0.00074861054
-0.004317421
-0.0026361249
0.0017428431
0.00089328187
0.0035698617
-0.0041624644
-0.00076886347
-0.0064917003
-0.0014348342
0.005144724
-0.00016757531
-0.00030300923
-0.0034233195
0.002287924
-0.0042443428
-0.0027046541
-0.00057873599
7.1829428e-05
-0.0029275816
0.0036641974
-0.00036911983
-0.002223847
0.0025929669
-0.0040916478
0.0006274316
0.00097781952
-0.0016052511
0.002957767
0.0017575352
-0.0047153022
0.002553522
-0.00012764099
0.0040623971
-0.0039347562
0.0034274257
0.0039511357
-0.0029627925
-0.0025588964
-0.0070940726
-0.0048034671
0.0033199939
0.0014834732
0.0050598017
0.0045310591
0.0042768202
0.0025666742
-0.0020092724
0.0019033966
0.00082090672
-0.0051253999
0.0043044932
-0.00099924718
-0.0013158422
0.0023150894
0.0025743377
-0.00089008817
0.005487688
-0.0045975998
-0.0008057619
-0.0076137614
-0.0011351809
0.0034969131
-0.00060030073
-0.0015778292
-0.0074956745
-0.00034719383
-0.0057897583
0.0031258363
-0.0028300085
0.0017213611
-0.00065178651
-0.0010695746
0.00012562873
-0.0029116929
-0.0047710324
0.0017096439
0.0018672103
-0.0042608749
-0.0019133696
-0.0048073851
0.0033858636
0.0014215215
0.0013344074
-0.0009324301
-0.002299081
0.0032603476
-0.010153691
0.0044623277
-0.0058747223
0.00088334518
9.1348976e-05
0.0031818773
-0.00022238809
0.0042257327
-0.0040033447
0.0040393701
0.0015094485
0.0022395343
-0.003454512
0.0028731987
0.00058131324
-0.00028050776
0.0053338055
-0.0029623527
-0.0019865271
-0.0026469691
-0.00053465733
0.0071940549
-0.0049158966
0.0028180092
-0.0092876515
0.001093808
-0.0012991583
0.0072609154
-0.005961757
0.0080829918
0.0034316288
-0.0028134409
0.0095787331
-0.0074977348
-0.00043410125
0.003527455
-0.0028849694
0.0018780921
-0.0057752139
0.00036489447
-0.006831872
0.0072175415
-0.00040971717
-0.0068274629
0.00539753
0.0014210356
-8.0660684e-05
0.0071176634
-0.0021257607
0.00097974097
-0.0049742407
-0.001901821
0.0068760616
1.9336401e-05
-0.0062272235
0.002820731
0.0022311271
-0.0050518582
-0.0017240539
-0.0057716206
0.00033914725
-0.0044435068
0.0020910161
-0.0052843464
-0.0099496125
0.0069294194
-0.006607742
0.0013271827
0.0086394528
-0.0072184173
-0.0020939853
0.0039329958
-0.0018390106
-0.0033386022
-0.0031918947
0.0028813406
-0.0083254492
0.0054441086
-0.0027393655
-0.0029502781
0.0028099717
0.00014030636
0.0034612417
0.00033371738
-0.003794959
-0.0028491369
0.0040103569
-0.0011612199
0.0047978383
0.0033664423
-0.0081642806
0.0027130492
-0.0010751689
0.0024655302
-0.0029392768
0.0037058764
-0.0025070281
0.0080077555
-0.0055007275
-0.0039347068
-0.0029053599
0.0057260909
-0.0044600002
0.0059987443
0.003298952
0.00045897335
-0.0037579254
0.007249551
-0.0040140877
0.0016258818
0.0077559536
-0.0009353125
0.0069993245
-0.0060669345
-0.0055314539
-0.00015096541
-0.0065203435
0.0066713089
-0.0079418952
-0.0031909894
-0.0087930122
0.0016825563
0.0071104559
0.0061015241
0.0037742605
0.0083155211
-0.0064391354
0.0050376886
0.0079315066
-0.0057308637
-0.0019271434
-0.0064925947
0.0021055058
-0.0035068759
-0.0079276247
0.0065249595
0.0014026652
-0.0097692581
0.0064867529
0.0032825051
-0.0077490824
0.00025322338
0.007495859
-0.0049453038
0.0055159618
-0.0029013636
0.0044300388
-0.00059862313
0.0054449724
-0.0024259297
0.0021465205
-0.00017801448
-0.0054865254
0.0036506394
0.0057473499
-0.0053324024
0.006514264
-0.0066652294
0.0025119029
-0.00016458022
0.0067499023
-0.0021298197
0.001380511
-0.0022871229
-0.0021860848
0.0069839231
0.0024229358
0.002305133
-0.0076206443
-0.0014325316
-0.0017244986
0.0023008043
0.0010604044
0.0035576948
-0.00018501411
-0.0030417381
0.0032267522
0.0026010321
0.0026898351
-0.0022142609
-0.00070798402
-0.0033793356
0.001507136
7.365893e-06
0.0010218117
-0.0029424138
0.001920602
-0.0078808655
0.0096794756
-0.0041118624
-0.0011409907
-0.00624302
-0.0039106708
-0.0038323161
0.012605957
-0.0064803659
-0.0061255909
-0.0045461704
0.0020880306
-0.0017000025
0.0042853413
0.00058944757
-0.0019480569
0.0020566721
0.001210969
-0.0066601162
-0.0046595719
-0.0053889432
-0.00077064435
0.0041637476
0.001461662
-0.0056254097
0.0066156767
-0.0088362149
-0.0090747375
-0.0018128219
-0.0049128772
-0.0044474955
-0.0031205983
0.00040220354
-0.0033066122
0.0029044087
-0.0065197205
-0.0068740693
-0.0046922646
0.011566334
0.00058420831
5.105497e-05
0.004729065
-0.0057819621
0.0053115051
-0.0021545158
-0.0031569893
0.00087318526
0.0068126991
-0.0065189411
0.0067812175
0.004708963
0.00011881058
-0.0048277736
0.004586631
-0.00052423383
0.0056832636
-0.0018402303
-0.0038430333
0.0019288755
0.003682702
0.008107167
0.00027902917
0.0079253073
2.225874e-05
-0.0025804098
-0.0019061739
-0.0026413346
0.0027250214
-0.002586058
0.0081160195
-0.0078873083
0.009897245
-0.00081144326
0.0026110551
0.0017894323
0.0056019225
-0.00092700348
0.0054683608
0.0045316392
0.0051745201
-0.0023635064
-0.00017447645
-0.0020305153
0.0022049918
0.0022259042
-0.0033294766
0.0038619499
-0.0033483987
-0.00051355119
0.0013716895
-0.00081636943
-0.0014506052
0.0040544687
-0.0020181059
-0.0032586575
-0.00075543021
-0.00088310531
0.0023129004
-0.0014297951
0.00047291177
-0.0037558909
0.0047150121
-0.00048927939
-0.0014286364
0.0039555721
-0.0046056235
-0.0059020422
0.0059973754
-0.0024752523
-0.0024061452
-0.0030221926
0.003948044
-0.0051120177
0.0015550574
0.0033809136
-0.00077945534
0.0017036986
-0.00092424325
-0.0019130588
0.0052476551
0.0012319451
0.0006767665
0.004817416
0.004837274
-0.0010771483
-0.00087766209
0.0085919007
0.005337084
-0.0023813168
0.00027579312
-0.0047357934
0.0015165842
-0.00023964251
0.0080529986
-0.0080529986
0.0070978824
-0.00048752761
-0.0010372458
0.0012568323
-0.00017137481
-0.0024652049
-0.00084098149
-0.0049939811
0.0013332089
0.0062144273
0.0056285998
0.003851937
-0.0094805368
-0.0053245833
0.0072231726
0.0052640658
-0.0013580466
0.008534427
-0.0030660662
-0.0027094001
-0.0015955789
0.0024623692
0.0040633299
0.0049029572
0.0017865618
-0.00392151
0.0039971542
-7.5644196e-05
-0.0022246931
-0.0019995034
0.0064188661
0.0045712109
-0.0029188718
-0.0095983104
-0.0018424592
-0.0033859609
0.0052284201
-0.0046789159
0.0060577058
-0.0042953205
-0.0044843756
-0.0019053391
0.0063897147
0.0066089525
0.0012722954
-0.0017217616
0.00082415197
0.00089760961
0.00011381203
-0.0044905189
-0.0038513563
0.0036663422
0.0020186972
0.0018432527
-0.0011214681
-4.4942076e-05
0.0011664101
-0.0050675919
-0.0081289148
0.0019698134
-0.003551502
0.00022153397
-0.0078824725
0.0014155278
-0.0028003382
0.0081740087
0.0024407455
0.0039985764
-0.0048886645
0.0014643441
-0.0063838152
-0.0005681756
-0.0014058414
0.0015740781
-0.0013449681
0.00022350004
0.0039718989
0.0020701229
-0.0020788318
-0.0035666579
0.0056454897
-0.0025599761
-0.0026516554
-0.0024104746
-0.0024131881
-0.0014758854
0.0044336525
-0.0024303643
-0.0027860511
0.0052164154
0.0071586448
-0.0017755744
-0.007831011
0.007831011
-0.0032321102
0.0033973677
7.9462876e-05
-4.3836414e-05
-0.0069039373
0.0069477737
-0.0051213446
0.0028445757
0.0022767689
-0.00077210176
-0.0030130822
-0.0029118608
0.0036161293
-0.0091803997
-0.00070792545
-0.00075075151
0.001458677
-0.00085011953
0.0018480039
-0.00099788437
0.0049365224
-0.00025135827
-0.0023712703
0.0011738344
0.0022552283
-0.0035217339
0.0044101103
-0.0035232801
0.00088321662
0.0062146658
-0.004408862
0.007131168
-0.0045133794
0.0066938656
0.0057307277
-0.004909821
0.0058965029
-0.0066655872
-0.0022482824
0.00017782257
-0.003008917
0.0028310945
0.007188675
-0.00019450829
0.0030384702
0.0039271346
-0.0031476032
-0.0016892229
-0.0058209031
-0.0030587785
0.003926178
-0.0036503849
0.0040991787
-0.0047524717
-0.0085098394
0.0024911413
0.0067011474
0.00023616301
-0.0034293491
0.0029757119
-0.002788327
0.00067387851
0.0035043451
0.0042525893
-0.0091897865
0.0091897865
-0.0053963558
-0.0030637728
-0.0023146186
0.0064807995
-0.0020728535
0.0096022193
-0.0082980878
-0.0036808002
-0.0015363979
-0.0034379637
0.006201807
-0.0027638433
-0.0063409194
0.0035405812
-0.0024074924
-0.0033677215
-0.00037916342
-0.0058638566
-0.0017071802
0.0064417965
0.0035632996
0.00077767307
-0.0043409727
-0.0026016617
-0.0037951316
-0.0014386473
-0.00083830847
0.0085618288
-0.00081058153
-0.00010875512
0.0033185986
-0.0014859707
-0.0014152923
0.0016158925
-0.0031892627
0.0097896112
-0.0066003485
0.00079932294
-0.0025157248
-0.002192363
0.0061185411
-0.0034924264
-0.00067573529
-0.0031724742
-0.0013809319
-0.0012524592
-0.007421218
0.0077214875
-0.0021471599
0.0025907274
0.0056434187
-0.0025658598
0.0012817068
0.0032568403
0.0043362905
-0.006585292
0.0022490015
-0.0039080533
0.0038287678
-0.0041375276
0.00021601763
0.0043936537
-0.0058027133
0.0011654924
0.0059815896
-0.0039475536
-0.00047441357
-0.0017024776
-0.0043921253
-0.00069848041
-0.0049097866
0.0030219982
0.0057493676
-0.00050376517
0.00049571431
-0.0014949615
-0.0022651126
0.0022634908
-0.0026487801
0.0011628094
0.0082530193
-1.1173043e-05
0.0060010309
-0.0084884301
0.0013117303
-0.0032766341
-0.00030853603
-0.0033441242
0.0036526603
-0.003656692
-0.00077593248
-0.0027523434
0.0035282759
0.0024511534
0.00390573
-0.0032250739
-0.0020350722
0.0029783763
0.0055332526
-0.00056329524
0.0063267183
-0.0033444374
0.0057297078
0.0015929345
-0.0075694818
-0.0081270324
0.0056065842
-0.0068740693
-0.0094465257
0.0061446208
0.0033019048
-0.0012419412
0.0042862947
-0.0087895654
0.0072799704
0.001509595
0.00054780456
0.0029635083
0.00075430288
-0.0015337582
0.0047850948
0.0048171245
-0.0073198832
0.0039810187
0.0074180882
-0.0031906472
0.0047457046
-0.0038815107
0.0010295753
-0.0039259205
-0.004774247
-0.0094450137
0.0050390239
-0.0048068788
-0.0015328378
0.00082491233
0.0008049002
-0.0016550197
0.0030953255
-0.0016196134
-0.0066872967
0.001975354
0.0047119426
-0.0033016519
-0.0029548201
-0.0092676617
0.0045056342
-0.0040919398
0.0016214799
0.0056510054
-0.0040146944
-0.0071420529
0.0011129265
-0.0070999335
0.0029768247
0.0020157941
0.001665924
0.0010471252
-0.0023028125
0.00030922199
0.0027909088
-0.0031001308
0.0012971454
0.0062170365
-0.0058505811
-0.0055878353
0.00096518458
0.0046226507
-0.0038827207
-0.0052079518
0.0015931081
0.0028276298
-0.0056193976
-0.0016908483
-0.002175089
-0.0023371498
0.0028849543
-0.0029822408
-0.0070002342
-0.0025851742
-0.0031131079
0.0023097823
0.0022866392
-0.007231943
-0.0018135647
-0.0051889265
-9.8115131e-05
-0.0021438758
0.0013079222
-0.0021882173
-3.5629765e-05
-0.0031295068
0.0023447318
0.00090931249
0.0042022525
-0.0059094327
0.0056583914
-0.0037882186
0.0027058341
0.0092612535
-0.0096404169
0.00079370351
0.0017355671
-0.0022256944
0.00045498487
-0.0066206644
0.00036623816
0.0067963865
0.0023861275
-0.0010056165
0.0010085083
-0.0046392927
-0.004628369
0.0077374459
-0.0029702122
0.0063458406
-0.0033756284
-0.0044561207
-0.0022429958
0.0027460557
-0.0015777622
-0.0075918686
0.00085342175
-0.00090916499
0.0027183915
0.009515351
-0.0040792906
-0.0054360604
0.00063703847
-0.0033187097
0.00046475089
-0.0038131496
0.0030323884
-0.0026301849
-0.0010892057
-0.0070217277
-0.0024247979
0.0029035994
-0.0053339637
0.0082488407
-0.0073520626
-0.0008967781
-0.0058850617
0.002781643
0.00024205184
0.0039659214
-0.00029965511
0.0019872479
-0.0042510325
-0.0014580987
0.0060291331
-0.0046629433
-0.0063804598
0.0027593504
-0.0015842708
0.0027581052
0.0067039146
-0.0019653071
-0.0050918892
0.0025699645
0.0025219247
0.0095697173
-0.0010176273
-0.0085520901
0.00020967103
-0.0017523269
0.0056810326
-0.0016287949
0.0012811931
-0.0029704161
0.0090348515
-0.0057054723
-0.0033293792
0.00059694689
0.005669834
-0.00312407
-0.002545764
0.0021542188
-0.0062570053
0.0077549189
-0.0040471817
-0.0071355099
0.0028265247
-2.0794173e-05
-0.0046455132
0.0042502797
-0.0034414141
-0.0037395874
0.0026406032
-0.0025481687
0.0006182184
0.0061691421
0.003698305
0.0034119278
0.00080042635
0.0068792455
-0.0076796719
-0.001140995
0.0028289946
-0.0028023781
-0.00014307789
-0.002449741
-0.0036759293
0.004689606
-0.0033215765
0.0030860655
-0.0013150502
-0.0044587504
-0.0014887828
0.0011323065
0.00013852324
-0.0019160821
0.0060265063
0.0026743527
-0.0087008589
0.0053224458
0.0095697173
0.0035170386
-0.00026454242
0.0070940726
0.004076817
-0.01117089
0.0027194928
0.0015823363
-0.0060667119
0.0023494653
0.0037302043
-0.0015147295
0.0053010916
0.00074873587
-0.0060498274
-0.0035508164
-0.0064492057
0.0025060253
0.004672703
-0.0029124802
0.00047722717
-0.003942443
-0.0056093424
0.0026391302
0.0059033388
-0.0032649834
0.0029839681
0.0070610008
0.0029389992
-0.007541727
0.0049828306
0.0029039042
0.0059271947
-0.0036405555
-0.00068091849
0.0013946955
0.0011282062
0.0031061127
0.00355921
0.0068631694
0.0090375222
-0.0073881004
-0.0015869096
0.0049727732
0.0070590128
-0.0071028492
0.0022080667
0.0029664534
-0.0053867142
0.0026682006
0.0030016334
0.0028653277
0.002778091
-0.00080354567
-0.0078925858
0.0045526877
0.00094863743
0.0057447505
0.0035134328
-0.0067133422
0.0018035555
0.0046112789
-0.001764633
0.0022907771
-0.0086745923
0.0062368427
-0.011140071
0.0049032281
0.0022452302
-0.0035602804
0.001032056
-0.0015548884
0.00094616429
0.0016278708
-0.00081972214
0.0025625652
0.0030835454
0.0055714967
-0.0098380076
-0.0024567631
-0.0025950951
-0.0057161669
0.0010600527
0.0016069769
0.00088690142
0.0021336956
0.0036270278
0.0046218129
0.0061902995
0.00080939096
0.0010973942
-0.0081873349
0.0062811611
0.0078791338
-0.0052309072
-0.00076267594
-0.0075627733
0.0035662914
0.002432453
0.0041948775
-0.0031798496
-0.0081579904
0.0046989547
0.0021517566
-0.0029276891
-0.0031079543
-0.0019315094
-0.0060002225
0.0030454024
0.0072161335
-0.0020704447
0.002331429
-0.0070252491
-0.0056722707
0.0039068601
-0.00088265095
-0.00083911063
0.0043671541
0.0006302235
0.0071072224
-0.0048857464
0.0062189553
0.0038735332
0.0044046963
-0.0017936411
0.0036381723
2.3280437e-05
-0.0046385859
-0.0060409772
4.0754735e-05
0.0078397382
-0.002551423
0.005879697
0.0003106025
0.0003812766
0.0019195277
-0.0055788513
0.0015287957
-0.0018009453
0.0030119143
-0.0050069623
0.001913531
0.0030934313
-0.002160615
-0.0013087987
0.0031692046
-0.001860406
0.00045815694
-0.00052455535
0.0022800728
0.0041387933
0.00069512099
0.0017476146
-0.0024427355
-0.0061255909
-0.00084050815
-0.0017635987
0.0035301495
-0.0016604057
0.0022882799
-0.00062787419
-0.0019942472
-0.0023217621
-0.0031620325
-0.0032617783
0.0072687495
-0.0040069713
0.0025293818
0.0011067947
0.001873771
0.0047520817
-0.0066258527
-0.00065512554
0.003529851
-0.0068046215
0.0079098847
0.0038854232
-0.007883679
-0.00020779943
0.0024589177
-0.0027190583
-0.0024022863
-0.0019915134
0.005372427
-0.0079457593
0.005156272
0.0050681347
0.0057938308
-0.0030879967
0.0078481784
-0.0013463387
-0.0028847006
0.0066589611
-0.00074303452
-0.0016857565
0.002428791
-0.0057267569
0.0061849138
0.0074262167
0.0097935948
-0.0046745507
0.002945853
0.0017286977
0.0054217857
0.0069598369
0.0011789293
0.0079999974
-0.0016054667
0.005171758
-0.0041498833
-0.0019930008
-0.0030988883
0.0038538501
0.00099043507
0.0043288193
0.00276598
-0.0016730597
0.0021057541
0.0019974928
0.00046366987
-0.0047634927
0.0028581537
0.0017235193
0.00079664965
-0.0025201689
-0.0049676604
-0.0023522228
-0.00095707139
0.0056714929
-0.00099031802
-0.004303254
-0.0053931258
0.0037393673
0.0042044598
-0.0055839326
-8.8338036e-05
0.0025546991
0.0052934793
-0.0039890115
-0.0026135516
0.0012017357
1.2199381e-05
-0.0012139351
-0.002212338
-0.0033147302
-0.0011462283
-0.0010842193
-0.0050630955
0.0061473148
0.0088739223
-0.0070873605
0.00052171118
0.0023424278
-0.0022931868
0.0056284514
0.00012091615
0.0062368427
0.0046916286
0.010030579
-0.0009930568
0.0018607475
0.0055659642
-0.0074267117
-0.0071145584
0.00042195896
-0.00085850327
-0.0055794815
0.0043635717
0.0055759378
-0.0037865055
-0.00071431988
-0.0077741102
0.0054352922
0.0021721752
0.0066849175
-0.0026215876
-0.0033724529
0.0099099797
-0.0033010273
0.00058145287
-0.0017085411
0.0028713506
-0.0032028397
-0.00010377253
-0.0059572399
0.011117517
-0.0047579606
-0.0002983765
-0.0014617165
-0.001076208
-0.0011494863
0.0073424339
-0.0073424339
0.0012189302
0.0048102029
-0.0033273521
-0.0026928426
0.0086252879
-0.0054963327
-0.0031289552
-0.0013346061
-0.0019876882
0.0033222943
-0.0037396761
0.00078939801
-0.00052998034
0.0016446955
-0.0011147151
0.0032322951
0.0019453411
0.0020518131
-0.0015520446
0.00092033025
0.0045956316
0.0055452684
-0.0089924871
0.0027691718
0.00026601391
-0.0057412152
0.0054607074
0.010003359
-0.0009511957
0.0073362056
0.0026943734
0.0056430471
0.0031915321
0.0027356626
0.0099592761
-0.0029493103
0.0053818221
-0.0031017493
0.0039117145
0.0024780002
-0.00095081782
-0.0034562406
0.0059717182
-0.0071573049
0.0048203296
-0.0020671258
-0.0027532038
0.0035991385
0.007969933
0.00093141269
-0.0017001059
0.0063579118
0.003552068
-0.0070425502
-0.00083543226
0.010711962
-0.004505023
0.0078714653
0.0020700126
4.3841145e-05
0.0021820631
-0.0028683679
-9.4424636e-05
-0.00030062134
0.0017002022
-0.0009977468
0.0045048126
-0.0091520956
0.004647283
-0.0018639896
0.003960602
3.6689335e-05
0.0034245523
0.0059678163
-0.0034678801
0.00023348707
-0.0078698754
0.0010986294
0.001244728
0.00035414574
-0.0015988737
0.0015041685
-0.00016227531
0.0034612273
-0.0038078405
-0.0029055017
-0.0049002025
0.0029078769
0.0054875569
-0.0058830013
-0.0039098349
0.0068758073
-0.0074003626
0.0051325484
0.0026668938
-0.0029878591
-0.00280601
-0.0011886069
0.00022412063
0.0015114464
0.0013983032
-0.0081472152
0.0050997171
-0.0025639235
0.0022452305
0.0088914513
0.00036980219
0.0053866532
-0.0017030374
0.0065213285
0.0025848564
-0.0029017909
-0.0026223347
0.0055031554
0.00031417475
0.0014334398
-0.0053907456
0.0067890488
-0.0021886821
0.00041292304
-0.0021704234
0.006082138
0.0015510896
-0.0010961048
0.00051149971
-0.0023177314
0.0018062317
-0.0016040903
0.0028781687
-0.0031676749
0.00019340238
-0.0015344384
0.00346491
0.0058231766
0.0038905198
-0.0024479011
-0.00018160869
0.0047211206
0.00068205299
-0.0054031735
0.004197724
-0.0041553182
0.0078849545
0.0030187623
0.0036661551
-0.0039521946
-0.0023788631
0.006003183
0.0060624979
-0.0030651864
0.0032710016
0.00016760731
-0.0078786104
0.0077110031
0.0028693141
0.0071010351
0.0029213116
0.0049887512
-0.00022632484
0.0064409906
0.00077419172
0.00061263426
0.001007743
-0.0016203773
0.0065670916
-0.0068186499
0.00014240896
0.0016732071
-0.00060295517
0.0068173825
0.0022937537
0.0044462745
-0.002642719
-0.0023876394
-0.00021472261
0.0035359451
0.0012843845
-0.0028815646
-0.0052558631
0.0031112586
-0.0044127115
-0.00050016575
-0.0071826778
-0.0036411149
0.00013228873
-0.0015753018
0.0052193452
-0.0010226889
0.0017145099
-0.00069182096
0.00061206941
-0.004342387
0.0045142898
-0.00017190272
-0.0053355164
-0.0032448293
0.0046217252
-0.007588603
0.0042979676
0.002335718
0.0019286871
0.00081122299
0.0013549601
-0.0056670128
-0.0065849627
-0.0013590659
-0.00032962831
-0.0024435244
-0.00085534405
-0.002115072
0.0026856569
-0.0077074028
0.00064406699
0.0012816554
-0.0012543
-0.00021213242
0.0034318431
0.0019283656
-0.0053602088
0.0053284912
-0.0027737921
-0.0012093922
-0.00023718962
-0.0090337092
-0.0040082858
6.295149e-05
0.0039453343
-0.010233265
-0.0006435652
0.0027289389
-0.0013446911
-0.003733927
-0.0071157724
0.0064014525
-0.00071665556
0.0034523182
-0.0025040244
-0.00067241104
-0.0054441654
-0.0045713572
0.00024887712
0.0036286226
-0.0031513954
0.0013502498
-0.0033189896
0.0047806516
0.0040288364
0.0034942505
-0.0013316107
0.0010639967
-0.0015832187
0.0041051434
0.0064177117
-0.0030662617
-0.0052394523
-0.00015367345
0.0040543928
-0.0069649165
-0.0092398668
0.005533472
0.0054184877
0.0018518017
0.00067304492
0.0044981421
-0.0066239028
0.0053670512
0.00069544668
0.00072672584
0.0065632237
-0.0034038033
0.0043471498
-0.0012884306
0.007051917
0.0025178003
0.0024550469
-0.0051820712
0.0027270243
-0.001501127
-0.0040867084
-0.0041400218
0.0086448344
0.0023953327
0.0052447108
0.0064155601
-0.0027647666
-0.0045967036
-0.002695144
-0.0027899609
-0.001065927
0.0016785612
-0.0017032398
-0.002636165
0.0043394048
-0.0019512525
-0.00047675133
0.0024280038
-0.0079594251
0.00181386
-0.0012017906
0.0045228794
-0.0078952609
-0.0014064405
-0.0021004354
0.0073052526
0.0012246315
-0.0085298842
0.0064198725
-0.0044170012
-0.0020028713
0.00026023194
-0.0071807349
0.006920503
-0.0040809995
-0.0014630831
0.0055440826
0.007671687
-0.0074381999
-0.0020712309
0.0049155962
-0.0026218425
0.0011272959
-0.00051952505
0.00094288212
0.0019545152
0.007020822
0.0012169907
0.00077372777
-0.0019907185
-0.0024632116
-0.00650045
0.0063776499
-0.0025416214
0.0010298568
-0.0044977369
0.0054546277
-0.0084385112
0.0030590376
0.0014192322
-0.0033704847
0.0032206605
-0.0059952538
0.0078375997
0.0017959349
0.0018185035
0.00757978
0.0075017049
0.00097570277
-0.0077943694
0.00127995
0.0012037263
-0.0076497726
0.0060709733
0.007072931
-0.0014755504
-0.0057087343
-0.00034664644
0.0048447885
0.0056868364
7.2206039e-05
0.0046579089
0.001489406
0.0066368446
0.0079744367
0.0033249768
0.0010553151
0.00072024984
-0.0062509583
0.0036408881
-0.00013918906
-0.0028407744
0.00057566181
-0.0055618086
0.0025846659
0.0029771427
-0.00059421389
0.0057880864
0.0015276377
-0.00032590199
-0.0047330501
-0.0053902605
0.0078453074
-0.0053390376
-0.0035735304
-0.0015640133
0.003158795
0.0037873492
-0.005362651
-0.0035147413
0.00033770437
0.001710748
-0.0048719082
0.00066544691
-0.0012898841
0.0042357372
0.00014834284
-0.0032278318
-0.0016440764
0.0061616373
0.0024603148
0.0077708876
0.0085936759
-0.0036108453
-0.0050179233
-0.0067339527
0.0010071958
-0.0045564676
2.947607e-05
-0.0023531813
-0.0065170063
0.0088701875
-0.00094661912
-0.0014106263
-0.0083646794
0.0044734436
-0.0086673995
0.0049879237
-0.0014395567
-0.0098569719
0.0050497773
-0.0070970104
-0.0016155576
-0.005557966
-0.0014780464
-0.0027563901
0.0047925202
0.00257925
-0.0056500601
0.0024552856
0.0028178126
-0.0067437331
-0.00064605352
-0.0016716778
-0.00050405888
0.0013529595
-0.0018829399
0.0051101392
-0.004371763
0.0022527857
-0.0025724692
-0.00057742564
-0.0079982988
-0.00044021232
-0.00758379
0.0050323671
-0.00024865988
0.0012298455
0.00085827886
0.0026606161
-0.0017851688
-0.00087544732
0.0026680175
0.0034763434
-0.0061443609
-0.0028795205
0.0036618814
0.0044849512
0.0019349213
-0.00042885274
-0.0053830261
0.0080479962
-0.0023938275
-0.0056541687
0.0017678387
-0.00048788862
0.0044069066
0.00050868958
0.0085896513
-0.00088618378
-0.0029751335
0.0067372698
0.0032627302
0.0029742063
-0.0014440197
-0.0049396112
-0.0011214169
0.0046156674
0.0071444164
-0.0075294238
-0.0067943584
-0.0034598145
-0.002323575
0.004902825
-0.0029824415
0.002298231
-0.0048500785
-0.005432189
-0.0014176363
0.00045370804
0.0046227158
-0.00012238285
0.0077746399
-0.0059986034
0.00080045649
0.0056647481
-0.0089221092
0.0022057777
0.0067163316
-0.0058199928
0.0025687662
0.0032512266
0.0044887865
0.0031787572
-0.0030980829
-0.00011968754
-0.0013317428
-0.007249551
0.0052454644
0.00052940879
0.0011336426
-0.0016288458
-0.0016314516
0.00056552459
0.00092324772
-0.010228924
0.00039653373
-0.0041304608
-0.0025105327
0.0040120737
-0.0022545385
-0.0038844206
0.0026012113
-0.0061616373
0.0054385832
0.0015138963
-0.0021417705
-0.0051286848
-0.0035721742
0.0025845464
-0.0072436473
0.0019701917
0.0054427542
-0.0025391548
-0.00094507433
0.0013706462
-0.0056833326
0.00034996004
0.0054509743
-0.0023674288
0.0068785821
-0.00067244609
-0.00098257365
-0.0034308553
-0.0040792667
0.0014866764
-0.0033650743
-0.0020835504
0.0054486247
-0.0080045353
0.0024141566
-0.00058629543
-0.0013299384
0.0020794318
0.001494759
-0.0011570547
-0.001322395
0.0051097442
-0.0040090046
-7.199494e-05
-0.0011587485
-0.0032357109
0.0056833326
-0.0079688228
-0.006670335
0.00037488001
-0.0017807214
-7.373594e-05
-0.0039345499
-0.0069429664
0.0061841954
0.0006849867
-0.0050603888
0.0074279053
-0.0047755064
-0.0026523989
0.0013982322
0.0012284985
-0.001874552
-0.0017574306
0.007051917
-0.00077323843
-0.0064283494
0.0071400831
-0.00071173365
-0.0049820767
0.002626733
-7.7064016e-05
-0.0038856258
-0.0035002727
-0.0018352437
-0.0043374573
-0.00049031628
-0.0064235688
-0.0098509797
0.0058535001
0.0073028951
-0.0055955189
0.007671687
-0.00052416238
0.0027940063
-0.0013956603
-0.0013983459
0.0063376581
-0.0010921937
-0.0042807702
0.0016275772
-0.00080342518
-0.002027181
0.0048180898
0.0038936201
0.0042541077
-0.0011417903
-0.0016295152
-0.0063971529
-0.0014572905
-0.0020306128
0.00096298189
-0.0027492979
-0.0051485519
-0.0044279018
0.0048244355
0.0037082027
0.0014384026
0.0018838917
-0.003015519
0.0053322045
0.00087640538
0.0013020863
-0.0019617783
0.0039200973
-0.0019043032
-0.0009004881
-0.0024289885
-0.0062801199
0.0061010923
-0.0033534596
0.0035643974
-0.002788784
0.0020329398
-0.0013976726
-0.0031214122
0.00074831788
-0.00054153466
0.0060034776
-0.005461943
0.0044835231
-0.0059778337
-0.0016359277
-0.0063776499
-0.0020195755
0.00061555631
0.0040793917
-0.001225752
-0.0069979414
0.0070172778
-0.0025460091
0.0053806819
0.00086111479
0.00076646237
-1.7474078e-07
-0.0069037625
-0.00014101963
0.0038009827
-0.002640147
0.0044044811
-0.00055871357
-0.00028559208
0.00074585442
-0.0038078813
1.7013799e-05
0.002221495
-0.0078055224
0.00051707109
0.0072884513
-0.0027036323
-0.0026501226
0.0041171354
0.003692238
-0.0017716359
-0.0018092034
-0.0023124271
0.003275409
9.1596307e-05
-0.0034111541
0.0040430711
0.0069211288
-0.0069211288
0.0055223302
-0.0015027992
-0.004019531
-0.0021028966
-0.0050797812
0.0021755126
0.00071597482
-0.0042176569
0.0019052298
-0.0057502758
-0.0069080213
-0.0013120329
-0.0018988771
0.0026882751
0.0059288775
-0.0054070149
0.0030834399
0.0055706345
0.0065259036
-0.0021507226
-0.0021433718
-0.0050849016
0.0018074208
0.0065257289
-0.00085147168
0.0055725922
0.008394502
0.0081253205
9.6251685e-05
-0.0033443974
0.00058800729
0.0042785347
-0.002721237
0.00097689618
0.0017443408
-0.0031193649
-0.003421277
-0.0020445332
0.0012463979
0.00074085005
-0.00033473588
-0.0045811607
0.0062866977
0.00054699016
-0.0014791165
0.00093212639
0.0031203448
0.0031730348
0.0032912447
0.0013244227
0.006311383
-0.0034074788
0.0053973641
-0.0028285979
-0.00016499076
-0.0074381999
0.0080153658
-0.0021618658
-0.0044359108
-0.0030621279
0.0015154086
0.00058938525
0.0022166718
-0.0035580762
0.0022894098
0.0023132192
-0.006263595
0.0015603119
0.003685036
-0.0060570882
-0.005693548
0.0059572399
-0.0023581002
-0.0055179679
-0.00067618749
0.0058363269
0.00020849516
0.00051738475
-0.0042857276
-0.0027921759
-0.0041158454
-0.00059714118
-0.00093661704
-0.0031595922
0.0065889585
-0.0040484544
0.0067428279
-0.0052980364
0.0010611554
-0.006437551
0.0011858491
-0.0076455153
-0.00080322557
-0.0014668448
0.0072108434
-0.0034990728
-0.00063845479
-0.006194296
5.3760598e-05
-0.0056332421
-0.0045695269
-0.0018952438
0.0050704202
-0.0010964559
0.0072293172
0.0080286054
0.0010565451
0.00040213182
-0.0053065571
-0.0055271488
0.0055271488
-0.0064734108
0.00070179024
0.00056401322
0.001340205
2.8126421e-05
-0.0063825039
0.0063825039
0.0034082446
0.0007744303
0.0058363269
0.0060481793
-0.0032362867
-0.0015074167
-0.0027056112
0.0073834227
-0.0046778115
0.0027819181
8.8380876e-05
-0.0028702989
0.0024050629
-0.0014281668
-0.0056397684
0.0056397684
0.00070125123
-0.0053608231
-0.0023749501
-0.0050670271
-0.0050215625
0.0055265639
-0.0048253127
-0.0049784375
-0.0051746873
-0.0024445745
0.0011466899
-0.0050266412
0.0052664286
0.0046391769
0.0039151888
-0.00035079144
-0.0016048163
0.00070419279
0.0050215625
-0.0051746873
-0.0045031799
0.0063018827
-0.0063018827
0.0029561665
-0.0021767841
-0.0011982636
-0.001609997
-0.0037970179
0.0055912301
-0.0063137852
-0.0011475252
-0.0076431765
0.0031885651
0.0044546114
-0.0043290554
-0.00067131273
0.0016790557
-0.0013639755
-0.0047963179
-0.0037501981
0.0070730595
0.0055594932
-0.00078493223
0.0016098446
0.0042723898
-0.0020891053
-0.0032789972
0.0022418115
0.0040849068
0.0040743476
0.0046777935
-0.0010249713
0.0025305847
-0.0069603125
-0.0042449527
0.0061435487
-0.0015660748
-0.0072629127
0.0041033205
0.0025793055
-0.0034892759
-0.0042737776
-0.0011947673
-0.00028351152
0.000773317
0.0025671954
-0.00051280062
0.0022070281
-0.0020281401
-0.00051348124
0.0035830363
-0.00015848397
0.00071887875
-0.0017338692
0.0078017433
0.0040082323
-0.0068004082
-0.0048182588
-0.0014955264
0.0087955755
-0.0048948785
-0.00426062
0.0051284302
-0.0056667183
0.0050108916
0.0043013043
0.0042780004
-0.0051294721
0.0035335026
-7.227523e-05
0.00080566876
5.5542303e-06
-0.0002499296
-0.0011091362
0.00083746937
-0.00010729691
0.0041672065
0.0014174999
0.004471172
-0.0071767831
-0.0067129834
0.0043934255
0.002319558
0.0037894788
0.0014492574
0.0034063305
-0.0068679622
-0.00052013829
-0.0030171675
-0.0038507946
0.0053844695
-0.0019715497
-0.0031392263
0.0035652847
-0.00049694177
0.00049205926
-0.0069036894
0.0022258779
0.0015464089
0.0020240871
-0.0032764786
0.00047769857
0.00028142255
-0.0045349734
0.00079962534
-0.0042768218
0.0088219886
-0.002009507
0.0021057587
0.00072077456
-0.0042933011
-0.0039517314
0.006490508
5.9092514e-05
-0.0043328702
-0.0025043315
-0.0057130871
-0.0076074988
0.0042879799
-0.0053388687
0.0049629598
0.00062114198
0.0012000179
0.0006184051
0.0038126066
-0.00013150769
-0.0056923801
0.0074791114
-0.0074686883
-0.00062681507
-0.0010046365
-0.0030153153
0.0032313329
-0.00048726181
0.0072969955
-0.0022966869
0.0069439699
0.002970391
-0.0031058217
-0.002800369
-0.0016313546
-0.00074161884
0.0014645073
-0.00072288843
0.0043603279
0.00027343849
-0.0029411561
0.00045141053
0.0068280831
-0.0072794937
-0.0064950219
-0.0033880605
-0.0024048522
0.0023694332
-0.0011671299
0.0060700871
0.0011349244
0.0024811657
0.0049554943
-0.00027770082
-0.0038798354
-0.0010733871
-0.00043217464
-0.0029240055
0.0020140152
0.0043136222
-0.0053039214
0.0039570428
0.0024308493
0.0024139392
-0.0030098606
0.0038650721
-0.0057474978
-0.0048317811
-0.0017513516
-0.0016705927
-0.0014088741
-0.002697774
0.0027800401
-8.2266064e-05
0.0038058936
0.00090363128
-0.001574944
-0.0034872092
-0.00049906631
0.0054130047
-0.00057435054
-0.0039823823
-0.0038065209
0.0060934518
-0.0016539527
0.005289003
-0.0036785012
0.0015017172
-0.0058832408
0.0059865816
-6.8200157e-05
0.006593929
-0.0073069165
0.0045065475
-0.003595126
0.0021896344
-0.0023267787
-0.0048908597
0.0043954423
-0.0066254641
0.0043484533
-0.0026251712
-0.0069853539
0.0053502876
-0.0064260719
-0.00067159187
-0.001080735
-0.0044536322
-0.0022320386
0.0016954187
-0.0010576158
-0.00077073394
0.0018272791
0.002256672
-0.00024618637
0.0063396382
0.0056838494
-0.0029506457
0.0033604405
-0.0030104804
0.0053410137
-0.00035106279
-0.0033100689
0.0016713374
0.0011005457
0.00059076067
0.0031345367
0.0020736493
-0.0019457929
0.0035492258
0.0007991434
-0.0017970278
0.0012577632
-0.0013914701
-0.00088843769
-0.00010480714
0.0019952338
0.0031152876
-0.00042380144
0.0028374407
-0.0060303169
0.0050618833
0.00092469827
0.0065070512
0.0047900268
0.0015795273
-0.0049640167
0.0033844895
-0.0058147565
0.0043192301
0.0018490595
0.0049796592
-0.0046982367
0.0054001062
0.00048582253
-0.0026320142
-0.00062705456
0.0052226861
-0.0028523051
-0.0047529029
0.0051681501
0.0019881879
0.00029973607
0.0047561761
-0.00085379933
-0.0015980475
0.0059465008
1.6740408e-05
0.001164582
0.0027807523
-0.0070410734
0.0048090347
0.0048481515
0.0066251506
0.00064281761
0.00082168966
-0.0055742267
0.00058070357
-6.7588716e-05
0.00089010623
0.0026392318
-0.0039361832
0.0026069015
0.00064720332
0.0024028026
0.0028098112
-0.0033329855
0.0020534189
-0.0011919361
-9.2379873e-05
-0.0067420553
0.0024005289
-0.0028995952
0.0022658917
-0.00024180459
-0.0043779909
0.0062068743
-0.0023113274
-0.0044784753
4.5710291e-05
0.0065865417
-0.004813402
0.0015958351
-0.00073472034
-0.0062145135
0.0085480109
-0.0007329553
-0.0077043047
0.00061677228
-0.0016156062
0.00069650337
-0.0070207672
-0.00019977639
0.0011495354
-0.0002714795
0.0012666546
0.00079564695
9.4459285e-05
-0.00066159904
0.00058436644
0.0028524821
2.8565957e-05
-0.0012205021
-0.00059184471
0.001069604
-0.0040849193
-0.00075653102
-0.0026088973
-0.0016302773
0.0064474018
-0.0033116023
0.0014400948
-0.0017365084
0.0012958712
0.00021513615
0.0045288024
-0.0017695102
0.0037617299
-0.0022500059
0.0018152851
0.0017580136
-0.0053206905
-0.00099734963
0.0062630585
0.0008940001
-0.0055643609
-0.0022672011
0.005837398
-0.00069648208
-0.0052060053
0.0020676508
0.00069256709
-0.00076621822
-0.0011370541
0.0060127771
0.0020104841
-0.0019367783
0.00068428609
-0.0040185107
0.0047139574
0.0068042686
0.0036392182
-0.002595738
-0.0027788258
0.0038651665
-0.0060866616
-0.0027417371
0.00089483169
-0.0050726603
0.00099122068
-0.0050097314
0.00079988573
0.0013204549
0.0025966071
0.0054439913
0.0014959062
0.0031020612
0.0025673888
0.00010587251
0.00083412195
-0.0027015371
0.0017686795
0.0009917954
)
;

boundaryField
{
    back
    {
        type            empty;
    }
    out
    {
        type            calculated;
        value           nonuniform List<scalar> 
20
(
0.009992284
0.010017085
0.0099881365
0.0099991276
0.010011457
0.010012883
0.010003251
0.0099977839
0.00998692
0.009982475
0.010002905
0.0099837047
0.010015518
0.010016787
0.0099811953
0.0099931071
0.010015523
0.01000879
0.010007596
0.0099834727
)
;
    }
    bottom
    {
        type            calculated;
        value           uniform 0;
    }
    in
    {
        type            calculated;
        value           nonuniform List<scalar> 
20
(
-0.01
-0.01
-0.01
-0.01
-0.01
-0.01
-0.01
-0.01
-0.01
-0.01
-0.01
-0.01
-0.01
-0.01
-0.01
-0.01
-0.01
-0.01
-0.01
-0.01
)
;
    }
    top
    {
        type            calculated;
        value           uniform 0;
    }
    wall
    {
        type            calculated;
        value           uniform 0;
    }
    front
    {
        type            empty;
    }
}


// ************************************************************************* //
