/*--------------------------------*- C++ -*----------------------------------*\
| =========                 |                                                 |
| \\      /  F ield         | foam-extend: Open Source CFD                    |
|  \\    /   O peration     | Version:     4.1                                |
|   \\  /    A nd           | Web:         http://www.foam-extend.org         |
|    \\/     M anipulation  |                                                 |
\*---------------------------------------------------------------------------*/
FoamFile
{
    version     2.0;
    format      ascii;
    class       surfaceScalarField;
    location    "0.7";
    object      phi;
}
// * * * * * * * * * * * * * * * * * * * * * * * * * * * * * * * * * * * * * //

dimensions      [0 3 -1 0 0 0 0];

internalField   nonuniform List<scalar> 
6703
(
-0.0042206343
0.021918036
-0.017697402
-0.007997588
0.026981101
-0.023204147
-0.01157923
0.032388973
-0.028807331
-0.015774409
0.038476318
-0.034281138
-0.020592856
0.045608519
-0.040790072
-0.026098266
0.053961662
-0.048456252
-0.032357449
0.063718372
-0.05745919
-0.039441245
0.075088364
-0.068004567
-0.047434292
0.088302246
-0.0803092
-0.056440345
0.10361743
-0.09461138
-0.066585514
0.1213252
-0.11118003
-0.078020446
0.14176116
-0.13032623
-0.090921007
0.16532961
-0.15242905
-0.10550364
0.19255762
-0.17797499
-0.1220269
0.22418725
-0.20766399
0.26122083
-0.24278381
-0.14046392
-0.0030621057
0.024980142
-0.0061274749
0.03004647
-0.0091442316
0.035405729
-0.012702579
0.042034666
-0.016855078
0.049761018
-0.021717489
0.058824073
-0.027408762
0.069409644
-0.03405866
0.081738262
-0.041813306
0.096056893
-0.050840446
0.11264457
-0.061338472
0.13182323
-0.073550421
0.15397311
-0.087778755
0.17955794
-0.1043848
0.20916367
-0.12373762
0.24354006
0.28355505
-0.14607184
-0.0011490453
0.026129187
-0.0029825536
0.031879978
-0.0050881997
0.037511376
-0.0076142659
0.044560732
-0.010610558
0.052757309
-0.014167865
0.062381381
-0.018381424
0.073623203
-0.023362238
0.086719076
-0.029237171
0.10193183
-0.036150819
0.11955822
-0.044268657
0.13994106
-0.053783016
0.16348747
-0.064923079
0.190698
-0.077964127
0.22220472
-0.093210487
0.25878642
0.30131311
-0.11096855
-0.00043486991
0.026564057
-0.0016067085
0.033051817
-0.0028433729
0.03874804
-0.0043745545
0.046091913
-0.006207867
0.054590622
-0.0084126992
0.064586213
-0.011054649
0.076265152
-0.014213591
0.089878018
-0.017981543
0.10569978
-0.022464549
0.12404123
-0.027784418
0.14526093
-0.034080232
0.16978328
-0.041508466
0.19812624
-0.05023672
0.23093298
-0.060408171
0.26895788
0.31284958
-0.071944644
0.00020323463
0.026360822
-0.00038177618
0.033636828
-0.00083011589
0.03919638
-0.0014485041
0.046710301
-0.0021825151
0.055324633
-0.003079217
0.065482915
-0.004168703
0.077354638
-0.0054945441
0.091203859
-0.0071078513
0.10731309
-0.0090700147
0.12600339
-0.011454015
0.14764493
-0.014345734
0.172675
-0.017844402
0.20162491
-0.022060623
0.2351492
-0.027113805
0.27401106
0.31916512
-0.033429348
0.00086933396
0.025491487
0.00094549469
0.033560668
0.0012711676
0.038870707
0.0015748525
0.046406616
0.001945082
0.054954403
0.0023618327
0.065066164
0.0028299199
0.076886551
0.003344135
0.090689644
0.0038965076
0.10676071
0.0044726683
0.12542723
0.005050608
0.14706699
0.005598991
0.17212662
0.0060755284
0.20114837
0.0064241369
0.23480059
0.0065989838
0.27383621
0.31921954
0.0065445675
0.0015701555
0.02392133
0.0024133932
0.032717431
0.0035215381
0.037762563
0.0047891395
0.045139014
0.0062853159
0.053458227
0.0080338535
0.063317626
0.010069652
0.074850753
0.012427507
0.088331788
0.015142459
0.10404576
0.018247554
0.12232213
0.021772491
0.14354206
0.02574257
0.16815654
0.030179071
0.19671187
0.035097935
0.22988172
0.040522798
0.26841135
0.31338992
0.046352415
0.0022814498
0.021639878
0.0039740229
0.031024859
0.0058557644
0.035880823
0.008092084
0.042902694
0.01071417
0.05083614
0.013797014
0.060234782
0.017402753
0.071245013
0.021603657
0.084130884
0.026474442
0.099174974
0.032091935
0.11670464
0.038533533
0.13710046
0.045876091
0.16081398
0.054195429
0.18839253
0.063559967
0.22051719
0.074020538
0.25795078
0.30187915
0.085531315
0.0030505339
0.018589343
0.00574644
0.028328953
0.0084552833
0.033171981
0.011664787
0.039693191
0.015402322
0.047098605
0.019794628
0.055842476
0.02493514
0.066104501
0.030930533
0.078135491
0.037892588
0.092212919
0.045938984
0.10865824
0.055193032
0.12784641
0.065785248
0.15022177
0.077858864
0.17631891
0.091578374
0.20679768
0.10713767
0.24239148
0.28425147
0.12476535
0.0041121457
0.014477195
0.0080273769
0.024413721
0.011761738
0.029437621
0.016020674
0.035434256
0.020891894
0.042227384
0.026554835
0.050179534
0.033148253
0.059511082
0.040815494
0.070468249
0.049704502
0.08332391
0.059970399
0.098392344
0.07177734
0.11603947
0.085303783
0.13669532
0.1007564
0.1608663
0.11840178
0.18915229
0.1386251
0.22216816
0.26068297
0.1621936
0.0044930099
0.0099841844
0.010603702
0.018303027
0.01639151
0.023649813
0.022244151
0.029581616
0.0284672
0.036004335
0.03540734
0.043239394
0.043320939
0.051597483
0.052424439
0.061364749
0.062918946
0.072829403
0.074999217
0.086312073
0.088856763
0.10218192
0.10468478
0.12086731
0.12268756
0.14286352
0.14309321
0.16874664
0.16612611
0.19913526
0.23448593
0.19232315
0.0079267493
0.0020574359
0.015400574
0.010829201
0.021561322
0.017489065
0.027743822
0.023399117
0.034427596
0.029320562
0.041861713
0.035805278
0.05023241
0.043226786
0.059690606
0.051906553
0.070341347
0.062178662
0.082239713
0.074413707
0.095393915
0.089027721
0.1097761
0.10648512
0.12534377
0.12729586
0.14206898
0.15202143
0.15986603
0.18133821
0.21560918
0.17874279
-0.00029232508
-0.017754627
0.018046952
-0.0022598734
-0.021269553
0.023237102
-0.0059021583
-0.025310184
0.028952469
-0.010155771
-0.030080153
0.034333765
-0.015192858
-0.035678438
0.040715525
-0.021138763
-0.042230252
0.048176158
-0.028128898
-0.049873886
0.05686402
-0.036314165
-0.058760574
0.066945842
-0.04584254
-0.06905595
0.078584325
-0.056851782
-0.080941558
0.0919508
-0.0694667
-0.094617926
0.10723284
-0.083796378
-0.11031144
0.12464111
-0.099941847
-0.12828753
0.144433
-0.11805321
-0.14885954
0.16697091
-0.13851271
-0.17236304
0.19282253
-0.19924965
0.22312531
-0.16238838
-0.0027258161
-0.015028811
-0.0061842649
-0.017811104
-0.010396952
-0.021097497
-0.01549058
-0.024986525
-0.021605097
-0.029563922
-0.028905215
-0.034930134
-0.037581539
-0.041197562
-0.047852363
-0.04848975
-0.059966876
-0.056941437
-0.074208826
-0.066699609
-0.090900367
-0.077926385
-0.11040685
-0.090804951
-0.13314489
-0.10554949
-0.15958469
-0.12241974
-0.19019172
-0.14175601
-0.16405225
-0.22538912
-0.0032033916
-0.01182542
-0.0071161575
-0.013898339
-0.011808643
-0.016405012
-0.017417347
-0.01937782
-0.024102671
-0.022878598
-0.032051144
-0.026981661
-0.041477483
-0.031771223
-0.05262673
-0.037340503
-0.065776609
-0.043791557
-0.08124045
-0.051235768
-0.099371493
-0.059795342
-0.12056982
-0.069606624
-0.14529268
-0.080826624
-0.17406961
-0.093642817
-0.20755598
-0.10826963
-0.12488724
-0.24672099
-0.003294495
-0.008530925
-0.0073902532
-0.0098025803
-0.012358818
-0.011436447
-0.01833026
-0.013406379
-0.025468757
-0.015740101
-0.033968152
-0.018482265
-0.044051818
-0.021687557
-0.055973513
-0.025418808
-0.070018516
-0.029746555
-0.086504985
-0.034749299
-0.10578605
-0.040514277
-0.12825462
-0.047138051
-0.1543546
-0.05472665
-0.18459427
-0.063403145
-0.21949356
-0.073370347
-0.085066239
-0.25931455
-0.0036228869
-0.0049080382
-0.0080246564
-0.0054008108
-0.013292373
-0.006168731
-0.01958379
-0.0071149614
-0.027085706
-0.0082381848
-0.036012435
-0.009555536
-0.046607626
-0.011092366
-0.059146254
-0.01288018
-0.073936616
-0.014956193
-0.091322966
-0.017362949
-0.11168857
-0.020148673
-0.13546088
-0.02336574
-0.16311433
-0.027073202
-0.19519292
-0.031324553
-0.23250493
-0.03605834
-0.040872915
-0.27669825
-0.0011487351
0.026139844
-0.024991108
-0.002982462
0.031895458
-0.030061732
-0.0050882231
0.037532197
-0.035426436
-0.0076142953
0.044589624
-0.042063552
-0.010610308
0.052798284
-0.049802272
-0.014166594
0.062438434
-0.058882148
-0.018377674
0.073700084
-0.069489004
-0.023353442
0.086817693
-0.081841925
-0.029219333
0.10204979
-0.0961839
-0.036118605
0.11968569
-0.11278642
-0.044216767
0.14005832
-0.13196016
-0.053709861
0.16356697
-0.15407387
-0.06483642
0.19071627
-0.17958971
-0.077883327
0.22216596
-0.20911905
-0.093151367
0.25874293
-0.24347489
0.30132939
-0.2836068
-0.11087396
-0.004870159
-3.7879252e-05
-0.010233727
-3.7242638e-05
-0.016365456
-3.7001784e-05
-0.02344433
-3.608797e-05
-0.031648647
-3.3867229e-05
-0.041174365
-2.9818567e-05
-0.052243214
-2.3516615e-05
-0.065108666
-1.472767e-05
-0.080061276
-3.5838271e-06
-0.09743343
9.2061005e-06
-0.11760432
2.2215176e-05
-0.14100348
3.3426248e-05
-0.16811711
4.0426496e-05
-0.19948121
3.954627e-05
-0.23556084
2.1287141e-05
-3.6269522e-05
-0.27639748
-0.0049670729
0.0049291937
-0.010414194
0.005409878
-0.016631381
0.0061801861
-0.023800429
0.0071329599
-0.032099574
0.0082652777
-0.041722973
0.0095935806
-0.052888919
0.011142429
-0.065845741
0.012942093
-0.080877217
0.015027892
-0.098307666
0.017439656
-0.11850743
0.020221981
-0.14189632
0.023422315
-0.1689472
0.027091305
-0.20017415
0.031266499
-0.23603418
0.035881313
0.040658791
-0.27672924
-0.0036415067
0.0085707005
-0.008082375
0.0098507462
-0.013397411
0.011495222
-0.019741279
0.013476828
-0.02729855
0.015822549
-0.036281048
0.018576079
-0.046929324
0.021790705
-0.05951445
0.02552722
-0.074339793
0.029853235
-0.09174324
0.034843103
-0.11209951
0.040578246
-0.13582474
0.047147546
-0.16338127
0.054647837
-0.19530224
0.063187473
-0.23233991
0.072918982
0.084137992
-0.27581911
-0.0032857662
0.011856467
-0.0073732237
0.013938204
-0.012332045
0.016454043
-0.018290192
0.019434975
-0.025409527
0.022941884
-0.033881002
0.027047554
-0.043924204
0.031833907
-0.055787928
0.037390944
-0.069751123
0.04381643
-0.086124344
0.051216325
-0.10525257
0.059706471
-0.127522
0.069416983
-0.15337675
0.080502585
-0.18334775
0.09315847
-0.21802558
0.10759681
0.12386194
-0.25774952
-0.0031823869
0.015038854
-0.0070696524
0.017825469
-0.011730479
0.021114869
-0.017299714
0.02500421
-0.023935793
0.029577963
-0.031822824
0.034934584
-0.041172649
0.041183732
-0.052227157
0.048445452
-0.065261213
0.056850486
-0.080587027
0.066542138
-0.098561617
0.077681061
-0.11959933
0.090454699
-0.14418798
0.10509124
-0.17290941
0.12187989
-0.20657772
0.14126512
0.16423443
-0.24695021
-0.0027139976
0.017752852
-0.0061569818
0.021268453
-0.010349895
0.025307783
-0.015418891
0.030073205
-0.021503454
0.035662526
-0.028768125
0.042199255
-0.037404073
0.04981968
-0.047631775
0.058673154
-0.059705758
0.068924469
-0.073920909
0.080757289
-0.090620519
0.09438067
-0.11020754
0.11004172
-0.13316461
0.1280483
-0.16007734
0.14879263
-0.1915251
0.17271289
0.20014113
-0.2274318
-0.00027561158
0.018028464
-0.0022330076
0.023225849
-0.0058696084
0.028944384
-0.010115855
0.034319452
-0.015145225
0.040691896
-0.021083852
0.048137882
-0.028068513
0.056804341
-0.036252527
0.066857168
-0.045788397
0.078460339
-0.056821044
0.091789936
-0.069485779
0.10704541
-0.083903773
0.12445972
-0.10017942
0.14432395
-0.11842068
0.16703389
-0.13884417
0.19313638
0.22344984
-0.16215288
0.0079288202
-0.0099747939
0.0020459806
0.015407059
-0.018298463
0.01082021
0.021572354
-0.023649759
0.017484462
0.027757803
-0.029585876
0.023400427
0.034443212
-0.036015078
0.029329666
0.041877419
-0.043259135
0.035824928
0.05024589
-0.051629143
0.043260671
0.0596981
-0.061410863
0.051958651
0.070336675
-0.072890495
0.062251919
0.082212901
-0.086383983
0.074507756
0.095329524
-0.10225216
0.089135535
0.10965125
-0.12091106
0.10658934
0.12512471
-0.1428401
0.12736663
0.14169239
-0.16859589
0.15202821
0.1591838
-0.1987324
0.18124099
-0.23379318
0.21473608
0.1782409
0.0044995739
-0.01447436
0.01061794
-0.024416838
0.016413455
-0.029445275
0.022274251
-0.035446671
0.028506301
-0.042247129
0.035456662
-0.050209496
0.043382006
-0.059554488
0.052498726
-0.070527583
0.063007473
-0.083399243
0.075102319
-0.09847883
0.088974834
-0.11612467
0.10482195
-0.13675818
0.12286302
-0.16088117
0.14337149
-0.18910435
0.166706
-0.22206691
-0.26077626
0.19368907
0.0041177379
-0.018592093
0.0080390472
-0.028338152
0.011779011
-0.03318524
0.016044294
-0.039711953
0.020923118
-0.047125952
0.026595156
-0.055881535
0.033199235
-0.066158566
0.040878369
-0.078206716
0.049779674
-0.092300548
0.060056919
-0.10875608
0.071872739
-0.12794049
0.085405044
-0.15029048
0.10086287
-0.176339
0.11851712
-0.2067586
0.13874397
-0.24229376
-0.284217
0.16218471
0.003053633
-0.021645725
0.0057531103
-0.031037629
0.0084653044
-0.035897436
0.011678949
-0.042925598
0.015421596
-0.050868598
0.019820068
-0.060280007
0.024967726
-0.071306224
0.030970795
-0.084209785
0.037940142
-0.099269894
0.045991993
-0.11680793
0.055248024
-0.13719653
0.065838159
-0.16088062
0.077908653
-0.18840949
0.091633187
-0.22048314
0.10722812
-0.25788869
-0.30194894
0.12496006
0.0022830157
-0.02392874
0.0039771457
-0.032731759
0.0058604689
-0.03778076
0.0080989138
-0.045164042
0.010723742
-0.053493426
0.013809953
-0.063366218
0.017419532
-0.074915803
0.021624296
-0.088414549
0.026498049
-0.10414365
0.032116157
-0.12242603
0.038554205
-0.14363457
0.045887689
-0.1682141
0.05419283
-0.19671463
0.063539714
-0.22983002
0.073981229
-0.26833021
-0.31339715
0.085429441
0.0015710864
-0.025499825
0.0024149099
-0.033575585
0.0035238355
-0.038889685
0.0047925621
-0.046432769
0.0062903029
-0.054991166
0.0080408797
-0.065116794
0.0100791
-0.076954024
0.012439463
-0.090774911
0.015156361
-0.10686055
0.018261793
-0.12553147
0.021784171
-0.14715695
0.025747952
-0.17217788
0.030175173
-0.20114185
0.035084809
-0.23473966
0.040510102
-0.2737555
-0.31921834
0.04633129
0.00087019247
-0.026370017
0.00094668207
-0.033652075
0.0012730305
-0.039216034
0.0015776925
-0.046737431
0.0019493456
-0.055362819
0.0023680916
-0.06553554
0.0028387835
-0.077424716
0.0033561712
-0.091292299
0.0039120447
-0.10741642
0.0044915566
-0.12611098
0.005072036
-0.14773743
0.0056216387
-0.17272749
0.0060983808
-0.2016186
0.0064484078
-0.23508968
0.0066327713
-0.27393986
-0.31915529
0.0065697201
0.00020402739
-0.026574044
-0.00038078729
-0.033067261
-0.00082842693
-0.038768394
-0.0014458102
-0.046120047
-0.0021782907
-0.054630339
-0.0030726878
-0.064641143
-0.0041588491
-0.076338554
-0.0054800334
-0.089971115
-0.007087081
-0.10580937
-0.0090412512
-0.12415681
-0.011415752
-0.14536293
-0.01429722
-0.16984602
-0.017785883
-0.19812993
-0.021991463
-0.2308841
-0.027026389
-0.26890494
-0.31285504
-0.033326634
-0.00043420021
-0.0016060037
-0.0028422001
-0.0043726231
-0.0062046775
-0.0084073871
-0.011045857
-0.014199279
-0.017958859
-0.022429979
-0.02773459
-0.034013643
-0.041427307
-0.050145453
-0.060307462
-0.071833116
-0.0030583492
-0.021932759
-0.0061239491
-0.026996132
-0.0091432967
-0.032407088
-0.012704209
-0.03850264
-0.016859541
-0.04564694
-0.021724524
-0.054017164
-0.027417035
-0.063796493
-0.034064903
-0.075194057
-0.041811336
-0.088437467
-0.050820512
-0.10377724
-0.06128852
-0.12149215
-0.073462005
-0.14190039
-0.087660126
-0.16539159
-0.10427775
-0.19250143
-0.12373176
-0.22402087
-0.26099821
-0.14634034
-0.0042161571
-0.017716601
-0.0079973287
-0.02321496
-0.011588362
-0.028816055
-0.015794924
-0.034296078
-0.020627264
-0.040814601
-0.02614865
-0.048495777
-0.032424624
-0.057520519
-0.039523491
-0.06809519
-0.047525876
-0.080435082
-0.056530076
-0.094773039
-0.066657199
-0.11136502
-0.078059026
-0.13049856
-0.09092994
-0.15252067
-0.10553024
-0.17790113
-0.12212903
-0.20742209
-0.24261552
-0.14051172
0.004770162
-0.0030491379
-0.0017210251
0.015421115
6.5762513e-05
-0.010716716
0.027987333
0.0044757306
-0.017041953
0.041294095
0.009369232
-0.022675994
0.054366454
0.015249697
-0.028322055
0.067074575
0.0217266
-0.03443472
0.079427154
0.028988856
-0.041341435
0.0914758
0.037279468
-0.049328114
0.10332992
0.046829582
-0.0586837
0.11517226
0.057885121
-0.069727466
0.12724613
0.070748885
-0.082822746
0.13984759
0.085779721
-0.098381182
0.15334201
0.10336424
-0.11685866
0.16818041
0.12391867
-0.13875708
0.18487972
0.14793675
-0.16463605
0.17596204
-0.19509965
0.20401733
0.0022833612
-0.0053325081
0.0081101029
-0.0057609705
0.017111324
-0.0045254895
0.029223565
-0.0027430086
0.044738537
-0.00026527506
0.061991653
0.004473484
0.079979611
0.011000899
0.097947922
0.019311157
0.11582407
0.028953438
0.13379554
0.039913644
0.15202594
0.052518487
0.1708537
0.066951961
0.19090954
0.083308405
0.21319962
0.10162859
0.23905219
0.12208418
0.1449043
0.27010992
0.0001156512
-0.0054481667
0.0001473955
-0.0057927082
0.0020139841
-0.0063920776
0.0064600629
-0.007189087
0.014373667
-0.0081788795
0.02619534
-0.0073481884
0.042343472
-0.0051472328
0.063115873
-0.0014612425
0.086731782
0.0053375305
0.11111459
0.015530836
0.13481789
0.028815188
0.15808962
0.043680235
0.18165157
0.059746456
0.20672104
0.076559123
0.23464691
0.094158305
0.11255214
0.26699908
0.00034932589
-0.005797492
0.00070400248
-0.0061473843
0.0011402329
-0.006828307
0.0016322164
-0.0076810704
0.0021131416
-0.0086598048
0.0045084679
-0.0097435146
0.010249503
-0.010888267
0.020929162
-0.012140903
0.037446083
-0.011179392
0.059676435
-0.0066995159
0.084505637
0.0039859878
0.10471792
0.023467954
0.12975911
0.034705266
0.15818465
0.048133587
0.1905334
0.06180956
0.074639156
0.22844638
-0.00023240788
-0.0055650816
-0.00093714015
-0.0054426504
-0.0020437528
-0.0057216932
-0.0035806728
-0.0061441497
-0.0055930953
-0.0066473817
-0.0081353217
-0.007201288
-0.01124745
-0.0077761399
-0.01509058
-0.0082977713
-0.017590416
-0.008679558
-0.015393836
-0.0088961024
-0.001755676
-0.0096521725
0.020533873
0.0011784055
0.04340062
0.011838522
0.069813203
0.021721005
0.10174526
0.029877505
0.03575139
0.14063302
-0.0055479166
-1.7161968e-05
-0.010963956
-2.6609244e-05
-0.016647445
-3.8201885e-05
-0.02273937
-5.2222112e-05
-0.029317749
-6.9000255e-05
-0.036430174
-8.8861079e-05
-0.044094127
-0.00011218646
-0.052252164
-0.00013973376
-0.060758574
-0.00017314727
-0.069440768
-0.00021390771
-0.078829093
-0.00026385059
-0.077385039
-0.00026565055
-0.06532604
-0.00022047801
-0.043872812
0.00026777715
-0.016252763
0.0022574533
0.0088740141
0.010624611
-0.0056021321
0.0055849715
-0.011071696
0.0054429546
-0.016817489
0.00570759
-0.02298422
0.0061145076
-0.029651299
0.0065980776
-0.036863747
0.0071235856
-0.044628773
0.0076528397
-0.052866351
0.0080978458
-0.061393775
0.0083542783
-0.069967581
0.0083598986
-0.078668992
0.0084375629
-0.076929251
-0.0020053889
-0.064844649
-0.012305077
-0.042830567
-0.021746304
-0.010776209
-0.029796906
-0.035239745
0.03333755
-0.00023323762
0.005818206
-0.00095190974
0.0061616277
-0.002085789
0.0068414698
-0.0036665236
0.0076952423
-0.0057431484
0.0086747023
-0.0083735046
0.0097539414
-0.0115981
0.010877435
-0.015572155
0.012071899
-0.018136755
0.010918878
-0.015855921
0.0060790664
-0.0025814492
-0.0048369123
0.019073273
-0.023660113
0.042006952
-0.035238755
0.068931085
-0.048670434
0.10151018
-0.062376
-0.075504375
0.14177481
0.00034545208
0.005472747
0.00069481512
0.0058122681
0.0011255474
0.0064107386
0.0016133721
0.007207418
0.0020921987
0.0081958757
0.0044840328
0.0073621073
0.010214704
0.005146764
0.02086295
0.0014236538
0.037267534
-0.005485706
0.059201441
-0.015854841
0.083526172
-0.029161644
0.10387389
-0.044007836
0.1286528
-0.060017662
0.15672012
-0.076737755
0.18849115
-0.094147025
-0.11209038
0.22507715
0.00013291669
0.0053398269
0.00017702875
0.0057681576
0.0020572627
0.004530505
0.0065197625
0.0027449189
0.014453278
0.00026236101
0.026294523
-0.0044791383
0.042459794
-0.011018508
0.063239154
-0.019355708
0.086779222
-0.029025775
0.11094708
-0.040022701
0.13444601
-0.052660569
0.15754504
-0.067106872
0.18096795
-0.08344057
0.20592092
-0.10169072
0.23378591
-0.12201202
-0.14465966
0.26635519
0.0022850171
0.0030548115
0.0081056362
-5.2461421e-05
0.017098599
-0.0044624565
0.029203901
-0.0093603837
0.044714752
-0.015248492
0.061969748
-0.021734136
0.079959051
-0.02900781
0.09791702
-0.037313677
0.11577447
-0.046883228
0.13371287
-0.057961103
0.15189781
-0.070845508
0.17067627
-0.08588533
0.19068934
-0.10345364
0.21295215
-0.12395354
0.23880716
-0.14786703
-0.17557766
0.26972515
0.0047644481
-0.0017096307
0.01541935
-0.010707363
0.027994086
-0.017037191
0.04131055
-0.022676846
0.054392496
-0.028330436
0.067111766
-0.034453405
0.079478057
-0.041374099
0.091543199
-0.049378819
0.10341575
-0.058755778
0.11527615
-0.069821504
0.12736437
-0.082933727
0.13997444
-0.098495398
0.15347287
-0.11695207
0.16831973
-0.13880039
0.18506472
-0.16461201
-0.19516184
0.2046489
0.00035276375
-0.00033106145
0.00048981691
0.0005281305
0.00042995452
0.00011158486
-0.00054326379
-0.0016906621
-0.0035395229
-0.0063609665
-0.010495592
-0.016362103
-0.024467202
-0.035408302
-0.049935918
-0.069269885
0.00035249212
-0.00033035081
0.00048890622
0.0005265934
0.00042751737
0.00010789819
-0.00054860143
-0.0016979499
-0.003548707
-0.0063709463
-0.010503126
-0.016360573
-0.024448248
-0.035378473
-0.049978024
-0.069468227
0.00044919709
-0.00033634982
0.00089646785
0.0016200481
0.002619278
0.003990801
0.0058773722
0.0084572041
0.011953345
0.016639597
0.022841406
0.030935349
0.041349912
0.054577727
0.071206709
0.090780952
0.00044889511
-0.00033641076
0.00089600735
0.0016191305
0.0026176373
0.0039881954
0.0058735464
0.0084519863
0.011946948
0.016633189
0.022838164
0.030942103
0.041379298
0.054643647
0.071345802
0.091855331
0.24300398
-0.53632797
0.29332399
1.2754994
-1.3206355
0.045136128
0.18666574
-0.48445554
0.2977898
1.2754994
-0.33199077
0.050448741
0.28154203
-1.2669456
0.78712995
0.47981562
-0.16840743
0.66048595
-0.49207852
1.1647877
0.44040599
-1.6051937
1.2118217
0.30147259
-1.5132942
0.19143486
-0.26070474
-0.29297871
0.22351048
0.54419379
1.0046264
-1.5488202
-0.54170791
-0.57902418
1.1207321
-1.1497209
0.51057064
0.63915027
-0.25004394
0.60352823
-0.35348429
0.55175133
-0.038880552
-0.51287077
1.09962
-1.1396292
0.04000917
0.070846642
0.2599869
-0.33083354
0.17579532
-0.25545406
0.079658741
0.94117424
-0.34246433
-0.59870991
-0.1656241
-0.16636667
-1.1548283
0.61312043
-1.4218493
1.4085551
0.013294249
0.10903776
1.2784869
-1.3875246
0.0055268888
-0.84973688
0.84420999
0.69821403
0.21231875
-0.91053278
-0.60607747
-0.91243583
1.5185133
0.95731577
-0.31698288
-0.64033289
0.21701599
0.96488431
-1.1819003
-0.34563654
0.83838096
-0.49274442
1.0414529
-0.34323885
0.30417937
-0.21755012
-0.086629245
-0.027162767
1.2550266
-1.2278638
0.96357432
0.0030152547
-0.96658958
0.15716361
-0.91966758
0.76250397
1.326829
-1.1175434
-0.20928557
1.1286313
-1.1968371
0.068205844
-0.7202731
0.87743671
0.84017339
-0.48909909
-0.35107429
-1.2970295
0.25553268
1.0414968
0.38347069
-0.54986113
0.16639044
1.2852071
-0.56469493
-0.7205122
1.1647877
-0.34947786
0.84480066
-0.4953228
1.2118217
-0.1309168
0.56093545
-0.43001866
-0.28498995
1.0017843
-0.71679436
-1.4703564
0.62502345
0.84533294
-1.1647877
1.7485516
-0.58376393
-1.2118217
1.763815
-0.55199332
0.47860581
-0.083128817
-0.395477
-0.58683447
0.26242467
0.3244098
0.21620311
-0.40556961
0.1893665
0.14653994
0.17387605
-0.32041599
-0.47367676
0.85722634
-0.38354958
0.10134785
0.83026608
-0.93161393
0.14617887
-0.28679081
0.14061195
-0.82384939
0.52344962
0.30039977
-1.5781507
0.17200781
1.4061429
1.2903213
-0.45894334
-0.83137799
1.1967586
0.093562707
0.83026916
0.61424489
-1.444514
0.77733704
0.65381322
-1.4311503
-0.36875935
0.75626898
-0.38750963
0.10659426
-0.6028755
0.49628124
-0.99678752
1.0343709
-0.037583341
0.6659273
-1.2081576
0.54223033
0.71346524
0.26116097
-0.97462621
-0.155036
0.93003971
-0.77500371
-1.3821551
1.0971652
-0.35327536
0.92782806
-0.57455271
0.27971295
0.27203838
-0.62829157
0.57097246
0.057319102
0.74324185
0.95743854
-1.7006804
1.3396305
-1.238283
-0.10134756
0.078150669
-0.44729567
0.74713349
-0.29983782
0.98195033
-0.46712508
-0.51482525
1.4964922
-1.3485137
-0.14797848
1.1580066
-1.0279462
-0.13006034
0.44028973
-0.60068892
0.16039919
-0.34199774
0.13259054
0.2094072
0.20408365
-0.5497202
-1.8130218
1.2860975
0.52692438
0.3479735
0.75164651
0.37056617
-1.3668373
0.99627109
-0.67481677
1.1403625
-0.46554569
-0.15683125
-0.92994127
1.0867725
0.43634853
-0.32277616
-0.11357238
0.075634969
1.2639955
0.83742193
-0.0025970199
-0.83482491
-1.1951198
0.48846461
0.70665516
0.079529449
0.55003839
-0.62956784
0.47840097
0.36177241
0.66037424
0.36472242
-1.0250967
0.68868074
-0.26126512
-0.42741562
-0.72562559
-0.80806159
0.46254224
-0.2758765
-0.11592007
-0.23244727
0.34836734
-0.43442832
0.84923046
-0.41480215
-0.46809596
1.2113378
-0.86156526
1.1454219
-0.28385667
-0.9228959
-0.27222387
-0.010732531
1.1393638
1.2401176
-1.1594632
-0.080654426
-0.76317097
-0.38654995
-1.6839975
1.1131899
0.57080757
-1.8140573
1.317446
0.49661124
0.86303269
-0.38792849
-0.4751042
0.20688016
-0.55635802
0.30796549
-0.78164225
0.0067459115
0.63575064
-0.64249655
0.46899515
-0.62403115
-0.22131845
0.60478913
0.28388339
0.65729085
1.0032039
0.49328831
0.58119359
-0.57444768
0.4354375
1.0425354
-1.4779729
1.531411
-0.8786144
-0.65279657
-0.32957075
0.72139989
-0.39182915
-0.0095547594
0.22575787
0.30919493
-0.16265498
0.1300142
0.13669503
-0.26670923
1.6360348
-1.6631976
0.12901009
0.067959815
-0.1969699
0.17504083
-0.034407815
-1.1248439
1.2113653
-0.08652141
-0.31232234
0.20720777
0.10511457
0.59102274
-0.54936247
-0.041660266
-0.84421978
0.76990557
0.074314211
0.29060068
-0.14442181
-0.052235624
0.47837348
-0.42613786
-0.72528725
1.3292094
-0.60392215
0.44988118
0.83532595
1.1902707
-0.52434343
0.51394062
0.34909208
-0.53374984
0.40283304
0.99095875
-1.14779
-0.46455314
0.34863307
0.8456377
0.39447987
0.78917916
-1.6227405
0.83356135
0.46526371
0.25327162
-0.20282288
-0.46092057
0.70392455
1.1970091
-1.1970091
-0.33858714
-0.19316865
1.0305906
0.11892171
-0.56621739
-0.058674177
0.96265396
-0.90397978
-0.61146405
1.4417332
-0.63845175
1.4157888
1.2718663
-0.72911602
-0.54275028
0.62867497
0.4582289
-0.78779965
0.89849291
-1.1797524
0.28125953
0.88555002
-0.88002314
0.13660807
-0.067492448
-1.0289145
1.096407
1.4775201
0.2489099
-1.72643
-0.82916075
1.2645983
-0.62340135
0.70893266
-0.64262081
0.72805025
-0.057607496
0.71798174
0.01227531
0.55246323
-0.56473854
-0.86552538
-0.039209289
0.90473467
0.5412133
-1.2665006
-1.3538781
1.2952039
0.90033113
0.40757817
-1.3079093
-0.11051417
-0.52176644
0.63228062
-0.56564739
1.1098412
-0.91460368
0.34295849
0.5716452
0.57100955
-0.4914801
0.13630442
-0.79554814
0.65924372
0.99740252
-1.1091232
0.11172064
0.87606076
0.39580553
-1.5160817
0.79580863
0.074588147
1.0834184
0.96576358
0.73717166
-1.3432491
-0.14831754
0.58860727
-1.053724
0.83476956
0.21895443
-1.0785171
0.96800296
0.57471902
0.72531973
-1.3000388
0.9106206
0.017207466
-0.64646258
0.782767
-0.31079152
-0.74293248
-0.17453237
-0.33625117
0.51078354
0.45547434
-0.73803563
0.28256129
0.14887291
0.43804185
-0.58691476
-1.0166618
0.25933941
0.75732241
0.16077382
1.19767
-1.3584438
-0.94419519
-0.45676997
1.4009652
0.24723307
0.7100827
-0.25191202
-0.0010001797
0.2529122
-0.95231443
-0.18731475
1.1991666
-1.0901288
1.0951674
-0.097764917
-0.78594742
-0.44938385
1.2353313
-0.68253918
-0.29624581
0.97878499
-0.12043288
0.47634163
-0.35590875
-0.051826605
0.88659616
-0.43002273
-0.51979708
0.94981981
0.55850784
0.00469167
-0.56319951
-0.79419171
0.72514888
0.069042823
-0.99910947
0.55640862
0.44270085
-0.88787479
0.57708328
0.57448181
-1.153506
1.4775201
0.17574741
0.39312689
-0.56887429
1.4531565
-1.161843
-0.29131357
-1.0758502
1.1902843
-0.47681903
-0.8813396
-0.24350434
0.051163732
-0.84046926
0.78930553
-1.0748525
1.2356263
0.57498489
-1.118636
0.54365112
0.54806767
0.73981449
-1.2878822
-0.68117723
0.5347831
-0.70931547
0.34218721
-0.39442283
-1.1676842
-0.51631334
1.044464
-0.11442427
1.0818235
-0.8935608
-0.1882627
0.87397181
0.71947135
-1.5934432
0.20586002
-0.69495911
-0.0089121509
0.18974101
-0.18082885
-0.41502141
0.59076882
-0.51235364
1.3863254
-1.3783856
1.3656756
0.012710001
-0.13971659
0.61809008
0.030723263
-0.28263528
0.37708809
-0.38868577
0.01159768
0.29199501
-1.3892469
1.0972519
-0.46544825
-0.035259872
0.50070812
-0.1385598
-0.7016675
0.8402273
0.61863793
0.29198267
0.25370092
1.0992188
-1.3529197
-0.62190518
0.28565401
1.0298546
0.23141178
-1.2612664
0.02927992
1.1683901
0.58069447
0.46075842
1.325549
-0.2622444
-1.0633046
-0.50268035
-0.12561122
-1.1672367
0.38152617
0.7857105
0.11488753
-0.5886059
0.47371836
-0.82032057
0.81667793
0.0036426464
-0.19200007
1.1555744
1.1640846
-1.7319757
0.56789108
0.63020307
0.3173814
-0.94758447
-0.4523013
-0.042092115
0.49439341
-0.13131524
-0.35875531
0.49007054
0.44050257
0.081006311
1.3721502
-0.47439953
1.0493844
0.36350088
-0.18770556
0.90487056
0.23258062
-1.1374512
0.46654305
-0.45426774
-0.82946916
0.39944642
1.5055062
-0.12508559
1.2689392
-1.1438536
0.11783233
-1.2353757
-1.4388184
0.81236086
0.62645758
1.4397062
-0.42024966
-0.75950278
-1.0827768
-0.21425274
-0.84345089
1.1046119
-0.57645704
-0.69048853
1.1854272
-0.96841116
-1.1220565
1.2316083
-0.10955185
-0.84260599
0.88261516
-0.39398599
-0.40020571
0.11367556
0.96814795
-0.031501638
-0.81271814
-0.57509051
-0.33951317
-0.18322297
1.2486866
-1.0654636
-0.4829416
0.59782914
-0.89328088
0.92842757
-0.035146682
0.0027251733
-1.195533
1.1928078
0.92391373
-0.075683298
-0.84823042
0.50846493
-0.52343042
0.014965494
1.0145897
-1.150523
0.13593329
0.077484816
0.8991081
-0.97659292
0.72676966
-0.61209417
-0.11467549
-0.45195311
0.29741363
0.15453948
0.17331193
-0.33893603
-0.0042374242
-0.93995777
-0.092593824
-0.9041937
-1.1662597
1.2466266
-1.2439014
-0.57717781
-0.24667158
-0.35845795
0.15745415
0.2010038
0.72603077
-0.61717093
-0.10885984
0.21450115
-1.060028
0.84552683
0.0020713239
0.37501676
-0.43282413
-0.032624118
0.65561347
-0.036975537
-0.67555175
-0.94718876
0.77285833
-0.20188586
0.31539933
-1.6360348
1.3206355
1.0634172
-0.59385785
-0.4695593
-0.12960824
-0.69859364
0.82820188
-0.64599244
0.32900956
-0.62126698
0.52639851
0.094868462
-0.33903059
0.013780733
0.32524986
-0.42713517
-0.025166134
0.58777276
0.18508557
-0.10036787
-0.76515751
0.81101915
0.034618554
-0.48398005
-0.59281567
1.0767957
0.37884182
0.082807187
-0.46164901
-1.0647316
1.349832
-0.28510043
1.0025891
-0.51412444
1.6250291
-1.0580269
-0.56700213
-0.85952986
-1.1756898
0.7189198
-0.92824489
0.25174542
0.67649947
-0.85950978
0.9369946
0.14786303
-0.48689363
-0.53933688
-0.47732495
0.5538574
-0.43020484
-0.12365256
0.85876779
-0.89026943
-0.89765965
1.1121608
-0.17207036
1.1978693
-1.025799
-0.97408627
0.31931918
0.65476708
-0.79868371
0.81499803
-0.016314321
0.53588029
-0.41624584
-0.11963444
1.2122431
-0.58204001
0.90928262
0.09330644
0.6263351
0.84191445
-1.4682495
-0.13269745
-0.20998257
0.34268002
-0.42910632
0.56813165
-0.13902533
-0.33821587
0.05142506
-1.7831191
1.1019419
0.32809157
-1.0285761
0.70048455
-0.029024296
-0.53142565
0.56044995
0.50941028
-0.64316363
0.13375335
0.87848811
0.15780134
-1.0362895
-1.29818
0.32552551
0.97265454
-0.87013095
0.010621176
0.42818368
0.1076966
-1.1824049
-0.19598067
0.18925625
0.5978737
0.46391501
-0.33874617
-0.12516883
0.5644374
1.0345589
-1.5989963
0.81776403
0.1061497
0.4393889
0.11446851
0.4414086
0.62200856
-0.57127401
0.22880968
1.0234238
0.30212523
-1.1106077
0.28144692
-0.43745236
0.20500509
0.79390728
-0.39210753
-0.40179975
-0.64402993
0.89182549
-0.5558993
-0.33592619
0.61061359
0.11615607
-0.94763101
1.2630303
0.91265415
-0.45717981
0.33302742
-1.2905725
1.0406707
0.2499018
-0.69307215
0.52206233
0.17100983
0.57955565
-0.65024933
0.070693685
-0.12844545
1.1330718
-0.13357955
-0.74221282
0.36933066
0.37288217
0.8011603
0.05482448
-0.98306937
-0.85387052
0.54234067
0.31152985
-0.099172601
-1.0228839
-0.28259255
-0.87223579
0.62462159
0.10140917
0.64297292
-0.33834057
-0.30463235
-0.33760374
0.46272639
-0.12512265
-0.26275498
-0.075460894
-1.3064837
0.24798057
1.0585031
-0.36866514
-0.32440701
0.5352482
-0.38930062
-0.14594758
-0.14685925
0.66079987
0.66022972
-0.3398634
-0.32036631
0.88067805
-0.45550836
-0.42516969
0.83161596
0.53405961
-0.74024062
1.0447947
-0.30455405
-1.0068421
0.11657267
-0.12273379
-0.30637253
-0.16889888
0.64729986
-1.1753706
0.70994446
1.5143635
-0.88802837
0.95149486
0.76271728
-0.59170193
-0.17101535
1.06817
0.11720204
-1.1853721
0.31564193
0.77782473
-0.60271794
-0.17510678
1.1544518
-1.1889354
0.034483622
0.44538174
0.43529631
0.90476903
1.025343
-0.6075469
-0.4177961
-0.2500331
0.83053654
-0.58050343
-0.26989136
-0.31694311
0.85043099
0.77459808
-0.20921388
1.1140844
0.17816087
0.19511901
-0.37327988
-0.18679281
1.0859009
0.015388909
-0.5368182
0.52142929
-0.86008491
0.53827535
0.32180955
-0.37120161
1.5755046
-0.13311142
-1.4423932
-0.63880735
0.89250827
0.9494953
0.21458932
-0.24926164
-0.92642814
-0.86617616
-1.2121075
-0.5198682
-1.0742428
-1.073627
-0.12190596
-0.44752056
-0.58139398
0.37519152
-1.5676569
1.1924654
0.32480213
-1.5830986
1.2582965
-1.0509867
1.6154241
-0.84692887
1.0783406
-0.23211955
0.56423295
0.2465291
-0.81076205
1.0400602
-0.01471723
-0.62001276
-0.93801256
1.5580253
-1.6315789
0.63211789
0.99946105
0.28483269
-1.1781136
-0.93127838
0.34267249
0.84627489
-0.75663061
-0.08964428
1.3265116
-0.25834154
1.2696465
0.079949304
-1.3495958
1.3186939
-0.99389176
-0.93129215
0.28579708
1.0210934
-1.3068905
0.46343712
0.52618043
-0.98961755
-0.012810374
0.1878512
-1.1933375
0.35286819
-0.53883165
1.4481143
0.75065398
-0.07382767
-0.67682631
0.74677917
-0.076393332
-0.67038583
-0.093387419
1.4820691
-1.3886816
0.52582884
0.3313975
-0.48579863
0.32330846
0.16249018
0.42874944
0.8943404
0.50662476
1.2209972
0.080800316
1.0736514
-0.9997338
-0.43908464
-1.5324486
-0.76029545
-1.0228237
0.96680803
-0.87350159
-0.59349478
0.055932578
0.5375622
-1.1760345
1.0475891
0.32350008
-0.87555634
0.55205625
-0.46131932
0.71306474
-0.13677137
-0.03514167
0.17191304
1.1711977
0.52296636
-1.6941641
1.4521576
-0.62085351
-0.8313041
-0.91384373
-0.96885372
-0.83182655
0.31984769
0.51197886
0.90285149
-0.31507874
-0.87677962
1.2247531
-1.1203924
0.4378532
-0.9430258
-0.03375971
0.97678551
0.49891455
0.77957233
-0.68252037
-0.18651484
-0.26096367
0.44747851
1.1338972
-0.61821979
-0.51567745
-0.29022183
0.25581402
-0.45178916
1.170709
0.83580204
-0.29265291
-0.54314912
0.082020593
1.1764928
-1.2585134
-1.0814485
0.011878719
1.0695698
0.055162984
-1.4291872
1.1467661
0.28242109
1.5113879
-1.3941859
-0.11578494
0.37820961
0.28462441
0.72996529
0.24151439
-1.306246
-0.034986938
1.0061122
-0.90476435
-0.67052206
-0.68262556
-0.39589157
0.72370547
1.1892194
-0.97690066
0.10312264
-0.71144036
0.60831772
-0.73027983
1.2291944
-0.2855801
0.8133985
-0.52781841
-0.23487873
-0.21707438
-1.6180501
1.4537583
0.1642918
0.088801839
0.80910941
-0.89791125
0.088565601
0.73594082
0.2184716
-0.26013187
-1.1007824
-0.051001582
0.66025503
-0.60925345
-1.332609
0.15657448
0.30149541
0.89526321
0.52527241
-0.57627399
1.1056761
0.50359434
-1.6092705
-0.13854825
-0.1861124
0.32466065
0.22472788
1.093966
-0.94535689
-1.0512983
1.1401001
-0.606922
-0.016479349
0.94629481
-0.0039410764
-0.94235373
-0.74403922
-0.87401083
-0.13002872
-0.22842923
0.36108225
0.59480096
-0.95588321
1.0520441
-1.1096956
0.057651422
1.2929759
-1.3969559
0.34385488
-0.62871206
-0.013908756
-1.2017757
1.0185528
-0.10730604
-0.40227159
0.50957763
-0.44373871
1.3084993
-0.86476059
-1.1371922
0.46392374
-0.34724901
-0.71483742
1.0620864
-0.22008725
1.2541081
-1.0340208
-0.29795613
0.82392041
-0.52596428
1.1590563
0.41644833
-0.46642321
0.47111488
-0.94110686
0.37862086
0.057727668
-0.21627218
0.8293926
-0.89566451
0.40917975
-0.73195591
-0.33464646
-0.66446301
-1.0395841
0.25363664
-0.35795888
0.33547725
-1.0400997
-0.34107721
0.43108718
0.27784548
-0.58882838
1.1635474
-0.56657209
-1.0182605
-0.17067484
-0.57171613
-0.1152804
0.2452946
1.3165312
-0.62638446
-0.26149033
-0.73741017
-0.058137975
0.95264426
-0.31461253
-0.63803173
0.51947103
0.51489984
-0.089609581
-0.83328632
0.93762091
0.65527897
-1.5928999
-0.43991079
1.0165984
-0.57668765
0.73505298
-0.42813853
-0.30691445
0.87837204
-0.12672552
-0.83220192
0.64540911
0.42235282
0.30569743
0.84374118
-0.0079391466
-0.16262018
0.23057999
-0.69824152
0.089983725
0.71127343
-0.80125716
0.04458759
0.72635219
-0.75537649
1.5428691
-0.49082494
-0.38561778
-0.21725772
0.64599539
-0.39106998
-0.25492541
0.24084011
0.65098538
-1.219388
0.032737314
1.1866507
1.3083824
-0.6818852
-0.62649719
-0.72879153
0.25368733
0.73196981
-0.41775576
-0.31421406
-0.02293459
0.58429613
-0.56136154
0.30801395
-0.47304948
-0.017445192
0.59863878
0.41114822
0.36641298
0.5886104
-0.95502338
-0.9478437
0.27302693
0.52646635
0.32276412
-0.41619478
0.39874958
0.80488892
-1.288869
0.074952919
0.35398254
-0.42893546
-0.65517896
1.2877087
-0.63252978
-0.22543608
0.35184223
0.33683851
-0.54648672
0.90756897
-0.94639344
1.3408733
0.9665991
-0.60018612
-0.39826358
-0.46182132
0.046323123
0.58942751
0.095853653
0.10519884
-0.20105249
-0.46730933
0.015746337
0.45156299
-0.94896914
0.62900441
0.31996472
0.16258073
1.0302271
-0.38003122
0.24733377
0.26854873
-0.49236714
0.22381841
-1.4975752
0.9852216
-0.49581616
0.78963809
-1.0722306
0.61231179
0.52158546
1.4952109
-1.4400479
-0.023479026
0.32089265
-0.19110455
-0.16540602
0.35651057
-0.75573625
0.054068753
0.17361649
-0.43236029
0.42409993
0.82252667
0.40177205
-0.32681913
0.34826826
0.65730088
0.84269912
-0.85038682
-0.70214242
0.26646299
-0.28994203
0.82973568
0.36637931
-0.31444871
-0.0519306
-1.4866678
0.55537566
-0.58625157
0.45493633
1.0132036
-0.85785666
-0.15534693
0.42298624
-0.14144421
1.5027621
-0.80224725
-0.70051485
0.63857899
0.085126483
-0.054119812
0.37852961
0.28621292
-0.66762965
1.387101
0.79340066
-1.1855773
0.39217663
-0.14754861
-0.1582368
-0.096751442
0.25498824
-0.21121882
-0.27457981
0.7165243
-0.70113539
-0.17658845
-0.93815816
1.0181075
-0.26772312
0.04300182
0.2247213
0.64260418
0.093336647
1.3803614
-0.88150615
-0.49885528
1.064888
-0.64383092
-0.42105705
1.1370876
1.1253632
0.28046084
-0.88800774
-0.51811338
0.36979585
1.1711977
0.51309785
-0.11340304
-0.39969481
-0.45066109
-0.24313002
-0.41843612
0.66156614
-0.029148529
0.56742388
1.6631976
-1.3774005
1.3066762
-0.30489188
0.16333685
-0.17813173
0.32599476
0.26628352
0.13741894
-0.40370246
-0.64062657
1.0482047
-0.50434418
-0.99323105
-0.86732887
-0.1722552
0.82183151
0.48655088
-1.0450798
0.86212952
0.18295031
0.40950084
-0.46362065
0.18057739
0.96484454
0.70168321
-1.4746075
0.77292426
-0.42350196
0.78822439
1.766732
-0.25534403
0.57030305
-0.14211936
1.074059
0.072707038
0.021634746
0.80863133
-1.3213319
1.2221593
-1.1347099
0.25793029
0.65854557
-0.50967267
0.16539772
-0.37499525
0.13563877
0.23935647
0.21517767
-0.21630083
0.0011231604
-0.32484384
1.0679772
-0.74313338
0.49973589
0.28358073
0.1462723
-0.42985303
0.32809286
-0.31980369
-0.0082891754
-0.89422288
-0.40395717
-0.48518976
-0.25702307
-0.29989031
-0.30079861
-0.25632407
-0.0014254552
0.19420983
0.31425509
-0.056869158
1.3455868
-1.2887177
0.58563534
-0.14624644
0.41150152
-0.11965831
-0.29184321
-0.28115038
0.013427255
-0.35834477
0.67743515
0.21690525
0.24932057
-0.15346692
-0.3197195
1.1111765
-0.79145703
0.25278606
0.095847005
-0.84246427
0.21607981
-0.084102897
0.35265162
0.34828178
-0.22160016
-0.12668161
0.52676574
-0.59859886
1.0433353
-0.36590019
0.47344682
0.061801384
-0.97765806
0.80558771
0.50955894
-0.58150358
0.21314423
0.29995362
0.87624787
-0.73626935
0.037675709
-0.051452507
-0.37720351
0.70894257
-0.33173906
0.055675358
-0.92791115
-1.1307298
0.3295918
0.80113799
-0.26004655
-0.35123414
0.61128069
-0.44599711
-1.0207056
0.92731819
0.78732068
-1.5129463
-1.0738022
-0.026980193
0.94721388
-1.2323143
0.79153305
0.1731649
0.30028192
1.1056761
-0.29226951
0.42896454
-0.56581449
-0.53727207
1.1030866
-0.29766925
0.159121
0.31231218
0.4504051
0.65798924
0.53229503
-0.76581605
0.32163801
0.45618671
0.75542787
-0.12998428
-0.86070994
0.99069421
0.66138695
-1.4694485
0.014755558
-0.63297535
-0.0007934467
0.20324625
0.12484661
1.4757223
-0.37800553
-1.0977168
-1.0775583
0.14594441
0.11292949
-0.81403249
0.701103
1.238158
-1.2575233
0.019365287
-0.25209588
0.68084532
0.25755084
0.11247536
0.36782632
-0.32305458
0.3220544
0.53367545
-1.1888544
0.73944601
-0.43148052
-0.32246226
1.1273512
-1.0045616
0.29907919
0.66892377
-1.3264801
1.1063929
-0.82009196
-0.56206315
-0.37405925
0.9382922
1.1004977
0.44237142
-0.098575622
0.3044933
-0.20591768
-0.12343725
-0.708232
0.83166926
-0.68224329
-1.5553309
0.14996232
0.36536075
-0.51532307
1.0342447
-0.19633171
-0.84874813
0.7152703
-1.0388358
0.12456214
0.080336741
-0.20489888
0.10804678
-0.78487309
0.11191141
-0.78229724
0.24038046
0.55352683
0.3822624
0.36121451
-0.47028642
0.1090719
0.60818614
-1.05757
0.41409324
-1.407985
1.2359248
-0.20104572
0.90000709
-0.69896137
0.12411883
0.84248027
-0.087430924
0.36714387
-0.52841711
0.50548252
0.37203231
1.2659978
-0.27176571
-0.99423207
0.14662411
0.38049889
-0.527123
-0.19917847
0.66310221
0.73793336
-1.1229635
0.095017258
1.1246288
0.16834704
1.0865843
0.41341568
-0.18811948
-1.0557819
0.51314128
0.53019407
-0.4293895
0.42947209
-8.2594743e-05
-1.4271498
0.84507766
0.58207216
1.1612078
-0.074927756
-0.45908093
0.53400869
1.0243989
-0.24393387
-0.032463617
0.44104163
-0.38347409
-0.05756754
-0.56698769
-0.081903135
1.4227764
0.81606997
0.63608764
-0.762965
0.24283756
0.52012744
-1.0480987
1.3385031
-0.39128917
-0.099498646
-1.2218332
0.89884147
-0.95029398
0.90643375
-0.65279711
-0.14322361
0.60821896
-0.46499534
-0.12850919
-0.7149417
1.2613416
-0.42663617
-0.83470544
-1.4689272
1.4283922
0.040535002
1.6702394
-0.82832495
0.12995645
-0.60300593
1.1978693
0.84556865
0.63015366
-0.25846064
0.91828519
0.085420158
-1.0037054
-0.37315388
-1.0539959
0.39910318
-0.79736676
0.52307781
-0.9886235
1.3730743
-0.92319315
0.16654489
-0.55865242
-0.20373884
0.752231
-0.54849216
1.0394288
-1.7456832
0.89529638
-1.3256572
1.0008134
-0.66959825
0.5946705
0.10967948
0.9035241
0.71863253
0.12764236
0.62446777
-0.76419274
0.13972497
0.27635782
1.2860975
0.71014822
-1.176489
0.49460378
0.67950182
0.076767166
-1.3614653
1.0417458
1.3371172
-0.2477182
-1.089399
-0.54907084
0.95414691
-0.40507607
1.2321125
0.10859308
-1.3407056
-1.1857552
-0.55992798
-0.038278578
0.83028022
-0.79200164
0.25420678
-0.63141029
0.21839628
0.37144549
-0.28146177
-1.3961482
0.37544255
-0.43158984
0.014132936
0.4174569
-0.73098539
1.0838536
0.32751771
1.3031656
0.72816663
-0.67628653
0.70889736
0.37631866
0.66374157
0.22383317
-0.44519803
0.22136487
-1.0135685
-0.78483149
-0.059030952
-0.80647471
-0.74885615
1.2915928
-1.0746876
0.54965612
-0.37649122
0.012702461
1.0738819
0.70132364
-0.35913643
0.8513842
-0.82974945
0.30614668
0.93201132
0.90621123
-0.46416959
-0.44204164
-0.72399615
0.19382764
0.53016852
-0.35819632
0.52168312
-0.1634868
-0.48230063
1.070911
-1.2910427
0.91212108
0.37892164
-0.43811638
0.25998465
-0.52484691
-0.84199035
0.30681106
-0.23596442
1.0294229
-0.076778651
0.6851103
0.40885571
0.64580711
-1.8585954
1.2127883
-0.37188586
0.86093242
0.42677632
-0.56248544
0.079543835
-0.47491163
0.91632022
0.12859397
0.71648368
0.95368051
-0.79109979
-0.91889664
0.46715739
0.37868447
0.19161858
1.317446
-0.074309885
0.80604733
-1.382735
0.56375951
0.23354216
-0.043801145
0.33827337
0.42414636
-0.76241973
-0.025044932
0.97416262
-0.10935528
0.33318844
-1.0721622
0.59725055
0.79841076
-1.0946566
-1.2693699
0.99760419
0.39014579
0.19548954
-0.43722255
0.19328868
0.41595491
-0.70153501
0.5477619
0.49670208
-0.62576189
1.0989572
-0.47319528
-0.01160898
-0.46182198
0.10362566
-0.15669853
-0.33232201
0.48902054
0.60610773
0.61864539
0.85525192
0.64539819
-0.76883545
0.50085355
0.96309817
-0.050939771
-0.9121584
0.92506979
-1.551567
0.51398328
0.167408
0.50647596
-0.065434324
0.2646866
-0.89044849
-1.2928095
1.3491507
-0.056341229
1.0566609
0.44309485
-0.090350144
0.54304129
-0.45269115
-0.13545706
1.3675696
-0.96948622
-0.068281208
-0.59256242
0.66084363
0.19029278
0.86715133
-0.70820896
0.065712414
0.7407913
-0.63766865
0.30999134
0.32763277
0.59065242
-0.78391536
0.20882485
0.4093649
-0.70732102
0.30286721
0.26526444
-0.50645559
-0.35140107
-0.067652521
0.79763861
-0.40287119
-0.39476742
0.58773867
-0.92725184
-0.075335577
0.7548374
0.24765522
0.79384161
-0.24777392
-1.1799408
1.0499566
0.44225655
0.8592048
0.47225362
-1.3314584
-0.79357841
-0.26929445
1.0628729
-1.3323495
1.0846313
0.098098849
-0.21337926
-1.0109629
0.94268166
1.1388031
-0.43214799
-0.3706773
-0.41096494
0.49157419
1.3724626
-0.83878717
0.41597393
-0.8426101
0.97959831
-0.57209571
-0.07815362
0.34026025
-0.24639761
-0.19082493
0.42738332
0.47882792
-0.56938732
-0.76322169
-0.054438021
-0.82690158
-0.99072747
1.0727481
0.33032928
-0.26881945
0.59029865
-0.3214792
-0.55162771
0.16055773
0.23286231
0.4555741
-0.68843641
-0.82549447
-0.05006187
0.38764061
-0.87283036
-0.15929797
-0.32759566
-0.58274748
0.2291109
0.35363658
-1.2300899
0.6607026
-0.70686182
-0.0013471435
0.95645015
0.41830546
-0.56152908
-0.48441241
0.50418427
-0.10946792
-0.39471635
-1.2659662
0.10726209
-0.87241959
-0.79469811
1.281249
-0.25678123
1.1944021
0.47707861
0.22684593
-0.017466518
0.70316264
-0.68569612
-0.66299235
0.23529459
-0.48620375
0.025316194
-0.32011682
0.29480062
0.15959397
-0.31889193
0.92516029
-0.23550406
-0.52746094
1.1625178
-1.2007963
0.49547829
-0.78813121
-0.99207305
0.44300221
1.6952229
-0.59805773
0.66075628
0.57457499
0.09642166
0.25817949
-0.13181199
0.37914576
-0.35628833
0.47075684
0.025779991
0.2521936
-0.27797359
-1.4689272
-0.50201482
0.14572649
-0.47701806
0.15183828
0.32517978
0.44981309
-0.002185763
0.27970161
-0.59647904
1.1880028
-0.59152372
0.7485866
0.048489694
-0.99384658
1.2881622
-1.3056287
-0.83523987
0.063334239
0.77190563
-0.53597137
-0.31789916
0.46581958
1.0651284
0.4348716
-1.0971549
0.7012633
0.38884748
-0.3329149
-0.30076039
0.37927944
-0.078519056
-0.1203584
-0.26551267
0.38587107
-1.0598905
0.015267057
1.0446234
-0.53906741
0.27902086
-0.35162716
0.45932376
1.6106517
-0.11758005
0.39987725
-0.2822972
0.21253379
0.20778876
-0.80426779
-0.64341474
0.85949455
-0.12382331
-0.91028849
-0.35381858
0.76977349
0.49825712
0.59997149
-0.054982702
0.39442069
-0.33943799
0.033308627
-0.035494389
0.94711604
0.4259583
-0.63929006
1.2965909
0.54116931
-0.73433796
-0.58615132
0.66046553
0.14006132
-0.97530119
-0.94310302
0.75578827
-0.86326262
-0.40270362
-0.34682591
-0.56056958
-0.39942508
-0.021320063
0.42074514
-0.068924601
-1.040771
-0.49105954
0.13943239
1.3759213
-0.51671648
-0.58238077
1.1006376
0.3326981
-1.4333357
-0.14209674
0.54728695
-0.40519021
0.031058078
0.50650413
1.17759
-0.76161606
0.85179031
-1.0416672
0.099094451
0.49661183
-0.59570628
0.75493974
-0.52332108
1.235805
0.020808114
-1.2566132
-0.57886771
-0.15916792
0.19694685
0.40658138
-0.12776797
-0.20876444
0.51875578
-0.24157469
0.096613131
-0.62803878
0.022273848
0.011034781
-0.88388943
1.0916782
-0.15658823
0.79107899
-0.082136417
0.46183877
-0.60155537
-0.65105371
-0.23126143
-0.25315098
0.20029402
1.2154948
0.22437772
1.2173555
-0.4346564
-0.53996981
-0.74266339
0.49953337
-0.81297057
0.18935921
0.4427212
0.87073229
-0.19423283
0.98007546
1.3933317
-1.3538781
0.61427473
-0.30196254
-0.0056357429
-1.0542548
-0.5025956
0.038974948
0.63061732
-0.3089793
-0.053392704
0.28868729
-0.26643362
-0.21977013
1.4775139
-0.98211742
-0.49539644
0.11568049
0.34823452
0.70872434
-1.0442649
-0.11519821
-0.60276322
0.042193637
1.3635397
-0.10851316
0.12459328
0.42104922
0.078089981
-0.61490819
0.40987118
-0.62367595
0.041295181
-0.71040517
0.8405308
-0.13012564
0.27171814
-0.37902418
0.086189702
0.37635254
-0.77520882
1.4038838
-0.4035859
0.50936373
0.96815013
-0.43240502
0.75225271
0.99822792
-0.3921202
0.96665832
0.21093166
0.26761435
0.71775023
-0.98536458
-0.36950452
0.77886942
-1.4686271
0.76648471
-0.73634179
0.41590871
1.0410559
0.22881815
-0.62902387
0.41583378
0.91337563
-0.50579939
0.25576629
-0.083440557
-0.49182427
-0.51273731
-0.15010559
-0.10019811
0.48904558
-0.36523229
-0.034192787
-0.48291521
-0.85634731
0.14150989
0.15481787
-0.46926658
0.039932244
1.0592865
-0.014998822
0.27254967
-0.067073573
-0.083032017
0.51794334
-0.037340684
0.090921417
0.54765757
-0.40891716
1.1835152
-1.6301927
0.76590811
0.86428456
-1.6425602
0.34975068
-1.4580009
-0.010626246
-1.2276999
0.66188542
-0.24264368
-0.0201113
0.58528996
-0.53046548
-0.70785527
-0.016140882
-0.32649476
0.070170693
0.77229535
-0.56844591
-0.20384944
-0.38134695
-0.77215904
0.082699432
0.55990474
-0.54710122
0.11551138
0.40264536
-0.5447421
-0.13465364
1.1309247
-0.72333509
0.29331644
-0.0021568373
-0.56889528
-0.071198841
-0.35819066
-0.4800424
0.19512237
1.0798354
-1.2749578
0.38001648
0.14166664
-0.97192847
0.80544283
0.062704475
-0.8681473
0.092448277
0.41711066
0.09609447
0.43067127
0.81868802
0.22533289
-1.0440209
0.45155877
0.42974419
-0.88130297
0.80720254
0.42440578
-0.43262266
0.67915176
1.4283922
0.20387209
1.031933
0.11787292
0.04754624
-0.97397438
1.1535086
-0.87821387
-0.66324182
1.4952109
0.70221923
0.48661386
-0.68290375
0.19628988
-0.90445182
1.3598408
-0.50090908
-0.85893176
-0.59621865
-0.84182394
0.25567262
0.084658531
0.98800586
-1.0726644
-0.20312256
-0.12135366
0.32447622
-0.62740467
0.36644101
-0.26446627
-0.61710623
0.79689745
0.98466325
-0.22315846
-0.76150479
0.14300358
-0.56143969
-1.0252602
0.70279795
1.1431692
-0.33772636
-0.55998793
0.60218157
-0.73470786
-0.80607207
-0.78593621
0.11633795
-0.18693962
-0.66180851
-0.37083344
0.1035585
0.26727494
0.78361461
0.60271083
-1.318157
1.318157
-0.58014146
0.62143664
0.1203727
0.82391401
-0.73925548
-0.20011955
-0.055334511
-1.5058338
0.69286322
0.81239362
-0.16699543
1.0778309
-0.25634252
0.1263138
-1.2223077
1.4174301
0.096053386
-0.80749375
0.42697983
-0.91743913
0.4904593
-0.48931075
-0.011072358
0.50038311
-0.26325596
0.82034619
-0.55709023
-0.39738601
-0.77056954
1.1679556
0.85781613
0.18323975
0.7574501
-0.82087107
0.063420972
-0.62906733
-0.27374851
0.24128489
-1.1184681
0.69821841
0.039027451
0.43731418
0.041263136
0.16906667
-0.43895803
0.2829846
0.2844279
0.85059929
0.3258935
1.4517689
-0.41832425
-1.0334447
-1.5072817
0.77700186
-0.36806336
0.20982656
0.85689062
-0.84213506
1.4827231
-0.93230812
-0.55041497
-0.78321211
0.26408856
-1.3079787
0.23145761
-0.33003323
-0.093580113
-1.1287276
-0.41347029
0.093666605
-1.1974017
-0.66507903
0.74363143
-0.12162287
1.4142127
-1.0758502
-0.13585305
-0.10679063
-0.01149062
-0.2807789
0.17324033
0.24974591
0.6313417
-0.51841221
0.24560198
-0.3287308
0.8828611
-0.88134465
-0.0015164512
-0.33043838
-0.033419126
0.3638575
-0.72494076
0.089757023
0.63518373
-0.62767955
-0.43483943
0.46015562
-1.0670425
-0.52640061
-0.4506107
-0.045205462
-1.0810367
0.10910824
-1.209003
0.15891446
0.43736593
-0.035593883
-0.10134766
0.2339382
-1.3901138
1.3901138
0.74771516
-0.24945803
0.033577697
-0.10065128
-0.31124515
-0.74995624
1.0335751
-0.28361887
0.63071171
-0.038964616
-0.92593988
-0.17799933
-1.1293926
1.307392
1.0160921
-0.031428875
0.042298334
-0.27394656
0.23164823
-0.79726056
-0.27497008
1.3363641
-1.3933317
0.14121665
0.39556948
-0.53678613
1.2832471
0.33217702
0.64078505
-0.30251168
0.8632354
-0.59562105
0.036486737
-1.2454898
-1.0143353
-0.10413275
-0.64768947
-0.39332802
0.25733483
0.13599319
0.53553158
-0.62435794
-0.12147834
-1.0079143
-0.21523079
0.7716394
-0.022800369
-0.049093665
-0.50076746
0.34279409
-0.6558046
-0.40541835
-0.086948786
0.010790852
-0.43892938
0.54952336
-0.055680395
-0.31880456
0.37448495
-0.63923392
0.090423564
0.14894612
-0.23936968
0.4543183
0.25218254
-0.70650083
0.38270886
-0.019839165
0.60965754
-0.58981838
0.51867992
0.567221
-0.44438297
-0.39135623
-1.077571
-0.72070961
0.49903042
0.22167919
0.78461059
0.6981125
0.65577228
0.3748183
-0.29720227
0.28571165
0.12303908
-0.76868603
0.64564695
-0.14951569
-0.19676502
0.34628071
0.38635815
-0.13351045
0.82305274
-0.68954229
-0.12229929
-1.1655829
-0.17036029
0.52434284
-0.090056785
-0.23643798
-1.1242913
-0.052197697
-0.89006754
0.45791954
-0.42426679
0.25636433
-0.098234705
-0.15812963
0.018872477
-0.43662823
-0.71551471
0.25643378
0.28024202
-0.63899732
-0.28684786
-0.6584764
0.45271154
0.20576486
0.20012721
-0.13969138
-0.34476416
0.5122183
-1.5655382
0.68732429
-0.90648492
0.15652868
0.01417657
0.47718887
-0.033940462
0.63393968
-0.59999922
0.59339788
0.23713866
0.33576599
-0.51810002
0.43106264
0.08703738
-0.043406156
0.80085625
-0.44401888
-0.29774658
-0.39682975
-0.080188309
1.0023538
-0.61168973
0.34843377
-1.3931257
0.16526189
-0.19485104
1.0891176
-0.8942666
1.2127883
0.51449989
-0.42205161
1.470619
-1.1450934
-0.087796904
0.52874089
-0.43264642
0.26756562
-0.86775174
0.054286798
-1.0641355
1.1040678
-0.061775459
-1.0243875
0.81013473
0.21628497
-0.011837991
0.92497888
-0.2702118
0.15060892
-0.74475525
-0.2885584
1.0333136
0.02010838
-0.97040236
0.43334793
0.32625511
-0.75960304
-0.25848783
-0.86580344
0.050475861
-0.66679824
0.31297966
-0.82371504
-1.5345771
1.0664811
-1.0049389
0.22973011
1.3321284
-1.1158435
-0.3143097
0.58983626
-0.27552656
-0.48760094
-0.49546843
0.44292753
-1.2941748
0.85124732
-0.38611877
-0.44253788
0.42125718
0.021280699
0.51905365
0.049928624
-0.56898227
-0.42710442
0.60128422
-0.1741798
0.72615899
0.51697409
-1.2431331
0.40667742
-0.16107544
0.36953952
-0.44073836
0.55585253
-0.37609806
1.2010911
-0.824993
-0.60004284
-0.42927469
0.86262262
-0.64913067
0.89196823
0.49479047
0.068724191
-0.56351466
1.0862937
-0.60172217
0.24376329
1.189897
-0.15966995
1.0500115
-0.924466
-0.8267333
-0.029548738
-1.0033128
1.0328615
-1.2364519
-0.47843756
-1.3194948
0.25186252
1.0676323
0.91582163
0.56624744
1.2461015
-0.96639989
0.76167028
1.2193093
-0.88661124
-0.30941153
-0.97805255
0.31574793
-0.5257305
-1.1908829
0.98535544
0.20552747
-1.4975196
0.99537975
0.50213986
-1.1674854
0.042480648
1.1250048
-0.74181954
0.8272397
-0.43473691
0.66759923
-0.090875505
0.8172277
-0.34174485
0.30832572
-0.026838461
-0.82289842
0.54731289
0.89782198
-0.81702167
1.0104598
-1.0400086
0.37670386
-0.02486163
1.0451442
-0.3169776
0.20708405
-0.3429371
-0.34131534
1.0674743
0.39031533
0.34583899
-1.1430996
-0.19265682
-0.25855919
0.34531121
0.15887307
0.5547728
-0.025542748
-0.40126037
0.42680311
0.38988501
0.40310932
-0.33187433
-0.10624204
-0.50689666
0.22270739
0.0023697595
0.15605824
-0.44273759
0.28667935
-1.2022583
1.4846793
-0.61660525
-0.1711944
-0.96089569
-0.60464248
-0.57465303
1.9278221
-0.9919136
-0.93590846
-0.68206879
0.31256427
-0.25500744
0.64264805
0.087878342
-0.29100091
0.30831177
0.18175877
-1.0179174
-0.6989323
-0.80834938
-0.1229557
0.6205081
0.22943719
-0.84994529
0.96500388
-1.3256572
-1.3614653
-0.27154851
-0.73701709
-0.66247981
-0.48804318
0.05280836
-0.48898392
0.43617556
-1.0009084
-1.0387722
-0.7121572
1.7509294
0.089616496
0.0065576634
0.70996664
-0.88811755
0.80083963
-0.33084811
-0.46999152
0.1508687
1.039402
-0.99369825
1.0173652
0.70596471
0.020830448
-0.72679516
0.6878102
-0.078152661
0.84941348
-0.26428702
-0.58512647
0.28908898
0.55232951
1.2162189
0.042077553
1.1889332
0.0035322532
-0.38023111
-0.28892303
-0.39583779
0.43499457
-0.38761827
1.2174079
-1.183119
1.4845916
-0.12142634
0.38936697
0.27219916
0.84157909
-0.14109454
0.82026333
0.67973667
0.77633721
-0.35528799
-0.026252521
-0.30159287
0.3278454
0.33369394
-0.49909996
0.57904487
-0.50210582
-0.076939056
0.20564842
-0.11776311
-0.21760741
0.60775321
-0.31526773
-0.48840079
-0.11332138
-0.13235245
0.34665851
-0.21430606
0.071197752
-0.56327627
0.70690523
-0.072965547
-0.21438249
0.59306696
-0.6910249
-0.90202309
0.94396553
-0.37138456
-0.37156494
-0.45295219
0.59416884
-0.66762166
0.20895116
0.49326806
-0.11683943
0.25541087
-0.13857144
-0.28728518
0.78702107
0.18175952
0.1231071
0.71937318
0.72846947
-0.16143639
-0.13154232
1.289665
0.8008735
-0.3581523
0.061708747
-0.71083942
0.22734855
-0.035913693
1.2144557
-1.2144557
1.080809
-0.062256285
-0.15550591
0.18836881
-0.025725801
-0.3697512
-0.12511253
-0.75757652
0.19840656
0.93251817
0.81829953
0.55920997
-1.3775095
-0.79862094
1.0834536
0.79099114
-0.20325248
1.2801637
-0.45990032
-0.40610096
-0.23171975
0.35803355
0.60967658
0.73591024
0.28023789
-0.58829259
0.59941401
-0.011121419
-0.33352893
-0.32138635
0.97937559
0.6872009
-0.44636079
-1.4400479
-0.27684526
-0.50754956
0.78439482
-0.70261707
0.90852399
-0.64443543
-0.59237071
-0.24637691
0.83874762
1.0179825
0.19335536
-0.2581305
0.12352648
0.13460401
0.013329252
-0.67513776
-0.50395917
0.47841642
0.30263688
0.276408
-0.16797702
-0.0067622293
0.17473925
-0.76015571
-1.2194593
0.31306986
-0.56828214
0.037283305
-1.1824948
0.21253734
-0.42002356
1.2260709
0.37207943
0.59969623
-0.73320668
0.21976159
-0.97672943
-0.08531067
-0.21027208
0.23605207
-0.20152384
0.033546822
0.59557592
0.30929741
-0.31213781
-0.53456233
0.84670014
-0.38368131
-0.39734464
-0.36139151
-0.36194358
-0.21452228
0.66884058
-0.36565723
-0.41732392
0.78298115
1.0739887
-0.26487933
-1.1965421
1.1965421
-0.49662712
0.50971889
0.010939981
-0.012689144
-1.0266539
1.0393431
-0.76850618
0.42811736
0.34038881
-0.11605779
-0.45238812
-0.36704679
0.45680381
-1.3774005
-0.10608408
-0.11259763
0.21868171
-0.12741948
0.27699327
-0.14957379
0.74030119
-0.037977159
-0.35590642
0.16577647
0.3406995
-0.52901166
0.66285671
-0.50600463
0.12141647
0.95939257
-0.66120069
1.0700564
-0.67690364
1.0044214
0.85947124
-0.73643215
0.81823442
-0.92778627
-0.3339923
0.027011423
-0.45141119
0.42439976
1.0891949
-0.019625105
0.47184628
0.58870826
-0.47255219
-0.25324829
-0.87359131
-0.45875823
0.60440274
-0.542694
0.61505544
-0.72331065
-1.3173986
0.38745734
1.0269386
0.035413362
-0.51296902
0.44303708
-0.41804778
0.10110468
0.52634973
0.63719768
-1.3810468
1.3810467
-0.80984975
-0.45952016
-0.34704502
0.97206847
-0.31069245
1.4604522
-1.2565801
-0.55196926
-0.23032798
-0.51675574
0.93147198
-0.41471624
-0.9511239
0.53110034
-0.35060145
-0.51715029
-0.056697484
-0.9041982
-0.25605682
0.96620504
0.5461972
0.1061891
-0.6523863
-0.38589496
-0.56919503
-0.21567806
-0.1256988
1.3213959
-0.12151593
-0.016126401
0.51202117
-0.2200877
-0.21248086
0.24214722
-0.49088095
1.515016
-1.024135
0.11855854
-0.37520401
-0.31565306
0.9200558
-0.52402891
-0.10479734
-0.4756242
-0.20727954
-0.18770468
-1.1114171
1.1565532
-0.32590633
0.33241646
0.85016677
-0.40478503
0.19231739
0.48852793
0.60434422
-0.91058075
0.30623653
-0.58672916
0.5756568
-0.62045409
0.032161497
0.65311493
-0.87040279
0.17400509
0.92324684
-0.59217876
-0.070813587
-0.2497493
-0.65871532
-0.10253093
-0.73960413
0.47755833
0.89459189
-0.075658517
0.074302073
-0.22381777
-0.33955536
0.33947276
-0.39545961
0.17537192
1.2657813
-0.011673254
0.90011865
-1.2732725
0.19647384
-0.4963639
-0.045869335
-0.50180745
0.54767679
-0.54847109
-0.10611991
-0.41377022
0.51989013
0.35278636
0.58545566
-0.48404648
-0.30495882
0.45192844
0.85123713
-0.078113395
0.95417416
-0.50155552
0.87807465
0.22653722
-1.1360444
-1.2190327
0.84102713
-1.0387722
-1.4222761
0.93136995
0.49090616
-0.18623998
0.67534476
-1.3476141
1.1158166
0.23179744
0.082004827
0.44439369
0.11310178
-0.22994121
0.73060243
0.72984973
-1.0976307
0.59877545
1.1131822
-0.42543326
0.63438442
-0.58205443
0.15463881
-0.60323425
-0.71605428
-1.443132
0.77260995
-0.72086814
-0.22980171
0.12371764
0.1206581
-0.24807758
0.47267861
-0.2429809
-1.0015013
0.29539512
0.70610615
-0.49423778
-0.45334669
-1.4281396
0.69343171
-0.6134452
0.24010267
0.87822484
-0.60200077
-1.0722541
0.16748976
-1.0955234
0.4551822
0.29253296
0.24974117
0.15693625
-0.35223433
0.056393799
0.41257608
-0.46896987
0.20275989
0.95825446
-0.92377084
-0.84648167
0.12852077
0.7179609
-0.56994435
-0.78143731
0.23900841
0.42409379
-0.84206872
-0.25508615
-0.32621608
-0.35048992
0.43249475
-0.40428153
-0.91387975
-0.38770917
-0.46672545
0.34636705
0.34287504
-1.0846946
-0.27345075
-0.77784753
-0.016662284
-0.32138002
0.19621119
-0.3203825
0.0015779407
-0.46925252
0.35167247
0.13626239
0.63031333
-0.88637015
0.79370343
-0.56859971
0.42797837
1.4236099
-1.4803073
0.11911869
0.26016075
-0.33365784
0.068145173
-0.99310334
0.054945182
1.0404872
0.35775809
-0.15067404
0.15161326
-0.71739765
-0.71074192
1.1789082
-0.44693195
0.95276447
-0.50583252
-0.68803636
-0.33695319
0.41187027
-0.23635197
-1.1541152
0.12009439
-0.13632115
0.40753219
1.4388609
-0.62132469
-0.81753621
0.095366666
-0.49763826
0.069668034
-0.57177385
0.44796301
-0.39515465
-0.1655286
-1.0519113
-0.37036482
0.43480035
-0.80045757
1.2820543
-1.1302947
-0.15175957
-0.88896353
0.43178371
0.03663909
0.59470261
-0.045291318
0.29748491
-0.63788503
-0.21891606
0.92683154
-0.70149865
-0.98718884
0.41371724
-0.24187817
0.40765464
1.025799
-0.29465499
-0.75080222
0.39738074
0.35342148
1.4528365
-0.15763266
-1.2952039
0.031436988
-0.26269842
0.72724632
-0.20518399
0.19200803
-0.44525632
1.3551815
-0.85583098
-0.49935053
0.088980683
0.71232245
-0.39221745
-0.320105
0.32337906
-0.95542686
1.1671095
-0.60458525
-0.93646682
0.3717719
-0.016966124
-0.7107594
0.63783425
-0.51229549
-0.56874122
0.39613759
-0.38200466
0.092753261
0.9253542
0.55501824
0.51202953
0.1012479
0.85959601
-0.96084391
-0.17177582
0.42152173
-0.42044215
-0.021246373
-0.3674394
-0.543077
0.70962189
-0.49797588
0.46271601
-0.19763386
-0.6685423
-0.22316835
0.16977565
0.020753306
-0.28718693
0.92379966
0.41046296
-1.3342626
0.80099318
1.4528365
0.53347241
-0.026226977
1.077571
0.61701718
-1.6945882
0.40637232
0.22576328
-0.81813399
0.3529143
0.55668829
-0.21213776
0.81383353
0.1054151
-0.91924863
-0.53516291
-0.93652586
0.35448585
0.70252974
-0.44319033
0.075433485
-0.59354687
-0.84190861
0.39497667
0.92048586
-0.48957508
0.44748296
1.0591655
0.44083453
-1.1469433
0.75558711
0.43551392
0.88895041
-0.54607537
-0.10233184
0.20979911
0.16882175
0.46724256
0.53488112
1.0422056
1.3772165
-1.1283066
-0.2081946
0.66090614
0.98782918
-1.0005183
0.33193605
0.44440116
-0.808919
0.33828313
0.37403931
0.40937238
0.44079439
-0.11938999
-1.1838967
0.68298765
0.14220451
0.71539569
0.52673406
-1.008547
0.26894291
0.69417143
-0.27002507
0.34028169
-1.3170111
0.93391471
-1.6685386
0.73462389
0.33645066
-0.53408453
0.15466514
-0.23318419
0.14180742
0.24406365
-0.12431946
0.38165429
0.47305996
0.71710672
-1.2635934
-0.36332332
-0.39627972
-0.83544201
0.15890047
0.24097679
0.13242575
0.32005917
0.56985858
0.71219568
0.92852978
0.12142678
0.17079353
-1.2477582
0.95883518
1.1818709
-0.78455926
-0.11321147
-1.1809634
0.50911104
0.38285719
0.6290765
-0.47359791
-1.2539606
0.73983619
0.32722664
-0.43334655
-0.46566208
-0.29096853
-0.8964957
0.44314901
0.91901193
-0.31047857
0.34950602
-1.0742428
-0.8507304
0.58626413
-0.13228715
-0.12584335
0.65523367
0.10502836
1.0738799
-0.73303569
0.93144226
0.59965044
0.66086686
-0.27149989
0.5458703
-0.0028290082
-0.70023745
-0.89670269
0.00020699
1.1755838
-0.38405073
0.88195606
0.046573718
0.057716991
0.28759422
-0.76970166
0.19514895
-0.26990932
0.4516681
-0.75097425
0.28699599
0.46397826
-0.3099951
-0.19350932
0.47444827
-0.28093895
0.05532822
-0.078822523
0.36107039
0.61830521
0.10429033
0.26195228
-0.3662426
-0.93590846
-0.12581748
-0.26342694
0.53059145
-0.24752195
0.34099015
-0.093468202
-0.29909477
-0.34276632
-0.47400583
-0.48796147
1.0892318
-0.60127034
0.37919219
0.16825845
0.28736023
0.72513848
-1.0124987
-0.10155287
0.52979253
-1.0197322
1.1880793
0.59636589
-1.1681002
-0.028736892
0.36869462
-0.40897582
-0.35953036
-0.27021425
0.76348231
-1.1918558
0.77353152
0.77335725
0.880129
-0.45215063
1.0939789
-0.20197758
-0.43302353
0.99927097
-0.11214149
-0.25159127
0.36373276
-0.75425054
0.80957876
1.1445803
1.4690367
-0.70169688
0.44240193
0.25929495
0.82378777
1.0442931
0.17568345
1.200009
-0.2445673
0.75367834
-0.65866035
-0.30818261
-0.44261961
0.57852788
0.14839351
0.66431687
0.39776956
-0.25090448
0.31568347
0.29951241
0.069523224
-0.60450914
0.35813223
0.25225328
0.12286376
-0.37511703
-0.74571612
-0.35191461
-0.142188
0.85059824
-0.1336654
-0.64573776
-0.80880812
0.5610342
0.63075978
-0.83762001
-0.013110398
0.36055743
0.73342144
-0.61350986
-0.37802278
0.17991411
0.0020262192
-0.18194033
-0.32579281
-0.48926207
-0.17192483
-0.16731076
-0.7586366
0.92594736
1.3581113
-1.0778734
0.081047991
0.34791655
-0.34372206
0.88080131
0.013790577
0.93391471
0.72833568
1.5330695
-0.155853
0.28038111
0.83466121
-1.1150423
-1.0671779
0.063472532
-0.10965458
-0.86724608
0.65438581
0.83993168
-0.56773251
-0.10716391
-1.1661086
0.80675313
0.32565519
1.0031756
-0.39349897
-0.50592413
1.5225803
-0.50459783
0.087730536
-0.25372557
0.42909749
-0.47840867
-0.010575248
-0.90918183
1.7127896
-0.74013504
-0.030887406
-0.18705676
-0.16126361
-0.17239423
1.1250483
-1.1250483
0.19968891
0.72714263
-0.49893916
-0.39854201
1.1774012
-0.73790217
-0.43949902
-0.19994611
-0.29843777
0.49838388
-0.56066162
0.11812374
-0.078930692
0.24622578
-0.16729509
0.46454745
0.29149318
0.30792083
-0.20020469
0.13788337
0.68935633
0.85921136
-1.3741306
0.36019953
0.035122496
-0.86206343
0.81865727
1.5011985
-0.14268836
1.1192543
0.41381525
0.77311966
0.47872188
0.41022852
1.5404468
-0.45367431
0.82272939
-0.46165901
0.52041376
0.31833386
-0.142677
-0.51880446
0.89556211
-1.073591
0.72386719
-0.31118543
-0.41268176
0.53894287
1.2124105
0.13674022
-0.25432949
0.97816748
0.54441281
-1.0565039
-0.12539642
1.6075977
-0.68248434
1.1994584
0.3129948
0.0066318703
0.32706207
-0.43001
-0.014372963
-0.045023752
0.25485031
-0.14940293
0.68930333
-1.4019536
0.71265027
-0.27594191
0.58992502
0.0055978428
0.51345581
0.91318321
-0.51373679
0.036013849
-1.1798675
0.16569494
0.18755621
0.052166085
-0.2397223
0.22556403
-0.024246918
0.51903739
-0.57265971
-0.43588733
-0.73513434
0.43600873
0.83328148
-0.88962271
-0.58648605
1.0301035
-1.108926
0.77133604
0.40001081
-0.44804726
-0.42085089
-0.17807343
0.033522322
0.22663843
0.19227201
-1.1154652
0.7258923
-0.38432247
0.33330127
1.3659407
0.057669125
0.82617834
-0.25560804
0.9780945
0.3877217
-0.43522892
-0.39302117
0.85241047
0.047047675
0.2149046
-0.79045016
0.98272217
-0.3286241
0.061779984
-0.29981442
0.82022817
0.23249604
-0.16435087
0.074914924
-0.34648912
0.2715742
-0.22866462
0.43147829
-0.48673091
0.028971494
-0.23002398
0.52992616
0.87633422
0.58224489
-0.36722478
-0.027089787
0.70930197
0.10099932
-0.81030129
0.62761689
-0.63021391
1.1826428
0.45274249
0.55043306
-0.62031072
-0.35366366
0.91831392
0.91029814
-0.46048506
0.50436184
0.025112216
-1.1817857
1.1566735
0.4549593
1.0651233
0.43847092
0.74817979
-0.023675014
0.98306759
0.11869301
0.091812187
0.15107321
-0.2428854
0.99792337
-1.0229942
0.024861972
0.2507943
-0.089268032
1.0217862
0.34474282
0.6679932
-0.39905029
-0.35816324
-0.025310847
0.53077402
0.19309317
-0.43310384
-0.78860565
0.4632664
-0.66226533
-0.074751756
-1.0774579
-0.54218198
0.019885928
-0.21251765
0.76604447
-0.15326097
0.25702152
-0.10376055
0.091812823
-0.66582701
0.67444079
-0.0086137801
-0.80017219
-0.45405973
0.70221216
-1.171072
0.55534848
0.35004639
0.28908096
0.12158503
0.20307562
-0.84935343
-0.98792317
-0.20373722
-0.04941376
-0.37672197
-0.12816382
-0.31709251
0.40263257
-1.156613
0.096567951
0.19211934
-0.18799099
-0.031779135
0.5162682
0.28802998
-0.80429817
0.76789094
-0.4073335
-0.18087676
-0.035424076
-1.3929316
-0.60102889
0.0093791603
0.59164973
-1.5350002
-0.097533363
0.39083851
-0.18983471
-0.55989981
-1.0673662
0.96020231
-0.10753803
0.51776655
-0.37460518
-0.10054001
-0.83489862
-0.70269891
0.035017849
0.54596698
-0.47053349
0.20398514
-0.49510187
0.72453906
0.60427606
0.481325
-0.19942518
0.15606958
-0.23848493
0.59190642
0.96150849
-0.45473494
-0.78586621
-0.022941916
0.60845706
-1.047195
-1.4195819
0.79298428
0.8368259
0.27784236
0.082759593
0.55670284
-0.82691464
0.8058537
0.10444444
0.10913132
1.0188299
-0.49337685
0.6524183
-0.17272488
1.0722817
0.38055488
0.3751388
-0.78138174
0.40624294
-0.21416898
-0.63231269
-0.63690935
1.3262127
0.35908302
0.80969987
0.9659885
-0.41379125
-0.69037551
-0.40404032
-0.4193062
-0.15978432
0.25159651
-0.25578831
-0.39510269
0.650891
-0.29241496
-0.071611451
0.36402641
-1.1939204
0.27124281
-0.17942998
0.68329357
-1.1921996
-0.21073693
-0.31499357
1.0203334
0.17191526
-1.1922487
0.82754507
-0.56341179
-0.26413327
0.05696171
-1.0859179
1.0289562
-0.61253946
-0.22124774
0.8337872
1.1501601
-1.1141462
-0.31046064
0.73845877
-0.39371595
0.16858804
-0.077807092
0.14381431
0.25005438
1.0654316
0.18249659
0.11596366
-0.29846025
-0.37029938
-1.0041062
0.95709025
-0.38109722
0.18025188
-0.69398866
0.81824315
-1.2930719
0.4544931
0.21297909
-0.50539404
0.48295763
-0.89925891
1.1756167
0.2693888
0.272576
1.1370876
1.1253632
0.14632928
-1.169153
0.1917791
0.18062077
-1.1734858
0.91124486
1.0963637
-0.22109681
-0.85566332
-0.043112171
0.59981501
0.8607286
0.0014009198
0.6976601
0.22828726
1.0185306
1.1957984
0.49856074
0.15822249
0.11000719
-0.9381968
0.54607661
-0.011872955
-0.4260454
0.086490041
-0.83440896
0.38883638
0.44557257
-0.087886008
0.88234262
0.22883588
-0.048921764
-0.70987579
-0.80688029
1.1820191
-0.80085948
-0.53570953
-0.2193601
0.42618982
0.57986383
-0.79238148
-0.52699948
0.050141132
0.25666993
-0.72420094
0.11494749
-0.1935782
0.63598013
0.014090741
-0.49583023
-0.22837071
0.92465802
0.36889112
1.0885392
1.3086455
-0.55305839
-0.75269294
-0.88833338
0.13408284
-0.61339813
0.00066674799
-0.36607719
-1.0030552
1.3691324
-0.14183257
-0.21143953
-1.2547465
0.67098253
-1.3001559
0.7481626
-0.21581065
-1.5196317
0.75627757
-1.0650328
-0.24185763
-0.83370718
-0.20298938
-0.39856598
0.74386367
0.38829262
-0.84647048
0.36767512
0.41616146
-1.0193957
-0.095608704
-0.25088041
-0.075462696
0.20329142
-0.28222211
0.64762131
-0.65583209
0.33793294
-0.38563785
-0.086457078
-1.2191447
-0.073927248
-1.1375883
0.75353761
-0.037338608
0.18443567
0.12936892
0.39886893
-0.26768735
-0.13118158
0.4257157
0.51271872
-0.93843442
-0.43213069
0.55000361
0.58209685
0.24544822
-0.059338461
-0.81082137
1.2283929
-0.3633652
-0.86502771
0.26454633
-0.072767227
0.66297459
0.075484182
1.2648497
-0.12548587
-0.44621068
1.0105837
0.48941631
0.43483588
-0.21956366
-0.74095116
-0.15694697
0.63827197
1.0738982
-1.1303271
-1.0552325
-0.54376388
-0.34726006
0.73555268
-0.45077954
0.3441554
-0.7302809
-0.82686896
-0.21165651
0.068419933
0.58833751
-0.018513206
1.1789266
-0.93139918
0.12623551
0.84740464
-1.3447097
0.32819355
1.0165161
-0.87301422
0.38628515
0.48672907
0.67323126
0.44549573
-0.46480649
-0.017943691
-0.19960643
-1.0862937
0.7952621
0.079381057
0.16993952
-0.24247243
-0.24453747
0.084753145
0.13827116
-1.584063
0.05949551
-0.61939532
-0.37681124
0.59878771
-0.34660518
-0.58303942
0.38998304
-0.92465802
0.84515363
0.22605837
-0.31952657
-0.7854713
-0.54879132
0.38756709
-1.0959917
0.29548114
0.81701795
-0.3822176
-0.14163979
0.20911105
-0.8613067
0.039323681
0.82470213
-0.35164217
1.030019
-0.10078251
-0.14729508
-0.51459978
-0.5560949
0.22288882
-0.51796228
-0.3048942
0.82285648
-1.21681
0.38174613
-0.087919945
-0.19101357
0.31163557
0.2236425
-0.17350137
-0.17897236
0.75883619
-0.60260123
-0.0099382328
-0.17405479
-0.4851947
0.8613067
-1.2184779
-1.0008134
0.056513089
-0.26678517
-0.010938584
-0.59009031
-1.0417458
0.95173515
0.102561
-0.75904884
1.1532201
-0.73571133
-0.41750872
0.20972421
0.18489447
-0.28050317
-0.26343749
1.0722817
-0.1190986
-0.97786012
1.0972922
-0.11943206
-0.74730706
0.39402297
8.3388956e-06
-0.58051177
-0.5250693
-0.27510289
-0.65114098
-0.075654175
-0.99361549
-1.4833745
0.88531679
1.1111573
-0.83932142
1.1501601
-0.083721641
0.41898891
-0.21088227
-0.20810664
0.95363381
-0.15837171
-0.64199373
0.24400303
-0.12047655
-0.31052033
0.7230964
0.5825341
0.64873961
-0.16896562
-0.24500117
-0.96070364
-0.21793529
-0.30467391
0.14416474
-0.41162119
-0.74406784
-0.66396514
0.72346065
0.57207789
0.21567006
0.28271382
-0.45211836
0.82465283
0.14111075
0.19423754
-0.29443565
0.58511813
-0.29258517
-0.13494522
-0.36415473
-0.94237247
0.91903725
-0.50258891
0.53456177
-0.41822382
0.3053452
-0.18720832
-0.46803319
0.11212444
-0.086176408
0.92790405
-0.84172764
0.69588101
-0.91392911
-0.25165376
-0.95709025
-0.30273887
0.091520051
0.61172867
-0.18879063
-1.0675998
1.0877081
-0.39177882
0.80727959
0.12911581
0.11488722
0.011285594
-1.0379395
-0.0083132175
0.56974341
-0.40335203
0.66067858
-0.077502504
-0.04121247
0.10088049
-0.56587584
0.0081523405
0.32998082
-1.1691456
0.07784374
1.0913019
-0.40299779
-0.39254328
0.61938921
0.55476323
-0.26808388
-0.26448686
-0.34706667
0.49123141
0.013308632
-0.5192104
0.60700076
1.0363025
-1.0363025
0.85221858
-0.24684126
-0.60537732
-0.31552668
-0.76193123
0.32263441
0.11622569
-0.63263555
0.28556888
-0.87260279
-1.0354204
-0.19689395
-0.28490954
0.40303328
0.92312734
-0.81116942
0.46390936
0.85169659
0.99859882
-0.32226691
-0.32176303
-0.64554821
0.28400536
1.0098844
-0.12646158
0.83576355
1.259433
1.219027
0.014318859
-0.47471616
0.076150181
0.64177428
-0.40250088
0.13690696
0.26559392
-0.4463207
-0.52898049
-0.30697312
0.18590956
0.11157536
-0.042204123
-0.56948561
0.94741225
0.081966721
-0.22172121
0.13975449
0.46797601
0.47589364
0.44169687
0.1965751
0.94666764
-0.51115371
0.80986657
-0.42358143
-0.024724818
-1.1141462
1.2091684
-0.3238516
-0.66529425
-0.4564679
0.22718341
0.088408295
0.33599783
-0.53380999
0.34420449
0.34461691
-0.87858365
0.23392165
0.56151729
-0.91951598
-0.88367131
0.90918183
-0.34418622
-0.8325047
-0.09905999
0.87845784
0.040670501
0.072315834
-0.65414831
-0.41903297
-0.61638738
-0.089499831
-0.14044138
-0.4679928
1.0002878
-0.61663216
1.0304474
-0.7968549
0.15857515
-0.99548917
0.177568
-1.1459792
-0.12003247
-0.21890356
1.0816291
-0.52493622
-0.095517871
-0.92763124
-0.013351892
-0.85389419
-0.68504339
-0.28424845
0.77622202
-0.16761938
1.1061021
1.2115516
0.15843338
0.060248334
-0.79691193
-0.84658233
0.84658233
-0.97100727
0.10520383
0.084443316
0.20067669
0.0043283992
-0.96224586
0.96224586
0.52740477
0.11656207
0.87845784
0.94087852
-0.49706367
-0.21787803
-0.40084052
1.1206115
-0.71977098
0.41196139
0.018116766
-0.43007816
0.35354802
-0.21664106
-0.8608879
0.8608879
0.10519368
-0.80412598
-0.35064111
-0.76005886
-0.75323539
0.82898964
-0.72379596
-0.74676461
-0.77620404
-0.36673121
0.17189429
-0.75784784
0.78994226
0.69587402
0.58711951
-0.052557743
-0.24089449
0.10829627
0.75323539
-0.77620404
-0.64207083
0.96521169
-0.96521169
0.44098209
-0.32628024
-0.17302842
-0.2402852
-0.57088421
0.83864819
-0.94755256
-0.15400941
-1.1527916
0.47263039
0.68016118
-0.64926102
-0.10060733
0.25168054
-0.20477209
-0.74363279
-0.56239469
0.91505041
0.76854393
-0.1176358
0.24135344
0.64075114
-0.31311837
-0.47872159
0.33170813
0.62246603
0.62626752
0.70218698
-0.15442508
0.37913201
-1.0718176
-0.65202136
0.92151683
-0.23494283
-1.0988979
0.63090511
0.39163219
-0.52469492
-0.64080158
-0.18006948
-0.0422883
0.11581492
0.38665055
-0.096021408
0.33237186
-0.30398207
-0.077115154
0.53724243
-0.023786625
0.12123074
-0.25328513
1.1694463
0.60013982
-1.0191728
-0.72247055
-0.22508201
1.3529025
-0.75019166
-0.64640004
0.7733626
-0.86085151
0.7672714
0.64527343
0.64270336
-0.76916494
0.52989212
-0.01085473
0.12074914
0.00083588467
-0.037470866
-0.16626635
0.12553945
-0.016077952
0.64216057
0.22812256
0.68399355
-1.0848341
-1.0157017
0.67254483
0.34315685
0.56893849
0.21677202
0.52499045
-1.0458211
-0.082485553
-0.45700899
-0.58881207
0.80756148
-0.29558262
-0.47212574
0.53450433
-0.074348712
0.064586356
-1.045276
0.325505
0.23198055
0.30330124
-0.50561862
0.066819989
0.042522332
-0.68055406
0.1198478
-0.64338668
1.2880674
-0.30131316
0.31563202
0.10812207
-0.64375697
-0.59193119
0.97419359
0.0095872827
-0.65038887
-0.3747478
-0.86413384
-1.1603589
0.54613339
-0.82799088
0.75906627
0.10359393
0.18001884
0.092670646
0.57218659
-0.02013034
-0.87893484
1.1168053
-1.1449685
-0.093931636
-0.15060583
-0.45233199
0.48449349
-0.080968408
1.1129014
-0.35128699
1.0639373
0.42370472
-0.45262536
-0.41437087
-0.24452717
-0.11114405
0.21953962
-0.10839557
0.65272553
0.060339215
-0.43982394
0.057260333
1.0524442
-1.1097045
-0.97424199
-0.50234917
-0.38809932
0.35512596
-0.17498541
0.91089565
0.16824974
0.37211318
0.7430902
-0.040903221
-0.58259794
-0.16091868
-0.064909054
-0.45183805
0.27777264
0.64701323
-0.79600885
0.59348972
0.30082118
0.29899384
-0.45242715
0.5800695
-0.86265708
-0.72711293
-0.26119442
-0.25033692
-0.21148506
-0.38128372
0.39515354
-0.01386982
0.47848087
0.13547831
-0.23608564
-0.53862883
-0.068084399
0.8180596
-0.086144032
-0.59728958
-0.57208637
0.91407078
-0.21805503
0.65895341
-0.55166254
0.22538229
-0.88289972
0.89794804
-0.0011460706
1.0110305
-1.1033994
0.68902854
-0.54777798
0.32757212
-0.35043628
-0.74919043
0.65989863
-1.0033725
0.66564609
-0.39360874
-1.0671315
0.83567983
-0.98961016
-0.10067067
-0.16202775
-0.69317423
-0.33082763
0.25406142
-0.15821442
-0.11551009
0.27394347
0.34642185
-0.036716241
0.95078702
0.86682091
-0.4315246
0.48853136
-0.44920768
0.80099627
-0.053821723
-0.49631358
0.25056767
0.16496726
0.087849825
0.46629521
0.3072144
-0.29224891
0.53245859
0.11977893
-0.26935272
0.18852341
-0.20863471
-0.13321486
-0.0067987713
0.29535276
0.45600646
-0.063498718
0.45081802
-0.90455018
0.76021763
0.13773041
0.99154664
0.61993484
0.1954463
-0.63714231
0.44169601
-0.87224046
0.64715845
0.2784551
0.74729786
-0.70477553
0.81058355
0.075020552
-0.39617065
-0.093875174
0.78323151
-0.42323823
-0.71249792
0.77591889
0.29853152
0.044262572
0.7134741
-0.12795918
-0.23597161
0.9016177
-0.0089833333
0.17471676
0.41693297
-1.0634481
0.73262049
0.72716752
0.93369833
0.096331147
0.12320848
-0.79319127
0.08676633
-0.008947304
0.13316397
0.39629587
-0.59123426
0.32721435
0.098085636
0.36019903
0.42160963
-0.49976325
0.29837241
-0.17834711
-0.013592262
-1.0251337
0.36328759
-0.43137199
0.33876642
-0.035465184
-0.6567274
0.86917914
-0.34657215
-0.67257088
-0.00073070643
0.98651284
-0.7218673
0.23924211
-0.1101263
-0.931358
1.3289509
-0.10993683
-1.146589
0.089405385
-0.24222398
0.10438241
-1.0525573
-0.02996646
0.17229086
-0.040687245
0.18987768
0.11890931
0.01425466
-0.093180318
0.088851973
0.44092249
0.0042221889
-0.1825693
-0.088786911
0.16026018
-0.61259217
-0.1072459
-0.39140236
-0.25204985
0.98189958
-0.49677725
0.21587912
-0.25909156
0.19426828
0.032240529
0.67941733
-0.26882619
0.56215019
-0.35506068
0.27846596
0.26350341
-0.74369327
-0.14948601
0.96728909
0.13402582
-0.73367868
-0.33999392
0.90378459
-0.10438546
-0.77974474
0.3094715
0.09900013
-0.11485328
-0.1688798
0.93210149
0.3009325
-0.27981535
0.10238777
-0.60354962
0.70799406
1.0279732
0.5669918
-0.38970159
-0.41488679
0.60849488
-0.9384757
-0.41100861
0.13410191
-0.77742136
0.14831544
-0.75186506
0.11958445
0.18657299
0.39308751
0.81723921
0.22449444
0.46583814
0.34998768
0.015035849
0.12539612
-0.40539882
0.26546732
0.14865013
)
;

boundaryField
{
    back
    {
        type            empty;
    }
    out
    {
        type            calculated;
        value           nonuniform List<scalar> 
20
(
1.5336872
1.5355963
1.4828829
1.5525292
1.5414557
1.5407799
1.551101
1.5532288
1.4796865
1.3181613
1.5523209
1.4047368
1.5373095
1.5355112
1.3123655
1.5390947
1.5375975
1.5458422
1.5465357
1.3995772
)
;
    }
    bottom
    {
        type            calculated;
        value           uniform 0;
    }
    in
    {
        type            calculated;
        value           nonuniform List<scalar> 
20
(
-1.5
-1.5
-1.5
-1.5
-1.5
-1.5
-1.5
-1.5
-1.5
-1.5
-1.5
-1.5
-1.5
-1.5
-1.5
-1.5
-1.5
-1.5
-1.5
-1.5
)
;
    }
    top
    {
        type            calculated;
        value           uniform 0;
    }
    wall
    {
        type            calculated;
        value           uniform 0;
    }
    front
    {
        type            empty;
    }
}


// ************************************************************************* //
