/*--------------------------------*- C++ -*----------------------------------*\
| =========                 |                                                 |
| \\      /  F ield         | foam-extend: Open Source CFD                    |
|  \\    /   O peration     | Version:     4.1                                |
|   \\  /    A nd           | Web:         http://www.foam-extend.org         |
|    \\/     M anipulation  |                                                 |
\*---------------------------------------------------------------------------*/
FoamFile
{
    version     2.0;
    format      ascii;
    class       volScalarField;
    location    "0.2";
    object      p;
}
// * * * * * * * * * * * * * * * * * * * * * * * * * * * * * * * * * * * * * //

dimensions      [0 2 -2 0 0 0 0];

internalField   nonuniform List<scalar> 
4242
(
-11991.078
-11745.168
-11365.451
-10922.819
-10406.061
-9811.7275
-9134.9459
-8375.4605
-7538.7845
-6637.7324
-5693.1231
-4732.4684
-3788.7704
-2902.503
-2108.855
-1350.1745
-14686.662
-14399.806
-13929.793
-13394.125
-12787.669
-12110.968
-11363.117
-10546.538
-9666.4699
-8731.8789
-7756.1054
-6756.7219
-5755.5124
-4781.5378
-3870.2926
-3023.2605
-17916.577
-17607.741
-17077.866
-16478.148
-15798.992
-15039.264
-14197.897
-13278.285
-12287.424
-11236.47
-10140.754
-9019.0395
-7892.3698
-6783.7749
-5718.9516
-4735.0981
-20937.066
-20633.806
-20065.811
-19415.54
-18677.54
-17848.469
-16927.032
-15916.435
-14823.541
-13659.913
-12442.109
-11191.17
-9931.3176
-8688.1365
-7484.5723
-6353.5439
-22421.232
-22147.618
-21582.337
-20920.59
-20174.055
-19336.543
-18405.842
-17384.014
-16276.78
-15095.046
-13854.707
-12575.908
-11281.774
-9996.8444
-8741.1374
-7516.1691
-21473.775
-21273.253
-20792.477
-20202.698
-19544.266
-18811.52
-18000.552
-17111.606
-16147.232
-15113.94
-14022.386
-12886.781
-11723.854
-10552.111
-9390.5502
-8249.3183
-18368.258
-18263.215
-17957.31
-17535.259
-17057.638
-16531.498
-15953.581
-15321.727
-14633.598
-13888.252
-13087.822
-12237.874
-11346.656
-10423.945
-9481.0321
-8522.033
-14652.142
-14598.86
-14463.447
-14240.105
-13955.935
-13629.211
-13272.758
-12892.646
-12487.732
-12052.826
-11581.741
-11069.279
-10511.836
-9906.79
-9253.2782
-8548.3753
-11974.776
-11954.525
-11913.646
-11821.164
-11648.803
-11429.879
-11196.284
-10946.609
-10689.614
-10435.346
-10185.731
-9934.3092
-9667.4588
-9364.8654
-9004.3272
-8560.4932
-10349.985
-10350.717
-10339.052
-10314.698
-10270.23
-10152.326
-9938.2698
-9705.0302
-9523.7252
-9375.383
-9263.2328
-9200.9744
-9171.2849
-9127.1644
-9021.1507
-8812.2626
-9497.7248
-9505.2954
-9500.7584
-9453.6289
-9352.3754
-9228.0872
-9090.8862
-8910.3685
-8645.8421
-8430.1008
-8466.584
-8729.7398
-9050.4979
-9295.8329
-9415.3977
-9378.5662
-9977.362
-9972.7283
-9937.7311
-9841.2193
-9676.3715
-9451.9591
-9181.8724
-8908.4016
-8730.2827
-8757.5212
-9117.8488
-9916.0099
-10549.119
-10821.765
-10847.698
-10669.2
858.68526
990.46768
1194.5258
1421.8406
1673.3042
1947.6461
2240.9496
2547.1008
2857.5771
3161.4871
3446.1038
3697.4304
3899.3689
4034.1227
4107.621
4184.1408
5241.755
5319.7588
5441.152
5574.352
5717.1238
5867.0829
6019.6581
6168.4274
6304.8764
6418.4642
6497.134
6528.0655
6497.558
6391.3033
6204.1753
5969.8612
9245.0228
9281.2372
9337.229
9394.6
9448.9932
9496.1422
9529.887
9542.3459
9523.9772
9463.9786
9351.1298
9174.6373
8923.8095
8588.7145
8173.5655
7730.4233
12246.253
12253.593
12263.242
12265.839
12256.049
12228.062
12174.38
12085.872
11952.002
11761.449
11503.099
11166.695
10742.207
10221.58
9615.8867
8990.7554
13933.841
13927.644
13914.258
13888.644
13845.408
13777.974
13678.137
13536.117
13340.895
13080.944
12745.231
12323.651
11806.77
11191.319
10508.781
9859.0651
-11614.727
-11387.118
-10980.608
-10517.728
-9996.9036
-9417.0259
-8778.5375
-8085.0897
-7343.0284
-6561.6995
-5753.5532
-4933.4399
-4117.3897
-3323.5964
-2573.4806
-1891.2103
14329.749
14322.069
14305.971
14276.872
14229.341
14156.639
14050.455
13900.96
13697.129
13427.463
13081.111
12649.148
12126.009
11511.36
10816.623
10078.847
14203.326
14193.38
14173.537
14139.889
14087.206
14008.97
13897.235
13742.683
13534.914
13263.073
12916.841
12487.527
11968.984
11359.79
10670.924
9940.9833
13118.617
13119.865
13118.682
13106.891
13078.728
13027.815
12946.151
12824.172
12651.065
12415.478
12106.523
11714.086
11227.842
10642.039
9987.4931
9376.87
10461.568
10488.393
10528.688
10566.44
10596.507
10613.586
10610.427
10577.989
10505.613
10381.622
10194.374
9932.5962
9583.3945
9132.9441
8597.3251
8084.0992
6584.5113
6653.2254
6758.5198
6871.8141
6989.8067
7108.8126
7222.8322
7323.8935
7402.0123
7445.6231
7442.5981
7380.7209
7245.0939
7016.836
6707.9041
6455.6186
1851.3209
1973.299
2159.6978
2365.669
2590.957
2833.54
3088.8514
3350.2447
3608.6783
3852.8648
4069.9888
4246.4906
4367.2087
4414.7161
4381.7695
4292.6517
-3160.9326
-2975.3516
-2693.7676
-2381.6158
-2035.1032
-1655.6357
-1247.1995
-815.89102
-370.22577
79.092869
519.52744
937.0746
1314.7335
1631.5831
1884.3565
2130.6112
-10241.182
-10227.92
-10208.087
-10189.036
-10173.941
-10166.007
-10169.454
-10189.274
-10233.39
-10277.563
-10246.847
-10087.2
-9859.6935
-9043.3251
-7770.076
-6278.8026
-10312.453
-10297.473
-10268.506
-10235.846
-10205.579
-10180.831
-10171.787
-10204.094
-10250.813
-10179.065
-9942.477
-9540.6216
-8991.8845
-8300.7684
-7436.366
-6469.2299
-9894.8858
-9882.4013
-9851.3168
-9806.6081
-9759.0554
-9722.215
-9680.228
-9559.133
-9376.9821
-9176.5141
-8921.2022
-8585.794
-8164.0976
-7656.8674
-7062.215
-6404.0424
-9768.169
-9759.1055
-9733.1568
-9699.9765
-9643.4777
-9509.3645
-9321.4376
-9137.3715
-8942.258
-8714.8796
-8446.1161
-8126.694
-7744.9666
-7291.5418
-6763.1478
-6166.9423
-10439.533
-10427.454
-10387.417
-10274.546
-10107.943
-9921.922
-9709.6728
-9465.7796
-9192.6225
-8888.2268
-8544.4146
-8150.4997
-7696.754
-7177.0116
-6591.1263
-5947.4109
-12301.56
-12250.415
-12096.781
-11861.687
-11579.828
-11260.684
-10905.708
-10514.291
-10082.705
-9605.6326
-9078.421
-8498.3502
-7865.4181
-7183.0296
-6458.91
-5700.4227
-14611.701
-14497.35
-14189.16
-13785.239
-13331.281
-12827.919
-12271.91
-11662.126
-10998.131
-10281.466
-9516.5517
-8710.3001
-7871.7321
-7012.1105
-6144.8976
-5279.3498
-15462.888
-15275.281
-14864.799
-14372.635
-13821.819
-13206.355
-12523.885
-11775.537
-10964.895
-10099.209
-9189.4585
-8249.6218
-7295.7273
-6345.0056
-5412.128
-4497.9142
-14309.995
-14087.632
-13652.028
-13147.085
-12578.28
-11941.408
-11236.113
-10465.595
-9636.2473
-8758.2607
-7845.552
-6914.6528
-5983.2439
-5069.9026
-4192.656
-3375.1401
-8750.1081
-8532.3697
-8169.0064
-7754.7169
-7289.9267
-6776.1625
-6214.5101
-5608.237
-4962.4626
-4284.7604
-3585.3034
-2876.9549
-2175.9574
-1505.7152
-893.43282
-326.58734
-6260.2638
-6080.433
-5801.2374
-5478.0193
-5103.3526
-4674.8708
-4189.9903
-3648.9092
-3055.6797
-2419.9639
-1757.3537
-1089.0125
-441.746
149.98986
661.7505
1164.9929
-13034.736
-13018.299
-12962.002
-12847.191
-12682.278
-12482.408
-12261.141
-12033.381
-11817.08
-11634.341
-11508.622
-11411.854
-11569.029
-11974.677
-12427.545
-12645.626
-15162.402
-15118.883
-15004.559
-14851.17
-14679.523
-14494.788
-14303.234
-14116.224
-13950.975
-13832.25
-13794.199
-13886.601
-14227.644
-14774.248
-15236.172
-15244.099
-17184.922
-17107.721
-16946.04
-16757.53
-16558.822
-16352.453
-16145.784
-15951.917
-15790.156
-15687.286
-15678.245
-15805.604
-16118.237
-16609.176
-16997.902
-16697
-17574.69
-17479.302
-17304.824
-17109.807
-16902.261
-16685.438
-16468.155
-16263.835
-16091.078
-15973.93
-15941.098
-16024.355
-16256.87
-16650.851
-17009.308
-17000.104
-16324.823
-16235.865
-16086.831
-15922.241
-15746.46
-15563.583
-15381.27
-15210.285
-15064.874
-14962.298
-14921.471
-14960.875
-15096.964
-15319.159
-15507.836
-15302.572
-13862.285
-13799.177
-13695.83
-13581.747
-13461.603
-13339.121
-13220.55
-13114.212
-13030.311
-12979.904
-12972.597
-13014.584
-13104.97
-13227.735
-13301.984
-13108.189
-10898.431
-10866.567
-10814.606
-10759.133
-10705.054
-10656.183
-10617.812
-10596.205
-10597.854
-10627.92
-10687.448
-10770.293
-10855.753
-10903.572
-10837.819
-10566.724
-8196.9932
-8192.2926
-8185.1529
-8182.6718
-8189.4266
-8209.6261
-8248.1066
-8309.7139
-8398.045
-8513.2541
-8648.3156
-8782.8409
-8874.0766
-8851.0696
-8647.9601
-8300.9203
-6500.0896
-6509.6398
-6527.1575
-6555.9347
-6600.3664
-6665.2791
-6755.4552
-6874.679
-7023.9493
-7198.5774
-7383.3732
-7544.397
-7611.8784
-7476.3938
-7048.483
-6389.9063
-6551.298
-6560.3794
-6577.6156
-6607.4665
-6655.3917
-6727.2338
-6828.5453
-6963.1354
-7131.2609
-7328.934
-7540.0479
-7707.0424
-7697.5058
-7337.1942
-6493.3876
-5241.5776
-8233.9051
-8238.8867
-8250.1249
-8271.4538
-8307.2689
-8362.4447
-8441.8435
-8548.9312
-8690.0982
-8884.632
-9133.5573
-9304.9024
-9050.8257
-8258.4132
-6957.5059
-5263.3944
-9546.5911
-9538.5991
-9528.9538
-9525.1015
-9531.9383
-9554.8399
-9599.6705
-9671.4128
-9774.5749
-9921.4576
-10115.382
-10217.389
-10014.597
-8866.2094
-7309.3415
-5602.0853
-7246.0966
-6910.5922
-6682.9681
-6254.0539
-5754.7528
-5201.2446
-4599.0688
-3954.2785
-3277.9958
-2587.2125
-1901.9321
-1246.342
-653.60503
-137.63923
395.18855
-2535.5771
-2249.427
-2072.479
-1760.267
-1394.7134
-993.073
-560.72478
-102.52429
370.53343
844.14459
1301.4878
1721.7
2076.8157
2363.3053
2660.8294
-9910.5887
-9866.7452
-9855.6472
-9853.9523
-9864.1686
-9893.1384
-9943.342
-10010.495
-10059.925
-10202.07
-10318.11
-10374.014
-8981.9261
-7420.0583
-5740.8784
-11623.832
-11550.165
-11299.71
-11022.238
-10751.025
-10495.925
-10278.732
-10130.021
-10126.347
-10439.101
-10812.903
-10919.297
-11035.396
-11245.795
-11342.901
-7773.4789
-2925.9205
-9947.2756
-11632.614
-1090.6751
-454.16696
4663.0708
-512.92611
-2606.6911
-3.2081002
2256.2335
1414.2668
2055.9311
710.11931
2673.2676
235.49615
2770.1926
-2177.0794
1346.2012
-2075.4132
991.59215
-8567.103
-11075.604
-106.76075
-3108.1804
2862.1347
2113.5025
1623.747
2646.056
202.6921
-864.60507
-1524.3461
-777.11271
-2547.5042
172.72171
2768.42
-95.005453
-1810.2687
2902.0876
-630.5677
209.05774
2818.0266
1116.5937
-15.394333
-1584.7537
-148.56832
1392.3687
-716.28277
2038.373
4520.8097
-641.75843
2502.7007
1277.8523
1946.4204
-8373.7794
6993.384
2770.7759
2045.7661
-4760.174
-2164.9432
432.63993
1176.119
2209.4068
-914.38881
-803.80026
1270.9591
1927.82
1183.2117
-4133.0903
273.23343
144.48235
-1516.794
-329.56413
-672.07078
-105.64473
-1813.3727
-988.33572
44.039821
-218.37257
2126.7471
-1510.4556
85.051674
-48.939847
702.21073
-5760.4378
-8901.9279
-2585.9301
-771.47372
797.2919
-1170.2769
2288.7298
-98.809328
-3333.1836
-205.85076
-1405.6994
-341.47577
5141.6317
860.40158
2158.904
3289.2617
-63.736715
4986.3366
-4592.5282
2606.6999
63.210694
-675.74891
-556.99183
181.94536
-810.97051
-2211.489
-687.14613
22.013511
-46.630241
-673.51884
-5210.4847
3061.6819
-344.56904
-1293.826
-345.84891
-27.264677
3378.712
-152.22456
162.47121
3680.2271
2959.5247
1969.7012
-4981.1816
-60.19503
-11922.401
-14735.888
1321.0413
-10788.084
-1419.6157
2840.2839
159.4487
-3171.0663
-497.44086
-129.64664
138.74376
-380.09224
4260.0198
-91.497945
-4458.1763
-827.42261
2615.0376
-649.91928
-2387.3172
-1552.1586
13.119328
8.596441
-1192.0698
-1460.845
-523.92603
1186.7495
1865.1109
-815.61455
-48.234167
3830.1769
-403.25469
2541.8946
-8290.6913
1416.6909
-351.7618
-245.86492
-7739.2647
-5172.0111
2271.8196
3531.8601
551.97538
-444.44516
-522.13529
1970.6985
-1117.843
195.70643
-1856.49
4989.2412
-801.08542
183.93237
-791.12045
2734.5166
573.8916
186.1391
-880.93917
-4945.3829
1319.8729
-927.12638
-710.10118
-145.21767
-146.63932
1478.8542
2190.9307
-2683.2511
-3490.1251
-1753.6172
-273.30708
-272.00734
-1845.1948
-5103.4073
1118.7904
1673.6453
262.42386
118.03216
1094.8247
5085.4026
1316.4345
512.62546
-6177.3861
793.14483
3260.0604
1657.9537
2625.2242
-329.94174
4064.2454
-509.79232
-833.05846
-1332.4209
1476.6267
1800.6774
-259.29633
275.68205
30.918888
2517.18
2373.9742
-3806.5794
-499.75478
-484.31702
1475.8377
-162.60974
1391.397
-7128.1041
3751.3037
-154.06983
87.336372
-2758.7441
-6233.9031
3686.1767
-365.82602
1291.7489
-1863.5495
-158.09037
-516.21796
2100.8964
-1118.9859
-247.37078
211.50246
-65.664426
-1276.5169
-860.86285
4174.5064
476.65285
-1749.1689
2238.6008
-798.20133
-297.68563
1499.7159
4801.1461
-474.22759
167.23001
-11760.004
-22.506734
3325.1114
723.09039
33.438045
-1009.2366
-588.25367
-104.54691
-399.59872
-399.46084
192.66344
-1734.4702
-160.09137
-709.57001
-743.28953
1015.5373
1013.5577
1186.901
1375.2285
2721.2132
-1933.37
-324.97869
3986.7473
3177.4585
-477.0124
-140.53351
-528.79398
-126.33548
-353.18823
-2514.5396
-9832.1471
-3432.6534
-77.723676
447.99724
149.72253
-396.20782
1341.4774
-3344.4332
-773.83315
-40.181039
3383.3777
1638.8189
-7.0093628
2621.4537
-866.57668
-305.62191
-2988.3582
-310.94343
-1182.0474
4435.5821
4558.2649
120.13869
-704.9748
710.96913
-874.67684
2328.2302
-7393.2503
-1205.4519
-328.30343
-874.65364
615.15098
-174.18166
490.90733
-518.18574
5291.4985
-1920.6253
583.80534
2548.5311
40.798881
-166.1661
7.2360978
1499.0811
-1463.1609
-842.87934
-113.73972
120.89835
6731.1257
-7819.7787
886.13827
2434.8379
-961.66443
-798.27507
1595.5304
-594.25386
25.781159
-435.57271
-2024.1176
231.05997
-356.26755
4050.597
-178.914
-142.02557
71.751278
-3019.2431
124.89781
32.94028
-351.73659
-5346.263
-530.32713
1294.061
-1900.3561
-2784.7271
-341.13837
-2545.7869
-12830.757
2168.4119
-1382.2343
2763.5573
304.55192
-10516.016
4158.166
2442.3631
429.25753
-2570.0933
-776.88525
2842.6482
-1014.0591
-2390.9183
4705.8998
1109.3168
1837.6544
-1703.4195
-1826.3065
-525.68066
17.202305
-2404.749
-79.26467
3125.3137
2452.8508
-9177.8036
788.18575
434.32815
-1276.591
106.00787
1857.7576
-3888.1174
221.91871
-134.26574
-1708.3868
44.257023
-2050.2205
-1030.7649
-508.10483
-1773.5892
6524.2966
-993.3572
48.190478
-1684.2323
-531.89292
-2398.8743
1886.6347
-1350.3364
-668.50035
-512.11616
2279.1499
-135.61609
1570.8176
2272.3219
14.474231
-570.03519
1543.4445
1858.397
1187.6165
-195.64844
-1136.8072
-534.1356
-2561.4272
-339.09657
-872.19948
2145.8412
3111.5734
4342.2405
-1607.1158
256.70987
2910.0919
74.807989
1242.4878
1902.4878
218.38163
-706.17208
-13242.145
1799.6712
56.880641
-1690.561
-95.262595
68.127516
-4863.2096
-2063.8971
159.38343
-296.26236
-2038.5101
-1096.4524
69.631023
-101.76704
-900.68966
2432.0472
-221.56788
-6020.2843
-404.64029
281.96079
401.92654
409.45312
2386.1753
432.84166
255.51735
1928.9119
1276.3341
3264.8741
-656.82196
730.28603
1107.7911
2350.6264
1557.8141
2711.094
2603.4075
-1538.4987
-15275.941
-251.80767
3681.9749
-569.81503
-440.93478
-724.13504
-314.70078
123.15573
7063.5998
-220.30596
-1176.6777
-6412.2406
-1986.5765
17.666948
-799.13833
-2903.0201
-18.508763
2655.8768
1494.3525
-4164.3235
-11409.653
130.92741
-1340.001
-1138.9944
-1036.8305
-1045.7486
603.43412
-294.48132
371.86838
-743.43608
-855.01435
1255.64
5125.8206
1163.8702
1875.3763
-1176.2186
-7257.6889
-1137.914
23.092481
-3851.308
-491.74463
-88.186119
-863.13276
-934.94796
-6959.5665
-4694.3337
-338.20042
2195.7584
2131.2722
1753.9317
-338.69207
1256.6568
-3822.211
-272.99574
-2080.6818
-614.03226
-5551.5972
-3225.5486
-3089.3239
3007.5046
1218.0599
-3152.0586
3180.1463
-12.923491
-4625.3361
2765.4011
1984.8448
1324.1157
2255.4
2193.6332
-7537.0253
-620.62198
-1916.0585
28.465763
-208.05817
-6157.2669
2352.8637
1781.3351
-1180.2763
367.59571
9.9735675
-652.0288
126.44657
2988.3825
299.82702
685.86114
-500.84964
-5005.0832
3850.3814
-11424.311
-629.81096
1815.4017
-10830.308
-600.6746
-28.852965
-4207.8599
-1687.2308
-2008.7244
2237.2426
1651.4073
262.46697
-1372.2139
-5622.5767
2833.5092
4152.6166
3519.9563
2492.0919
-861.35809
2417.8495
2572.4534
3821.919
2208.3107
4710.564
-630.85826
2155.9272
3128.0969
-265.67681
-748.95342
-632.9337
1994.1474
2910.1429
1669.9842
-3124.8866
1603.9782
-477.1091
6955.0048
1992.7373
-159.10436
6761.054
2940.3477
-1544.9446
-676.41467
-9157.5388
7099.1617
-1447.1606
-897.4352
2477.749
-247.45278
4405.3766
2452.3804
2909.8637
-185.84191
76.862835
-9359.6834
2956.2398
7624.7145
2016.012
-146.66941
1716.9173
-1082.2124
-2529.948
220.56749
-3490.7906
7146.8961
-1427.3191
-157.53139
-103.27016
4444.8505
4632.0196
-2360.6578
-2128.6704
-339.82673
2847.1429
-3555.6577
-1484.4604
-412.68675
-796.79343
1198.1497
1879.4021
-669.54035
-4787.314
400.26684
-10159.221
-1026.447
-4288.7551
1980.9006
211.98464
-593.25857
-44.777911
5726.7789
-681.60418
2047.4798
-192.71609
-167.78379
1588.1088
-1682.8512
6909.569
-680.58247
-88.088816
2034.4133
149.88203
-2770.4118
-327.58842
-2201.2494
-718.99732
838.19034
-3486.5797
-1804.4327
3533.9897
-3972.2696
1565.6006
2223.341
1299.1726
4216.5569
-1.5653284
3940.5521
-6311.3408
7692.1885
-424.492
967.38056
-515.12752
6390.8841
-3707.0907
-143.41051
-323.38889
1308.8172
813.3077
-3858.5529
1770.3855
1760.112
-12877.33
-2704.2434
-497.11917
-2082.7838
-177.71791
-5438.8296
-8826.1017
-337.41403
15.578602
-135.90085
-347.36986
2739.4143
-14.111081
-3955.6898
2065.2722
75.046838
-36.497869
829.27451
-1267.3527
-504.32776
-2421.0681
1223.7907
-4038.6114
-1248.3904
4946.8518
-4331.7184
-1290.9137
-747.62058
-2109.4744
1686.53
2911.1561
-29.899986
-1412.7329
-291.07392
3820.9045
2309.7116
-2400.2583
2081.4835
-246.94218
43.197122
-11753.342
-7767.1993
1598.2578
-882.52157
-4005.4897
-553.15916
-5925.7965
2091.0563
621.23588
-931.18692
-291.69083
-757.03712
-2211.9447
13.5655
-11051.851
-743.5838
-548.15049
-184.87153
-705.96541
-703.50663
-1670.4805
1381.6908
1296.6283
-4472.2168
-1292.5823
204.94133
-515.16156
-907.90492
3813.208
39.497536
1386.0731
-361.44815
1447.8244
-2130.659
-250.39521
-1820.238
-6145.1362
89.265679
1308.462
1143.4674
1153.63
-773.59577
849.45601
-868.43187
2539.8361
-486.31252
-464.03653
2869.7257
2600.6614
-79.11241
4126.2258
-841.82605
9320.6346
-2511.0107
-2389.5915
-727.23629
234.19075
-4171.5331
3113.263
-1281.609
-803.41681
-168.27018
-42.430086
-3426.9765
-1773.498
-610.52929
-93.440236
67.957962
4123.1731
-150.82697
2355.5957
3070.3699
3137.4399
2617.1734
2224.6138
2236.8711
-58.884668
-317.53403
-1725.01
-739.84395
59.969095
1580.856
4169.6083
-1050.1815
-1525.0168
-208.50046
3047.7631
-734.34846
3200.4511
1765.9411
976.24361
5765.3085
829.38499
490.24571
-1314.1643
-132.68567
52.600037
-478.52236
-174.27149
7215.7092
1905.0605
156.99036
2906.3843
1687.2322
1720.725
-572.66716
-127.23261
3549.3511
-62.643989
1229.2663
-297.01102
3118.0874
-2.7338256
2058.5845
359.43729
-219.68842
-315.33595
-2504.9732
2483.0794
-4309.9914
-2338.8291
-191.04233
-1985.3422
-1975.3738
2382.5193
-755.57601
1043.6791
6293.328
-1100.2191
7328.012
-9134.4054
223.34622
1014.3258
-649.00136
1709.1714
-707.6888
3849.0981
-2461.86
2519.0704
-506.2619
-967.43337
-1746.2294
-3542.9177
1427.2484
38.803266
-941.86932
2996.0802
486.36293
-5684.5949
-3426.0475
1207.0393
2442.4477
2911.9334
-2141.6309
1186.9069
1311.1679
-1195.1804
971.55966
9107.1455
-3523.12
-712.56817
-868.77483
5522.9756
2516.8703
-6692.3836
545.31606
-592.3192
977.27854
-650.33826
-3166.7027
-861.45011
1587.9099
-692.76578
2370.7838
-2209.5679
-975.54219
-346.18797
-760.86683
-2555.133
-4449.0295
-115.73392
2246.2227
98.685885
1584.4991
313.27654
2920.866
2792.0841
3915.01
3096.5832
-2162.4825
-1614.1406
-7338.4641
-1029.3096
87.234492
-2693.4848
-1805.9427
823.48558
-172.08864
345.0046
2888.9985
-1650.0319
-124.49871
-1759.2861
498.55716
-7861.4701
533.03602
391.83862
-223.79861
-4953.3904
-1200.5936
-698.62462
-572.72145
1639.4544
2762.8484
1363.7641
8371.1629
-1800.3541
336.78801
1607.5437
-656.2235
-2789.2184
-1838.903
-1691.6234
-1612.6827
592.48276
3896.7914
5206.8633
-5810.8415
244.08659
3032.5049
-6184.7517
-787.39877
-3543.4564
-2206.2177
-7263.1108
1932.0257
972.84699
1655.9179
109.94397
-1805.9692
-1590.4415
2603.2845
4162.5251
248.2802
2503.5581
4702.4267
1552.6942
-4397.8119
-470.61817
3458.3468
-1443.0361
-652.95771
187.6295
306.8221
1404.5668
-3631.7524
7661.3814
104.0338
-3095.8707
-139.6504
423.79852
5775.757
-1681.9227
-12581.012
-252.19246
-858.39093
-576.27554
-27.788965
1981.3293
-1417.7753
-572.75941
-2649.1471
-4336.0862
2345.5837
4047.8208
-646.50598
-6736.9616
2642.8846
2168.7753
930.47677
-437.97068
-3583.6488
-1889.3671
-652.51902
700.19724
-1782.2083
-540.23252
1645.9164
3656.0045
2338.4097
-3344.4332
-609.78915
1095.7807
-4284.6572
0.34717991
5353.1937
-10912.482
-53.196208
2936.2379
-1223.0934
3031.1919
-628.69024
1125.6118
1948.1393
6162.8851
-7531.2565
-4432.8749
-155.01523
-1455.031
-87.163477
-4866.0401
59.259445
2163.6247
-5510.0214
-496.73428
2462.8581
-772.17395
-1839.9375
-5275.0919
-3482.2965
-452.36668
-2664.5163
1163.9233
-494.06141
3775.9982
-2282.6835
-731.93071
-10294.029
-347.59221
-4056.1991
-486.13846
-1916.6817
2133.1863
-1462.1959
1783.0382
1083.0512
-1729.4874
-1487.6216
-4858.3264
138.80227
-747.53034
-4519.9765
288.90877
90.761698
-567.3311
-558.75361
-5059.5138
-469.50228
6471.5604
-2699.42
3472.1522
831.39899
-47.250052
3979.1988
-203.91311
-831.73491
-6836.235
-215.12747
7721.1108
1769.5191
-2348.9238
-2348.0597
1732.1386
-4233.2178
-4408.0723
2057.9883
4987.7805
-79.432977
-1704.6263
4.6739341
3377.5074
517.53877
-479.2528
-807.30099
-1487.9355
164.2961
2076.2321
-324.62044
-197.45685
1060.453
-521.31204
-2277.389
9198.0697
761.39379
-7588.4264
-6740.6861
-5317.2613
1457.2834
-3970.9553
6969.0204
-498.74623
-6645.8162
-8576.5532
-907.82246
-6656.4769
-3602.5986
-963.34432
-25.35907
-3976.9457
-371.33837
79.489698
-1216.8151
1452.6417
490.72232
-2159.8713
8042.0342
-4145.6894
2571.7389
-1641.2721
3042.0267
1988.4766
-1301.0304
4601.6393
-10123.575
-4226.6377
3090.6233
-405.04737
-387.93322
2337.4346
-1340.6899
-634.50584
-5516.6173
-2899.3712
-1118.3808
-831.97264
-497.30307
-651.12616
-2646.3509
-78.429493
-437.11283
-5278.9502
-160.90935
75.613297
-1423.398
17.410433
-802.27623
-1311.697
401.49437
-851.14951
2070.9316
-7120.8108
3120.6085
367.99866
-12404.822
2805.3237
-905.56615
-4386.4272
-304.07083
168.8435
-4158.5256
1990.9742
-546.70595
-6127.1316
-24.817078
4071.2648
-1641.7894
1229.7913
-116.13246
956.38595
-3635.1035
-8831.3078
390.35339
-10909.991
174.32397
-716.63356
-3265.1374
2411.5351
-4273.0396
-369.44731
2614.6418
-679.25277
-3741.2921
-1397.6165
-234.97375
-616.42676
-400.85435
-187.91228
-2238.0045
8949.4428
-420.95719
5419.756
425.69926
6110.8581
-3983.7342
-2003.8344
-282.00126
1460.1903
1471.2284
4451.6808
-1288.5087
-62.050754
3592.7528
2090.0166
-84.009582
-10318.226
-397.12866
4066.697
1819.1362
-86.998824
-3265.525
-500.07701
-875.42396
1253.7954
1726.0714
-3200.7269
-1739.3618
1989.3985
-8926.3221
2544.2028
-2990.4735
-658.35073
-983.13369
2302.4154
-198.9489
6336.9716
1766.8246
-1434.5346
-248.85184
3689.1763
4317.7292
-9218.542
96.963839
-3410.5144
-9940.9894
8409.806
-850.50883
1031.8092
2054.6458
-590.68298
16.795799
238.26718
-15228.382
2904.3727
111.74918
-632.06208
-1799.3665
1661.1543
-146.24443
-3223.0511
-770.19857
-258.82371
-383.8375
-1174.6638
-1042.452
-3987.7042
256.05602
45.316035
2021.6317
997.56952
3365.8467
-5274.8739
-1607.4075
-8090.3056
33.393619
2320.9555
706.03094
-1870.5378
-3272.8744
-49.675858
-6442.2608
-2287.3792
-3612.5248
-4712.4087
-700.93981
2375.4742
2431.8974
-170.549
-2533.4365
-24.068759
-1000.554
-2268.483
3558.8691
-12711.977
2487.5723
3728.0452
13.214409
5056.4566
7679.8418
1838.8835
-299.17605
-1550.0001
-11843.564
-901.19576
4003.6722
1463.7905
-1004.6085
-3517.3721
4386.3514
4618.7802
292.72122
23.276929
-4163.6618
-925.31003
4902.9422
1109.9187
1220.0427
-2504.6504
-3358.604
-1318.1893
3664.3322
-8673.2044
-253.79002
647.46922
1106.7059
5558.35
-148.69795
-166.11018
-20.847553
2745.3299
-627.23385
-117.53423
-4977.4344
1.3396331
-1191.6582
-2513.1879
-887.84347
-5414.7922
-487.70531
-16266.052
239.47905
287.92195
2268.9414
-10400.611
3.6267458
88.968514
-1402.6921
-275.78511
116.84172
2026.2106
-2409.3873
1406.6655
1823.8542
-2074.0952
-3024.5852
-3015.9469
-60.253622
57.652635
36.391827
86.608254
338.71948
1760.8592
402.21018
-359.81458
-3169.9062
3278.887
1484.159
5078.9625
-1051.9758
-179.43238
-9620.9528
3318.8797
-8084.4281
3302.9756
35.155401
-2026.1209
-3788.8817
108.54097
-921.40273
-5474.9814
-403.70619
1733.7666
-106.96106
2609.2174
-227.45653
-555.88394
-322.12458
-506.44398
4276.5027
412.24136
-295.83433
-146.78954
2493.7807
-204.81198
-612.33615
62.598053
-375.24261
-752.76594
6383.7029
-1304.4733
30.606719
-1061.7187
3283.0401
-1559.1039
-656.96909
-2513.1605
2697.0203
-5567.2351
30.670175
-306.38155
3307.9597
-102.94591
1690.0493
-165.76522
-1944.2096
-297.25765
2794.5354
-3590.2894
6383.9918
-7555.9045
432.43371
-1851.7742
-4015.9398
-1394.766
6389.3985
2895.0937
-5761.9403
-1729.2087
-406.61063
-307.91051
3750.4115
23.888664
2916.2762
4744.9947
-205.93185
-1224.1481
3984.1649
-13324.897
1131.7809
-291.04277
1484.4913
-7850.4747
-2047.2892
-552.79461
1682.0825
948.70716
-5004.1185
-2426.2905
-117.75558
-227.93631
-2737.9179
-5283.2009
28.863422
-346.56387
-12295.823
-2171.025
191.70024
-2625.4208
246.85285
-382.06595
1147.7995
-2898.2163
-5278.7659
-1448.9224
8071.5606
3284.116
1079.5788
1776.5114
-6488.6244
-171.52486
-1122.0903
217.48177
-3195.2491
1430.0787
2069.2044
-8434.0056
-3917.1023
-1053.1199
2428.6537
-2025.1909
-3309.116
6788.8572
5192.3386
1579.2145
8706.8792
-5296.0625
-1295.1606
61.546052
-5457.0748
8111.8426
2285.8631
-2989.3966
-3554.7757
1582.9709
-207.33249
-651.09769
2982.0781
6999.2601
-1866.4764
-1775.38
-1003.6284
-1458.7034
-171.79524
2299.458
-10441.927
-204.15131
-1686.8414
3097.4045
-692.79943
-4088.5651
-3982.7319
416.52015
-497.85019
-368.81783
-4614.3578
1244.6842
2390.5346
-8066.9326
2111.4885
-8760.7954
-2000.9654
-2094.3938
-1306.282
-32.620143
3077.0649
2712.8847
-1658.1326
2369.7111
8357.8949
-3789.6098
777.2826
2824.0116
-354.79751
2914.7596
6171.4768
-1370.6211
-2205.1198
-541.82252
-6201.5759
-1551.8332
2221.8474
-552.65663
60.272333
1372.607
-1647.229
-2298.1482
5557.214
-10884.573
-2089.4136
677.57221
-4543.6609
-416.47535
19.538022
1456.1201
-5415.0405
3058.2654
-1113.0033
3745.6213
-2927.7168
-349.41196
4298.9803
-2979.08
-10587.632
2425.5882
-2265.0338
-16047.464
-3738.438
-6442.0513
-3774.0405
4420.7814
-2609.0642
-3902.0999
-1557.4794
3.0613179
-688.69923
1152.2943
-347.66888
-7235.0938
372.11015
-2394.0008
416.42939
50.062173
-4036.8525
-768.42107
4241.4159
338.93248
2863.3624
1882.268
183.0737
3013.616
-2172.269
-8570.4483
-2406.9783
93.308919
-2186.6848
-327.63676
330.40031
97.088188
-337.69952
936.06166
1658.1669
3620.998
-720.84202
-1291.6202
2372.5964
-663.10842
-438.6792
-971.90683
-2524.3855
5437.8658
641.81868
-3826.2477
89.140081
-463.33931
-110.6162
-401.05928
8536.8377
-242.20125
-3586.1741
-5313.1576
6106.3594
-725.16984
-621.83023
1427.6451
2415.6081
4114.0299
-439.89904
526.22676
-3201.7412
3019.9128
2215.0862
2241.5463
-1358.3963
30.257175
3305.2102
-2153.6296
-930.14325
-922.34631
-924.27146
256.03824
871.37098
6003.0282
-1545.8787
229.06499
-1305.7187
1056.7794
-11423.415
45.433873
-12009.566
-12508.448
-3179.6235
-3028.3778
-6481.0954
-2900.4883
681.13608
-5868.6925
7922.4597
-485.01307
-1084.6021
37.479139
-2050.5125
-268.14884
-843.57618
-3526.0831
3001.4132
-44.421069
-428.25855
2680.1264
-406.61607
2575.9314
-4613.4385
2227.6005
-1240.0656
-388.50515
3375.6015
-11798.015
2673.8741
-1253.7327
-217.40941
2691.914
-57.635479
-190.23901
2008.7658
98.546577
2150.519
-3996.7948
-3564.2392
-966.65687
-829.86431
-561.09873
-490.25276
-734.94685
1624.6425
-1835.4022
-1386.112
2218.0492
-425.02226
-982.43518
3883.3174
-490.47695
19.979639
7084.656
4766.1937
63.450116
-420.91571
-473.81519
830.48844
-2261.0345
3194.044
-943.02069
-511.64309
7.4136643
-397.13315
838.528
2839.5439
2012.2699
-2320.6194
2778.6433
-1154.5668
-779.6689
-35.248914
-945.69039
-4168.9104
-760.36173
-3094.331
-1907.8198
2345.4079
7792.1406
33.118991
45.972438
-2794.0679
-9872.9876
26.758879
-1690.0541
155.17156
54.27767
129.29982
-4295.492
-3098.8725
192.81051
-1649.4704
885.17571
-503.39945
-5831.1671
5098.7312
21.037886
2674.7399
2122.1809
3424.0984
3160.9352
1623.3151
-1942.1293
3331.4389
-1013.817
-317.13236
-6623.4634
3833.1958
2366.5153
-3219.8451
723.04836
-13282.32
3292.361
-1300.7878
-775.94918
-887.95392
2301.0223
-2678.4594
31.244598
2337.7415
2457.9901
2803.3069
-2283.567
2.9440818
1383.3569
2341.4871
-437.45836
-61.184248
-93.585651
-545.1785
-2992.6809
-38.322136
-1898.7893
1012.7019
-160.81653
1664.2428
-317.09346
5671.4512
2921.5417
-586.73705
-10944.425
2341.8001
4928.6869
-5888.561
-1237.1447
-952.3863
-3470.0435
-429.7123
-2319.3644
1837.6739
-2792.2636
-6586.5096
206.51281
-990.77415
118.52728
2.6298062
5525.5587
-2981.8572
-187.43648
-9879.8955
-1868.743
-464.94212
-732.9661
-910.17055
6015.6219
2898.3125
-476.0652
-544.18014
-3958.3305
-246.40196
-948.62269
-38.355231
-59.932694
-102.30404
-644.77973
319.48272
1577.4411
-1378.7021
2773.4334
2840.7044
966.07357
1685.3493
-423.48348
-2674.1106
-1989.161
-7477.1347
3637.2125
9.0363164
1294.1337
1768.8924
3315.8866
1439.3852
-37.904848
-1131.1533
-437.81194
-2030.2031
-720.74
-201.89758
-15071.206
-529.99638
-6480.3024
-1540.4772
-1230.8141
-1459.7858
-425.13619
-1680.5365
-123.23029
-918.23145
-1808.611
4552.7923
-4938.2523
-2719.2445
6385.5762
-388.60775
-210.2345
1908.605
-182.0434
-292.2877
2954.51
-2202.7244
3492.3646
-9344.8893
-2792.5743
-864.12669
-553.79567
-415.75379
-344.75012
-2912.7646
258.21758
-2155.889
-2604.4988
892.45681
-509.04179
-1633.7193
-14045.535
2052.9702
7488.0384
-447.01241
1961.3893
135.43389
-1331.9643
-958.61657
-3441.0722
-365.88233
-1079.954
1938.0575
2994.6104
1938.5183
-1216.0795
-1211.8779
-189.32572
-2892.2865
112.53745
344.75968
-2927.6092
-15328.56
2857.6474
-408.13495
2889.6702
-2979.2589
-2798.9471
-664.65952
-208.0952
2784.5469
3420.3642
-357.20351
-3315.0399
-4443.771
-3737.6932
-305.09793
-355.68094
-3645.4797
-1469.8763
-771.76904
-234.52815
5660.7159
15.838224
-927.26649
1718.8956
-4281.2122
2055.5682
-527.56411
-1230.3435
-358.42594
-4048.9509
-33.30415
-3940.2794
-671.44459
172.96805
-686.70488
-475.59056
2937.9247
-7063.8217
-1761.1639
-408.63201
928.99189
3510.6262
-5934.0555
-132.39824
-466.16868
-5797.8398
-508.67275
-551.86947
-1262.144
3446.2069
-245.60778
-9085.8877
-11096.56
-1746.8233
-5205.2412
-3533.6013
-14910.049
4075.0016
-2191.1816
4123.4415
-1114.2002
2719.8968
981.59268
-658.15979
-10.343204
-3835.9417
1940.1465
-778.91823
-174.64345
240.11366
-468.01282
-722.05757
-2295.6701
-930.89914
1432.9734
-628.06121
-2322.2905
2834.0169
89.686831
1063.5902
-169.57871
-1809.8789
-650.13544
407.64263
1833.9929
-493.20811
-4422.83
-1937.4122
-841.33695
-468.46676
2181.2593
-3149.496
-597.70935
-2301.8819
-2028.6857
-9484.6972
-3855.5829
3001.1918
1892.5876
276.82536
2898.976
-391.85969
-1552.6297
-373.18146
-1700.2892
2809.6292
-344.2324
-11388.233
-3412.3341
326.41678
-1146.2066
-7013.2669
-724.36617
57.261493
-24.44151
-625.81804
-9930.9065
-2082.7419
-4181.2375
2370.6122
-1496.2499
-1895.0174
-10494.321
-353.54777
-590.05251
-3563.4591
5484.1633
-421.19473
-1075.8961
-63.964974
-320.27535
-1578.8238
-229.79746
3017.787
96.567168
1826.5044
-3443.305
2701.6993
1064.1888
-1563.481
3188.7501
731.20919
-321.26008
38.864641
-1163.0258
-1213.0377
-78.431413
-6035.4542
-12.764813
56.651655
857.92296
419.48978
-213.81692
2036.5455
2687.0177
-46.876445
-26.688615
-850.77004
-4817.7344
-4011.7516
-39.036484
-7627.2821
1745.3712
3563.965
-3053.2347
-2874.3417
2946.1554
15.035372
3427.0372
39.864387
-491.04931
-909.14969
-205.43415
-132.42286
1206.6189
-423.13428
-297.32912
-2358.0074
-53.96795
3627.9612
-49.562554
-1139.0609
44.463284
-675.38847
-2473.7772
877.19487
-1580.4432
2970.7084
-3699.4987
-880.53769
-272.7517
-1995.7728
42.057508
3393.7824
-766.07664
370.66581
-176.16829
-5515.6559
6530.0036
2706.0789
4057.4013
2543.1602
785.35364
-621.38559
-117.41201
-3957.8042
-1148.6466
1208.964
477.11026
-1048.395
-718.44808
-2280.2196
3471.2927
-171.45362
-1323.899
-3075.3446
-2997.883
-333.44708
774.83722
-406.19945
-594.46648
-78.06507
3335.1949
1545.7526
-16021.64
108.53769
1540.6254
2410.9093
-14.330966
-3664.4085
-2009.9066
-2201.6001
24.678048
65.942889
3053.9148
1429.4653
2974.198
1671.0781
-188.57717
-26.60573
3530.4079
49.486975
1243.7232
2413.0427
-766.78054
2544.9918
-8743.7614
-3235.968
-2584.8331
-412.85952
2339.1205
-228.57197
-530.38815
-1051.3851
366.36677
2655.1963
-1366.6218
-1406.9768
2145.0042
3419.8204
-609.98085
554.91799
-160.19816
-320.62578
-1535.448
-487.46349
2037.4609
-2148.9578
-881.44021
2143.3747
-381.48879
-55.981514
-1746.0427
3160.3498
-424.60121
770.90586
-3432.1859
5264.9436
-1398.9157
-3213.737
-454.18799
-1403.1074
-2042.1157
968.34039
-3833.8636
-1989.0134
-1933.442
-6299.4354
-14086.613
-8064.9697
-2592.3156
1955.0383
-730.05766
2535.9648
-121.55718
-9407.8456
3206.7852
2970.203
-3224.5024
253.75973
3710.0319
-627.83266
-370.19716
-268.29432
-77.077702
-607.27873
-2108.3398
3130.0023
4297.4083
-799.63597
37.25152
1528.029
-839.06735
-273.57814
-224.5954
5900.0929
-629.11479
5610.8626
-4916.5263
-634.59923
2463.4682
1422.2655
-2268.4484
233.47691
11.488966
2059.1769
-4326.8164
118.39502
-27.851103
4592.9109
1551.6738
-2414.8312
3587.9803
-3011.4109
4910.9861
2792.0178
3724.1237
-1706.4268
-4509.2003
7.3979464
-1436.0072
-3122.441
-4615.108
-300.4463
-1949.6064
1839.4199
-3349.8486
-2007.6467
3151.0776
-4017.4508
-2934.2008
-1738.9001
-1613.4239
-451.00489
382.84141
-1710.6773
-159.0383
520.01058
1466.4032
-1495.5289
-35.897791
-591.00759
264.35462
-4443.1222
270.49261
-94.79564
-1485.6336
-67.793544
242.03901
-2541.8376
-921.33347
183.01114
690.89879
-441.54127
-420.18434
-1166.6955
-142.10737
-712.9846
28.814493
-109.28779
4588.8792
97.037757
-904.33755
-2645.3679
-1121.1545
5323.4923
-680.00429
3197.855
1581.3815
3362.5053
4613.0632
2179.2588
1156.4377
-2861.1569
1588.0683
260.38967
-419.75455
6029.4509
-110.00641
49.981704
-723.77791
3803.4617
380.06709
-1536.5993
-1036.9651
5207.8454
6067.4634
-2962.4185
-5145.2345
-775.89903
3934.7556
-240.78816
-443.68503
1122.1852
-7912.5284
-4409.3862
-326.48969
-112.09836
5429.3932
471.40163
2573.6229
-35.783112
-8567.9896
4400.9248
-353.88819
-2127.6701
3029.7909
3649.3328
3657.4598
-3552.2637
1150.5444
1844.3472
2493.1877
-4020.555
5052.7292
9.3707069
-2470.1244
322.86273
-4871.8705
-6432.2985
-1480.8642
-149.72821
-1804.618
-1343.1356
-394.28537
-655.24942
960.63737
3868.1078
-1520.0463
581.98438
-244.80809
-1634.802
-836.04318
1062.2823
-3355.6396
2682.9243
-2911.2903
-10605.295
-1878.9428
-195.63822
-10246.909
-7126.8276
3172.395
-1090.1456
2575.2936
-39.113569
-76.485902
-2379.0081
195.63622
747.19244
435.1842
-1896.0417
-9378.3024
34.802873
-4759.5731
-2791.3603
3178.8842
1482.3249
42.842057
777.63108
4763.4793
63.7212
-157.99294
-2249.2804
-147.00022
2662.2673
-794.32514
-1711.8614
-110.03711
57.34284
3470.9937
1469.8417
1345.2796
1996.1231
-284.58905
-207.97212
-572.70144
6944.3939
339.0471
1915.3803
-1707.0389
-393.31535
-1684.2289
-763.0342
-2137.1805
-1009.7625
-9018.1254
462.5895
-3001.033
-324.38722
-3058.2564
3049.4913
1899.7021
2378.0324
-61.236536
-212.96653
-395.45276
1407.3052
2048.8741
-3439.305
5657.4057
-1438.4805
-4860.1295
-675.98407
-7487.3471
-1155.5843
-372.94032
-3815.1617
517.6158
-2899.1916
51.233881
3578.2632
2571.7452
-3470.9468
-1660.8876
2020.4665
-333.5428
-2846.8595
-588.71854
-713.09657
-223.65306
-1857.7907
-1216.9146
-547.93402
202.25659
3361.7549
1745.1624
-299.84268
-270.94485
2681.9067
-485.97677
150.99422
-189.6709
-2454.7256
-330.98063
2863.6064
-535.25042
-311.08815
-284.47828
-2868.0575
-498.76467
-1211.5586
-921.13756
1434.2834
3822.613
-2677.7808
1922.202
3178.019
-1037.2186
-1580.2058
799.85373
-3766.2226
-880.65524
14.059163
3549.0288
19.977746
4489.0566
47.995728
4607.2266
-3149.1532
-2639.7796
-535.96386
-935.90027
685.69413
504.43477
-2763.7315
108.56563
-13934.967
-68.289095
-1013.0657
-562.55246
-7897.6133
-3190.1449
5709.8811
-4914.7641
-239.86256
-4012.7994
-1139.7112
-1126.1739
2303.191
-282.5039
477.11972
-853.93365
3562.8288
2529.9369
1039.7343
1751.7319
-1808.5957
-673.34945
-1882.5148
2356.9588
-25.372261
-3166.9436
-56.982665
1802.2862
-284.45009
-9867.84
-1890.0887
552.23862
-1461.608
-7382.8642
3583.9667
1600.7238
-298.82036
-91.866084
1364.1867
-2932.2157
-86.364663
-153.68353
4325.9041
-978.43445
561.62991
-2.1843988
2930.0967
3932.8783
1856.5026
2210.869
-350.37861
2615.41
-8493.9488
-2434.0637
2313.9787
-2738.3117
3378.0545
-9389.2113
-389.5421
-596.69415
-5486.418
-392.58143
-5598.345
2790.5956
-3853.5054
-2019.2654
3545.5145
-3210.4582
177.56892
-687.66985
-406.87775
2762.4125
-1259.6127
-981.2097
-755.82499
-1306.6423
977.11064
2957.8223
-6696.1549
2446.2138
-1634.0035
33.185718
-5221.4955
3236.0033
-3052.5927
1255.9549
-2407.8903
-4660.3369
-1286.6675
-1735.9023
-5389.1321
-1092.4888
-2088.1474
-2724.0157
5709.4786
-10809.819
3010.6949
2504.885
-3294.0702
-881.22141
-1087.526
4516.2395
-121.37886
-7719.7588
-34.48637
5546.8833
127.40612
-7462.0578
-2920.3711
6435.8808
-2457.5895
358.86546
-607.25503
4112.8652
78.303077
-1801.4467
-2173.3856
5017.3523
63.726023
-307.42271
5.7035351
-389.81094
48.63988
-322.95808
-2717.4487
4074.2616
-1.6983518
-292.61556
-1218.1125
845.94165
-374.00041
819.50639
-2968.2048
419.13454
-378.82122
-1625.9842
-155.97244
2712.5967
-1580.8835
-432.86433
-3307.1185
-2607.6092
-3221.6497
-384.7812
-1826.1577
-361.95371
-1185.4311
-1115.3023
-1194.0103
88.423665
-1941.0586
1491.5074
-1709.1269
-4041.1168
2583.1663
1780.6155
-31.444591
-200.58338
-1099.0833
716.43499
-1085.2709
2006.8089
-670.60694
186.67107
-1507.715
2681.1871
36.16376
-1774.5653
-506.52941
-1324.9901
3825.5436
-455.40994
-1985.0397
-7099.6485
66.070958
4.2950399
-339.39901
2520.4422
351.20633
1453.9402
-595.61324
-272.65302
392.27588
-1577.9141
-11450.439
1040.0755
1745.6719
4810.7722
-2145.9848
-1271.1074
1875.2244
1698.226
-2643.5315
-924.62392
-463.70928
-3543.1554
2010.5159
-2393.689
-188.61032
-1095.1731
-25.143701
-451.1605
-4030.6141
3354.4365
897.59563
1631.3001
-2554.3485
3035.1411
-1495.4048
4416.8479
-3494.9073
-1067.2002
-667.53712
2280.5715
-1942.487
3522.5308
4218.5912
-384.99052
5748.0113
-33.204085
107.81241
-1715.6683
-563.51436
3012.8396
-1633.9954
-25.739396
-855.20587
-5529.062
1563.158
-12699.59
24.73167
-6.4788579
907.9292
5837.4591
327.6097
-983.85356
-1029.5776
-578.68018
2724.6725
-3011.3186
-38.488436
221.89891
-483.20585
-1594.8695
-2474.353
-607.95657
-468.12711
-409.32314
-338.62835
-1629.6725
-372.73424
3668.3575
-1673.2126
-4604.1431
-1322.7741
-909.77473
-12200.851
-346.37469
443.91642
-2034.3686
689.24833
-272.02558
-1150.5515
-187.39016
3584.9574
-297.48763
-2912.3913
-1912.9768
-1387.6789
2777.3376
3103.158
-12646.353
-7966.5536
-3331.9356
2117.7108
152.64653
-630.29644
7.8470345
-4023.2025
2840.4623
2954.7793
-1142.3036
104.80571
-38.006576
-565.5424
-6429.7622
-255.29143
44.985315
8900.2922
1428.8783
-3733.0823
-6512.0079
-416.10749
-483.78004
-715.12944
6195.1333
2424.353
-1241.8457
-112.9221
1897.6256
666.96087
-5753.54
-652.31688
-2315.2534
45.719485
1511.2596
-594.70023
-1523.1244
129.46769
-1752.6413
-943.03821
-808.67811
3073.7185
-928.83464
-2830.2188
-302.41364
-6279.3082
1482.6075
-14051.684
-1897.6222
-950.5235
2073.8321
1465.0707
2101.2373
1432.9656
1913.5324
-985.43502
3647.6398
-1606.1391
1987.1685
1505.6522
4275.0434
2368.5865
-154.57074
121.46249
2098.391
1450.1918
559.17536
2088.8074
1461.1017
-1971.1146
-1663.0362
-3571.1852
2118.4537
31.651069
-654.69981
3557.2742
2084.2115
-2310.3344
-1096.9194
-1898.7287
2851.2696
-1705.6365
-2202.3813
-1057.4125
-2057.0082
9328.1465
-536.37855
2851.5536
-7329.5089
216.52429
4665.9835
495.84717
-6.8323821
2659.5271
4311.213
27.735508
2455.3016
2998.6418
-1360.6736
-719.00067
-1250.8217
-735.95349
-7656.83
4083.4416
38.971256
102.2217
-3712.9342
1452.6329
3125.7564
2926.9475
-1094.9957
-611.06206
-2719.6929
-729.39335
-1529.3124
-30.199656
-808.8222
2727.9834
3032.0686
-1201.7853
1981.7835
1336.5158
3182.7968
-333.94842
-6882.7018
-8133.9929
-535.89139
5366.7436
-1108.7531
-4121.4087
959.63543
-1034.4309
-2961.6531
-1059.612
-418.87196
-1270.287
-1712.5842
-1992.6892
-106.6414
-1564.9739
-120.67963
-1158.7232
-397.32635
2831.4129
-1725.4751
-505.29183
-239.07634
4211.9584
-3220.4899
-246.6381
2378.749
2009.5046
-1141.2885
-1122.2386
-73.60066
-3.8978659
-800.27478
-689.54066
-521.21192
-849.65134
-737.11442
-359.71267
-381.08177
-1856.7592
3259.186
-2094.2724
-152.06247
2026.1977
-470.76265
-921.59024
4660.0412
-10126.109
-395.59417
-32.989731
-1774.6053
33.310236
555.1982
1000.7813
2023.7652
-3456.2437
119.02156
-731.94645
5163.8169
2500.2645
2772.2663
-2559.6804
22.12102
-1141.0405
-1584.2768
53.712622
92.600907
-962.76472
-910.35991
-382.07977
-89.202608
-111.36812
-399.88106
-322.68948
-3747.2702
2779.1138
328.37246
-395.75852
226.56362
-1976.172
-3271.0588
4558.1839
3104.9411
-97.493317
3855.9569
3155.3465
-411.33611
628.55812
-113.44853
-1957.5908
-1074.8059
207.51523
90.369035
-964.13574
3472.1841
3231.7847
1351.3491
-621.50433
-886.83435
409.11058
-7353.5289
-120.94396
3221.2596
407.69765
-310.27764
-244.41975
55.937271
2144.3177
104.89746
6065.5161
-1923.4297
-1207.9151
-3184.7874
-388.17211
718.741
-7370.0821
-2718.2392
3700.3902
4457.8544
-927.19365
-1339.6175
3423.9235
4724.2615
151.6767
227.6986
391.18038
2490.8367
729.32677
-452.72516
3889.9453
-2422.4352
-1190.7707
2961.3178
-199.60189
-1579.0451
-2486.6708
-207.43693
-2864.6369
2762.1453
-284.42917
-1393.0573
2181.9713
-643.07425
-1416.5592
-1624.0478
-1193.2264
-2954.2315
2575.2749
-10167.158
-3423.7791
5344.2977
-40.909776
211.76141
2851.8008
-962.53694
-1382.7835
3960.7479
-1182.5698
-3024.0803
2469.4514
-1544.1709
2964.4609
-1681.3068
1689.9337
-139.75497
-4495.5866
2879.8479
-619.63145
-375.61086
3757.2128
3416.1187
-1224.3009
2515.8956
-1164.5185
435.28807
-919.02191
-315.18264
88.584087
-2612.3332
-2729.2254
-382.17481
-1256.692
-1102.5604
-571.27179
5085.0738
2123.4325
-146.01237
352.83597
4096.0019
-301.81068
-200.6317
-1235.8344
-620.92861
-3600.3213
1968.7465
-519.04831
21.029368
2836.5713
-2363.8667
2905.3063
-1745.8749
-3862.8857
110.66495
-1036.4559
444.56544
1072.6621
2863.227
23.33238
-2358.2546
3027.1146
1848.3661
-1360.959
2527.0377
673.27475
-2988.2307
-821.32446
3375.4093
2192.5964
-1405.5519
-1263.6147
-186.45048
1644.0079
2141.8281
-3396.531
-564.71213
-3264.5429
995.25919
-13762.607
-527.12979
-1124.5386
-1355.4089
3511.4005
-1664.5543
-2093.7287
2967.0043
-1359.3108
2628.1407
-1502.9423
-378.39427
-305.57923
-1592.5444
2724.8203
-4676.3958
537.66933
-1737.2617
-1006.7662
-19.371343
-270.6227
-1081.1664
-3722.5929
-374.97831
3410.3498
-121.74772
2695.1968
-946.24185
-305.14923
-8272.5409
29.056442
-731.2482
-345.18315
-789.52913
-831.14569
2568.9685
-1283.211
-536.09081
2901.5219
361.95502
4789.9221
4758.8158
-612.27283
-1075.3202
-2081.6231
396.24029
343.12238
224.832
3031.283
-2200.3321
-896.71304
-3284.5691
-1510.9179
-524.85221
-1621.5558
-4976.4117
-1818.7776
-1572.0028
564.08385
-1201.4814
1529.8334
-438.70737
-223.39215
5531.6785
2599.1128
-2328.4697
-8274.969
-1338.1366
-896.12986
-5082.7785
2200.8595
-394.51307
-836.53638
-9764.7298
-201.0893
3454.9545
1988.1247
29.567878
3975.7029
-556.49279
-1238.2494
-7742.1815
-1221.8539
-3988.7529
-669.53064
2314.4802
71.67395
517.26835
-562.26296
-411.02043
-88.918209
-364.81833
5925.0417
155.73793
1481.408
521.06197
-6308.0794
602.16588
-42.246328
29.321942
250.22851
-10670.427
-1028.0144
-1458.9889
1793.1134
4236.7179
-1700.8366
-1438.2573
1782.511
1954.178
1946.5386
2017.4448
3049.2684
-10141.879
3636.0481
3062.9985
-246.05685
-2463.5894
3477.1017
-985.57887
2063.4357
-5075.1216
-2401.8977
-1293.1867
-4655.1084
-1712.5563
138.5232
-139.47755
-5459.6812
-2429.0768
-500.5924
-682.66125
-913.3315
-84.982311
79.693198
4256.8588
5360.7526
2414.9003
1971.1911
-872.47853
-650.66838
-2444.6739
-1180.0514
3253.3887
-693.48748
3071.7666
699.07214
-9910.9702
500.61126
-4248.7401
-790.84836
3388.5985
-405.795
-4331.628
-739.85238
683.68551
2108.9509
-1024.1367
3212.8365
3187.8292
2829.5976
3817.9309
-4896.9942
1494.4964
495.18493
-5226.4759
-405.40417
-352.53022
303.19492
652.29276
148.82642
-364.25541
-1393.2359
-307.11987
-85.718518
4319.9915
-2777.171
-54.54762
3462.5047
113.71766
-194.1145
-193.38431
568.70972
-269.49238
5267.7481
447.42114
-7917.8693
-78.919263
-839.60426
2529.3874
-492.41781
-7805.0118
-1286.6518
-4282.3913
3578.0643
-242.49814
1841.2057
422.70281
381.71225
-8897.58
5060.7158
2362.2168
-714.75214
-607.7377
-1241.698
-641.13506
-1127.9396
2636.3805
2692.3863
-3740.5858
362.11811
-1313.5903
-687.27776
-1858.8812
-484.64641
3319.5121
-564.38332
110.70889
4745.0556
3246.0056
256.14726
-4068.9507
-1937.0094
-565.80451
337.06575
-477.27418
-1458.992
-525.93185
879.76191
-528.10582
1617.0759
2282.5145
672.58153
-1625.0836
3522.1185
2201.9534
2945.9015
-530.14814
137.28899
2621.0006
243.14431
-4766.6313
-1102.916
2139.2407
-64.090851
-78.503756
-493.29629
-3558.5011
-1197.3338
-1387.2715
-537.93651
7.2526863
-406.97154
-530.07292
4184.7833
-564.30816
-396.68326
-1074.6983
2047.227
-3488.0197
-270.53944
-3178.2157
-505.17624
-3243.526
-634.76444
-1106.0635
2568.6601
-3050.5306
2181.069
-395.03644
-1229.5219
-7941.2607
-1277.0099
-1465.193
-2844.8102
-9049.1893
-8483.5688
-1391.5577
-1198.4014
3926.8062
4114.7124
85.204321
1543.1785
-5218.0512
-5971.1417
-790.03647
2202.7999
4126.0477
)
;

boundaryField
{
    back
    {
        type            empty;
    }
    out
    {
        type            totalPressure;
        rho             none;
        psi             none;
        gamma           1;
        p0              uniform 0;
        value           uniform 0;
    }
    bottom
    {
        type            zeroGradient;
    }
    in
    {
        type            zeroGradient;
    }
    top
    {
        type            zeroGradient;
    }
    wall
    {
        type            zeroGradient;
    }
    front
    {
        type            empty;
    }
}


// ************************************************************************* //
